0.0	6.07919119276	0.0	7.2797188592	14.066152791	12.696251008	0.0	12.1815944235	6.07919119276	12.5213335764	12.5213335764	12.5213335764	12.5213335764	12.5213335764	12.5213335764	12.5213335764	12.5213335764	12.5213335764	12.5213335764	12.5213335764	12.5213335764	12.696251008	13.0240340819	7.2722879449	7.2722879449	7.2722879449	7.2722879449	7.2722879449	7.2722879449	14.066152791	14.066152791	14.066152791	14.066152791	14.066152791	12.1815944235	13.3392276596	13.3392276596	13.3392276596	13.3392276596	13.3392276596	13.3392276596	7.2797188592	7.2797188592
6.07919119276	0.0	6.07919119276	6.92274685918	13.7106363908	12.3392147572	6.07919119276	11.8296103794	0.0	12.1642968525	12.1642968525	12.1642968525	12.1642968525	12.1642968525	12.1642968525	12.1642968525	12.1642968525	12.1642968525	12.1642968525	12.1642968525	12.1642968525	12.3392147572	12.6669977903	6.91527299207	6.91527299207	6.91527299207	6.91527299207	6.91527299207	6.91527299207	13.7106363908	13.7106363908	13.7106363908	13.7106363908	13.7106363908	11.8296103794	12.9864740473	12.9864740473	12.9864740473	12.9864740473	12.9864740473	12.9864740473	6.92274685918	6.92274685918
0.0	6.07919119276	0.0	7.2797188592	14.066152791	12.696251008	0.0	12.1815944235	6.07919119276	12.5213335764	12.5213335764	12.5213335764	12.5213335764	12.5213335764	12.5213335764	12.5213335764	12.5213335764	12.5213335764	12.5213335764	12.5213335764	12.5213335764	12.696251008	13.0240340819	7.2722879449	7.2722879449	7.2722879449	7.2722879449	7.2722879449	7.2722879449	14.066152791	14.066152791	14.066152791	14.066152791	14.066152791	12.1815944235	13.3392276596	13.3392276596	13.3392276596	13.3392276596	13.3392276596	13.3392276596	7.2797188592	7.2797188592
7.2797188592	6.92274685918	7.2797188592	0.0	7.22560052179	5.46137550593	7.2797188592	6.77276219495	6.92274685918	5.28651878734	5.28651878734	5.28651878734	5.28651878734	5.28651878734	5.28651878734	5.28651878734	5.28651878734	5.28651878734	5.28651878734	5.28651878734	5.28651878734	5.46137550593	5.78915821793	0.0302548143826	0.0302548143826	0.0302548143826	0.0302548143826	0.0302548143826	0.0302548143826	7.22560052179	7.22560052179	7.22560052179	7.22560052179	7.22560052179	6.77276219495	7.63876969021	7.63876969021	7.63876969021	7.63876969021	7.63876969021	7.63876969021	0.0	0.0
14.066152791	13.7106363908	14.066152791	7.22560052179	0.0	12.6511816129	14.066152791	13.3140956943	13.7106363908	12.4762904448	12.4762904448	12.4762904448	12.4762904448	12.4762904448	12.4762904448	12.4762904448	12.4762904448	12.4762904448	12.4762904448	12.4762904448	12.4762904448	12.6511816129	12.9789646277	7.22173635272	7.22173635272	7.22173635272	7.22173635272	7.22173635272	7.22173635272	0.0	0.0	0.0	0.0	0.0	13.3140956943	14.1303190933	14.1303190933	14.1303190933	14.1303190933	14.1303190933	14.1303190933	7.22560052179	7.22560052179
12.696251008	12.3392147572	12.696251008	5.46137550593	12.6511816129	0.0	12.696251008	12.1882674768	12.3392147572	6.68658985562	6.68658985562	6.68658985562	6.68658985562	6.68658985562	6.68658985562	6.68658985562	6.68658985562	6.68658985562	6.68658985562	6.68658985562	6.68658985562	0.0	5.98293971227	5.44592448829	5.44592448829	5.44592448829	5.44592448829	5.44592448829	5.44592448829	12.6511816129	12.6511816129	12.6511816129	12.6511816129	12.6511816129	12.1882674768	13.0539124984	13.0539124984	13.0539124984	13.0539124984	13.0539124984	13.0539124984	5.46137550593	5.46137550593
0.0	6.07919119276	0.0	7.2797188592	14.066152791	12.696251008	0.0	12.1815944235	6.07919119276	12.5213335764	12.5213335764	12.5213335764	12.5213335764	12.5213335764	12.5213335764	12.5213335764	12.5213335764	12.5213335764	12.5213335764	12.5213335764	12.5213335764	12.696251008	13.0240340819	7.2722879449	7.2722879449	7.2722879449	7.2722879449	7.2722879449	7.2722879449	14.066152791	14.066152791	14.066152791	14.066152791	14.066152791	12.1815944235	13.3392276596	13.3392276596	13.3392276596	13.3392276596	13.3392276596	13.3392276596	7.2797188592	7.2797188592
12.1815944235	11.8296103794	12.1815944235	6.77276219495	13.3140956943	12.1882674768	12.1815944235	0.0	11.8296103794	12.0133373933	12.0133373933	12.0133373933	12.0133373933	12.0133373933	12.0133373933	12.0133373933	12.0133373933	12.0133373933	12.0133373933	12.0133373933	12.0133373933	12.1882674768	12.5160513805	6.76364105467	6.76364105467	6.76364105467	6.76364105467	6.76364105467	6.76364105467	13.3140956943	13.3140956943	13.3140956943	13.3140956943	13.3140956943	0.0	10.8764968182	10.8764968182	10.8764968182	10.8764968182	10.8764968182	10.8764968182	6.77276219495	6.77276219495
6.07919119276	0.0	6.07919119276	6.92274685918	13.7106363908	12.3392147572	6.07919119276	11.8296103794	0.0	12.1642968525	12.1642968525	12.1642968525	12.1642968525	12.1642968525	12.1642968525	12.1642968525	12.1642968525	12.1642968525	12.1642968525	12.1642968525	12.1642968525	12.3392147572	12.6669977903	6.91527299207	6.91527299207	6.91527299207	6.91527299207	6.91527299207	6.91527299207	13.7106363908	13.7106363908	13.7106363908	13.7106363908	13.7106363908	11.8296103794	12.9864740473	12.9864740473	12.9864740473	12.9864740473	12.9864740473	12.9864740473	6.92274685918	6.92274685918
12.5213335764	12.1642968525	12.5213335764	5.28651878734	12.4762904448	6.68658985562	12.5213335764	12.0133373933	12.1642968525	0.0	0.0	0.0	0.0	0.0	0.0	0.0	0.0	0.0	0.0	0.0	0.0	6.68658985562	6.45742804968	5.2710412177	5.2710412177	5.2710412177	5.2710412177	5.2710412177	5.2710412177	12.4762904448	12.4762904448	12.4762904448	12.4762904448	12.4762904448	12.0133373933	12.8789830883	12.8789830883	12.8789830883	12.8789830883	12.8789830883	12.8789830883	5.28651878734	5.28651878734
12.5213335764	12.1642968525	12.5213335764	5.28651878734	12.4762904448	6.68658985562	12.5213335764	12.0133373933	12.1642968525	0.0	0.0	0.0	0.0	0.0	0.0	0.0	0.0	0.0	0.0	0.0	0.0	6.68658985562	6.45742804968	5.2710412177	5.2710412177	5.2710412177	5.2710412177	5.2710412177	5.2710412177	12.4762904448	12.4762904448	12.4762904448	12.4762904448	12.4762904448	12.0133373933	12.8789830883	12.8789830883	12.8789830883	12.8789830883	12.8789830883	12.8789830883	5.28651878734	5.28651878734
12.5213335764	12.1642968525	12.5213335764	5.28651878734	12.4762904448	6.68658985562	12.5213335764	12.0133373933	12.1642968525	0.0	0.0	0.0	0.0	0.0	0.0	0.0	0.0	0.0	0.0	0.0	0.0	6.68658985562	6.45742804968	5.2710412177	5.2710412177	5.2710412177	5.2710412177	5.2710412177	5.2710412177	12.4762904448	12.4762904448	12.4762904448	12.4762904448	12.4762904448	12.0133373933	12.8789830883	12.8789830883	12.8789830883	12.8789830883	12.8789830883	12.8789830883	5.28651878734	5.28651878734
12.5213335764	12.1642968525	12.5213335764	5.28651878734	12.4762904448	6.68658985562	12.5213335764	12.0133373933	12.1642968525	0.0	0.0	0.0	0.0	0.0	0.0	0.0	0.0	0.0	0.0	0.0	0.0	6.68658985562	6.45742804968	5.2710412177	5.2710412177	5.2710412177	5.2710412177	5.2710412177	5.2710412177	12.4762904448	12.4762904448	12.4762904448	12.4762904448	12.4762904448	12.0133373933	12.8789830883	12.8789830883	12.8789830883	12.8789830883	12.8789830883	12.8789830883	5.28651878734	5.28651878734
12.5213335764	12.1642968525	12.5213335764	5.28651878734	12.4762904448	6.68658985562	12.5213335764	12.0133373933	12.1642968525	0.0	0.0	0.0	0.0	0.0	0.0	0.0	0.0	0.0	0.0	0.0	0.0	6.68658985562	6.45742804968	5.2710412177	5.2710412177	5.2710412177	5.2710412177	5.2710412177	5.2710412177	12.4762904448	12.4762904448	12.4762904448	12.4762904448	12.4762904448	12.0133373933	12.8789830883	12.8789830883	12.8789830883	12.8789830883	12.8789830883	12.8789830883	5.28651878734	5.28651878734
12.5213335764	12.1642968525	12.5213335764	5.28651878734	12.4762904448	6.68658985562	12.5213335764	12.0133373933	12.1642968525	0.0	0.0	0.0	0.0	0.0	0.0	0.0	0.0	0.0	0.0	0.0	0.0	6.68658985562	6.45742804968	5.2710412177	5.2710412177	5.2710412177	5.2710412177	5.2710412177	5.2710412177	12.4762904448	12.4762904448	12.4762904448	12.4762904448	12.4762904448	12.0133373933	12.8789830883	12.8789830883	12.8789830883	12.8789830883	12.8789830883	12.8789830883	5.28651878734	5.28651878734
12.5213335764	12.1642968525	12.5213335764	5.28651878734	12.4762904448	6.68658985562	12.5213335764	12.0133373933	12.1642968525	0.0	0.0	0.0	0.0	0.0	0.0	0.0	0.0	0.0	0.0	0.0	0.0	6.68658985562	6.45742804968	5.2710412177	5.2710412177	5.2710412177	5.2710412177	5.2710412177	5.2710412177	12.4762904448	12.4762904448	12.4762904448	12.4762904448	12.4762904448	12.0133373933	12.8789830883	12.8789830883	12.8789830883	12.8789830883	12.8789830883	12.8789830883	5.28651878734	5.28651878734
12.5213335764	12.1642968525	12.5213335764	5.28651878734	12.4762904448	6.68658985562	12.5213335764	12.0133373933	12.1642968525	0.0	0.0	0.0	0.0	0.0	0.0	0.0	0.0	0.0	0.0	0.0	0.0	6.68658985562	6.45742804968	5.2710412177	5.2710412177	5.2710412177	5.2710412177	5.2710412177	5.2710412177	12.4762904448	12.4762904448	12.4762904448	12.4762904448	12.4762904448	12.0133373933	12.8789830883	12.8789830883	12.8789830883	12.8789830883	12.8789830883	12.8789830883	5.28651878734	5.28651878734
12.5213335764	12.1642968525	12.5213335764	5.28651878734	12.4762904448	6.68658985562	12.5213335764	12.0133373933	12.1642968525	0.0	0.0	0.0	0.0	0.0	0.0	0.0	0.0	0.0	0.0	0.0	0.0	6.68658985562	6.45742804968	5.2710412177	5.2710412177	5.2710412177	5.2710412177	5.2710412177	5.2710412177	12.4762904448	12.4762904448	12.4762904448	12.4762904448	12.4762904448	12.0133373933	12.8789830883	12.8789830883	12.8789830883	12.8789830883	12.8789830883	12.8789830883	5.28651878734	5.28651878734
12.5213335764	12.1642968525	12.5213335764	5.28651878734	12.4762904448	6.68658985562	12.5213335764	12.0133373933	12.1642968525	0.0	0.0	0.0	0.0	0.0	0.0	0.0	0.0	0.0	0.0	0.0	0.0	6.68658985562	6.45742804968	5.2710412177	5.2710412177	5.2710412177	5.2710412177	5.2710412177	5.2710412177	12.4762904448	12.4762904448	12.4762904448	12.4762904448	12.4762904448	12.0133373933	12.8789830883	12.8789830883	12.8789830883	12.8789830883	12.8789830883	12.8789830883	5.28651878734	5.28651878734
12.5213335764	12.1642968525	12.5213335764	5.28651878734	12.4762904448	6.68658985562	12.5213335764	12.0133373933	12.1642968525	0.0	0.0	0.0	0.0	0.0	0.0	0.0	0.0	0.0	0.0	0.0	0.0	6.68658985562	6.45742804968	5.2710412177	5.2710412177	5.2710412177	5.2710412177	5.2710412177	5.2710412177	12.4762904448	12.4762904448	12.4762904448	12.4762904448	12.4762904448	12.0133373933	12.8789830883	12.8789830883	12.8789830883	12.8789830883	12.8789830883	12.8789830883	5.28651878734	5.28651878734
12.5213335764	12.1642968525	12.5213335764	5.28651878734	12.4762904448	6.68658985562	12.5213335764	12.0133373933	12.1642968525	0.0	0.0	0.0	0.0	0.0	0.0	0.0	0.0	0.0	0.0	0.0	0.0	6.68658985562	6.45742804968	5.2710412177	5.2710412177	5.2710412177	5.2710412177	5.2710412177	5.2710412177	12.4762904448	12.4762904448	12.4762904448	12.4762904448	12.4762904448	12.0133373933	12.8789830883	12.8789830883	12.8789830883	12.8789830883	12.8789830883	12.8789830883	5.28651878734	5.28651878734
12.696251008	12.3392147572	12.696251008	5.46137550593	12.6511816129	0.0	12.696251008	12.1882674768	12.3392147572	6.68658985562	6.68658985562	6.68658985562	6.68658985562	6.68658985562	6.68658985562	6.68658985562	6.68658985562	6.68658985562	6.68658985562	6.68658985562	6.68658985562	0.0	5.98293971227	5.44592448829	5.44592448829	5.44592448829	5.44592448829	5.44592448829	5.44592448829	12.6511816129	12.6511816129	12.6511816129	12.6511816129	12.6511816129	12.1882674768	13.0539124984	13.0539124984	13.0539124984	13.0539124984	13.0539124984	13.0539124984	5.46137550593	5.46137550593
13.0240340819	12.6669977903	13.0240340819	5.78915821793	12.9789646277	5.98293971227	13.0240340819	12.5160513805	12.6669977903	6.45742804968	6.45742804968	6.45742804968	6.45742804968	6.45742804968	6.45742804968	6.45742804968	6.45742804968	6.45742804968	6.45742804968	6.45742804968	6.45742804968	5.98293971227	0.0	5.77370694658	5.77370694658	5.77370694658	5.77370694658	5.77370694658	5.77370694658	12.9789646277	12.9789646277	12.9789646277	12.9789646277	12.9789646277	12.5160513805	13.3816961914	13.3816961914	13.3816961914	13.3816961914	13.3816961914	13.3816961914	5.78915821793	5.78915821793
7.2722879449	6.91527299207	7.2722879449	0.0302548143826	7.22173635272	5.44592448829	7.2722879449	6.76364105467	6.91527299207	5.2710412177	5.2710412177	5.2710412177	5.2710412177	5.2710412177	5.2710412177	5.2710412177	5.2710412177	5.2710412177	5.2710412177	5.2710412177	5.2710412177	5.44592448829	5.77370694658	0.0	0.0	0.0	0.0	0.0	0.0	7.22173635272	7.22173635272	7.22173635272	7.22173635272	7.22173635272	6.76364105467	7.62895361517	7.62895361517	7.62895361517	7.62895361517	7.62895361517	7.62895361517	0.0302548143826	0.0302548143826
7.2722879449	6.91527299207	7.2722879449	0.0302548143826	7.22173635272	5.44592448829	7.2722879449	6.76364105467	6.91527299207	5.2710412177	5.2710412177	5.2710412177	5.2710412177	5.2710412177	5.2710412177	5.2710412177	5.2710412177	5.2710412177	5.2710412177	5.2710412177	5.2710412177	5.44592448829	5.77370694658	0.0	0.0	0.0	0.0	0.0	0.0	7.22173635272	7.22173635272	7.22173635272	7.22173635272	7.22173635272	6.76364105467	7.62895361517	7.62895361517	7.62895361517	7.62895361517	7.62895361517	7.62895361517	0.0302548143826	0.0302548143826
7.2722879449	6.91527299207	7.2722879449	0.0302548143826	7.22173635272	5.44592448829	7.2722879449	6.76364105467	6.91527299207	5.2710412177	5.2710412177	5.2710412177	5.2710412177	5.2710412177	5.2710412177	5.2710412177	5.2710412177	5.2710412177	5.2710412177	5.2710412177	5.2710412177	5.44592448829	5.77370694658	0.0	0.0	0.0	0.0	0.0	0.0	7.22173635272	7.22173635272	7.22173635272	7.22173635272	7.22173635272	6.76364105467	7.62895361517	7.62895361517	7.62895361517	7.62895361517	7.62895361517	7.62895361517	0.0302548143826	0.0302548143826
7.2722879449	6.91527299207	7.2722879449	0.0302548143826	7.22173635272	5.44592448829	7.2722879449	6.76364105467	6.91527299207	5.2710412177	5.2710412177	5.2710412177	5.2710412177	5.2710412177	5.2710412177	5.2710412177	5.2710412177	5.2710412177	5.2710412177	5.2710412177	5.2710412177	5.44592448829	5.77370694658	0.0	0.0	0.0	0.0	0.0	0.0	7.22173635272	7.22173635272	7.22173635272	7.22173635272	7.22173635272	6.76364105467	7.62895361517	7.62895361517	7.62895361517	7.62895361517	7.62895361517	7.62895361517	0.0302548143826	0.0302548143826
7.2722879449	6.91527299207	7.2722879449	0.0302548143826	7.22173635272	5.44592448829	7.2722879449	6.76364105467	6.91527299207	5.2710412177	5.2710412177	5.2710412177	5.2710412177	5.2710412177	5.2710412177	5.2710412177	5.2710412177	5.2710412177	5.2710412177	5.2710412177	5.2710412177	5.44592448829	5.77370694658	0.0	0.0	0.0	0.0	0.0	0.0	7.22173635272	7.22173635272	7.22173635272	7.22173635272	7.22173635272	6.76364105467	7.62895361517	7.62895361517	7.62895361517	7.62895361517	7.62895361517	7.62895361517	0.0302548143826	0.0302548143826
7.2722879449	6.91527299207	7.2722879449	0.0302548143826	7.22173635272	5.44592448829	7.2722879449	6.76364105467	6.91527299207	5.2710412177	5.2710412177	5.2710412177	5.2710412177	5.2710412177	5.2710412177	5.2710412177	5.2710412177	5.2710412177	5.2710412177	5.2710412177	5.2710412177	5.44592448829	5.77370694658	0.0	0.0	0.0	0.0	0.0	0.0	7.22173635272	7.22173635272	7.22173635272	7.22173635272	7.22173635272	6.76364105467	7.62895361517	7.62895361517	7.62895361517	7.62895361517	7.62895361517	7.62895361517	0.0302548143826	0.0302548143826
14.066152791	13.7106363908	14.066152791	7.22560052179	0.0	12.6511816129	14.066152791	13.3140956943	13.7106363908	12.4762904448	12.4762904448	12.4762904448	12.4762904448	12.4762904448	12.4762904448	12.4762904448	12.4762904448	12.4762904448	12.4762904448	12.4762904448	12.4762904448	12.6511816129	12.9789646277	7.22173635272	7.22173635272	7.22173635272	7.22173635272	7.22173635272	7.22173635272	0.0	0.0	0.0	0.0	0.0	13.3140956943	14.1303190933	14.1303190933	14.1303190933	14.1303190933	14.1303190933	14.1303190933	7.22560052179	7.22560052179
14.066152791	13.7106363908	14.066152791	7.22560052179	0.0	12.6511816129	14.066152791	13.3140956943	13.7106363908	12.4762904448	12.4762904448	12.4762904448	12.4762904448	12.4762904448	12.4762904448	12.4762904448	12.4762904448	12.4762904448	12.4762904448	12.4762904448	12.4762904448	12.6511816129	12.9789646277	7.22173635272	7.22173635272	7.22173635272	7.22173635272	7.22173635272	7.22173635272	0.0	0.0	0.0	0.0	0.0	13.3140956943	14.1303190933	14.1303190933	14.1303190933	14.1303190933	14.1303190933	14.1303190933	7.22560052179	7.22560052179
14.066152791	13.7106363908	14.066152791	7.22560052179	0.0	12.6511816129	14.066152791	13.3140956943	13.7106363908	12.4762904448	12.4762904448	12.4762904448	12.4762904448	12.4762904448	12.4762904448	12.4762904448	12.4762904448	12.4762904448	12.4762904448	12.4762904448	12.4762904448	12.6511816129	12.9789646277	7.22173635272	7.22173635272	7.22173635272	7.22173635272	7.22173635272	7.22173635272	0.0	0.0	0.0	0.0	0.0	13.3140956943	14.1303190933	14.1303190933	14.1303190933	14.1303190933	14.1303190933	14.1303190933	7.22560052179	7.22560052179
14.066152791	13.7106363908	14.066152791	7.22560052179	0.0	12.6511816129	14.066152791	13.3140956943	13.7106363908	12.4762904448	12.4762904448	12.4762904448	12.4762904448	12.4762904448	12.4762904448	12.4762904448	12.4762904448	12.4762904448	12.4762904448	12.4762904448	12.4762904448	12.6511816129	12.9789646277	7.22173635272	7.22173635272	7.22173635272	7.22173635272	7.22173635272	7.22173635272	0.0	0.0	0.0	0.0	0.0	13.3140956943	14.1303190933	14.1303190933	14.1303190933	14.1303190933	14.1303190933	14.1303190933	7.22560052179	7.22560052179
14.066152791	13.7106363908	14.066152791	7.22560052179	0.0	12.6511816129	14.066152791	13.3140956943	13.7106363908	12.4762904448	12.4762904448	12.4762904448	12.4762904448	12.4762904448	12.4762904448	12.4762904448	12.4762904448	12.4762904448	12.4762904448	12.4762904448	12.4762904448	12.6511816129	12.9789646277	7.22173635272	7.22173635272	7.22173635272	7.22173635272	7.22173635272	7.22173635272	0.0	0.0	0.0	0.0	0.0	13.3140956943	14.1303190933	14.1303190933	14.1303190933	14.1303190933	14.1303190933	14.1303190933	7.22560052179	7.22560052179
12.1815944235	11.8296103794	12.1815944235	6.77276219495	13.3140956943	12.1882674768	12.1815944235	0.0	11.8296103794	12.0133373933	12.0133373933	12.0133373933	12.0133373933	12.0133373933	12.0133373933	12.0133373933	12.0133373933	12.0133373933	12.0133373933	12.0133373933	12.0133373933	12.1882674768	12.5160513805	6.76364105467	6.76364105467	6.76364105467	6.76364105467	6.76364105467	6.76364105467	13.3140956943	13.3140956943	13.3140956943	13.3140956943	13.3140956943	0.0	10.8764968182	10.8764968182	10.8764968182	10.8764968182	10.8764968182	10.8764968182	6.77276219495	6.77276219495
13.3392276596	12.9864740473	13.3392276596	7.63876969021	14.1303190933	13.0539124984	13.3392276596	10.8764968182	12.9864740473	12.8789830883	12.8789830883	12.8789830883	12.8789830883	12.8789830883	12.8789830883	12.8789830883	12.8789830883	12.8789830883	12.8789830883	12.8789830883	12.8789830883	13.0539124984	13.3816961914	7.62895361517	7.62895361517	7.62895361517	7.62895361517	7.62895361517	7.62895361517	14.1303190933	14.1303190933	14.1303190933	14.1303190933	14.1303190933	10.8764968182	0.0	0.0	0.0	0.0	0.0	0.0	7.63876969021	7.63876969021
13.3392276596	12.9864740473	13.3392276596	7.63876969021	14.1303190933	13.0539124984	13.3392276596	10.8764968182	12.9864740473	12.8789830883	12.8789830883	12.8789830883	12.8789830883	12.8789830883	12.8789830883	12.8789830883	12.8789830883	12.8789830883	12.8789830883	12.8789830883	12.8789830883	13.0539124984	13.3816961914	7.62895361517	7.62895361517	7.62895361517	7.62895361517	7.62895361517	7.62895361517	14.1303190933	14.1303190933	14.1303190933	14.1303190933	14.1303190933	10.8764968182	0.0	0.0	0.0	0.0	0.0	0.0	7.63876969021	7.63876969021
13.3392276596	12.9864740473	13.3392276596	7.63876969021	14.1303190933	13.0539124984	13.3392276596	10.8764968182	12.9864740473	12.8789830883	12.8789830883	12.8789830883	12.8789830883	12.8789830883	12.8789830883	12.8789830883	12.8789830883	12.8789830883	12.8789830883	12.8789830883	12.8789830883	13.0539124984	13.3816961914	7.62895361517	7.62895361517	7.62895361517	7.62895361517	7.62895361517	7.62895361517	14.1303190933	14.1303190933	14.1303190933	14.1303190933	14.1303190933	10.8764968182	0.0	0.0	0.0	0.0	0.0	0.0	7.63876969021	7.63876969021
13.3392276596	12.9864740473	13.3392276596	7.63876969021	14.1303190933	13.0539124984	13.3392276596	10.8764968182	12.9864740473	12.8789830883	12.8789830883	12.8789830883	12.8789830883	12.8789830883	12.8789830883	12.8789830883	12.8789830883	12.8789830883	12.8789830883	12.8789830883	12.8789830883	13.0539124984	13.3816961914	7.62895361517	7.62895361517	7.62895361517	7.62895361517	7.62895361517	7.62895361517	14.1303190933	14.1303190933	14.1303190933	14.1303190933	14.1303190933	10.8764968182	0.0	0.0	0.0	0.0	0.0	0.0	7.63876969021	7.63876969021
13.3392276596	12.9864740473	13.3392276596	7.63876969021	14.1303190933	13.0539124984	13.3392276596	10.8764968182	12.9864740473	12.8789830883	12.8789830883	12.8789830883	12.8789830883	12.8789830883	12.8789830883	12.8789830883	12.8789830883	12.8789830883	12.8789830883	12.8789830883	12.8789830883	13.0539124984	13.3816961914	7.62895361517	7.62895361517	7.62895361517	7.62895361517	7.62895361517	7.62895361517	14.1303190933	14.1303190933	14.1303190933	14.1303190933	14.1303190933	10.8764968182	0.0	0.0	0.0	0.0	0.0	0.0	7.63876969021	7.63876969021
13.3392276596	12.9864740473	13.3392276596	7.63876969021	14.1303190933	13.0539124984	13.3392276596	10.8764968182	12.9864740473	12.8789830883	12.8789830883	12.8789830883	12.8789830883	12.8789830883	12.8789830883	12.8789830883	12.8789830883	12.8789830883	12.8789830883	12.8789830883	12.8789830883	13.0539124984	13.3816961914	7.62895361517	7.62895361517	7.62895361517	7.62895361517	7.62895361517	7.62895361517	14.1303190933	14.1303190933	14.1303190933	14.1303190933	14.1303190933	10.8764968182	0.0	0.0	0.0	0.0	0.0	0.0	7.63876969021	7.63876969021
7.2797188592	6.92274685918	7.2797188592	0.0	7.22560052179	5.46137550593	7.2797188592	6.77276219495	6.92274685918	5.28651878734	5.28651878734	5.28651878734	5.28651878734	5.28651878734	5.28651878734	5.28651878734	5.28651878734	5.28651878734	5.28651878734	5.28651878734	5.28651878734	5.46137550593	5.78915821793	0.0302548143826	0.0302548143826	0.0302548143826	0.0302548143826	0.0302548143826	0.0302548143826	7.22560052179	7.22560052179	7.22560052179	7.22560052179	7.22560052179	6.77276219495	7.63876969021	7.63876969021	7.63876969021	7.63876969021	7.63876969021	7.63876969021	0.0	0.0
7.2797188592	6.92274685918	7.2797188592	0.0	7.22560052179	5.46137550593	7.2797188592	6.77276219495	6.92274685918	5.28651878734	5.28651878734	5.28651878734	5.28651878734	5.28651878734	5.28651878734	5.28651878734	5.28651878734	5.28651878734	5.28651878734	5.28651878734	5.28651878734	5.46137550593	5.78915821793	0.0302548143826	0.0302548143826	0.0302548143826	0.0302548143826	0.0302548143826	0.0302548143826	7.22560052179	7.22560052179	7.22560052179	7.22560052179	7.22560052179	6.77276219495	7.63876969021	7.63876969021	7.63876969021	7.63876969021	7.63876969021	7.63876969021	0.0	0.0