0.0	12.6334960209	0.0	21.4101039182	27.2050922022	32.0599920325	0.0	24.9412100663	12.6334960209	31.5895192972	31.5895192972	31.5895192972	31.5895192972	31.5895192972	31.5895192972	31.5895192972	31.5895192972	31.5895192972	31.5895192972	31.5895192972	31.5895192972	32.0599920325	32.2702589333	21.0852673139	21.0852673139	21.0852673139	21.0852673139	21.0852673139	21.0852673139	27.2050922022	27.2050922022	27.2050922022	27.2050922022	27.2050922022	24.9412100663	25.8647539407	25.8647539407	25.8647539407	25.8647539407	25.8647539407	25.8647539407	21.4101039182	21.4101039182
12.6334960209	0.0	12.6334960209	21.1159617665	26.9039141097	31.7427411933	12.6334960209	24.6240446586	0.0	31.2721729139	31.2721729139	31.2721729139	31.2721729139	31.2721729139	31.2721729139	31.2721729139	31.2721729139	31.2721729139	31.2721729139	31.2721729139	31.2721729139	31.7427411933	31.9530222315	20.7762319707	20.7762319707	20.7762319707	20.7762319707	20.7762319707	20.7762319707	26.9039141097	26.9039141097	26.9039141097	26.9039141097	26.9039141097	24.6240446586	25.5532517327	25.5532517327	25.5532517327	25.5532517327	25.5532517327	25.5532517327	21.1159617665	21.1159617665
0.0	12.6334960209	0.0	21.4101039182	27.2050922022	32.0599920325	0.0	24.9412100663	12.6334960209	31.5895192972	31.5895192972	31.5895192972	31.5895192972	31.5895192972	31.5895192972	31.5895192972	31.5895192972	31.5895192972	31.5895192972	31.5895192972	31.5895192972	32.0599920325	32.2702589333	21.0852673139	21.0852673139	21.0852673139	21.0852673139	21.0852673139	21.0852673139	27.2050922022	27.2050922022	27.2050922022	27.2050922022	27.2050922022	24.9412100663	25.8647539407	25.8647539407	25.8647539407	25.8647539407	25.8647539407	25.8647539407	21.4101039182	21.4101039182
21.4101039182	21.1159617665	21.4101039182	0.0	16.1747634855	22.2772442653	21.4101039182	18.4267340054	21.1159617665	21.812291793	21.812291793	21.812291793	21.812291793	21.812291793	21.812291793	21.812291793	21.812291793	21.812291793	21.812291793	21.812291793	21.812291793	22.2772442653	22.486575946	9.9852265243	9.9852265243	9.9852265243	9.9852265243	9.9852265243	9.9852265243	16.1747634855	16.1747634855	16.1747634855	16.1747634855	16.1747634855	18.4267340054	18.6657693799	18.6657693799	18.6657693799	18.6657693799	18.6657693799	18.6657693799	0.0	0.0
27.2050922022	26.9039141097	27.2050922022	16.1747634855	0.0	28.5703433377	27.2050922022	23.5016058087	26.9039141097	28.1026390602	28.1026390602	28.1026390602	28.1026390602	28.1026390602	28.1026390602	28.1026390602	28.1026390602	28.1026390602	28.1026390602	28.1026390602	28.1026390602	28.5703433377	28.7800382533	15.9772977474	15.9772977474	15.9772977474	15.9772977474	15.9772977474	15.9772977474	0.0	0.0	0.0	0.0	0.0	23.5016058087	23.4716449135	23.4716449135	23.4716449135	23.4716449135	23.4716449135	23.4716449135	16.1747634855	16.1747634855
32.0599920325	31.7427411933	32.0599920325	22.2772442653	28.5703433377	0.0	32.0599920325	29.032687353	31.7427411933	14.1168275427	14.1168275427	14.1168275427	14.1168275427	14.1168275427	14.1168275427	14.1168275427	14.1168275427	14.1168275427	14.1168275427	14.1168275427	14.1168275427	0.0	12.3493892463	20.8845724338	20.8845724338	20.8845724338	20.8845724338	20.8845724338	20.8845724338	28.5703433377	28.5703433377	28.5703433377	28.5703433377	28.5703433377	29.032687353	29.4334444817	29.4334444817	29.4334444817	29.4334444817	29.4334444817	29.4334444817	22.2772442653	22.2772442653
0.0	12.6334960209	0.0	21.4101039182	27.2050922022	32.0599920325	0.0	24.9412100663	12.6334960209	31.5895192972	31.5895192972	31.5895192972	31.5895192972	31.5895192972	31.5895192972	31.5895192972	31.5895192972	31.5895192972	31.5895192972	31.5895192972	31.5895192972	32.0599920325	32.2702589333	21.0852673139	21.0852673139	21.0852673139	21.0852673139	21.0852673139	21.0852673139	27.2050922022	27.2050922022	27.2050922022	27.2050922022	27.2050922022	24.9412100663	25.8647539407	25.8647539407	25.8647539407	25.8647539407	25.8647539407	25.8647539407	21.4101039182	21.4101039182
24.9412100663	24.6240446586	24.9412100663	18.4267340054	23.5016058087	29.032687353	24.9412100663	0.0	24.6240446586	28.5615360202	28.5615360202	28.5615360202	28.5615360202	28.5615360202	28.5615360202	28.5615360202	28.5615360202	28.5615360202	28.5615360202	28.5615360202	28.5615360202	29.032687353	29.2429746812	17.7612005752	17.7612005752	17.7612005752	17.7612005752	17.7612005752	17.7612005752	23.5016058087	23.5016058087	23.5016058087	23.5016058087	23.5016058087	0.0	18.2977522184	18.2977522184	18.2977522184	18.2977522184	18.2977522184	18.2977522184	18.4267340054	18.4267340054
12.6334960209	0.0	12.6334960209	21.1159617665	26.9039141097	31.7427411933	12.6334960209	24.6240446586	0.0	31.2721729139	31.2721729139	31.2721729139	31.2721729139	31.2721729139	31.2721729139	31.2721729139	31.2721729139	31.2721729139	31.2721729139	31.2721729139	31.2721729139	31.7427411933	31.9530222315	20.7762319707	20.7762319707	20.7762319707	20.7762319707	20.7762319707	20.7762319707	26.9039141097	26.9039141097	26.9039141097	26.9039141097	26.9039141097	24.6240446586	25.5532517327	25.5532517327	25.5532517327	25.5532517327	25.5532517327	25.5532517327	21.1159617665	21.1159617665
31.5895192972	31.2721729139	31.5895192972	21.812291793	28.1026390602	14.1168275427	31.5895192972	28.5615360202	31.2721729139	0.0	0.0	0.0	0.0	0.0	0.0	0.0	0.0	0.0	0.0	0.0	0.0	14.1168275427	13.2721482803	20.417504941	20.417504941	20.417504941	20.417504941	20.417504941	20.417504941	28.1026390602	28.1026390602	28.1026390602	28.1026390602	28.1026390602	28.5615360202	28.9627582284	28.9627582284	28.9627582284	28.9627582284	28.9627582284	28.9627582284	21.812291793	21.812291793
31.5895192972	31.2721729139	31.5895192972	21.812291793	28.1026390602	14.1168275427	31.5895192972	28.5615360202	31.2721729139	0.0	0.0	0.0	0.0	0.0	0.0	0.0	0.0	0.0	0.0	0.0	0.0	14.1168275427	13.2721482803	20.417504941	20.417504941	20.417504941	20.417504941	20.417504941	20.417504941	28.1026390602	28.1026390602	28.1026390602	28.1026390602	28.1026390602	28.5615360202	28.9627582284	28.9627582284	28.9627582284	28.9627582284	28.9627582284	28.9627582284	21.812291793	21.812291793
31.5895192972	31.2721729139	31.5895192972	21.812291793	28.1026390602	14.1168275427	31.5895192972	28.5615360202	31.2721729139	0.0	0.0	0.0	0.0	0.0	0.0	0.0	0.0	0.0	0.0	0.0	0.0	14.1168275427	13.2721482803	20.417504941	20.417504941	20.417504941	20.417504941	20.417504941	20.417504941	28.1026390602	28.1026390602	28.1026390602	28.1026390602	28.1026390602	28.5615360202	28.9627582284	28.9627582284	28.9627582284	28.9627582284	28.9627582284	28.9627582284	21.812291793	21.812291793
31.5895192972	31.2721729139	31.5895192972	21.812291793	28.1026390602	14.1168275427	31.5895192972	28.5615360202	31.2721729139	0.0	0.0	0.0	0.0	0.0	0.0	0.0	0.0	0.0	0.0	0.0	0.0	14.1168275427	13.2721482803	20.417504941	20.417504941	20.417504941	20.417504941	20.417504941	20.417504941	28.1026390602	28.1026390602	28.1026390602	28.1026390602	28.1026390602	28.5615360202	28.9627582284	28.9627582284	28.9627582284	28.9627582284	28.9627582284	28.9627582284	21.812291793	21.812291793
31.5895192972	31.2721729139	31.5895192972	21.812291793	28.1026390602	14.1168275427	31.5895192972	28.5615360202	31.2721729139	0.0	0.0	0.0	0.0	0.0	0.0	0.0	0.0	0.0	0.0	0.0	0.0	14.1168275427	13.2721482803	20.417504941	20.417504941	20.417504941	20.417504941	20.417504941	20.417504941	28.1026390602	28.1026390602	28.1026390602	28.1026390602	28.1026390602	28.5615360202	28.9627582284	28.9627582284	28.9627582284	28.9627582284	28.9627582284	28.9627582284	21.812291793	21.812291793
31.5895192972	31.2721729139	31.5895192972	21.812291793	28.1026390602	14.1168275427	31.5895192972	28.5615360202	31.2721729139	0.0	0.0	0.0	0.0	0.0	0.0	0.0	0.0	0.0	0.0	0.0	0.0	14.1168275427	13.2721482803	20.417504941	20.417504941	20.417504941	20.417504941	20.417504941	20.417504941	28.1026390602	28.1026390602	28.1026390602	28.1026390602	28.1026390602	28.5615360202	28.9627582284	28.9627582284	28.9627582284	28.9627582284	28.9627582284	28.9627582284	21.812291793	21.812291793
31.5895192972	31.2721729139	31.5895192972	21.812291793	28.1026390602	14.1168275427	31.5895192972	28.5615360202	31.2721729139	0.0	0.0	0.0	0.0	0.0	0.0	0.0	0.0	0.0	0.0	0.0	0.0	14.1168275427	13.2721482803	20.417504941	20.417504941	20.417504941	20.417504941	20.417504941	20.417504941	28.1026390602	28.1026390602	28.1026390602	28.1026390602	28.1026390602	28.5615360202	28.9627582284	28.9627582284	28.9627582284	28.9627582284	28.9627582284	28.9627582284	21.812291793	21.812291793
31.5895192972	31.2721729139	31.5895192972	21.812291793	28.1026390602	14.1168275427	31.5895192972	28.5615360202	31.2721729139	0.0	0.0	0.0	0.0	0.0	0.0	0.0	0.0	0.0	0.0	0.0	0.0	14.1168275427	13.2721482803	20.417504941	20.417504941	20.417504941	20.417504941	20.417504941	20.417504941	28.1026390602	28.1026390602	28.1026390602	28.1026390602	28.1026390602	28.5615360202	28.9627582284	28.9627582284	28.9627582284	28.9627582284	28.9627582284	28.9627582284	21.812291793	21.812291793
31.5895192972	31.2721729139	31.5895192972	21.812291793	28.1026390602	14.1168275427	31.5895192972	28.5615360202	31.2721729139	0.0	0.0	0.0	0.0	0.0	0.0	0.0	0.0	0.0	0.0	0.0	0.0	14.1168275427	13.2721482803	20.417504941	20.417504941	20.417504941	20.417504941	20.417504941	20.417504941	28.1026390602	28.1026390602	28.1026390602	28.1026390602	28.1026390602	28.5615360202	28.9627582284	28.9627582284	28.9627582284	28.9627582284	28.9627582284	28.9627582284	21.812291793	21.812291793
31.5895192972	31.2721729139	31.5895192972	21.812291793	28.1026390602	14.1168275427	31.5895192972	28.5615360202	31.2721729139	0.0	0.0	0.0	0.0	0.0	0.0	0.0	0.0	0.0	0.0	0.0	0.0	14.1168275427	13.2721482803	20.417504941	20.417504941	20.417504941	20.417504941	20.417504941	20.417504941	28.1026390602	28.1026390602	28.1026390602	28.1026390602	28.1026390602	28.5615360202	28.9627582284	28.9627582284	28.9627582284	28.9627582284	28.9627582284	28.9627582284	21.812291793	21.812291793
31.5895192972	31.2721729139	31.5895192972	21.812291793	28.1026390602	14.1168275427	31.5895192972	28.5615360202	31.2721729139	0.0	0.0	0.0	0.0	0.0	0.0	0.0	0.0	0.0	0.0	0.0	0.0	14.1168275427	13.2721482803	20.417504941	20.417504941	20.417504941	20.417504941	20.417504941	20.417504941	28.1026390602	28.1026390602	28.1026390602	28.1026390602	28.1026390602	28.5615360202	28.9627582284	28.9627582284	28.9627582284	28.9627582284	28.9627582284	28.9627582284	21.812291793	21.812291793
31.5895192972	31.2721729139	31.5895192972	21.812291793	28.1026390602	14.1168275427	31.5895192972	28.5615360202	31.2721729139	0.0	0.0	0.0	0.0	0.0	0.0	0.0	0.0	0.0	0.0	0.0	0.0	14.1168275427	13.2721482803	20.417504941	20.417504941	20.417504941	20.417504941	20.417504941	20.417504941	28.1026390602	28.1026390602	28.1026390602	28.1026390602	28.1026390602	28.5615360202	28.9627582284	28.9627582284	28.9627582284	28.9627582284	28.9627582284	28.9627582284	21.812291793	21.812291793
32.0599920325	31.7427411933	32.0599920325	22.2772442653	28.5703433377	0.0	32.0599920325	29.032687353	31.7427411933	14.1168275427	14.1168275427	14.1168275427	14.1168275427	14.1168275427	14.1168275427	14.1168275427	14.1168275427	14.1168275427	14.1168275427	14.1168275427	14.1168275427	0.0	12.3493892463	20.8845724338	20.8845724338	20.8845724338	20.8845724338	20.8845724338	20.8845724338	28.5703433377	28.5703433377	28.5703433377	28.5703433377	28.5703433377	29.032687353	29.4334444817	29.4334444817	29.4334444817	29.4334444817	29.4334444817	29.4334444817	22.2772442653	22.2772442653
32.2702589333	31.9530222315	32.2702589333	22.486575946	28.7800382533	12.3493892463	32.2702589333	29.2429746812	31.9530222315	13.2721482803	13.2721482803	13.2721482803	13.2721482803	13.2721482803	13.2721482803	13.2721482803	13.2721482803	13.2721482803	13.2721482803	13.2721482803	13.2721482803	12.3493892463	0.0	21.0940745825	21.0940745825	21.0940745825	21.0940745825	21.0940745825	21.0940745825	28.7800382533	28.7800382533	28.7800382533	28.7800382533	28.7800382533	29.2429746812	29.6436441605	29.6436441605	29.6436441605	29.6436441605	29.6436441605	29.6436441605	22.486575946	22.486575946
21.0852673139	20.7762319707	21.0852673139	9.9852265243	15.9772977474	20.8845724338	21.0852673139	17.7612005752	20.7762319707	20.417504941	20.417504941	20.417504941	20.417504941	20.417504941	20.417504941	20.417504941	20.417504941	20.417504941	20.417504941	20.417504941	20.417504941	20.8845724338	21.0940745825	0.0	0.0	0.0	0.0	0.0	0.0	15.9772977474	15.9772977474	15.9772977474	15.9772977474	15.9772977474	17.7612005752	17.995837456	17.995837456	17.995837456	17.995837456	17.995837456	17.995837456	9.9852265243	9.9852265243
21.0852673139	20.7762319707	21.0852673139	9.9852265243	15.9772977474	20.8845724338	21.0852673139	17.7612005752	20.7762319707	20.417504941	20.417504941	20.417504941	20.417504941	20.417504941	20.417504941	20.417504941	20.417504941	20.417504941	20.417504941	20.417504941	20.417504941	20.8845724338	21.0940745825	0.0	0.0	0.0	0.0	0.0	0.0	15.9772977474	15.9772977474	15.9772977474	15.9772977474	15.9772977474	17.7612005752	17.995837456	17.995837456	17.995837456	17.995837456	17.995837456	17.995837456	9.9852265243	9.9852265243
21.0852673139	20.7762319707	21.0852673139	9.9852265243	15.9772977474	20.8845724338	21.0852673139	17.7612005752	20.7762319707	20.417504941	20.417504941	20.417504941	20.417504941	20.417504941	20.417504941	20.417504941	20.417504941	20.417504941	20.417504941	20.417504941	20.417504941	20.8845724338	21.0940745825	0.0	0.0	0.0	0.0	0.0	0.0	15.9772977474	15.9772977474	15.9772977474	15.9772977474	15.9772977474	17.7612005752	17.995837456	17.995837456	17.995837456	17.995837456	17.995837456	17.995837456	9.9852265243	9.9852265243
21.0852673139	20.7762319707	21.0852673139	9.9852265243	15.9772977474	20.8845724338	21.0852673139	17.7612005752	20.7762319707	20.417504941	20.417504941	20.417504941	20.417504941	20.417504941	20.417504941	20.417504941	20.417504941	20.417504941	20.417504941	20.417504941	20.417504941	20.8845724338	21.0940745825	0.0	0.0	0.0	0.0	0.0	0.0	15.9772977474	15.9772977474	15.9772977474	15.9772977474	15.9772977474	17.7612005752	17.995837456	17.995837456	17.995837456	17.995837456	17.995837456	17.995837456	9.9852265243	9.9852265243
21.0852673139	20.7762319707	21.0852673139	9.9852265243	15.9772977474	20.8845724338	21.0852673139	17.7612005752	20.7762319707	20.417504941	20.417504941	20.417504941	20.417504941	20.417504941	20.417504941	20.417504941	20.417504941	20.417504941	20.417504941	20.417504941	20.417504941	20.8845724338	21.0940745825	0.0	0.0	0.0	0.0	0.0	0.0	15.9772977474	15.9772977474	15.9772977474	15.9772977474	15.9772977474	17.7612005752	17.995837456	17.995837456	17.995837456	17.995837456	17.995837456	17.995837456	9.9852265243	9.9852265243
21.0852673139	20.7762319707	21.0852673139	9.9852265243	15.9772977474	20.8845724338	21.0852673139	17.7612005752	20.7762319707	20.417504941	20.417504941	20.417504941	20.417504941	20.417504941	20.417504941	20.417504941	20.417504941	20.417504941	20.417504941	20.417504941	20.417504941	20.8845724338	21.0940745825	0.0	0.0	0.0	0.0	0.0	0.0	15.9772977474	15.9772977474	15.9772977474	15.9772977474	15.9772977474	17.7612005752	17.995837456	17.995837456	17.995837456	17.995837456	17.995837456	17.995837456	9.9852265243	9.9852265243
27.2050922022	26.9039141097	27.2050922022	16.1747634855	0.0	28.5703433377	27.2050922022	23.5016058087	26.9039141097	28.1026390602	28.1026390602	28.1026390602	28.1026390602	28.1026390602	28.1026390602	28.1026390602	28.1026390602	28.1026390602	28.1026390602	28.1026390602	28.1026390602	28.5703433377	28.7800382533	15.9772977474	15.9772977474	15.9772977474	15.9772977474	15.9772977474	15.9772977474	0.0	0.0	0.0	0.0	0.0	23.5016058087	23.4716449135	23.4716449135	23.4716449135	23.4716449135	23.4716449135	23.4716449135	16.1747634855	16.1747634855
27.2050922022	26.9039141097	27.2050922022	16.1747634855	0.0	28.5703433377	27.2050922022	23.5016058087	26.9039141097	28.1026390602	28.1026390602	28.1026390602	28.1026390602	28.1026390602	28.1026390602	28.1026390602	28.1026390602	28.1026390602	28.1026390602	28.1026390602	28.1026390602	28.5703433377	28.7800382533	15.9772977474	15.9772977474	15.9772977474	15.9772977474	15.9772977474	15.9772977474	0.0	0.0	0.0	0.0	0.0	23.5016058087	23.4716449135	23.4716449135	23.4716449135	23.4716449135	23.4716449135	23.4716449135	16.1747634855	16.1747634855
27.2050922022	26.9039141097	27.2050922022	16.1747634855	0.0	28.5703433377	27.2050922022	23.5016058087	26.9039141097	28.1026390602	28.1026390602	28.1026390602	28.1026390602	28.1026390602	28.1026390602	28.1026390602	28.1026390602	28.1026390602	28.1026390602	28.1026390602	28.1026390602	28.5703433377	28.7800382533	15.9772977474	15.9772977474	15.9772977474	15.9772977474	15.9772977474	15.9772977474	0.0	0.0	0.0	0.0	0.0	23.5016058087	23.4716449135	23.4716449135	23.4716449135	23.4716449135	23.4716449135	23.4716449135	16.1747634855	16.1747634855
27.2050922022	26.9039141097	27.2050922022	16.1747634855	0.0	28.5703433377	27.2050922022	23.5016058087	26.9039141097	28.1026390602	28.1026390602	28.1026390602	28.1026390602	28.1026390602	28.1026390602	28.1026390602	28.1026390602	28.1026390602	28.1026390602	28.1026390602	28.1026390602	28.5703433377	28.7800382533	15.9772977474	15.9772977474	15.9772977474	15.9772977474	15.9772977474	15.9772977474	0.0	0.0	0.0	0.0	0.0	23.5016058087	23.4716449135	23.4716449135	23.4716449135	23.4716449135	23.4716449135	23.4716449135	16.1747634855	16.1747634855
27.2050922022	26.9039141097	27.2050922022	16.1747634855	0.0	28.5703433377	27.2050922022	23.5016058087	26.9039141097	28.1026390602	28.1026390602	28.1026390602	28.1026390602	28.1026390602	28.1026390602	28.1026390602	28.1026390602	28.1026390602	28.1026390602	28.1026390602	28.1026390602	28.5703433377	28.7800382533	15.9772977474	15.9772977474	15.9772977474	15.9772977474	15.9772977474	15.9772977474	0.0	0.0	0.0	0.0	0.0	23.5016058087	23.4716449135	23.4716449135	23.4716449135	23.4716449135	23.4716449135	23.4716449135	16.1747634855	16.1747634855
24.9412100663	24.6240446586	24.9412100663	18.4267340054	23.5016058087	29.032687353	24.9412100663	0.0	24.6240446586	28.5615360202	28.5615360202	28.5615360202	28.5615360202	28.5615360202	28.5615360202	28.5615360202	28.5615360202	28.5615360202	28.5615360202	28.5615360202	28.5615360202	29.032687353	29.2429746812	17.7612005752	17.7612005752	17.7612005752	17.7612005752	17.7612005752	17.7612005752	23.5016058087	23.5016058087	23.5016058087	23.5016058087	23.5016058087	0.0	18.2977522184	18.2977522184	18.2977522184	18.2977522184	18.2977522184	18.2977522184	18.4267340054	18.4267340054
25.8647539407	25.5532517327	25.8647539407	18.6657693799	23.4716449135	29.4334444817	25.8647539407	18.2977522184	25.5532517327	28.9627582284	28.9627582284	28.9627582284	28.9627582284	28.9627582284	28.9627582284	28.9627582284	28.9627582284	28.9627582284	28.9627582284	28.9627582284	28.9627582284	29.4334444817	29.6436441605	17.995837456	17.995837456	17.995837456	17.995837456	17.995837456	17.995837456	23.4716449135	23.4716449135	23.4716449135	23.4716449135	23.4716449135	18.2977522184	0.0	0.0	0.0	0.0	0.0	0.0	18.6657693799	18.6657693799
25.8647539407	25.5532517327	25.8647539407	18.6657693799	23.4716449135	29.4334444817	25.8647539407	18.2977522184	25.5532517327	28.9627582284	28.9627582284	28.9627582284	28.9627582284	28.9627582284	28.9627582284	28.9627582284	28.9627582284	28.9627582284	28.9627582284	28.9627582284	28.9627582284	29.4334444817	29.6436441605	17.995837456	17.995837456	17.995837456	17.995837456	17.995837456	17.995837456	23.4716449135	23.4716449135	23.4716449135	23.4716449135	23.4716449135	18.2977522184	0.0	0.0	0.0	0.0	0.0	0.0	18.6657693799	18.6657693799
25.8647539407	25.5532517327	25.8647539407	18.6657693799	23.4716449135	29.4334444817	25.8647539407	18.2977522184	25.5532517327	28.9627582284	28.9627582284	28.9627582284	28.9627582284	28.9627582284	28.9627582284	28.9627582284	28.9627582284	28.9627582284	28.9627582284	28.9627582284	28.9627582284	29.4334444817	29.6436441605	17.995837456	17.995837456	17.995837456	17.995837456	17.995837456	17.995837456	23.4716449135	23.4716449135	23.4716449135	23.4716449135	23.4716449135	18.2977522184	0.0	0.0	0.0	0.0	0.0	0.0	18.6657693799	18.6657693799
25.8647539407	25.5532517327	25.8647539407	18.6657693799	23.4716449135	29.4334444817	25.8647539407	18.2977522184	25.5532517327	28.9627582284	28.9627582284	28.9627582284	28.9627582284	28.9627582284	28.9627582284	28.9627582284	28.9627582284	28.9627582284	28.9627582284	28.9627582284	28.9627582284	29.4334444817	29.6436441605	17.995837456	17.995837456	17.995837456	17.995837456	17.995837456	17.995837456	23.4716449135	23.4716449135	23.4716449135	23.4716449135	23.4716449135	18.2977522184	0.0	0.0	0.0	0.0	0.0	0.0	18.6657693799	18.6657693799
25.8647539407	25.5532517327	25.8647539407	18.6657693799	23.4716449135	29.4334444817	25.8647539407	18.2977522184	25.5532517327	28.9627582284	28.9627582284	28.9627582284	28.9627582284	28.9627582284	28.9627582284	28.9627582284	28.9627582284	28.9627582284	28.9627582284	28.9627582284	28.9627582284	29.4334444817	29.6436441605	17.995837456	17.995837456	17.995837456	17.995837456	17.995837456	17.995837456	23.4716449135	23.4716449135	23.4716449135	23.4716449135	23.4716449135	18.2977522184	0.0	0.0	0.0	0.0	0.0	0.0	18.6657693799	18.6657693799
25.8647539407	25.5532517327	25.8647539407	18.6657693799	23.4716449135	29.4334444817	25.8647539407	18.2977522184	25.5532517327	28.9627582284	28.9627582284	28.9627582284	28.9627582284	28.9627582284	28.9627582284	28.9627582284	28.9627582284	28.9627582284	28.9627582284	28.9627582284	28.9627582284	29.4334444817	29.6436441605	17.995837456	17.995837456	17.995837456	17.995837456	17.995837456	17.995837456	23.4716449135	23.4716449135	23.4716449135	23.4716449135	23.4716449135	18.2977522184	0.0	0.0	0.0	0.0	0.0	0.0	18.6657693799	18.6657693799
21.4101039182	21.1159617665	21.4101039182	0.0	16.1747634855	22.2772442653	21.4101039182	18.4267340054	21.1159617665	21.812291793	21.812291793	21.812291793	21.812291793	21.812291793	21.812291793	21.812291793	21.812291793	21.812291793	21.812291793	21.812291793	21.812291793	22.2772442653	22.486575946	9.9852265243	9.9852265243	9.9852265243	9.9852265243	9.9852265243	9.9852265243	16.1747634855	16.1747634855	16.1747634855	16.1747634855	16.1747634855	18.4267340054	18.6657693799	18.6657693799	18.6657693799	18.6657693799	18.6657693799	18.6657693799	0.0	0.0
21.4101039182	21.1159617665	21.4101039182	0.0	16.1747634855	22.2772442653	21.4101039182	18.4267340054	21.1159617665	21.812291793	21.812291793	21.812291793	21.812291793	21.812291793	21.812291793	21.812291793	21.812291793	21.812291793	21.812291793	21.812291793	21.812291793	22.2772442653	22.486575946	9.9852265243	9.9852265243	9.9852265243	9.9852265243	9.9852265243	9.9852265243	16.1747634855	16.1747634855	16.1747634855	16.1747634855	16.1747634855	18.4267340054	18.6657693799	18.6657693799	18.6657693799	18.6657693799	18.6657693799	18.6657693799	0.0	0.0