0.0	6.68818167439	0.0	9.21346943089	15.6843865998	15.7071968762	0.0	13.8198929956	6.68818167439	15.4828402441	15.4828402441	15.4828402441	15.4828402441	15.4828402441	15.4828402441	15.4828402441	15.4828402441	15.4828402441	15.4828402441	15.4828402441	15.4828402441	15.7071968762	15.9970192862	8.98290969492	8.98290969492	8.98290969492	8.98290969492	8.98290969492	8.98290969492	15.6843865998	15.6843865998	15.6843865998	15.6843865998	15.6843865998	13.8198929956	14.8718220878	14.8718220878	14.8718220878	14.8718220878	14.8718220878	14.8718220878	9.21346943089	9.21346943089
6.68818167439	0.0	6.68818167439	8.88983692367	15.3611453174	15.3798000412	6.68818167439	13.4975889296	0.0	15.1554213873	15.1554213873	15.1554213873	15.1554213873	15.1554213873	15.1554213873	15.1554213873	15.1554213873	15.1554213873	15.1554213873	15.1554213873	15.1554213873	15.3798000412	15.6696227119	8.6565584544	8.6565584544	8.6565584544	8.6565584544	8.6565584544	8.6565584544	15.3611453174	15.3611453174	15.3611453174	15.3611453174	15.3611453174	13.4975889296	14.5495928358	14.5495928358	14.5495928358	14.5495928358	14.5495928358	14.5495928358	8.88983692367	8.88983692367
0.0	6.68818167439	0.0	9.21346943089	15.6843865998	15.7071968762	0.0	13.8198929956	6.68818167439	15.4828402441	15.4828402441	15.4828402441	15.4828402441	15.4828402441	15.4828402441	15.4828402441	15.4828402441	15.4828402441	15.4828402441	15.4828402441	15.4828402441	15.7071968762	15.9970192862	8.98290969492	8.98290969492	8.98290969492	8.98290969492	8.98290969492	8.98290969492	15.6843865998	15.6843865998	15.6843865998	15.6843865998	15.6843865998	13.8198929956	14.8718220878	14.8718220878	14.8718220878	14.8718220878	14.8718220878	14.8718220878	9.21346943089	9.21346943089
9.21346943089	8.88983692367	9.21346943089	0.0	8.20692965215	8.23985194936	9.21346943089	8.25042995926	8.88983692367	8.01709803442	8.01709803442	8.01709803442	8.01709803442	8.01709803442	8.01709803442	8.01709803442	8.01709803442	8.01709803442	8.01709803442	8.01709803442	8.01709803442	8.23985194936	8.52962867519	1.27347099613	1.27347099613	1.27347099613	1.27347099613	1.27347099613	1.27347099613	8.20692965215	8.20692965215	8.20692965215	8.20692965215	8.20692965215	8.25042995926	8.99386300313	8.99386300313	8.99386300313	8.99386300313	8.99386300313	8.99386300313	0.0	0.0
15.6843865998	15.3611453174	15.6843865998	8.20692965215	0.0	15.0467240128	15.6843865998	14.4192136882	15.3611453174	14.8231387542	14.8231387542	14.8231387542	14.8231387542	14.8231387542	14.8231387542	14.8231387542	14.8231387542	14.8231387542	14.8231387542	14.8231387542	14.8231387542	15.0467240128	15.336510032	8.10163466647	8.10163466647	8.10163466647	8.10163466647	8.10163466647	8.10163466647	0.0	0.0	0.0	0.0	0.0	14.4192136882	15.0586636982	15.0586636982	15.0586636982	15.0586636982	15.0586636982	15.0586636982	8.20692965215	8.20692965215
15.7071968762	15.3798000412	15.7071968762	8.23985194936	15.0467240128	0.0	15.7071968762	14.7320921299	15.3798000412	7.38519029621	7.38519029621	7.38519029621	7.38519029621	7.38519029621	7.38519029621	7.38519029621	7.38519029621	7.38519029621	7.38519029621	7.38519029621	7.38519029621	0.0	6.56838407478	7.76541805034	7.76541805034	7.76541805034	7.76541805034	7.76541805034	7.76541805034	15.0467240128	15.0467240128	15.0467240128	15.0467240128	15.0467240128	14.7320921299	15.4798197652	15.4798197652	15.4798197652	15.4798197652	15.4798197652	15.4798197652	8.23985194936	8.23985194936
0.0	6.68818167439	0.0	9.21346943089	15.6843865998	15.7071968762	0.0	13.8198929956	6.68818167439	15.4828402441	15.4828402441	15.4828402441	15.4828402441	15.4828402441	15.4828402441	15.4828402441	15.4828402441	15.4828402441	15.4828402441	15.4828402441	15.4828402441	15.7071968762	15.9970192862	8.98290969492	8.98290969492	8.98290969492	8.98290969492	8.98290969492	8.98290969492	15.6843865998	15.6843865998	15.6843865998	15.6843865998	15.6843865998	13.8198929956	14.8718220878	14.8718220878	14.8718220878	14.8718220878	14.8718220878	14.8718220878	9.21346943089	9.21346943089
13.8198929956	13.4975889296	13.8198929956	8.25042995926	14.4192136882	14.7320921299	13.8198929956	0.0	13.4975889296	14.5075255191	14.5075255191	14.5075255191	14.5075255191	14.5075255191	14.5075255191	14.5075255191	14.5075255191	14.5075255191	14.5075255191	14.5075255191	14.5075255191	14.7320921299	15.0219055568	7.97040970755	7.97040970755	7.97040970755	7.97040970755	7.97040970755	7.97040970755	14.4192136882	14.4192136882	14.4192136882	14.4192136882	14.4192136882	0.0	11.6489170412	11.6489170412	11.6489170412	11.6489170412	11.6489170412	11.6489170412	8.25042995926	8.25042995926
6.68818167439	0.0	6.68818167439	8.88983692367	15.3611453174	15.3798000412	6.68818167439	13.4975889296	0.0	15.1554213873	15.1554213873	15.1554213873	15.1554213873	15.1554213873	15.1554213873	15.1554213873	15.1554213873	15.1554213873	15.1554213873	15.1554213873	15.1554213873	15.3798000412	15.6696227119	8.6565584544	8.6565584544	8.6565584544	8.6565584544	8.6565584544	8.6565584544	15.3611453174	15.3611453174	15.3611453174	15.3611453174	15.3611453174	13.4975889296	14.5495928358	14.5495928358	14.5495928358	14.5495928358	14.5495928358	14.5495928358	8.88983692367	8.88983692367
15.4828402441	15.1554213873	15.4828402441	8.01709803442	14.8231387542	7.38519029621	15.4828402441	14.5075255191	15.1554213873	0.0	0.0	0.0	0.0	0.0	0.0	0.0	0.0	0.0	0.0	0.0	0.0	7.38519029621	7.09073070934	7.54199727797	7.54199727797	7.54199727797	7.54199727797	7.54199727797	7.54199727797	14.8231387542	14.8231387542	14.8231387542	14.8231387542	14.8231387542	14.5075255191	15.2553173267	15.2553173267	15.2553173267	15.2553173267	15.2553173267	15.2553173267	8.01709803442	8.01709803442
15.4828402441	15.1554213873	15.4828402441	8.01709803442	14.8231387542	7.38519029621	15.4828402441	14.5075255191	15.1554213873	0.0	0.0	0.0	0.0	0.0	0.0	0.0	0.0	0.0	0.0	0.0	0.0	7.38519029621	7.09073070934	7.54199727797	7.54199727797	7.54199727797	7.54199727797	7.54199727797	7.54199727797	14.8231387542	14.8231387542	14.8231387542	14.8231387542	14.8231387542	14.5075255191	15.2553173267	15.2553173267	15.2553173267	15.2553173267	15.2553173267	15.2553173267	8.01709803442	8.01709803442
15.4828402441	15.1554213873	15.4828402441	8.01709803442	14.8231387542	7.38519029621	15.4828402441	14.5075255191	15.1554213873	0.0	0.0	0.0	0.0	0.0	0.0	0.0	0.0	0.0	0.0	0.0	0.0	7.38519029621	7.09073070934	7.54199727797	7.54199727797	7.54199727797	7.54199727797	7.54199727797	7.54199727797	14.8231387542	14.8231387542	14.8231387542	14.8231387542	14.8231387542	14.5075255191	15.2553173267	15.2553173267	15.2553173267	15.2553173267	15.2553173267	15.2553173267	8.01709803442	8.01709803442
15.4828402441	15.1554213873	15.4828402441	8.01709803442	14.8231387542	7.38519029621	15.4828402441	14.5075255191	15.1554213873	0.0	0.0	0.0	0.0	0.0	0.0	0.0	0.0	0.0	0.0	0.0	0.0	7.38519029621	7.09073070934	7.54199727797	7.54199727797	7.54199727797	7.54199727797	7.54199727797	7.54199727797	14.8231387542	14.8231387542	14.8231387542	14.8231387542	14.8231387542	14.5075255191	15.2553173267	15.2553173267	15.2553173267	15.2553173267	15.2553173267	15.2553173267	8.01709803442	8.01709803442
15.4828402441	15.1554213873	15.4828402441	8.01709803442	14.8231387542	7.38519029621	15.4828402441	14.5075255191	15.1554213873	0.0	0.0	0.0	0.0	0.0	0.0	0.0	0.0	0.0	0.0	0.0	0.0	7.38519029621	7.09073070934	7.54199727797	7.54199727797	7.54199727797	7.54199727797	7.54199727797	7.54199727797	14.8231387542	14.8231387542	14.8231387542	14.8231387542	14.8231387542	14.5075255191	15.2553173267	15.2553173267	15.2553173267	15.2553173267	15.2553173267	15.2553173267	8.01709803442	8.01709803442
15.4828402441	15.1554213873	15.4828402441	8.01709803442	14.8231387542	7.38519029621	15.4828402441	14.5075255191	15.1554213873	0.0	0.0	0.0	0.0	0.0	0.0	0.0	0.0	0.0	0.0	0.0	0.0	7.38519029621	7.09073070934	7.54199727797	7.54199727797	7.54199727797	7.54199727797	7.54199727797	7.54199727797	14.8231387542	14.8231387542	14.8231387542	14.8231387542	14.8231387542	14.5075255191	15.2553173267	15.2553173267	15.2553173267	15.2553173267	15.2553173267	15.2553173267	8.01709803442	8.01709803442
15.4828402441	15.1554213873	15.4828402441	8.01709803442	14.8231387542	7.38519029621	15.4828402441	14.5075255191	15.1554213873	0.0	0.0	0.0	0.0	0.0	0.0	0.0	0.0	0.0	0.0	0.0	0.0	7.38519029621	7.09073070934	7.54199727797	7.54199727797	7.54199727797	7.54199727797	7.54199727797	7.54199727797	14.8231387542	14.8231387542	14.8231387542	14.8231387542	14.8231387542	14.5075255191	15.2553173267	15.2553173267	15.2553173267	15.2553173267	15.2553173267	15.2553173267	8.01709803442	8.01709803442
15.4828402441	15.1554213873	15.4828402441	8.01709803442	14.8231387542	7.38519029621	15.4828402441	14.5075255191	15.1554213873	0.0	0.0	0.0	0.0	0.0	0.0	0.0	0.0	0.0	0.0	0.0	0.0	7.38519029621	7.09073070934	7.54199727797	7.54199727797	7.54199727797	7.54199727797	7.54199727797	7.54199727797	14.8231387542	14.8231387542	14.8231387542	14.8231387542	14.8231387542	14.5075255191	15.2553173267	15.2553173267	15.2553173267	15.2553173267	15.2553173267	15.2553173267	8.01709803442	8.01709803442
15.4828402441	15.1554213873	15.4828402441	8.01709803442	14.8231387542	7.38519029621	15.4828402441	14.5075255191	15.1554213873	0.0	0.0	0.0	0.0	0.0	0.0	0.0	0.0	0.0	0.0	0.0	0.0	7.38519029621	7.09073070934	7.54199727797	7.54199727797	7.54199727797	7.54199727797	7.54199727797	7.54199727797	14.8231387542	14.8231387542	14.8231387542	14.8231387542	14.8231387542	14.5075255191	15.2553173267	15.2553173267	15.2553173267	15.2553173267	15.2553173267	15.2553173267	8.01709803442	8.01709803442
15.4828402441	15.1554213873	15.4828402441	8.01709803442	14.8231387542	7.38519029621	15.4828402441	14.5075255191	15.1554213873	0.0	0.0	0.0	0.0	0.0	0.0	0.0	0.0	0.0	0.0	0.0	0.0	7.38519029621	7.09073070934	7.54199727797	7.54199727797	7.54199727797	7.54199727797	7.54199727797	7.54199727797	14.8231387542	14.8231387542	14.8231387542	14.8231387542	14.8231387542	14.5075255191	15.2553173267	15.2553173267	15.2553173267	15.2553173267	15.2553173267	15.2553173267	8.01709803442	8.01709803442
15.4828402441	15.1554213873	15.4828402441	8.01709803442	14.8231387542	7.38519029621	15.4828402441	14.5075255191	15.1554213873	0.0	0.0	0.0	0.0	0.0	0.0	0.0	0.0	0.0	0.0	0.0	0.0	7.38519029621	7.09073070934	7.54199727797	7.54199727797	7.54199727797	7.54199727797	7.54199727797	7.54199727797	14.8231387542	14.8231387542	14.8231387542	14.8231387542	14.8231387542	14.5075255191	15.2553173267	15.2553173267	15.2553173267	15.2553173267	15.2553173267	15.2553173267	8.01709803442	8.01709803442
15.4828402441	15.1554213873	15.4828402441	8.01709803442	14.8231387542	7.38519029621	15.4828402441	14.5075255191	15.1554213873	0.0	0.0	0.0	0.0	0.0	0.0	0.0	0.0	0.0	0.0	0.0	0.0	7.38519029621	7.09073070934	7.54199727797	7.54199727797	7.54199727797	7.54199727797	7.54199727797	7.54199727797	14.8231387542	14.8231387542	14.8231387542	14.8231387542	14.8231387542	14.5075255191	15.2553173267	15.2553173267	15.2553173267	15.2553173267	15.2553173267	15.2553173267	8.01709803442	8.01709803442
15.7071968762	15.3798000412	15.7071968762	8.23985194936	15.0467240128	0.0	15.7071968762	14.7320921299	15.3798000412	7.38519029621	7.38519029621	7.38519029621	7.38519029621	7.38519029621	7.38519029621	7.38519029621	7.38519029621	7.38519029621	7.38519029621	7.38519029621	7.38519029621	0.0	6.56838407478	7.76541805034	7.76541805034	7.76541805034	7.76541805034	7.76541805034	7.76541805034	15.0467240128	15.0467240128	15.0467240128	15.0467240128	15.0467240128	14.7320921299	15.4798197652	15.4798197652	15.4798197652	15.4798197652	15.4798197652	15.4798197652	8.23985194936	8.23985194936
15.9970192862	15.6696227119	15.9970192862	8.52962867519	15.336510032	6.56838407478	15.9970192862	15.0219055568	15.6696227119	7.09073070934	7.09073070934	7.09073070934	7.09073070934	7.09073070934	7.09073070934	7.09073070934	7.09073070934	7.09073070934	7.09073070934	7.09073070934	7.09073070934	6.56838407478	0.0	8.05519183311	8.05519183311	8.05519183311	8.05519183311	8.05519183311	8.05519183311	15.336510032	15.336510032	15.336510032	15.336510032	15.336510032	15.0219055568	15.7696293101	15.7696293101	15.7696293101	15.7696293101	15.7696293101	15.7696293101	8.52962867519	8.52962867519
8.98290969492	8.6565584544	8.98290969492	1.27347099613	8.10163466647	7.76541805034	8.98290969492	7.97040970755	8.6565584544	7.54199727797	7.54199727797	7.54199727797	7.54199727797	7.54199727797	7.54199727797	7.54199727797	7.54199727797	7.54199727797	7.54199727797	7.54199727797	7.54199727797	7.76541805034	8.05519183311	0.0	0.0	0.0	0.0	0.0	0.0	8.10163466647	8.10163466647	8.10163466647	8.10163466647	8.10163466647	7.97040970755	8.70103772674	8.70103772674	8.70103772674	8.70103772674	8.70103772674	8.70103772674	1.27347099613	1.27347099613
8.98290969492	8.6565584544	8.98290969492	1.27347099613	8.10163466647	7.76541805034	8.98290969492	7.97040970755	8.6565584544	7.54199727797	7.54199727797	7.54199727797	7.54199727797	7.54199727797	7.54199727797	7.54199727797	7.54199727797	7.54199727797	7.54199727797	7.54199727797	7.54199727797	7.76541805034	8.05519183311	0.0	0.0	0.0	0.0	0.0	0.0	8.10163466647	8.10163466647	8.10163466647	8.10163466647	8.10163466647	7.97040970755	8.70103772674	8.70103772674	8.70103772674	8.70103772674	8.70103772674	8.70103772674	1.27347099613	1.27347099613
8.98290969492	8.6565584544	8.98290969492	1.27347099613	8.10163466647	7.76541805034	8.98290969492	7.97040970755	8.6565584544	7.54199727797	7.54199727797	7.54199727797	7.54199727797	7.54199727797	7.54199727797	7.54199727797	7.54199727797	7.54199727797	7.54199727797	7.54199727797	7.54199727797	7.76541805034	8.05519183311	0.0	0.0	0.0	0.0	0.0	0.0	8.10163466647	8.10163466647	8.10163466647	8.10163466647	8.10163466647	7.97040970755	8.70103772674	8.70103772674	8.70103772674	8.70103772674	8.70103772674	8.70103772674	1.27347099613	1.27347099613
8.98290969492	8.6565584544	8.98290969492	1.27347099613	8.10163466647	7.76541805034	8.98290969492	7.97040970755	8.6565584544	7.54199727797	7.54199727797	7.54199727797	7.54199727797	7.54199727797	7.54199727797	7.54199727797	7.54199727797	7.54199727797	7.54199727797	7.54199727797	7.54199727797	7.76541805034	8.05519183311	0.0	0.0	0.0	0.0	0.0	0.0	8.10163466647	8.10163466647	8.10163466647	8.10163466647	8.10163466647	7.97040970755	8.70103772674	8.70103772674	8.70103772674	8.70103772674	8.70103772674	8.70103772674	1.27347099613	1.27347099613
8.98290969492	8.6565584544	8.98290969492	1.27347099613	8.10163466647	7.76541805034	8.98290969492	7.97040970755	8.6565584544	7.54199727797	7.54199727797	7.54199727797	7.54199727797	7.54199727797	7.54199727797	7.54199727797	7.54199727797	7.54199727797	7.54199727797	7.54199727797	7.54199727797	7.76541805034	8.05519183311	0.0	0.0	0.0	0.0	0.0	0.0	8.10163466647	8.10163466647	8.10163466647	8.10163466647	8.10163466647	7.97040970755	8.70103772674	8.70103772674	8.70103772674	8.70103772674	8.70103772674	8.70103772674	1.27347099613	1.27347099613
8.98290969492	8.6565584544	8.98290969492	1.27347099613	8.10163466647	7.76541805034	8.98290969492	7.97040970755	8.6565584544	7.54199727797	7.54199727797	7.54199727797	7.54199727797	7.54199727797	7.54199727797	7.54199727797	7.54199727797	7.54199727797	7.54199727797	7.54199727797	7.54199727797	7.76541805034	8.05519183311	0.0	0.0	0.0	0.0	0.0	0.0	8.10163466647	8.10163466647	8.10163466647	8.10163466647	8.10163466647	7.97040970755	8.70103772674	8.70103772674	8.70103772674	8.70103772674	8.70103772674	8.70103772674	1.27347099613	1.27347099613
15.6843865998	15.3611453174	15.6843865998	8.20692965215	0.0	15.0467240128	15.6843865998	14.4192136882	15.3611453174	14.8231387542	14.8231387542	14.8231387542	14.8231387542	14.8231387542	14.8231387542	14.8231387542	14.8231387542	14.8231387542	14.8231387542	14.8231387542	14.8231387542	15.0467240128	15.336510032	8.10163466647	8.10163466647	8.10163466647	8.10163466647	8.10163466647	8.10163466647	0.0	0.0	0.0	0.0	0.0	14.4192136882	15.0586636982	15.0586636982	15.0586636982	15.0586636982	15.0586636982	15.0586636982	8.20692965215	8.20692965215
15.6843865998	15.3611453174	15.6843865998	8.20692965215	0.0	15.0467240128	15.6843865998	14.4192136882	15.3611453174	14.8231387542	14.8231387542	14.8231387542	14.8231387542	14.8231387542	14.8231387542	14.8231387542	14.8231387542	14.8231387542	14.8231387542	14.8231387542	14.8231387542	15.0467240128	15.336510032	8.10163466647	8.10163466647	8.10163466647	8.10163466647	8.10163466647	8.10163466647	0.0	0.0	0.0	0.0	0.0	14.4192136882	15.0586636982	15.0586636982	15.0586636982	15.0586636982	15.0586636982	15.0586636982	8.20692965215	8.20692965215
15.6843865998	15.3611453174	15.6843865998	8.20692965215	0.0	15.0467240128	15.6843865998	14.4192136882	15.3611453174	14.8231387542	14.8231387542	14.8231387542	14.8231387542	14.8231387542	14.8231387542	14.8231387542	14.8231387542	14.8231387542	14.8231387542	14.8231387542	14.8231387542	15.0467240128	15.336510032	8.10163466647	8.10163466647	8.10163466647	8.10163466647	8.10163466647	8.10163466647	0.0	0.0	0.0	0.0	0.0	14.4192136882	15.0586636982	15.0586636982	15.0586636982	15.0586636982	15.0586636982	15.0586636982	8.20692965215	8.20692965215
15.6843865998	15.3611453174	15.6843865998	8.20692965215	0.0	15.0467240128	15.6843865998	14.4192136882	15.3611453174	14.8231387542	14.8231387542	14.8231387542	14.8231387542	14.8231387542	14.8231387542	14.8231387542	14.8231387542	14.8231387542	14.8231387542	14.8231387542	14.8231387542	15.0467240128	15.336510032	8.10163466647	8.10163466647	8.10163466647	8.10163466647	8.10163466647	8.10163466647	0.0	0.0	0.0	0.0	0.0	14.4192136882	15.0586636982	15.0586636982	15.0586636982	15.0586636982	15.0586636982	15.0586636982	8.20692965215	8.20692965215
15.6843865998	15.3611453174	15.6843865998	8.20692965215	0.0	15.0467240128	15.6843865998	14.4192136882	15.3611453174	14.8231387542	14.8231387542	14.8231387542	14.8231387542	14.8231387542	14.8231387542	14.8231387542	14.8231387542	14.8231387542	14.8231387542	14.8231387542	14.8231387542	15.0467240128	15.336510032	8.10163466647	8.10163466647	8.10163466647	8.10163466647	8.10163466647	8.10163466647	0.0	0.0	0.0	0.0	0.0	14.4192136882	15.0586636982	15.0586636982	15.0586636982	15.0586636982	15.0586636982	15.0586636982	8.20692965215	8.20692965215
13.8198929956	13.4975889296	13.8198929956	8.25042995926	14.4192136882	14.7320921299	13.8198929956	0.0	13.4975889296	14.5075255191	14.5075255191	14.5075255191	14.5075255191	14.5075255191	14.5075255191	14.5075255191	14.5075255191	14.5075255191	14.5075255191	14.5075255191	14.5075255191	14.7320921299	15.0219055568	7.97040970755	7.97040970755	7.97040970755	7.97040970755	7.97040970755	7.97040970755	14.4192136882	14.4192136882	14.4192136882	14.4192136882	14.4192136882	0.0	11.6489170412	11.6489170412	11.6489170412	11.6489170412	11.6489170412	11.6489170412	8.25042995926	8.25042995926
14.8718220878	14.5495928358	14.8718220878	8.99386300313	15.0586636982	15.4798197652	14.8718220878	11.6489170412	14.5495928358	15.2553173267	15.2553173267	15.2553173267	15.2553173267	15.2553173267	15.2553173267	15.2553173267	15.2553173267	15.2553173267	15.2553173267	15.2553173267	15.2553173267	15.4798197652	15.7696293101	8.70103772674	8.70103772674	8.70103772674	8.70103772674	8.70103772674	8.70103772674	15.0586636982	15.0586636982	15.0586636982	15.0586636982	15.0586636982	11.6489170412	0.0	0.0	0.0	0.0	0.0	0.0	8.99386300313	8.99386300313
14.8718220878	14.5495928358	14.8718220878	8.99386300313	15.0586636982	15.4798197652	14.8718220878	11.6489170412	14.5495928358	15.2553173267	15.2553173267	15.2553173267	15.2553173267	15.2553173267	15.2553173267	15.2553173267	15.2553173267	15.2553173267	15.2553173267	15.2553173267	15.2553173267	15.4798197652	15.7696293101	8.70103772674	8.70103772674	8.70103772674	8.70103772674	8.70103772674	8.70103772674	15.0586636982	15.0586636982	15.0586636982	15.0586636982	15.0586636982	11.6489170412	0.0	0.0	0.0	0.0	0.0	0.0	8.99386300313	8.99386300313
14.8718220878	14.5495928358	14.8718220878	8.99386300313	15.0586636982	15.4798197652	14.8718220878	11.6489170412	14.5495928358	15.2553173267	15.2553173267	15.2553173267	15.2553173267	15.2553173267	15.2553173267	15.2553173267	15.2553173267	15.2553173267	15.2553173267	15.2553173267	15.2553173267	15.4798197652	15.7696293101	8.70103772674	8.70103772674	8.70103772674	8.70103772674	8.70103772674	8.70103772674	15.0586636982	15.0586636982	15.0586636982	15.0586636982	15.0586636982	11.6489170412	0.0	0.0	0.0	0.0	0.0	0.0	8.99386300313	8.99386300313
14.8718220878	14.5495928358	14.8718220878	8.99386300313	15.0586636982	15.4798197652	14.8718220878	11.6489170412	14.5495928358	15.2553173267	15.2553173267	15.2553173267	15.2553173267	15.2553173267	15.2553173267	15.2553173267	15.2553173267	15.2553173267	15.2553173267	15.2553173267	15.2553173267	15.4798197652	15.7696293101	8.70103772674	8.70103772674	8.70103772674	8.70103772674	8.70103772674	8.70103772674	15.0586636982	15.0586636982	15.0586636982	15.0586636982	15.0586636982	11.6489170412	0.0	0.0	0.0	0.0	0.0	0.0	8.99386300313	8.99386300313
14.8718220878	14.5495928358	14.8718220878	8.99386300313	15.0586636982	15.4798197652	14.8718220878	11.6489170412	14.5495928358	15.2553173267	15.2553173267	15.2553173267	15.2553173267	15.2553173267	15.2553173267	15.2553173267	15.2553173267	15.2553173267	15.2553173267	15.2553173267	15.2553173267	15.4798197652	15.7696293101	8.70103772674	8.70103772674	8.70103772674	8.70103772674	8.70103772674	8.70103772674	15.0586636982	15.0586636982	15.0586636982	15.0586636982	15.0586636982	11.6489170412	0.0	0.0	0.0	0.0	0.0	0.0	8.99386300313	8.99386300313
14.8718220878	14.5495928358	14.8718220878	8.99386300313	15.0586636982	15.4798197652	14.8718220878	11.6489170412	14.5495928358	15.2553173267	15.2553173267	15.2553173267	15.2553173267	15.2553173267	15.2553173267	15.2553173267	15.2553173267	15.2553173267	15.2553173267	15.2553173267	15.2553173267	15.4798197652	15.7696293101	8.70103772674	8.70103772674	8.70103772674	8.70103772674	8.70103772674	8.70103772674	15.0586636982	15.0586636982	15.0586636982	15.0586636982	15.0586636982	11.6489170412	0.0	0.0	0.0	0.0	0.0	0.0	8.99386300313	8.99386300313
9.21346943089	8.88983692367	9.21346943089	0.0	8.20692965215	8.23985194936	9.21346943089	8.25042995926	8.88983692367	8.01709803442	8.01709803442	8.01709803442	8.01709803442	8.01709803442	8.01709803442	8.01709803442	8.01709803442	8.01709803442	8.01709803442	8.01709803442	8.01709803442	8.23985194936	8.52962867519	1.27347099613	1.27347099613	1.27347099613	1.27347099613	1.27347099613	1.27347099613	8.20692965215	8.20692965215	8.20692965215	8.20692965215	8.20692965215	8.25042995926	8.99386300313	8.99386300313	8.99386300313	8.99386300313	8.99386300313	8.99386300313	0.0	0.0
9.21346943089	8.88983692367	9.21346943089	0.0	8.20692965215	8.23985194936	9.21346943089	8.25042995926	8.88983692367	8.01709803442	8.01709803442	8.01709803442	8.01709803442	8.01709803442	8.01709803442	8.01709803442	8.01709803442	8.01709803442	8.01709803442	8.01709803442	8.01709803442	8.23985194936	8.52962867519	1.27347099613	1.27347099613	1.27347099613	1.27347099613	1.27347099613	1.27347099613	8.20692965215	8.20692965215	8.20692965215	8.20692965215	8.20692965215	8.25042995926	8.99386300313	8.99386300313	8.99386300313	8.99386300313	8.99386300313	8.99386300313	0.0	0.0