0.0	12.0357386039	0.0	20.038707454	25.9726889593	29.4668958417	0.0	23.8476988963	12.0357386039	29.0251814015	29.0251814015	29.0251814015	29.0251814015	29.0251814015	29.0251814015	29.0251814015	29.0251814015	29.0251814015	29.0251814015	29.0251814015	29.0251814015	29.4668958417	29.6983368265	19.6837846466	19.6837846466	19.6837846466	19.6837846466	19.6837846466	19.6837846466	25.9726889593	25.9726889593	25.9726889593	25.9726889593	25.9726889593	23.8476988963	24.7641362926	24.7641362926	24.7641362926	24.7641362926	24.7641362926	24.7641362926	20.038707454	20.038707454
12.0357386039	0.0	12.0357386039	19.7293931151	25.6593210291	29.1423156868	12.0357386039	23.523904652	0.0	28.7005932476	28.7005932476	28.7005932476	28.7005932476	28.7005932476	28.7005932476	28.7005932476	28.7005932476	28.7005932476	28.7005932476	28.7005932476	28.7005932476	29.1423156868	29.3737584229	19.3629397216	19.3629397216	19.3629397216	19.3629397216	19.3629397216	19.3629397216	25.6593210291	25.6593210291	25.6593210291	25.6593210291	25.6593210291	23.523904652	24.4446512925	24.4446512925	24.4446512925	24.4446512925	24.4446512925	24.4446512925	19.7293931151	19.7293931151
0.0	12.0357386039	0.0	20.038707454	25.9726889593	29.4668958417	0.0	23.8476988963	12.0357386039	29.0251814015	29.0251814015	29.0251814015	29.0251814015	29.0251814015	29.0251814015	29.0251814015	29.0251814015	29.0251814015	29.0251814015	29.0251814015	29.0251814015	29.4668958417	29.6983368265	19.6837846466	19.6837846466	19.6837846466	19.6837846466	19.6837846466	19.6837846466	25.9726889593	25.9726889593	25.9726889593	25.9726889593	25.9726889593	23.8476988963	24.7641362926	24.7641362926	24.7641362926	24.7641362926	24.7641362926	24.7641362926	20.038707454	20.038707454
20.038707454	19.7293931151	20.038707454	0.0	15.3727999335	19.6583205177	20.038707454	17.2973675092	19.7293931151	19.2171959014	19.2171959014	19.2171959014	19.2171959014	19.2171959014	19.2171959014	19.2171959014	19.2171959014	19.2171959014	19.2171959014	19.2171959014	19.2171959014	19.6583205177	19.8896319725	9.13677523371	9.13677523371	9.13677523371	9.13677523371	9.13677523371	9.13677523371	15.3727999335	15.3727999335	15.3727999335	15.3727999335	15.3727999335	17.2973675092	17.5983209466	17.5983209466	17.5983209466	17.5983209466	17.5983209466	17.5983209466	0.0	0.0
25.9726889593	25.6593210291	25.9726889593	15.3727999335	0.0	26.1047829406	25.9726889593	22.5592027515	25.6593210291	25.6634123508	25.6634123508	25.6634123508	25.6634123508	25.6634123508	25.6634123508	25.6634123508	25.6634123508	25.6634123508	25.6634123508	25.6634123508	25.6634123508	26.1047829406	26.3361386419	15.1817941049	15.1817941049	15.1817941049	15.1817941049	15.1817941049	15.1817941049	0.0	0.0	0.0	0.0	0.0	22.5592027515	22.5937009364	22.5937009364	22.5937009364	22.5937009364	22.5937009364	22.5937009364	15.3727999335	15.3727999335
29.4668958417	29.1423156868	29.4668958417	19.6583205177	26.1047829406	0.0	29.4668958417	26.6644781332	29.1423156868	13.444105424	13.444105424	13.444105424	13.444105424	13.444105424	13.444105424	13.444105424	13.444105424	13.444105424	13.444105424	13.444105424	13.444105424	0.0	11.772671296	18.2792575986	18.2792575986	18.2792575986	18.2792575986	18.2792575986	18.2792575986	26.1047829406	26.1047829406	26.1047829406	26.1047829406	26.1047829406	26.6644781332	27.0737480493	27.0737480493	27.0737480493	27.0737480493	27.0737480493	27.0737480493	19.6583205177	19.6583205177
0.0	12.0357386039	0.0	20.038707454	25.9726889593	29.4668958417	0.0	23.8476988963	12.0357386039	29.0251814015	29.0251814015	29.0251814015	29.0251814015	29.0251814015	29.0251814015	29.0251814015	29.0251814015	29.0251814015	29.0251814015	29.0251814015	29.0251814015	29.4668958417	29.6983368265	19.6837846466	19.6837846466	19.6837846466	19.6837846466	19.6837846466	19.6837846466	25.9726889593	25.9726889593	25.9726889593	25.9726889593	25.9726889593	23.8476988963	24.7641362926	24.7641362926	24.7641362926	24.7641362926	24.7641362926	24.7641362926	20.038707454	20.038707454
23.8476988963	23.523904652	23.8476988963	17.2973675092	22.5592027515	26.6644781332	23.8476988963	0.0	23.523904652	26.2227363391	26.2227363391	26.2227363391	26.2227363391	26.2227363391	26.2227363391	26.2227363391	26.2227363391	26.2227363391	26.2227363391	26.2227363391	26.2227363391	26.6644781332	26.8959160688	16.6563356281	16.6563356281	16.6563356281	16.6563356281	16.6563356281	16.6563356281	22.5592027515	22.5592027515	22.5592027515	22.5592027515	22.5592027515	0.0	17.6535993625	17.6535993625	17.6535993625	17.6535993625	17.6535993625	17.6535993625	17.2973675092	17.2973675092
12.0357386039	0.0	12.0357386039	19.7293931151	25.6593210291	29.1423156868	12.0357386039	23.523904652	0.0	28.7005932476	28.7005932476	28.7005932476	28.7005932476	28.7005932476	28.7005932476	28.7005932476	28.7005932476	28.7005932476	28.7005932476	28.7005932476	28.7005932476	29.1423156868	29.3737584229	19.3629397216	19.3629397216	19.3629397216	19.3629397216	19.3629397216	19.3629397216	25.6593210291	25.6593210291	25.6593210291	25.6593210291	25.6593210291	23.523904652	24.4446512925	24.4446512925	24.4446512925	24.4446512925	24.4446512925	24.4446512925	19.7293931151	19.7293931151
29.0251814015	28.7005932476	29.0251814015	19.2171959014	25.6634123508	13.444105424	29.0251814015	26.2227363391	28.7005932476	0.0	0.0	0.0	0.0	0.0	0.0	0.0	0.0	0.0	0.0	0.0	0.0	13.444105424	12.656053856	17.8380001932	17.8380001932	17.8380001932	17.8380001932	17.8380001932	17.8380001932	25.6634123508	25.6634123508	25.6634123508	25.6634123508	25.6634123508	26.2227363391	26.6320584256	26.6320584256	26.6320584256	26.6320584256	26.6320584256	26.6320584256	19.2171959014	19.2171959014
29.0251814015	28.7005932476	29.0251814015	19.2171959014	25.6634123508	13.444105424	29.0251814015	26.2227363391	28.7005932476	0.0	0.0	0.0	0.0	0.0	0.0	0.0	0.0	0.0	0.0	0.0	0.0	13.444105424	12.656053856	17.8380001932	17.8380001932	17.8380001932	17.8380001932	17.8380001932	17.8380001932	25.6634123508	25.6634123508	25.6634123508	25.6634123508	25.6634123508	26.2227363391	26.6320584256	26.6320584256	26.6320584256	26.6320584256	26.6320584256	26.6320584256	19.2171959014	19.2171959014
29.0251814015	28.7005932476	29.0251814015	19.2171959014	25.6634123508	13.444105424	29.0251814015	26.2227363391	28.7005932476	0.0	0.0	0.0	0.0	0.0	0.0	0.0	0.0	0.0	0.0	0.0	0.0	13.444105424	12.656053856	17.8380001932	17.8380001932	17.8380001932	17.8380001932	17.8380001932	17.8380001932	25.6634123508	25.6634123508	25.6634123508	25.6634123508	25.6634123508	26.2227363391	26.6320584256	26.6320584256	26.6320584256	26.6320584256	26.6320584256	26.6320584256	19.2171959014	19.2171959014
29.0251814015	28.7005932476	29.0251814015	19.2171959014	25.6634123508	13.444105424	29.0251814015	26.2227363391	28.7005932476	0.0	0.0	0.0	0.0	0.0	0.0	0.0	0.0	0.0	0.0	0.0	0.0	13.444105424	12.656053856	17.8380001932	17.8380001932	17.8380001932	17.8380001932	17.8380001932	17.8380001932	25.6634123508	25.6634123508	25.6634123508	25.6634123508	25.6634123508	26.2227363391	26.6320584256	26.6320584256	26.6320584256	26.6320584256	26.6320584256	26.6320584256	19.2171959014	19.2171959014
29.0251814015	28.7005932476	29.0251814015	19.2171959014	25.6634123508	13.444105424	29.0251814015	26.2227363391	28.7005932476	0.0	0.0	0.0	0.0	0.0	0.0	0.0	0.0	0.0	0.0	0.0	0.0	13.444105424	12.656053856	17.8380001932	17.8380001932	17.8380001932	17.8380001932	17.8380001932	17.8380001932	25.6634123508	25.6634123508	25.6634123508	25.6634123508	25.6634123508	26.2227363391	26.6320584256	26.6320584256	26.6320584256	26.6320584256	26.6320584256	26.6320584256	19.2171959014	19.2171959014
29.0251814015	28.7005932476	29.0251814015	19.2171959014	25.6634123508	13.444105424	29.0251814015	26.2227363391	28.7005932476	0.0	0.0	0.0	0.0	0.0	0.0	0.0	0.0	0.0	0.0	0.0	0.0	13.444105424	12.656053856	17.8380001932	17.8380001932	17.8380001932	17.8380001932	17.8380001932	17.8380001932	25.6634123508	25.6634123508	25.6634123508	25.6634123508	25.6634123508	26.2227363391	26.6320584256	26.6320584256	26.6320584256	26.6320584256	26.6320584256	26.6320584256	19.2171959014	19.2171959014
29.0251814015	28.7005932476	29.0251814015	19.2171959014	25.6634123508	13.444105424	29.0251814015	26.2227363391	28.7005932476	0.0	0.0	0.0	0.0	0.0	0.0	0.0	0.0	0.0	0.0	0.0	0.0	13.444105424	12.656053856	17.8380001932	17.8380001932	17.8380001932	17.8380001932	17.8380001932	17.8380001932	25.6634123508	25.6634123508	25.6634123508	25.6634123508	25.6634123508	26.2227363391	26.6320584256	26.6320584256	26.6320584256	26.6320584256	26.6320584256	26.6320584256	19.2171959014	19.2171959014
29.0251814015	28.7005932476	29.0251814015	19.2171959014	25.6634123508	13.444105424	29.0251814015	26.2227363391	28.7005932476	0.0	0.0	0.0	0.0	0.0	0.0	0.0	0.0	0.0	0.0	0.0	0.0	13.444105424	12.656053856	17.8380001932	17.8380001932	17.8380001932	17.8380001932	17.8380001932	17.8380001932	25.6634123508	25.6634123508	25.6634123508	25.6634123508	25.6634123508	26.2227363391	26.6320584256	26.6320584256	26.6320584256	26.6320584256	26.6320584256	26.6320584256	19.2171959014	19.2171959014
29.0251814015	28.7005932476	29.0251814015	19.2171959014	25.6634123508	13.444105424	29.0251814015	26.2227363391	28.7005932476	0.0	0.0	0.0	0.0	0.0	0.0	0.0	0.0	0.0	0.0	0.0	0.0	13.444105424	12.656053856	17.8380001932	17.8380001932	17.8380001932	17.8380001932	17.8380001932	17.8380001932	25.6634123508	25.6634123508	25.6634123508	25.6634123508	25.6634123508	26.2227363391	26.6320584256	26.6320584256	26.6320584256	26.6320584256	26.6320584256	26.6320584256	19.2171959014	19.2171959014
29.0251814015	28.7005932476	29.0251814015	19.2171959014	25.6634123508	13.444105424	29.0251814015	26.2227363391	28.7005932476	0.0	0.0	0.0	0.0	0.0	0.0	0.0	0.0	0.0	0.0	0.0	0.0	13.444105424	12.656053856	17.8380001932	17.8380001932	17.8380001932	17.8380001932	17.8380001932	17.8380001932	25.6634123508	25.6634123508	25.6634123508	25.6634123508	25.6634123508	26.2227363391	26.6320584256	26.6320584256	26.6320584256	26.6320584256	26.6320584256	26.6320584256	19.2171959014	19.2171959014
29.0251814015	28.7005932476	29.0251814015	19.2171959014	25.6634123508	13.444105424	29.0251814015	26.2227363391	28.7005932476	0.0	0.0	0.0	0.0	0.0	0.0	0.0	0.0	0.0	0.0	0.0	0.0	13.444105424	12.656053856	17.8380001932	17.8380001932	17.8380001932	17.8380001932	17.8380001932	17.8380001932	25.6634123508	25.6634123508	25.6634123508	25.6634123508	25.6634123508	26.2227363391	26.6320584256	26.6320584256	26.6320584256	26.6320584256	26.6320584256	26.6320584256	19.2171959014	19.2171959014
29.0251814015	28.7005932476	29.0251814015	19.2171959014	25.6634123508	13.444105424	29.0251814015	26.2227363391	28.7005932476	0.0	0.0	0.0	0.0	0.0	0.0	0.0	0.0	0.0	0.0	0.0	0.0	13.444105424	12.656053856	17.8380001932	17.8380001932	17.8380001932	17.8380001932	17.8380001932	17.8380001932	25.6634123508	25.6634123508	25.6634123508	25.6634123508	25.6634123508	26.2227363391	26.6320584256	26.6320584256	26.6320584256	26.6320584256	26.6320584256	26.6320584256	19.2171959014	19.2171959014
29.4668958417	29.1423156868	29.4668958417	19.6583205177	26.1047829406	0.0	29.4668958417	26.6644781332	29.1423156868	13.444105424	13.444105424	13.444105424	13.444105424	13.444105424	13.444105424	13.444105424	13.444105424	13.444105424	13.444105424	13.444105424	13.444105424	0.0	11.772671296	18.2792575986	18.2792575986	18.2792575986	18.2792575986	18.2792575986	18.2792575986	26.1047829406	26.1047829406	26.1047829406	26.1047829406	26.1047829406	26.6644781332	27.0737480493	27.0737480493	27.0737480493	27.0737480493	27.0737480493	27.0737480493	19.6583205177	19.6583205177
29.6983368265	29.3737584229	29.6983368265	19.8896319725	26.3361386419	11.772671296	29.6983368265	26.8959160688	29.3737584229	12.656053856	12.656053856	12.656053856	12.656053856	12.656053856	12.656053856	12.656053856	12.656053856	12.656053856	12.656053856	12.656053856	12.656053856	11.772671296	0.0	18.5105828705	18.5105828705	18.5105828705	18.5105828705	18.5105828705	18.5105828705	26.3361386419	26.3361386419	26.3361386419	26.3361386419	26.3361386419	26.8959160688	27.3051733766	27.3051733766	27.3051733766	27.3051733766	27.3051733766	27.3051733766	19.8896319725	19.8896319725
19.6837846466	19.3629397216	19.6837846466	9.13677523371	15.1817941049	18.2792575986	19.6837846466	16.6563356281	19.3629397216	17.8380001932	17.8380001932	17.8380001932	17.8380001932	17.8380001932	17.8380001932	17.8380001932	17.8380001932	17.8380001932	17.8380001932	17.8380001932	17.8380001932	18.2792575986	18.5105828705	0.0	0.0	0.0	0.0	0.0	0.0	15.1817941049	15.1817941049	15.1817941049	15.1817941049	15.1817941049	16.6563356281	16.9532200662	16.9532200662	16.9532200662	16.9532200662	16.9532200662	16.9532200662	9.13677523371	9.13677523371
19.6837846466	19.3629397216	19.6837846466	9.13677523371	15.1817941049	18.2792575986	19.6837846466	16.6563356281	19.3629397216	17.8380001932	17.8380001932	17.8380001932	17.8380001932	17.8380001932	17.8380001932	17.8380001932	17.8380001932	17.8380001932	17.8380001932	17.8380001932	17.8380001932	18.2792575986	18.5105828705	0.0	0.0	0.0	0.0	0.0	0.0	15.1817941049	15.1817941049	15.1817941049	15.1817941049	15.1817941049	16.6563356281	16.9532200662	16.9532200662	16.9532200662	16.9532200662	16.9532200662	16.9532200662	9.13677523371	9.13677523371
19.6837846466	19.3629397216	19.6837846466	9.13677523371	15.1817941049	18.2792575986	19.6837846466	16.6563356281	19.3629397216	17.8380001932	17.8380001932	17.8380001932	17.8380001932	17.8380001932	17.8380001932	17.8380001932	17.8380001932	17.8380001932	17.8380001932	17.8380001932	17.8380001932	18.2792575986	18.5105828705	0.0	0.0	0.0	0.0	0.0	0.0	15.1817941049	15.1817941049	15.1817941049	15.1817941049	15.1817941049	16.6563356281	16.9532200662	16.9532200662	16.9532200662	16.9532200662	16.9532200662	16.9532200662	9.13677523371	9.13677523371
19.6837846466	19.3629397216	19.6837846466	9.13677523371	15.1817941049	18.2792575986	19.6837846466	16.6563356281	19.3629397216	17.8380001932	17.8380001932	17.8380001932	17.8380001932	17.8380001932	17.8380001932	17.8380001932	17.8380001932	17.8380001932	17.8380001932	17.8380001932	17.8380001932	18.2792575986	18.5105828705	0.0	0.0	0.0	0.0	0.0	0.0	15.1817941049	15.1817941049	15.1817941049	15.1817941049	15.1817941049	16.6563356281	16.9532200662	16.9532200662	16.9532200662	16.9532200662	16.9532200662	16.9532200662	9.13677523371	9.13677523371
19.6837846466	19.3629397216	19.6837846466	9.13677523371	15.1817941049	18.2792575986	19.6837846466	16.6563356281	19.3629397216	17.8380001932	17.8380001932	17.8380001932	17.8380001932	17.8380001932	17.8380001932	17.8380001932	17.8380001932	17.8380001932	17.8380001932	17.8380001932	17.8380001932	18.2792575986	18.5105828705	0.0	0.0	0.0	0.0	0.0	0.0	15.1817941049	15.1817941049	15.1817941049	15.1817941049	15.1817941049	16.6563356281	16.9532200662	16.9532200662	16.9532200662	16.9532200662	16.9532200662	16.9532200662	9.13677523371	9.13677523371
19.6837846466	19.3629397216	19.6837846466	9.13677523371	15.1817941049	18.2792575986	19.6837846466	16.6563356281	19.3629397216	17.8380001932	17.8380001932	17.8380001932	17.8380001932	17.8380001932	17.8380001932	17.8380001932	17.8380001932	17.8380001932	17.8380001932	17.8380001932	17.8380001932	18.2792575986	18.5105828705	0.0	0.0	0.0	0.0	0.0	0.0	15.1817941049	15.1817941049	15.1817941049	15.1817941049	15.1817941049	16.6563356281	16.9532200662	16.9532200662	16.9532200662	16.9532200662	16.9532200662	16.9532200662	9.13677523371	9.13677523371
25.9726889593	25.6593210291	25.9726889593	15.3727999335	0.0	26.1047829406	25.9726889593	22.5592027515	25.6593210291	25.6634123508	25.6634123508	25.6634123508	25.6634123508	25.6634123508	25.6634123508	25.6634123508	25.6634123508	25.6634123508	25.6634123508	25.6634123508	25.6634123508	26.1047829406	26.3361386419	15.1817941049	15.1817941049	15.1817941049	15.1817941049	15.1817941049	15.1817941049	0.0	0.0	0.0	0.0	0.0	22.5592027515	22.5937009364	22.5937009364	22.5937009364	22.5937009364	22.5937009364	22.5937009364	15.3727999335	15.3727999335
25.9726889593	25.6593210291	25.9726889593	15.3727999335	0.0	26.1047829406	25.9726889593	22.5592027515	25.6593210291	25.6634123508	25.6634123508	25.6634123508	25.6634123508	25.6634123508	25.6634123508	25.6634123508	25.6634123508	25.6634123508	25.6634123508	25.6634123508	25.6634123508	26.1047829406	26.3361386419	15.1817941049	15.1817941049	15.1817941049	15.1817941049	15.1817941049	15.1817941049	0.0	0.0	0.0	0.0	0.0	22.5592027515	22.5937009364	22.5937009364	22.5937009364	22.5937009364	22.5937009364	22.5937009364	15.3727999335	15.3727999335
25.9726889593	25.6593210291	25.9726889593	15.3727999335	0.0	26.1047829406	25.9726889593	22.5592027515	25.6593210291	25.6634123508	25.6634123508	25.6634123508	25.6634123508	25.6634123508	25.6634123508	25.6634123508	25.6634123508	25.6634123508	25.6634123508	25.6634123508	25.6634123508	26.1047829406	26.3361386419	15.1817941049	15.1817941049	15.1817941049	15.1817941049	15.1817941049	15.1817941049	0.0	0.0	0.0	0.0	0.0	22.5592027515	22.5937009364	22.5937009364	22.5937009364	22.5937009364	22.5937009364	22.5937009364	15.3727999335	15.3727999335
25.9726889593	25.6593210291	25.9726889593	15.3727999335	0.0	26.1047829406	25.9726889593	22.5592027515	25.6593210291	25.6634123508	25.6634123508	25.6634123508	25.6634123508	25.6634123508	25.6634123508	25.6634123508	25.6634123508	25.6634123508	25.6634123508	25.6634123508	25.6634123508	26.1047829406	26.3361386419	15.1817941049	15.1817941049	15.1817941049	15.1817941049	15.1817941049	15.1817941049	0.0	0.0	0.0	0.0	0.0	22.5592027515	22.5937009364	22.5937009364	22.5937009364	22.5937009364	22.5937009364	22.5937009364	15.3727999335	15.3727999335
25.9726889593	25.6593210291	25.9726889593	15.3727999335	0.0	26.1047829406	25.9726889593	22.5592027515	25.6593210291	25.6634123508	25.6634123508	25.6634123508	25.6634123508	25.6634123508	25.6634123508	25.6634123508	25.6634123508	25.6634123508	25.6634123508	25.6634123508	25.6634123508	26.1047829406	26.3361386419	15.1817941049	15.1817941049	15.1817941049	15.1817941049	15.1817941049	15.1817941049	0.0	0.0	0.0	0.0	0.0	22.5592027515	22.5937009364	22.5937009364	22.5937009364	22.5937009364	22.5937009364	22.5937009364	15.3727999335	15.3727999335
23.8476988963	23.523904652	23.8476988963	17.2973675092	22.5592027515	26.6644781332	23.8476988963	0.0	23.523904652	26.2227363391	26.2227363391	26.2227363391	26.2227363391	26.2227363391	26.2227363391	26.2227363391	26.2227363391	26.2227363391	26.2227363391	26.2227363391	26.2227363391	26.6644781332	26.8959160688	16.6563356281	16.6563356281	16.6563356281	16.6563356281	16.6563356281	16.6563356281	22.5592027515	22.5592027515	22.5592027515	22.5592027515	22.5592027515	0.0	17.6535993625	17.6535993625	17.6535993625	17.6535993625	17.6535993625	17.6535993625	17.2973675092	17.2973675092
24.7641362926	24.4446512925	24.7641362926	17.5983209466	22.5937009364	27.0737480493	24.7641362926	17.6535993625	24.4446512925	26.6320584256	26.6320584256	26.6320584256	26.6320584256	26.6320584256	26.6320584256	26.6320584256	26.6320584256	26.6320584256	26.6320584256	26.6320584256	26.6320584256	27.0737480493	27.3051733766	16.9532200662	16.9532200662	16.9532200662	16.9532200662	16.9532200662	16.9532200662	22.5937009364	22.5937009364	22.5937009364	22.5937009364	22.5937009364	17.6535993625	0.0	0.0	0.0	0.0	0.0	0.0	17.5983209466	17.5983209466
24.7641362926	24.4446512925	24.7641362926	17.5983209466	22.5937009364	27.0737480493	24.7641362926	17.6535993625	24.4446512925	26.6320584256	26.6320584256	26.6320584256	26.6320584256	26.6320584256	26.6320584256	26.6320584256	26.6320584256	26.6320584256	26.6320584256	26.6320584256	26.6320584256	27.0737480493	27.3051733766	16.9532200662	16.9532200662	16.9532200662	16.9532200662	16.9532200662	16.9532200662	22.5937009364	22.5937009364	22.5937009364	22.5937009364	22.5937009364	17.6535993625	0.0	0.0	0.0	0.0	0.0	0.0	17.5983209466	17.5983209466
24.7641362926	24.4446512925	24.7641362926	17.5983209466	22.5937009364	27.0737480493	24.7641362926	17.6535993625	24.4446512925	26.6320584256	26.6320584256	26.6320584256	26.6320584256	26.6320584256	26.6320584256	26.6320584256	26.6320584256	26.6320584256	26.6320584256	26.6320584256	26.6320584256	27.0737480493	27.3051733766	16.9532200662	16.9532200662	16.9532200662	16.9532200662	16.9532200662	16.9532200662	22.5937009364	22.5937009364	22.5937009364	22.5937009364	22.5937009364	17.6535993625	0.0	0.0	0.0	0.0	0.0	0.0	17.5983209466	17.5983209466
24.7641362926	24.4446512925	24.7641362926	17.5983209466	22.5937009364	27.0737480493	24.7641362926	17.6535993625	24.4446512925	26.6320584256	26.6320584256	26.6320584256	26.6320584256	26.6320584256	26.6320584256	26.6320584256	26.6320584256	26.6320584256	26.6320584256	26.6320584256	26.6320584256	27.0737480493	27.3051733766	16.9532200662	16.9532200662	16.9532200662	16.9532200662	16.9532200662	16.9532200662	22.5937009364	22.5937009364	22.5937009364	22.5937009364	22.5937009364	17.6535993625	0.0	0.0	0.0	0.0	0.0	0.0	17.5983209466	17.5983209466
24.7641362926	24.4446512925	24.7641362926	17.5983209466	22.5937009364	27.0737480493	24.7641362926	17.6535993625	24.4446512925	26.6320584256	26.6320584256	26.6320584256	26.6320584256	26.6320584256	26.6320584256	26.6320584256	26.6320584256	26.6320584256	26.6320584256	26.6320584256	26.6320584256	27.0737480493	27.3051733766	16.9532200662	16.9532200662	16.9532200662	16.9532200662	16.9532200662	16.9532200662	22.5937009364	22.5937009364	22.5937009364	22.5937009364	22.5937009364	17.6535993625	0.0	0.0	0.0	0.0	0.0	0.0	17.5983209466	17.5983209466
24.7641362926	24.4446512925	24.7641362926	17.5983209466	22.5937009364	27.0737480493	24.7641362926	17.6535993625	24.4446512925	26.6320584256	26.6320584256	26.6320584256	26.6320584256	26.6320584256	26.6320584256	26.6320584256	26.6320584256	26.6320584256	26.6320584256	26.6320584256	26.6320584256	27.0737480493	27.3051733766	16.9532200662	16.9532200662	16.9532200662	16.9532200662	16.9532200662	16.9532200662	22.5937009364	22.5937009364	22.5937009364	22.5937009364	22.5937009364	17.6535993625	0.0	0.0	0.0	0.0	0.0	0.0	17.5983209466	17.5983209466
20.038707454	19.7293931151	20.038707454	0.0	15.3727999335	19.6583205177	20.038707454	17.2973675092	19.7293931151	19.2171959014	19.2171959014	19.2171959014	19.2171959014	19.2171959014	19.2171959014	19.2171959014	19.2171959014	19.2171959014	19.2171959014	19.2171959014	19.2171959014	19.6583205177	19.8896319725	9.13677523371	9.13677523371	9.13677523371	9.13677523371	9.13677523371	9.13677523371	15.3727999335	15.3727999335	15.3727999335	15.3727999335	15.3727999335	17.2973675092	17.5983209466	17.5983209466	17.5983209466	17.5983209466	17.5983209466	17.5983209466	0.0	0.0
20.038707454	19.7293931151	20.038707454	0.0	15.3727999335	19.6583205177	20.038707454	17.2973675092	19.7293931151	19.2171959014	19.2171959014	19.2171959014	19.2171959014	19.2171959014	19.2171959014	19.2171959014	19.2171959014	19.2171959014	19.2171959014	19.2171959014	19.2171959014	19.6583205177	19.8896319725	9.13677523371	9.13677523371	9.13677523371	9.13677523371	9.13677523371	9.13677523371	15.3727999335	15.3727999335	15.3727999335	15.3727999335	15.3727999335	17.2973675092	17.5983209466	17.5983209466	17.5983209466	17.5983209466	17.5983209466	17.5983209466	0.0	0.0