0.0	6.1613641229	0.0	13.3249694796	16.0185323138	17.0145463688	0.0	14.5143680045	6.1613641229	16.7811737786	16.7811737786	16.7811737786	16.7811737786	16.7811737786	16.7811737786	16.7811737786	16.7811737786	16.7811737786	16.7811737786	16.7811737786	16.7811737786	17.0145463688	17.2664047046	13.2036726637	13.2036726637	13.2036726637	13.2036726637	13.2036726637	13.2036726637	16.0185323138	16.0185323138	16.0185323138	16.0185323138	16.0185323138	14.5143680045	15.0311571027	15.0311571027	15.0311571027	15.0311571027	15.0311571027	15.0311571027	13.3249694796	13.3249694796
6.1613641229	0.0	6.1613641229	13.051048335	15.7407728879	16.7292545009	6.1613641229	14.2262000091	0.0	16.4958792231	16.4958792231	16.4958792231	16.4958792231	16.4958792231	16.4958792231	16.4958792231	16.4958792231	16.4958792231	16.4958792231	16.4958792231	16.4958792231	16.7292545009	16.9811141956	12.9211694072	12.9211694072	12.9211694072	12.9211694072	12.9211694072	12.9211694072	15.7407728879	15.7407728879	15.7407728879	15.7407728879	15.7407728879	14.2262000091	14.7469804381	14.7469804381	14.7469804381	14.7469804381	14.7469804381	14.7469804381	13.051048335	13.051048335
0.0	6.1613641229	0.0	13.3249694796	16.0185323138	17.0145463688	0.0	14.5143680045	6.1613641229	16.7811737786	16.7811737786	16.7811737786	16.7811737786	16.7811737786	16.7811737786	16.7811737786	16.7811737786	16.7811737786	16.7811737786	16.7811737786	16.7811737786	17.0145463688	17.2664047046	13.2036726637	13.2036726637	13.2036726637	13.2036726637	13.2036726637	13.2036726637	16.0185323138	16.0185323138	16.0185323138	16.0185323138	16.0185323138	14.5143680045	15.0311571027	15.0311571027	15.0311571027	15.0311571027	15.0311571027	15.0311571027	13.3249694796	13.3249694796
13.3249694796	13.051048335	13.3249694796	0.0	11.319548319	13.0298100159	13.3249694796	12.8534748312	13.051048335	12.7966356634	12.7966356634	12.7966356634	12.7966356634	12.7966356634	12.7966356634	12.7966356634	12.7966356634	12.7966356634	12.7966356634	12.7966356634	12.7966356634	13.0298100159	13.2815649198	8.61397288755	8.61397288755	8.61397288755	8.61397288755	8.61397288755	8.61397288755	11.319548319	11.319548319	11.319548319	11.319548319	11.319548319	12.8534748312	12.9155796479	12.9155796479	12.9155796479	12.9155796479	12.9155796479	12.9155796479	0.0	0.0
16.0185323138	15.7407728879	16.0185323138	11.319548319	0.0	16.1114162731	16.0185323138	15.0818193635	15.7407728879	15.8781603677	15.8781603677	15.8781603677	15.8781603677	15.8781603677	15.8781603677	15.8781603677	15.8781603677	15.8781603677	15.8781603677	15.8781603677	15.8781603677	16.1114162731	16.3632043632	11.2854824163	11.2854824163	11.2854824163	11.2854824163	11.2854824163	11.2854824163	0.0	0.0	0.0	0.0	0.0	15.0818193635	14.9585555182	14.9585555182	14.9585555182	14.9585555182	14.9585555182	14.9585555182	11.319548319	11.319548319
17.0145463688	16.7292545009	17.0145463688	13.0298100159	16.1114162731	0.0	17.0145463688	16.5325570062	16.7292545009	6.77665584153	6.77665584153	6.77665584153	6.77665584153	6.77665584153	6.77665584153	6.77665584153	6.77665584153	6.77665584153	6.77665584153	6.77665584153	6.77665584153	0.0	6.00152058495	12.1117019796	12.1117019796	12.1117019796	12.1117019796	12.1117019796	12.1117019796	16.1114162731	16.1114162731	16.1114162731	16.1114162731	16.1114162731	16.5325570062	16.70336531	16.70336531	16.70336531	16.70336531	16.70336531	16.70336531	13.0298100159	13.0298100159
0.0	6.1613641229	0.0	13.3249694796	16.0185323138	17.0145463688	0.0	14.5143680045	6.1613641229	16.7811737786	16.7811737786	16.7811737786	16.7811737786	16.7811737786	16.7811737786	16.7811737786	16.7811737786	16.7811737786	16.7811737786	16.7811737786	16.7811737786	17.0145463688	17.2664047046	13.2036726637	13.2036726637	13.2036726637	13.2036726637	13.2036726637	13.2036726637	16.0185323138	16.0185323138	16.0185323138	16.0185323138	16.0185323138	14.5143680045	15.0311571027	15.0311571027	15.0311571027	15.0311571027	15.0311571027	15.0311571027	13.3249694796	13.3249694796
14.5143680045	14.2262000091	14.5143680045	12.8534748312	15.0818193635	16.5325570062	14.5143680045	0.0	14.2262000091	16.299177483	16.299177483	16.299177483	16.299177483	16.299177483	16.299177483	16.299177483	16.299177483	16.299177483	16.299177483	16.299177483	16.299177483	16.5325570062	16.7844102275	12.5226418533	12.5226418533	12.5226418533	12.5226418533	12.5226418533	12.5226418533	15.0818193635	15.0818193635	15.0818193635	15.0818193635	15.0818193635	0.0	11.6703287204	11.6703287204	11.6703287204	11.6703287204	11.6703287204	11.6703287204	12.8534748312	12.8534748312
6.1613641229	0.0	6.1613641229	13.051048335	15.7407728879	16.7292545009	6.1613641229	14.2262000091	0.0	16.4958792231	16.4958792231	16.4958792231	16.4958792231	16.4958792231	16.4958792231	16.4958792231	16.4958792231	16.4958792231	16.4958792231	16.4958792231	16.4958792231	16.7292545009	16.9811141956	12.9211694072	12.9211694072	12.9211694072	12.9211694072	12.9211694072	12.9211694072	15.7407728879	15.7407728879	15.7407728879	15.7407728879	15.7407728879	14.2262000091	14.7469804381	14.7469804381	14.7469804381	14.7469804381	14.7469804381	14.7469804381	13.051048335	13.051048335
16.7811737786	16.4958792231	16.7811737786	12.7966356634	15.8781603677	6.77665584153	16.7811737786	16.299177483	16.4958792231	0.0	0.0	0.0	0.0	0.0	0.0	0.0	0.0	0.0	0.0	0.0	0.0	6.77665584153	6.48881260459	11.8784863059	11.8784863059	11.8784863059	11.8784863059	11.8784863059	11.8784863059	15.8781603677	15.8781603677	15.8781603677	15.8781603677	15.8781603677	16.299177483	16.4700045688	16.4700045688	16.4700045688	16.4700045688	16.4700045688	16.4700045688	12.7966356634	12.7966356634
16.7811737786	16.4958792231	16.7811737786	12.7966356634	15.8781603677	6.77665584153	16.7811737786	16.299177483	16.4958792231	0.0	0.0	0.0	0.0	0.0	0.0	0.0	0.0	0.0	0.0	0.0	0.0	6.77665584153	6.48881260459	11.8784863059	11.8784863059	11.8784863059	11.8784863059	11.8784863059	11.8784863059	15.8781603677	15.8781603677	15.8781603677	15.8781603677	15.8781603677	16.299177483	16.4700045688	16.4700045688	16.4700045688	16.4700045688	16.4700045688	16.4700045688	12.7966356634	12.7966356634
16.7811737786	16.4958792231	16.7811737786	12.7966356634	15.8781603677	6.77665584153	16.7811737786	16.299177483	16.4958792231	0.0	0.0	0.0	0.0	0.0	0.0	0.0	0.0	0.0	0.0	0.0	0.0	6.77665584153	6.48881260459	11.8784863059	11.8784863059	11.8784863059	11.8784863059	11.8784863059	11.8784863059	15.8781603677	15.8781603677	15.8781603677	15.8781603677	15.8781603677	16.299177483	16.4700045688	16.4700045688	16.4700045688	16.4700045688	16.4700045688	16.4700045688	12.7966356634	12.7966356634
16.7811737786	16.4958792231	16.7811737786	12.7966356634	15.8781603677	6.77665584153	16.7811737786	16.299177483	16.4958792231	0.0	0.0	0.0	0.0	0.0	0.0	0.0	0.0	0.0	0.0	0.0	0.0	6.77665584153	6.48881260459	11.8784863059	11.8784863059	11.8784863059	11.8784863059	11.8784863059	11.8784863059	15.8781603677	15.8781603677	15.8781603677	15.8781603677	15.8781603677	16.299177483	16.4700045688	16.4700045688	16.4700045688	16.4700045688	16.4700045688	16.4700045688	12.7966356634	12.7966356634
16.7811737786	16.4958792231	16.7811737786	12.7966356634	15.8781603677	6.77665584153	16.7811737786	16.299177483	16.4958792231	0.0	0.0	0.0	0.0	0.0	0.0	0.0	0.0	0.0	0.0	0.0	0.0	6.77665584153	6.48881260459	11.8784863059	11.8784863059	11.8784863059	11.8784863059	11.8784863059	11.8784863059	15.8781603677	15.8781603677	15.8781603677	15.8781603677	15.8781603677	16.299177483	16.4700045688	16.4700045688	16.4700045688	16.4700045688	16.4700045688	16.4700045688	12.7966356634	12.7966356634
16.7811737786	16.4958792231	16.7811737786	12.7966356634	15.8781603677	6.77665584153	16.7811737786	16.299177483	16.4958792231	0.0	0.0	0.0	0.0	0.0	0.0	0.0	0.0	0.0	0.0	0.0	0.0	6.77665584153	6.48881260459	11.8784863059	11.8784863059	11.8784863059	11.8784863059	11.8784863059	11.8784863059	15.8781603677	15.8781603677	15.8781603677	15.8781603677	15.8781603677	16.299177483	16.4700045688	16.4700045688	16.4700045688	16.4700045688	16.4700045688	16.4700045688	12.7966356634	12.7966356634
16.7811737786	16.4958792231	16.7811737786	12.7966356634	15.8781603677	6.77665584153	16.7811737786	16.299177483	16.4958792231	0.0	0.0	0.0	0.0	0.0	0.0	0.0	0.0	0.0	0.0	0.0	0.0	6.77665584153	6.48881260459	11.8784863059	11.8784863059	11.8784863059	11.8784863059	11.8784863059	11.8784863059	15.8781603677	15.8781603677	15.8781603677	15.8781603677	15.8781603677	16.299177483	16.4700045688	16.4700045688	16.4700045688	16.4700045688	16.4700045688	16.4700045688	12.7966356634	12.7966356634
16.7811737786	16.4958792231	16.7811737786	12.7966356634	15.8781603677	6.77665584153	16.7811737786	16.299177483	16.4958792231	0.0	0.0	0.0	0.0	0.0	0.0	0.0	0.0	0.0	0.0	0.0	0.0	6.77665584153	6.48881260459	11.8784863059	11.8784863059	11.8784863059	11.8784863059	11.8784863059	11.8784863059	15.8781603677	15.8781603677	15.8781603677	15.8781603677	15.8781603677	16.299177483	16.4700045688	16.4700045688	16.4700045688	16.4700045688	16.4700045688	16.4700045688	12.7966356634	12.7966356634
16.7811737786	16.4958792231	16.7811737786	12.7966356634	15.8781603677	6.77665584153	16.7811737786	16.299177483	16.4958792231	0.0	0.0	0.0	0.0	0.0	0.0	0.0	0.0	0.0	0.0	0.0	0.0	6.77665584153	6.48881260459	11.8784863059	11.8784863059	11.8784863059	11.8784863059	11.8784863059	11.8784863059	15.8781603677	15.8781603677	15.8781603677	15.8781603677	15.8781603677	16.299177483	16.4700045688	16.4700045688	16.4700045688	16.4700045688	16.4700045688	16.4700045688	12.7966356634	12.7966356634
16.7811737786	16.4958792231	16.7811737786	12.7966356634	15.8781603677	6.77665584153	16.7811737786	16.299177483	16.4958792231	0.0	0.0	0.0	0.0	0.0	0.0	0.0	0.0	0.0	0.0	0.0	0.0	6.77665584153	6.48881260459	11.8784863059	11.8784863059	11.8784863059	11.8784863059	11.8784863059	11.8784863059	15.8781603677	15.8781603677	15.8781603677	15.8781603677	15.8781603677	16.299177483	16.4700045688	16.4700045688	16.4700045688	16.4700045688	16.4700045688	16.4700045688	12.7966356634	12.7966356634
16.7811737786	16.4958792231	16.7811737786	12.7966356634	15.8781603677	6.77665584153	16.7811737786	16.299177483	16.4958792231	0.0	0.0	0.0	0.0	0.0	0.0	0.0	0.0	0.0	0.0	0.0	0.0	6.77665584153	6.48881260459	11.8784863059	11.8784863059	11.8784863059	11.8784863059	11.8784863059	11.8784863059	15.8781603677	15.8781603677	15.8781603677	15.8781603677	15.8781603677	16.299177483	16.4700045688	16.4700045688	16.4700045688	16.4700045688	16.4700045688	16.4700045688	12.7966356634	12.7966356634
16.7811737786	16.4958792231	16.7811737786	12.7966356634	15.8781603677	6.77665584153	16.7811737786	16.299177483	16.4958792231	0.0	0.0	0.0	0.0	0.0	0.0	0.0	0.0	0.0	0.0	0.0	0.0	6.77665584153	6.48881260459	11.8784863059	11.8784863059	11.8784863059	11.8784863059	11.8784863059	11.8784863059	15.8781603677	15.8781603677	15.8781603677	15.8781603677	15.8781603677	16.299177483	16.4700045688	16.4700045688	16.4700045688	16.4700045688	16.4700045688	16.4700045688	12.7966356634	12.7966356634
17.0145463688	16.7292545009	17.0145463688	13.0298100159	16.1114162731	0.0	17.0145463688	16.5325570062	16.7292545009	6.77665584153	6.77665584153	6.77665584153	6.77665584153	6.77665584153	6.77665584153	6.77665584153	6.77665584153	6.77665584153	6.77665584153	6.77665584153	6.77665584153	0.0	6.00152058495	12.1117019796	12.1117019796	12.1117019796	12.1117019796	12.1117019796	12.1117019796	16.1114162731	16.1114162731	16.1114162731	16.1114162731	16.1114162731	16.5325570062	16.70336531	16.70336531	16.70336531	16.70336531	16.70336531	16.70336531	13.0298100159	13.0298100159
17.2664047046	16.9811141956	17.2664047046	13.2815649198	16.3632043632	6.00152058495	17.2664047046	16.7844102275	16.9811141956	6.48881260459	6.48881260459	6.48881260459	6.48881260459	6.48881260459	6.48881260459	6.48881260459	6.48881260459	6.48881260459	6.48881260459	6.48881260459	6.48881260459	6.00152058495	0.0	12.3634632926	12.3634632926	12.3634632926	12.3634632926	12.3634632926	12.3634632926	16.3632043632	16.3632043632	16.3632043632	16.3632043632	16.3632043632	16.7844102275	16.9552078014	16.9552078014	16.9552078014	16.9552078014	16.9552078014	16.9552078014	13.2815649198	13.2815649198
13.2036726637	12.9211694072	13.2036726637	8.61397288755	11.2854824163	12.1117019796	13.2036726637	12.5226418533	12.9211694072	11.8784863059	11.8784863059	11.8784863059	11.8784863059	11.8784863059	11.8784863059	11.8784863059	11.8784863059	11.8784863059	11.8784863059	11.8784863059	11.8784863059	12.1117019796	12.3634632926	0.0	0.0	0.0	0.0	0.0	0.0	11.2854824163	11.2854824163	11.2854824163	11.2854824163	11.2854824163	12.5226418533	12.5921470837	12.5921470837	12.5921470837	12.5921470837	12.5921470837	12.5921470837	8.61397288755	8.61397288755
13.2036726637	12.9211694072	13.2036726637	8.61397288755	11.2854824163	12.1117019796	13.2036726637	12.5226418533	12.9211694072	11.8784863059	11.8784863059	11.8784863059	11.8784863059	11.8784863059	11.8784863059	11.8784863059	11.8784863059	11.8784863059	11.8784863059	11.8784863059	11.8784863059	12.1117019796	12.3634632926	0.0	0.0	0.0	0.0	0.0	0.0	11.2854824163	11.2854824163	11.2854824163	11.2854824163	11.2854824163	12.5226418533	12.5921470837	12.5921470837	12.5921470837	12.5921470837	12.5921470837	12.5921470837	8.61397288755	8.61397288755
13.2036726637	12.9211694072	13.2036726637	8.61397288755	11.2854824163	12.1117019796	13.2036726637	12.5226418533	12.9211694072	11.8784863059	11.8784863059	11.8784863059	11.8784863059	11.8784863059	11.8784863059	11.8784863059	11.8784863059	11.8784863059	11.8784863059	11.8784863059	11.8784863059	12.1117019796	12.3634632926	0.0	0.0	0.0	0.0	0.0	0.0	11.2854824163	11.2854824163	11.2854824163	11.2854824163	11.2854824163	12.5226418533	12.5921470837	12.5921470837	12.5921470837	12.5921470837	12.5921470837	12.5921470837	8.61397288755	8.61397288755
13.2036726637	12.9211694072	13.2036726637	8.61397288755	11.2854824163	12.1117019796	13.2036726637	12.5226418533	12.9211694072	11.8784863059	11.8784863059	11.8784863059	11.8784863059	11.8784863059	11.8784863059	11.8784863059	11.8784863059	11.8784863059	11.8784863059	11.8784863059	11.8784863059	12.1117019796	12.3634632926	0.0	0.0	0.0	0.0	0.0	0.0	11.2854824163	11.2854824163	11.2854824163	11.2854824163	11.2854824163	12.5226418533	12.5921470837	12.5921470837	12.5921470837	12.5921470837	12.5921470837	12.5921470837	8.61397288755	8.61397288755
13.2036726637	12.9211694072	13.2036726637	8.61397288755	11.2854824163	12.1117019796	13.2036726637	12.5226418533	12.9211694072	11.8784863059	11.8784863059	11.8784863059	11.8784863059	11.8784863059	11.8784863059	11.8784863059	11.8784863059	11.8784863059	11.8784863059	11.8784863059	11.8784863059	12.1117019796	12.3634632926	0.0	0.0	0.0	0.0	0.0	0.0	11.2854824163	11.2854824163	11.2854824163	11.2854824163	11.2854824163	12.5226418533	12.5921470837	12.5921470837	12.5921470837	12.5921470837	12.5921470837	12.5921470837	8.61397288755	8.61397288755
13.2036726637	12.9211694072	13.2036726637	8.61397288755	11.2854824163	12.1117019796	13.2036726637	12.5226418533	12.9211694072	11.8784863059	11.8784863059	11.8784863059	11.8784863059	11.8784863059	11.8784863059	11.8784863059	11.8784863059	11.8784863059	11.8784863059	11.8784863059	11.8784863059	12.1117019796	12.3634632926	0.0	0.0	0.0	0.0	0.0	0.0	11.2854824163	11.2854824163	11.2854824163	11.2854824163	11.2854824163	12.5226418533	12.5921470837	12.5921470837	12.5921470837	12.5921470837	12.5921470837	12.5921470837	8.61397288755	8.61397288755
16.0185323138	15.7407728879	16.0185323138	11.319548319	0.0	16.1114162731	16.0185323138	15.0818193635	15.7407728879	15.8781603677	15.8781603677	15.8781603677	15.8781603677	15.8781603677	15.8781603677	15.8781603677	15.8781603677	15.8781603677	15.8781603677	15.8781603677	15.8781603677	16.1114162731	16.3632043632	11.2854824163	11.2854824163	11.2854824163	11.2854824163	11.2854824163	11.2854824163	0.0	0.0	0.0	0.0	0.0	15.0818193635	14.9585555182	14.9585555182	14.9585555182	14.9585555182	14.9585555182	14.9585555182	11.319548319	11.319548319
16.0185323138	15.7407728879	16.0185323138	11.319548319	0.0	16.1114162731	16.0185323138	15.0818193635	15.7407728879	15.8781603677	15.8781603677	15.8781603677	15.8781603677	15.8781603677	15.8781603677	15.8781603677	15.8781603677	15.8781603677	15.8781603677	15.8781603677	15.8781603677	16.1114162731	16.3632043632	11.2854824163	11.2854824163	11.2854824163	11.2854824163	11.2854824163	11.2854824163	0.0	0.0	0.0	0.0	0.0	15.0818193635	14.9585555182	14.9585555182	14.9585555182	14.9585555182	14.9585555182	14.9585555182	11.319548319	11.319548319
16.0185323138	15.7407728879	16.0185323138	11.319548319	0.0	16.1114162731	16.0185323138	15.0818193635	15.7407728879	15.8781603677	15.8781603677	15.8781603677	15.8781603677	15.8781603677	15.8781603677	15.8781603677	15.8781603677	15.8781603677	15.8781603677	15.8781603677	15.8781603677	16.1114162731	16.3632043632	11.2854824163	11.2854824163	11.2854824163	11.2854824163	11.2854824163	11.2854824163	0.0	0.0	0.0	0.0	0.0	15.0818193635	14.9585555182	14.9585555182	14.9585555182	14.9585555182	14.9585555182	14.9585555182	11.319548319	11.319548319
16.0185323138	15.7407728879	16.0185323138	11.319548319	0.0	16.1114162731	16.0185323138	15.0818193635	15.7407728879	15.8781603677	15.8781603677	15.8781603677	15.8781603677	15.8781603677	15.8781603677	15.8781603677	15.8781603677	15.8781603677	15.8781603677	15.8781603677	15.8781603677	16.1114162731	16.3632043632	11.2854824163	11.2854824163	11.2854824163	11.2854824163	11.2854824163	11.2854824163	0.0	0.0	0.0	0.0	0.0	15.0818193635	14.9585555182	14.9585555182	14.9585555182	14.9585555182	14.9585555182	14.9585555182	11.319548319	11.319548319
16.0185323138	15.7407728879	16.0185323138	11.319548319	0.0	16.1114162731	16.0185323138	15.0818193635	15.7407728879	15.8781603677	15.8781603677	15.8781603677	15.8781603677	15.8781603677	15.8781603677	15.8781603677	15.8781603677	15.8781603677	15.8781603677	15.8781603677	15.8781603677	16.1114162731	16.3632043632	11.2854824163	11.2854824163	11.2854824163	11.2854824163	11.2854824163	11.2854824163	0.0	0.0	0.0	0.0	0.0	15.0818193635	14.9585555182	14.9585555182	14.9585555182	14.9585555182	14.9585555182	14.9585555182	11.319548319	11.319548319
14.5143680045	14.2262000091	14.5143680045	12.8534748312	15.0818193635	16.5325570062	14.5143680045	0.0	14.2262000091	16.299177483	16.299177483	16.299177483	16.299177483	16.299177483	16.299177483	16.299177483	16.299177483	16.299177483	16.299177483	16.299177483	16.299177483	16.5325570062	16.7844102275	12.5226418533	12.5226418533	12.5226418533	12.5226418533	12.5226418533	12.5226418533	15.0818193635	15.0818193635	15.0818193635	15.0818193635	15.0818193635	0.0	11.6703287204	11.6703287204	11.6703287204	11.6703287204	11.6703287204	11.6703287204	12.8534748312	12.8534748312
15.0311571027	14.7469804381	15.0311571027	12.9155796479	14.9585555182	16.70336531	15.0311571027	11.6703287204	14.7469804381	16.4700045688	16.4700045688	16.4700045688	16.4700045688	16.4700045688	16.4700045688	16.4700045688	16.4700045688	16.4700045688	16.4700045688	16.4700045688	16.4700045688	16.70336531	16.9552078014	12.5921470837	12.5921470837	12.5921470837	12.5921470837	12.5921470837	12.5921470837	14.9585555182	14.9585555182	14.9585555182	14.9585555182	14.9585555182	11.6703287204	0.0	0.0	0.0	0.0	0.0	0.0	12.9155796479	12.9155796479
15.0311571027	14.7469804381	15.0311571027	12.9155796479	14.9585555182	16.70336531	15.0311571027	11.6703287204	14.7469804381	16.4700045688	16.4700045688	16.4700045688	16.4700045688	16.4700045688	16.4700045688	16.4700045688	16.4700045688	16.4700045688	16.4700045688	16.4700045688	16.4700045688	16.70336531	16.9552078014	12.5921470837	12.5921470837	12.5921470837	12.5921470837	12.5921470837	12.5921470837	14.9585555182	14.9585555182	14.9585555182	14.9585555182	14.9585555182	11.6703287204	0.0	0.0	0.0	0.0	0.0	0.0	12.9155796479	12.9155796479
15.0311571027	14.7469804381	15.0311571027	12.9155796479	14.9585555182	16.70336531	15.0311571027	11.6703287204	14.7469804381	16.4700045688	16.4700045688	16.4700045688	16.4700045688	16.4700045688	16.4700045688	16.4700045688	16.4700045688	16.4700045688	16.4700045688	16.4700045688	16.4700045688	16.70336531	16.9552078014	12.5921470837	12.5921470837	12.5921470837	12.5921470837	12.5921470837	12.5921470837	14.9585555182	14.9585555182	14.9585555182	14.9585555182	14.9585555182	11.6703287204	0.0	0.0	0.0	0.0	0.0	0.0	12.9155796479	12.9155796479
15.0311571027	14.7469804381	15.0311571027	12.9155796479	14.9585555182	16.70336531	15.0311571027	11.6703287204	14.7469804381	16.4700045688	16.4700045688	16.4700045688	16.4700045688	16.4700045688	16.4700045688	16.4700045688	16.4700045688	16.4700045688	16.4700045688	16.4700045688	16.4700045688	16.70336531	16.9552078014	12.5921470837	12.5921470837	12.5921470837	12.5921470837	12.5921470837	12.5921470837	14.9585555182	14.9585555182	14.9585555182	14.9585555182	14.9585555182	11.6703287204	0.0	0.0	0.0	0.0	0.0	0.0	12.9155796479	12.9155796479
15.0311571027	14.7469804381	15.0311571027	12.9155796479	14.9585555182	16.70336531	15.0311571027	11.6703287204	14.7469804381	16.4700045688	16.4700045688	16.4700045688	16.4700045688	16.4700045688	16.4700045688	16.4700045688	16.4700045688	16.4700045688	16.4700045688	16.4700045688	16.4700045688	16.70336531	16.9552078014	12.5921470837	12.5921470837	12.5921470837	12.5921470837	12.5921470837	12.5921470837	14.9585555182	14.9585555182	14.9585555182	14.9585555182	14.9585555182	11.6703287204	0.0	0.0	0.0	0.0	0.0	0.0	12.9155796479	12.9155796479
15.0311571027	14.7469804381	15.0311571027	12.9155796479	14.9585555182	16.70336531	15.0311571027	11.6703287204	14.7469804381	16.4700045688	16.4700045688	16.4700045688	16.4700045688	16.4700045688	16.4700045688	16.4700045688	16.4700045688	16.4700045688	16.4700045688	16.4700045688	16.4700045688	16.70336531	16.9552078014	12.5921470837	12.5921470837	12.5921470837	12.5921470837	12.5921470837	12.5921470837	14.9585555182	14.9585555182	14.9585555182	14.9585555182	14.9585555182	11.6703287204	0.0	0.0	0.0	0.0	0.0	0.0	12.9155796479	12.9155796479
13.3249694796	13.051048335	13.3249694796	0.0	11.319548319	13.0298100159	13.3249694796	12.8534748312	13.051048335	12.7966356634	12.7966356634	12.7966356634	12.7966356634	12.7966356634	12.7966356634	12.7966356634	12.7966356634	12.7966356634	12.7966356634	12.7966356634	12.7966356634	13.0298100159	13.2815649198	8.61397288755	8.61397288755	8.61397288755	8.61397288755	8.61397288755	8.61397288755	11.319548319	11.319548319	11.319548319	11.319548319	11.319548319	12.8534748312	12.9155796479	12.9155796479	12.9155796479	12.9155796479	12.9155796479	12.9155796479	0.0	0.0
13.3249694796	13.051048335	13.3249694796	0.0	11.319548319	13.0298100159	13.3249694796	12.8534748312	13.051048335	12.7966356634	12.7966356634	12.7966356634	12.7966356634	12.7966356634	12.7966356634	12.7966356634	12.7966356634	12.7966356634	12.7966356634	12.7966356634	12.7966356634	13.0298100159	13.2815649198	8.61397288755	8.61397288755	8.61397288755	8.61397288755	8.61397288755	8.61397288755	11.319548319	11.319548319	11.319548319	11.319548319	11.319548319	12.8534748312	12.9155796479	12.9155796479	12.9155796479	12.9155796479	12.9155796479	12.9155796479	0.0	0.0