0.0	12.3154279204	0.0	18.8776706163	21.8093090548	28.8489699322	0.0	20.5662459426	12.3154279204	28.45460006	28.45460006	28.45460006	28.45460006	28.45460006	28.45460006	28.45460006	28.45460006	28.45460006	28.45460006	28.45460006	28.45460006	28.8489699322	28.6731082993	18.8046248534	18.8046248534	18.8046248534	18.8046248534	18.8046248534	18.8046248534	21.8093090548	21.8093090548	21.8093090548	21.8093090548	21.8093090548	20.5662459426	21.026891513	21.026891513	21.026891513	21.026891513	21.026891513	21.026891513	18.8776706163	18.8776706163
12.3154279204	0.0	12.3154279204	18.9042503384	21.828515193	28.853517314	12.3154279204	20.5687533897	0.0	28.4590495581	28.4590495581	28.4590495581	28.4590495581	28.4590495581	28.4590495581	28.4590495581	28.4590495581	28.4590495581	28.4590495581	28.4590495581	28.4590495581	28.853517314	28.6776824887	18.8175450291	18.8175450291	18.8175450291	18.8175450291	18.8175450291	18.8175450291	21.828515193	21.828515193	21.828515193	21.828515193	21.828515193	20.5687533897	21.0348583679	21.0348583679	21.0348583679	21.0348583679	21.0348583679	21.0348583679	18.9042503384	18.9042503384
0.0	12.3154279204	0.0	18.8776706163	21.8093090548	28.8489699322	0.0	20.5662459426	12.3154279204	28.45460006	28.45460006	28.45460006	28.45460006	28.45460006	28.45460006	28.45460006	28.45460006	28.45460006	28.45460006	28.45460006	28.45460006	28.8489699322	28.6731082993	18.8046248534	18.8046248534	18.8046248534	18.8046248534	18.8046248534	18.8046248534	21.8093090548	21.8093090548	21.8093090548	21.8093090548	21.8093090548	20.5662459426	21.026891513	21.026891513	21.026891513	21.026891513	21.026891513	21.026891513	18.8776706163	18.8776706163
18.8776706163	18.9042503384	18.8776706163	0.0	12.3780990791	20.4246005554	18.8776706163	14.4774598305	18.9042503384	20.0349629875	20.0349629875	20.0349629875	20.0349629875	20.0349629875	20.0349629875	20.0349629875	20.0349629875	20.0349629875	20.0349629875	20.0349629875	20.0349629875	20.4246005554	20.2473126598	9.26328866636	9.26328866636	9.26328866636	9.26328866636	9.26328866636	9.26328866636	12.3780990791	12.3780990791	12.3780990791	12.3780990791	12.3780990791	14.4774598305	14.4026531098	14.4026531098	14.4026531098	14.4026531098	14.4026531098	14.4026531098	0.0	0.0
21.8093090548	21.828515193	21.8093090548	12.3780990791	0.0	23.7169430525	21.8093090548	16.782976522	21.828515193	23.3248088127	23.3248088127	23.3248088127	23.3248088127	23.3248088127	23.3248088127	23.3248088127	23.3248088127	23.3248088127	23.3248088127	23.3248088127	23.3248088127	23.7169430525	23.5402820395	12.2066371115	12.2066371115	12.2066371115	12.2066371115	12.2066371115	12.2066371115	0.0	0.0	0.0	0.0	0.0	16.782976522	16.5022798537	16.5022798537	16.5022798537	16.5022798537	16.5022798537	16.5022798537	12.3780990791	12.3780990791
28.8489699322	28.853517314	28.8489699322	20.4246005554	23.7169430525	0.0	28.8489699322	24.3747893687	28.853517314	13.9982164443	13.9982164443	13.9982164443	13.9982164443	13.9982164443	13.9982164443	13.9982164443	13.9982164443	13.9982164443	13.9982164443	13.9982164443	13.9982164443	0.0	12.0217917777	19.4818021237	19.4818021237	19.4818021237	19.4818021237	19.4818021237	19.4818021237	23.7169430525	23.7169430525	23.7169430525	23.7169430525	23.7169430525	24.3747893687	24.4465375167	24.4465375167	24.4465375167	24.4465375167	24.4465375167	24.4465375167	20.4246005554	20.4246005554
0.0	12.3154279204	0.0	18.8776706163	21.8093090548	28.8489699322	0.0	20.5662459426	12.3154279204	28.45460006	28.45460006	28.45460006	28.45460006	28.45460006	28.45460006	28.45460006	28.45460006	28.45460006	28.45460006	28.45460006	28.45460006	28.8489699322	28.6731082993	18.8046248534	18.8046248534	18.8046248534	18.8046248534	18.8046248534	18.8046248534	21.8093090548	21.8093090548	21.8093090548	21.8093090548	21.8093090548	20.5662459426	21.026891513	21.026891513	21.026891513	21.026891513	21.026891513	21.026891513	18.8776706163	18.8776706163
20.5662459426	20.5687533897	20.5662459426	14.4774598305	16.782976522	24.3747893687	20.5662459426	0.0	20.5687533897	23.9796109418	23.9796109418	23.9796109418	23.9796109418	23.9796109418	23.9796109418	23.9796109418	23.9796109418	23.9796109418	23.9796109418	23.9796109418	23.9796109418	24.3747893687	24.1990489235	14.044844721	14.044844721	14.044844721	14.044844721	14.044844721	14.044844721	16.782976522	16.782976522	16.782976522	16.782976522	16.782976522	0.0	12.9016867667	12.9016867667	12.9016867667	12.9016867667	12.9016867667	12.9016867667	14.4774598305	14.4774598305
12.3154279204	0.0	12.3154279204	18.9042503384	21.828515193	28.853517314	12.3154279204	20.5687533897	0.0	28.4590495581	28.4590495581	28.4590495581	28.4590495581	28.4590495581	28.4590495581	28.4590495581	28.4590495581	28.4590495581	28.4590495581	28.4590495581	28.4590495581	28.853517314	28.6776824887	18.8175450291	18.8175450291	18.8175450291	18.8175450291	18.8175450291	18.8175450291	21.828515193	21.828515193	21.828515193	21.828515193	21.828515193	20.5687533897	21.0348583679	21.0348583679	21.0348583679	21.0348583679	21.0348583679	21.0348583679	18.9042503384	18.9042503384
28.45460006	28.4590495581	28.45460006	20.0349629875	23.3248088127	13.9982164443	28.45460006	23.9796109418	28.4590495581	0.0	0.0	0.0	0.0	0.0	0.0	0.0	0.0	0.0	0.0	0.0	0.0	13.9982164443	12.825404375	19.0901640432	19.0901640432	19.0901640432	19.0901640432	19.0901640432	19.0901640432	23.3248088127	23.3248088127	23.3248088127	23.3248088127	23.3248088127	23.9796109418	24.0517980205	24.0517980205	24.0517980205	24.0517980205	24.0517980205	24.0517980205	20.0349629875	20.0349629875
28.45460006	28.4590495581	28.45460006	20.0349629875	23.3248088127	13.9982164443	28.45460006	23.9796109418	28.4590495581	0.0	0.0	0.0	0.0	0.0	0.0	0.0	0.0	0.0	0.0	0.0	0.0	13.9982164443	12.825404375	19.0901640432	19.0901640432	19.0901640432	19.0901640432	19.0901640432	19.0901640432	23.3248088127	23.3248088127	23.3248088127	23.3248088127	23.3248088127	23.9796109418	24.0517980205	24.0517980205	24.0517980205	24.0517980205	24.0517980205	24.0517980205	20.0349629875	20.0349629875
28.45460006	28.4590495581	28.45460006	20.0349629875	23.3248088127	13.9982164443	28.45460006	23.9796109418	28.4590495581	0.0	0.0	0.0	0.0	0.0	0.0	0.0	0.0	0.0	0.0	0.0	0.0	13.9982164443	12.825404375	19.0901640432	19.0901640432	19.0901640432	19.0901640432	19.0901640432	19.0901640432	23.3248088127	23.3248088127	23.3248088127	23.3248088127	23.3248088127	23.9796109418	24.0517980205	24.0517980205	24.0517980205	24.0517980205	24.0517980205	24.0517980205	20.0349629875	20.0349629875
28.45460006	28.4590495581	28.45460006	20.0349629875	23.3248088127	13.9982164443	28.45460006	23.9796109418	28.4590495581	0.0	0.0	0.0	0.0	0.0	0.0	0.0	0.0	0.0	0.0	0.0	0.0	13.9982164443	12.825404375	19.0901640432	19.0901640432	19.0901640432	19.0901640432	19.0901640432	19.0901640432	23.3248088127	23.3248088127	23.3248088127	23.3248088127	23.3248088127	23.9796109418	24.0517980205	24.0517980205	24.0517980205	24.0517980205	24.0517980205	24.0517980205	20.0349629875	20.0349629875
28.45460006	28.4590495581	28.45460006	20.0349629875	23.3248088127	13.9982164443	28.45460006	23.9796109418	28.4590495581	0.0	0.0	0.0	0.0	0.0	0.0	0.0	0.0	0.0	0.0	0.0	0.0	13.9982164443	12.825404375	19.0901640432	19.0901640432	19.0901640432	19.0901640432	19.0901640432	19.0901640432	23.3248088127	23.3248088127	23.3248088127	23.3248088127	23.3248088127	23.9796109418	24.0517980205	24.0517980205	24.0517980205	24.0517980205	24.0517980205	24.0517980205	20.0349629875	20.0349629875
28.45460006	28.4590495581	28.45460006	20.0349629875	23.3248088127	13.9982164443	28.45460006	23.9796109418	28.4590495581	0.0	0.0	0.0	0.0	0.0	0.0	0.0	0.0	0.0	0.0	0.0	0.0	13.9982164443	12.825404375	19.0901640432	19.0901640432	19.0901640432	19.0901640432	19.0901640432	19.0901640432	23.3248088127	23.3248088127	23.3248088127	23.3248088127	23.3248088127	23.9796109418	24.0517980205	24.0517980205	24.0517980205	24.0517980205	24.0517980205	24.0517980205	20.0349629875	20.0349629875
28.45460006	28.4590495581	28.45460006	20.0349629875	23.3248088127	13.9982164443	28.45460006	23.9796109418	28.4590495581	0.0	0.0	0.0	0.0	0.0	0.0	0.0	0.0	0.0	0.0	0.0	0.0	13.9982164443	12.825404375	19.0901640432	19.0901640432	19.0901640432	19.0901640432	19.0901640432	19.0901640432	23.3248088127	23.3248088127	23.3248088127	23.3248088127	23.3248088127	23.9796109418	24.0517980205	24.0517980205	24.0517980205	24.0517980205	24.0517980205	24.0517980205	20.0349629875	20.0349629875
28.45460006	28.4590495581	28.45460006	20.0349629875	23.3248088127	13.9982164443	28.45460006	23.9796109418	28.4590495581	0.0	0.0	0.0	0.0	0.0	0.0	0.0	0.0	0.0	0.0	0.0	0.0	13.9982164443	12.825404375	19.0901640432	19.0901640432	19.0901640432	19.0901640432	19.0901640432	19.0901640432	23.3248088127	23.3248088127	23.3248088127	23.3248088127	23.3248088127	23.9796109418	24.0517980205	24.0517980205	24.0517980205	24.0517980205	24.0517980205	24.0517980205	20.0349629875	20.0349629875
28.45460006	28.4590495581	28.45460006	20.0349629875	23.3248088127	13.9982164443	28.45460006	23.9796109418	28.4590495581	0.0	0.0	0.0	0.0	0.0	0.0	0.0	0.0	0.0	0.0	0.0	0.0	13.9982164443	12.825404375	19.0901640432	19.0901640432	19.0901640432	19.0901640432	19.0901640432	19.0901640432	23.3248088127	23.3248088127	23.3248088127	23.3248088127	23.3248088127	23.9796109418	24.0517980205	24.0517980205	24.0517980205	24.0517980205	24.0517980205	24.0517980205	20.0349629875	20.0349629875
28.45460006	28.4590495581	28.45460006	20.0349629875	23.3248088127	13.9982164443	28.45460006	23.9796109418	28.4590495581	0.0	0.0	0.0	0.0	0.0	0.0	0.0	0.0	0.0	0.0	0.0	0.0	13.9982164443	12.825404375	19.0901640432	19.0901640432	19.0901640432	19.0901640432	19.0901640432	19.0901640432	23.3248088127	23.3248088127	23.3248088127	23.3248088127	23.3248088127	23.9796109418	24.0517980205	24.0517980205	24.0517980205	24.0517980205	24.0517980205	24.0517980205	20.0349629875	20.0349629875
28.45460006	28.4590495581	28.45460006	20.0349629875	23.3248088127	13.9982164443	28.45460006	23.9796109418	28.4590495581	0.0	0.0	0.0	0.0	0.0	0.0	0.0	0.0	0.0	0.0	0.0	0.0	13.9982164443	12.825404375	19.0901640432	19.0901640432	19.0901640432	19.0901640432	19.0901640432	19.0901640432	23.3248088127	23.3248088127	23.3248088127	23.3248088127	23.3248088127	23.9796109418	24.0517980205	24.0517980205	24.0517980205	24.0517980205	24.0517980205	24.0517980205	20.0349629875	20.0349629875
28.45460006	28.4590495581	28.45460006	20.0349629875	23.3248088127	13.9982164443	28.45460006	23.9796109418	28.4590495581	0.0	0.0	0.0	0.0	0.0	0.0	0.0	0.0	0.0	0.0	0.0	0.0	13.9982164443	12.825404375	19.0901640432	19.0901640432	19.0901640432	19.0901640432	19.0901640432	19.0901640432	23.3248088127	23.3248088127	23.3248088127	23.3248088127	23.3248088127	23.9796109418	24.0517980205	24.0517980205	24.0517980205	24.0517980205	24.0517980205	24.0517980205	20.0349629875	20.0349629875
28.8489699322	28.853517314	28.8489699322	20.4246005554	23.7169430525	0.0	28.8489699322	24.3747893687	28.853517314	13.9982164443	13.9982164443	13.9982164443	13.9982164443	13.9982164443	13.9982164443	13.9982164443	13.9982164443	13.9982164443	13.9982164443	13.9982164443	13.9982164443	0.0	12.0217917777	19.4818021237	19.4818021237	19.4818021237	19.4818021237	19.4818021237	19.4818021237	23.7169430525	23.7169430525	23.7169430525	23.7169430525	23.7169430525	24.3747893687	24.4465375167	24.4465375167	24.4465375167	24.4465375167	24.4465375167	24.4465375167	20.4246005554	20.4246005554
28.6731082993	28.6776824887	28.6731082993	20.2473126598	23.5402820395	12.0217917777	28.6731082993	24.1990489235	28.6776824887	12.825404375	12.825404375	12.825404375	12.825404375	12.825404375	12.825404375	12.825404375	12.825404375	12.825404375	12.825404375	12.825404375	12.825404375	12.0217917777	0.0	19.3048855379	19.3048855379	19.3048855379	19.3048855379	19.3048855379	19.3048855379	23.5402820395	23.5402820395	23.5402820395	23.5402820395	23.5402820395	24.1990489235	24.270656018	24.270656018	24.270656018	24.270656018	24.270656018	24.270656018	20.2473126598	20.2473126598
18.8046248534	18.8175450291	18.8046248534	9.26328866636	12.2066371115	19.4818021237	18.8046248534	14.044844721	18.8175450291	19.0901640432	19.0901640432	19.0901640432	19.0901640432	19.0901640432	19.0901640432	19.0901640432	19.0901640432	19.0901640432	19.0901640432	19.0901640432	19.0901640432	19.4818021237	19.3048855379	0.0	0.0	0.0	0.0	0.0	0.0	12.2066371115	12.2066371115	12.2066371115	12.2066371115	12.2066371115	14.044844721	13.9600681076	13.9600681076	13.9600681076	13.9600681076	13.9600681076	13.9600681076	9.26328866636	9.26328866636
18.8046248534	18.8175450291	18.8046248534	9.26328866636	12.2066371115	19.4818021237	18.8046248534	14.044844721	18.8175450291	19.0901640432	19.0901640432	19.0901640432	19.0901640432	19.0901640432	19.0901640432	19.0901640432	19.0901640432	19.0901640432	19.0901640432	19.0901640432	19.0901640432	19.4818021237	19.3048855379	0.0	0.0	0.0	0.0	0.0	0.0	12.2066371115	12.2066371115	12.2066371115	12.2066371115	12.2066371115	14.044844721	13.9600681076	13.9600681076	13.9600681076	13.9600681076	13.9600681076	13.9600681076	9.26328866636	9.26328866636
18.8046248534	18.8175450291	18.8046248534	9.26328866636	12.2066371115	19.4818021237	18.8046248534	14.044844721	18.8175450291	19.0901640432	19.0901640432	19.0901640432	19.0901640432	19.0901640432	19.0901640432	19.0901640432	19.0901640432	19.0901640432	19.0901640432	19.0901640432	19.0901640432	19.4818021237	19.3048855379	0.0	0.0	0.0	0.0	0.0	0.0	12.2066371115	12.2066371115	12.2066371115	12.2066371115	12.2066371115	14.044844721	13.9600681076	13.9600681076	13.9600681076	13.9600681076	13.9600681076	13.9600681076	9.26328866636	9.26328866636
18.8046248534	18.8175450291	18.8046248534	9.26328866636	12.2066371115	19.4818021237	18.8046248534	14.044844721	18.8175450291	19.0901640432	19.0901640432	19.0901640432	19.0901640432	19.0901640432	19.0901640432	19.0901640432	19.0901640432	19.0901640432	19.0901640432	19.0901640432	19.0901640432	19.4818021237	19.3048855379	0.0	0.0	0.0	0.0	0.0	0.0	12.2066371115	12.2066371115	12.2066371115	12.2066371115	12.2066371115	14.044844721	13.9600681076	13.9600681076	13.9600681076	13.9600681076	13.9600681076	13.9600681076	9.26328866636	9.26328866636
18.8046248534	18.8175450291	18.8046248534	9.26328866636	12.2066371115	19.4818021237	18.8046248534	14.044844721	18.8175450291	19.0901640432	19.0901640432	19.0901640432	19.0901640432	19.0901640432	19.0901640432	19.0901640432	19.0901640432	19.0901640432	19.0901640432	19.0901640432	19.0901640432	19.4818021237	19.3048855379	0.0	0.0	0.0	0.0	0.0	0.0	12.2066371115	12.2066371115	12.2066371115	12.2066371115	12.2066371115	14.044844721	13.9600681076	13.9600681076	13.9600681076	13.9600681076	13.9600681076	13.9600681076	9.26328866636	9.26328866636
18.8046248534	18.8175450291	18.8046248534	9.26328866636	12.2066371115	19.4818021237	18.8046248534	14.044844721	18.8175450291	19.0901640432	19.0901640432	19.0901640432	19.0901640432	19.0901640432	19.0901640432	19.0901640432	19.0901640432	19.0901640432	19.0901640432	19.0901640432	19.0901640432	19.4818021237	19.3048855379	0.0	0.0	0.0	0.0	0.0	0.0	12.2066371115	12.2066371115	12.2066371115	12.2066371115	12.2066371115	14.044844721	13.9600681076	13.9600681076	13.9600681076	13.9600681076	13.9600681076	13.9600681076	9.26328866636	9.26328866636
21.8093090548	21.828515193	21.8093090548	12.3780990791	0.0	23.7169430525	21.8093090548	16.782976522	21.828515193	23.3248088127	23.3248088127	23.3248088127	23.3248088127	23.3248088127	23.3248088127	23.3248088127	23.3248088127	23.3248088127	23.3248088127	23.3248088127	23.3248088127	23.7169430525	23.5402820395	12.2066371115	12.2066371115	12.2066371115	12.2066371115	12.2066371115	12.2066371115	0.0	0.0	0.0	0.0	0.0	16.782976522	16.5022798537	16.5022798537	16.5022798537	16.5022798537	16.5022798537	16.5022798537	12.3780990791	12.3780990791
21.8093090548	21.828515193	21.8093090548	12.3780990791	0.0	23.7169430525	21.8093090548	16.782976522	21.828515193	23.3248088127	23.3248088127	23.3248088127	23.3248088127	23.3248088127	23.3248088127	23.3248088127	23.3248088127	23.3248088127	23.3248088127	23.3248088127	23.3248088127	23.7169430525	23.5402820395	12.2066371115	12.2066371115	12.2066371115	12.2066371115	12.2066371115	12.2066371115	0.0	0.0	0.0	0.0	0.0	16.782976522	16.5022798537	16.5022798537	16.5022798537	16.5022798537	16.5022798537	16.5022798537	12.3780990791	12.3780990791
21.8093090548	21.828515193	21.8093090548	12.3780990791	0.0	23.7169430525	21.8093090548	16.782976522	21.828515193	23.3248088127	23.3248088127	23.3248088127	23.3248088127	23.3248088127	23.3248088127	23.3248088127	23.3248088127	23.3248088127	23.3248088127	23.3248088127	23.3248088127	23.7169430525	23.5402820395	12.2066371115	12.2066371115	12.2066371115	12.2066371115	12.2066371115	12.2066371115	0.0	0.0	0.0	0.0	0.0	16.782976522	16.5022798537	16.5022798537	16.5022798537	16.5022798537	16.5022798537	16.5022798537	12.3780990791	12.3780990791
21.8093090548	21.828515193	21.8093090548	12.3780990791	0.0	23.7169430525	21.8093090548	16.782976522	21.828515193	23.3248088127	23.3248088127	23.3248088127	23.3248088127	23.3248088127	23.3248088127	23.3248088127	23.3248088127	23.3248088127	23.3248088127	23.3248088127	23.3248088127	23.7169430525	23.5402820395	12.2066371115	12.2066371115	12.2066371115	12.2066371115	12.2066371115	12.2066371115	0.0	0.0	0.0	0.0	0.0	16.782976522	16.5022798537	16.5022798537	16.5022798537	16.5022798537	16.5022798537	16.5022798537	12.3780990791	12.3780990791
21.8093090548	21.828515193	21.8093090548	12.3780990791	0.0	23.7169430525	21.8093090548	16.782976522	21.828515193	23.3248088127	23.3248088127	23.3248088127	23.3248088127	23.3248088127	23.3248088127	23.3248088127	23.3248088127	23.3248088127	23.3248088127	23.3248088127	23.3248088127	23.7169430525	23.5402820395	12.2066371115	12.2066371115	12.2066371115	12.2066371115	12.2066371115	12.2066371115	0.0	0.0	0.0	0.0	0.0	16.782976522	16.5022798537	16.5022798537	16.5022798537	16.5022798537	16.5022798537	16.5022798537	12.3780990791	12.3780990791
20.5662459426	20.5687533897	20.5662459426	14.4774598305	16.782976522	24.3747893687	20.5662459426	0.0	20.5687533897	23.9796109418	23.9796109418	23.9796109418	23.9796109418	23.9796109418	23.9796109418	23.9796109418	23.9796109418	23.9796109418	23.9796109418	23.9796109418	23.9796109418	24.3747893687	24.1990489235	14.044844721	14.044844721	14.044844721	14.044844721	14.044844721	14.044844721	16.782976522	16.782976522	16.782976522	16.782976522	16.782976522	0.0	12.9016867667	12.9016867667	12.9016867667	12.9016867667	12.9016867667	12.9016867667	14.4774598305	14.4774598305
21.026891513	21.0348583679	21.026891513	14.4026531098	16.5022798537	24.4465375167	21.026891513	12.9016867667	21.0348583679	24.0517980205	24.0517980205	24.0517980205	24.0517980205	24.0517980205	24.0517980205	24.0517980205	24.0517980205	24.0517980205	24.0517980205	24.0517980205	24.0517980205	24.4465375167	24.270656018	13.9600681076	13.9600681076	13.9600681076	13.9600681076	13.9600681076	13.9600681076	16.5022798537	16.5022798537	16.5022798537	16.5022798537	16.5022798537	12.9016867667	0.0	0.0	0.0	0.0	0.0	0.0	14.4026531098	14.4026531098
21.026891513	21.0348583679	21.026891513	14.4026531098	16.5022798537	24.4465375167	21.026891513	12.9016867667	21.0348583679	24.0517980205	24.0517980205	24.0517980205	24.0517980205	24.0517980205	24.0517980205	24.0517980205	24.0517980205	24.0517980205	24.0517980205	24.0517980205	24.0517980205	24.4465375167	24.270656018	13.9600681076	13.9600681076	13.9600681076	13.9600681076	13.9600681076	13.9600681076	16.5022798537	16.5022798537	16.5022798537	16.5022798537	16.5022798537	12.9016867667	0.0	0.0	0.0	0.0	0.0	0.0	14.4026531098	14.4026531098
21.026891513	21.0348583679	21.026891513	14.4026531098	16.5022798537	24.4465375167	21.026891513	12.9016867667	21.0348583679	24.0517980205	24.0517980205	24.0517980205	24.0517980205	24.0517980205	24.0517980205	24.0517980205	24.0517980205	24.0517980205	24.0517980205	24.0517980205	24.0517980205	24.4465375167	24.270656018	13.9600681076	13.9600681076	13.9600681076	13.9600681076	13.9600681076	13.9600681076	16.5022798537	16.5022798537	16.5022798537	16.5022798537	16.5022798537	12.9016867667	0.0	0.0	0.0	0.0	0.0	0.0	14.4026531098	14.4026531098
21.026891513	21.0348583679	21.026891513	14.4026531098	16.5022798537	24.4465375167	21.026891513	12.9016867667	21.0348583679	24.0517980205	24.0517980205	24.0517980205	24.0517980205	24.0517980205	24.0517980205	24.0517980205	24.0517980205	24.0517980205	24.0517980205	24.0517980205	24.0517980205	24.4465375167	24.270656018	13.9600681076	13.9600681076	13.9600681076	13.9600681076	13.9600681076	13.9600681076	16.5022798537	16.5022798537	16.5022798537	16.5022798537	16.5022798537	12.9016867667	0.0	0.0	0.0	0.0	0.0	0.0	14.4026531098	14.4026531098
21.026891513	21.0348583679	21.026891513	14.4026531098	16.5022798537	24.4465375167	21.026891513	12.9016867667	21.0348583679	24.0517980205	24.0517980205	24.0517980205	24.0517980205	24.0517980205	24.0517980205	24.0517980205	24.0517980205	24.0517980205	24.0517980205	24.0517980205	24.0517980205	24.4465375167	24.270656018	13.9600681076	13.9600681076	13.9600681076	13.9600681076	13.9600681076	13.9600681076	16.5022798537	16.5022798537	16.5022798537	16.5022798537	16.5022798537	12.9016867667	0.0	0.0	0.0	0.0	0.0	0.0	14.4026531098	14.4026531098
21.026891513	21.0348583679	21.026891513	14.4026531098	16.5022798537	24.4465375167	21.026891513	12.9016867667	21.0348583679	24.0517980205	24.0517980205	24.0517980205	24.0517980205	24.0517980205	24.0517980205	24.0517980205	24.0517980205	24.0517980205	24.0517980205	24.0517980205	24.0517980205	24.4465375167	24.270656018	13.9600681076	13.9600681076	13.9600681076	13.9600681076	13.9600681076	13.9600681076	16.5022798537	16.5022798537	16.5022798537	16.5022798537	16.5022798537	12.9016867667	0.0	0.0	0.0	0.0	0.0	0.0	14.4026531098	14.4026531098
18.8776706163	18.9042503384	18.8776706163	0.0	12.3780990791	20.4246005554	18.8776706163	14.4774598305	18.9042503384	20.0349629875	20.0349629875	20.0349629875	20.0349629875	20.0349629875	20.0349629875	20.0349629875	20.0349629875	20.0349629875	20.0349629875	20.0349629875	20.0349629875	20.4246005554	20.2473126598	9.26328866636	9.26328866636	9.26328866636	9.26328866636	9.26328866636	9.26328866636	12.3780990791	12.3780990791	12.3780990791	12.3780990791	12.3780990791	14.4774598305	14.4026531098	14.4026531098	14.4026531098	14.4026531098	14.4026531098	14.4026531098	0.0	0.0
18.8776706163	18.9042503384	18.8776706163	0.0	12.3780990791	20.4246005554	18.8776706163	14.4774598305	18.9042503384	20.0349629875	20.0349629875	20.0349629875	20.0349629875	20.0349629875	20.0349629875	20.0349629875	20.0349629875	20.0349629875	20.0349629875	20.0349629875	20.0349629875	20.4246005554	20.2473126598	9.26328866636	9.26328866636	9.26328866636	9.26328866636	9.26328866636	9.26328866636	12.3780990791	12.3780990791	12.3780990791	12.3780990791	12.3780990791	14.4774598305	14.4026531098	14.4026531098	14.4026531098	14.4026531098	14.4026531098	14.4026531098	0.0	0.0