0.0	0.00734285702238	0.0	0.491363340814	3.55420361657	0.563142062008	0.0	2.24699166991	0.00734285702238	0.562361135312	0.562361135312	0.562361135312	0.562361135312	0.562361135312	0.562361135312	0.562361135312	0.562361135312	0.562361135312	0.562361135312	0.562361135312	0.562361135312	0.563142062008	0.564141159485	0.487276098131	0.487276098131	0.487276098131	0.487276098131	0.487276098131	0.487276098131	3.55420361657	3.55420361657	3.55420361657	3.55420361657	3.55420361657	2.24699166991	2.51874840769	2.51874840769	2.51874840769	2.51874840769	2.51874840769	2.51874840769	0.491363340814	0.491363340814
0.00734285702238	0.0	0.00734285702238	0.488464894213	3.55129713289	0.560242961502	0.00734285702238	2.24401354719	0.0	0.559462034606	0.559462034606	0.559462034606	0.559462034606	0.559462034606	0.559462034606	0.559462034606	0.559462034606	0.559462034606	0.559462034606	0.559462034606	0.559462034606	0.560242961502	0.561242059302	0.484377220553	0.484377220553	0.484377220553	0.484377220553	0.484377220553	0.484377220553	3.55129713289	3.55129713289	3.55129713289	3.55129713289	3.55129713289	2.24401354719	2.5157771081	2.5157771081	2.5157771081	2.5157771081	2.5157771081	2.5157771081	0.488464894213	0.488464894213
0.0	0.00734285702238	0.0	0.491363340814	3.55420361657	0.563142062008	0.0	2.24699166991	0.00734285702238	0.562361135312	0.562361135312	0.562361135312	0.562361135312	0.562361135312	0.562361135312	0.562361135312	0.562361135312	0.562361135312	0.562361135312	0.562361135312	0.562361135312	0.563142062008	0.564141159485	0.487276098131	0.487276098131	0.487276098131	0.487276098131	0.487276098131	0.487276098131	3.55420361657	3.55420361657	3.55420361657	3.55420361657	3.55420361657	2.24699166991	2.51874840769	2.51874840769	2.51874840769	2.51874840769	2.51874840769	2.51874840769	0.491363340814	0.491363340814
0.491363340814	0.488464894213	0.491363340814	0.0	3.20606912312	0.0944202780896	0.491363340814	2.66790299525	0.488464894213	0.0936415509701	0.0936415509701	0.0936415509701	0.0936415509701	0.0936415509701	0.0936415509701	0.0936415509701	0.0936415509701	0.0936415509701	0.0936415509701	0.0936415509701	0.0936415509701	0.0944202780896	0.0954200647922	0.0142930306111	0.0142930306111	0.0142930306111	0.0142930306111	0.0142930306111	0.0142930306111	3.20606912312	3.20606912312	3.20606912312	3.20606912312	3.20606912312	2.66790299525	2.86632147527	2.86632147527	2.86632147527	2.86632147527	2.86632147527	2.86632147527	0.0	0.0
3.55420361657	3.55129713289	3.55420361657	3.20606912312	0.0	3.28494857089	3.55420361657	5.72813360812	3.55129713289	3.28416905803	3.28416905803	3.28416905803	3.28416905803	3.28416905803	3.28416905803	3.28416905803	3.28416905803	3.28416905803	3.28416905803	3.28416905803	3.28416905803	3.28494857089	3.28594810495	3.20559794362	3.20559794362	3.20559794362	3.20559794362	3.20559794362	3.20559794362	0.0	0.0	0.0	0.0	0.0	5.72813360812	5.90885867756	5.90885867756	5.90885867756	5.90885867756	5.90885867756	5.90885867756	3.20606912312	3.20606912312
0.563142062008	0.560242961502	0.563142062008	0.0944202780896	3.28494857089	0.0	0.563142062008	2.73963547938	0.560242961502	0.00716997191261	0.00716997191261	0.00716997191261	0.00716997191261	0.00716997191261	0.00716997191261	0.00716997191261	0.00716997191261	0.00716997191261	0.00716997191261	0.00716997191261	0.00716997191261	0.0	0.00665844090983	0.0876551610726	0.0876551610726	0.0876551610726	0.0876551610726	0.0876551610726	0.0876551610726	3.28494857089	3.28494857089	3.28494857089	3.28494857089	3.28494857089	2.73963547938	2.93811935233	2.93811935233	2.93811935233	2.93811935233	2.93811935233	2.93811935233	0.0944202780896	0.0944202780896
0.0	0.00734285702238	0.0	0.491363340814	3.55420361657	0.563142062008	0.0	2.24699166991	0.00734285702238	0.562361135312	0.562361135312	0.562361135312	0.562361135312	0.562361135312	0.562361135312	0.562361135312	0.562361135312	0.562361135312	0.562361135312	0.562361135312	0.562361135312	0.563142062008	0.564141159485	0.487276098131	0.487276098131	0.487276098131	0.487276098131	0.487276098131	0.487276098131	3.55420361657	3.55420361657	3.55420361657	3.55420361657	3.55420361657	2.24699166991	2.51874840769	2.51874840769	2.51874840769	2.51874840769	2.51874840769	2.51874840769	0.491363340814	0.491363340814
2.24699166991	2.24401354719	2.24699166991	2.66790299525	5.72813360812	2.73963547938	2.24699166991	0.0	2.24401354719	2.73885455755	2.73885455755	2.73885455755	2.73885455755	2.73885455755	2.73885455755	2.73885455755	2.73885455755	2.73885455755	2.73885455755	2.73885455755	2.73885455755	2.73963547938	2.74063458108	2.66372895078	2.66372895078	2.66372895078	2.66372895078	2.66372895078	2.66372895078	5.72813360812	5.72813360812	5.72813360812	5.72813360812	5.72813360812	0.0	4.63946684361	4.63946684361	4.63946684361	4.63946684361	4.63946684361	4.63946684361	2.66790299525	2.66790299525
0.00734285702238	0.0	0.00734285702238	0.488464894213	3.55129713289	0.560242961502	0.00734285702238	2.24401354719	0.0	0.559462034606	0.559462034606	0.559462034606	0.559462034606	0.559462034606	0.559462034606	0.559462034606	0.559462034606	0.559462034606	0.559462034606	0.559462034606	0.559462034606	0.560242961502	0.561242059302	0.484377220553	0.484377220553	0.484377220553	0.484377220553	0.484377220553	0.484377220553	3.55129713289	3.55129713289	3.55129713289	3.55129713289	3.55129713289	2.24401354719	2.5157771081	2.5157771081	2.5157771081	2.5157771081	2.5157771081	2.5157771081	0.488464894213	0.488464894213
0.562361135312	0.559462034606	0.562361135312	0.0936415509701	3.28416905803	0.00716997191261	0.562361135312	2.73885455755	0.559462034606	0.0	0.0	0.0	0.0	0.0	0.0	0.0	0.0	0.0	0.0	0.0	0.0	0.00716997191261	0.00763853961026	0.0868758172299	0.0868758172299	0.0868758172299	0.0868758172299	0.0868758172299	0.0868758172299	3.28416905803	3.28416905803	3.28416905803	3.28416905803	3.28416905803	2.73885455755	2.93733849118	2.93733849118	2.93733849118	2.93733849118	2.93733849118	2.93733849118	0.0936415509701	0.0936415509701
0.562361135312	0.559462034606	0.562361135312	0.0936415509701	3.28416905803	0.00716997191261	0.562361135312	2.73885455755	0.559462034606	0.0	0.0	0.0	0.0	0.0	0.0	0.0	0.0	0.0	0.0	0.0	0.0	0.00716997191261	0.00763853961026	0.0868758172299	0.0868758172299	0.0868758172299	0.0868758172299	0.0868758172299	0.0868758172299	3.28416905803	3.28416905803	3.28416905803	3.28416905803	3.28416905803	2.73885455755	2.93733849118	2.93733849118	2.93733849118	2.93733849118	2.93733849118	2.93733849118	0.0936415509701	0.0936415509701
0.562361135312	0.559462034606	0.562361135312	0.0936415509701	3.28416905803	0.00716997191261	0.562361135312	2.73885455755	0.559462034606	0.0	0.0	0.0	0.0	0.0	0.0	0.0	0.0	0.0	0.0	0.0	0.0	0.00716997191261	0.00763853961026	0.0868758172299	0.0868758172299	0.0868758172299	0.0868758172299	0.0868758172299	0.0868758172299	3.28416905803	3.28416905803	3.28416905803	3.28416905803	3.28416905803	2.73885455755	2.93733849118	2.93733849118	2.93733849118	2.93733849118	2.93733849118	2.93733849118	0.0936415509701	0.0936415509701
0.562361135312	0.559462034606	0.562361135312	0.0936415509701	3.28416905803	0.00716997191261	0.562361135312	2.73885455755	0.559462034606	0.0	0.0	0.0	0.0	0.0	0.0	0.0	0.0	0.0	0.0	0.0	0.0	0.00716997191261	0.00763853961026	0.0868758172299	0.0868758172299	0.0868758172299	0.0868758172299	0.0868758172299	0.0868758172299	3.28416905803	3.28416905803	3.28416905803	3.28416905803	3.28416905803	2.73885455755	2.93733849118	2.93733849118	2.93733849118	2.93733849118	2.93733849118	2.93733849118	0.0936415509701	0.0936415509701
0.562361135312	0.559462034606	0.562361135312	0.0936415509701	3.28416905803	0.00716997191261	0.562361135312	2.73885455755	0.559462034606	0.0	0.0	0.0	0.0	0.0	0.0	0.0	0.0	0.0	0.0	0.0	0.0	0.00716997191261	0.00763853961026	0.0868758172299	0.0868758172299	0.0868758172299	0.0868758172299	0.0868758172299	0.0868758172299	3.28416905803	3.28416905803	3.28416905803	3.28416905803	3.28416905803	2.73885455755	2.93733849118	2.93733849118	2.93733849118	2.93733849118	2.93733849118	2.93733849118	0.0936415509701	0.0936415509701
0.562361135312	0.559462034606	0.562361135312	0.0936415509701	3.28416905803	0.00716997191261	0.562361135312	2.73885455755	0.559462034606	0.0	0.0	0.0	0.0	0.0	0.0	0.0	0.0	0.0	0.0	0.0	0.0	0.00716997191261	0.00763853961026	0.0868758172299	0.0868758172299	0.0868758172299	0.0868758172299	0.0868758172299	0.0868758172299	3.28416905803	3.28416905803	3.28416905803	3.28416905803	3.28416905803	2.73885455755	2.93733849118	2.93733849118	2.93733849118	2.93733849118	2.93733849118	2.93733849118	0.0936415509701	0.0936415509701
0.562361135312	0.559462034606	0.562361135312	0.0936415509701	3.28416905803	0.00716997191261	0.562361135312	2.73885455755	0.559462034606	0.0	0.0	0.0	0.0	0.0	0.0	0.0	0.0	0.0	0.0	0.0	0.0	0.00716997191261	0.00763853961026	0.0868758172299	0.0868758172299	0.0868758172299	0.0868758172299	0.0868758172299	0.0868758172299	3.28416905803	3.28416905803	3.28416905803	3.28416905803	3.28416905803	2.73885455755	2.93733849118	2.93733849118	2.93733849118	2.93733849118	2.93733849118	2.93733849118	0.0936415509701	0.0936415509701
0.562361135312	0.559462034606	0.562361135312	0.0936415509701	3.28416905803	0.00716997191261	0.562361135312	2.73885455755	0.559462034606	0.0	0.0	0.0	0.0	0.0	0.0	0.0	0.0	0.0	0.0	0.0	0.0	0.00716997191261	0.00763853961026	0.0868758172299	0.0868758172299	0.0868758172299	0.0868758172299	0.0868758172299	0.0868758172299	3.28416905803	3.28416905803	3.28416905803	3.28416905803	3.28416905803	2.73885455755	2.93733849118	2.93733849118	2.93733849118	2.93733849118	2.93733849118	2.93733849118	0.0936415509701	0.0936415509701
0.562361135312	0.559462034606	0.562361135312	0.0936415509701	3.28416905803	0.00716997191261	0.562361135312	2.73885455755	0.559462034606	0.0	0.0	0.0	0.0	0.0	0.0	0.0	0.0	0.0	0.0	0.0	0.0	0.00716997191261	0.00763853961026	0.0868758172299	0.0868758172299	0.0868758172299	0.0868758172299	0.0868758172299	0.0868758172299	3.28416905803	3.28416905803	3.28416905803	3.28416905803	3.28416905803	2.73885455755	2.93733849118	2.93733849118	2.93733849118	2.93733849118	2.93733849118	2.93733849118	0.0936415509701	0.0936415509701
0.562361135312	0.559462034606	0.562361135312	0.0936415509701	3.28416905803	0.00716997191261	0.562361135312	2.73885455755	0.559462034606	0.0	0.0	0.0	0.0	0.0	0.0	0.0	0.0	0.0	0.0	0.0	0.0	0.00716997191261	0.00763853961026	0.0868758172299	0.0868758172299	0.0868758172299	0.0868758172299	0.0868758172299	0.0868758172299	3.28416905803	3.28416905803	3.28416905803	3.28416905803	3.28416905803	2.73885455755	2.93733849118	2.93733849118	2.93733849118	2.93733849118	2.93733849118	2.93733849118	0.0936415509701	0.0936415509701
0.562361135312	0.559462034606	0.562361135312	0.0936415509701	3.28416905803	0.00716997191261	0.562361135312	2.73885455755	0.559462034606	0.0	0.0	0.0	0.0	0.0	0.0	0.0	0.0	0.0	0.0	0.0	0.0	0.00716997191261	0.00763853961026	0.0868758172299	0.0868758172299	0.0868758172299	0.0868758172299	0.0868758172299	0.0868758172299	3.28416905803	3.28416905803	3.28416905803	3.28416905803	3.28416905803	2.73885455755	2.93733849118	2.93733849118	2.93733849118	2.93733849118	2.93733849118	2.93733849118	0.0936415509701	0.0936415509701
0.562361135312	0.559462034606	0.562361135312	0.0936415509701	3.28416905803	0.00716997191261	0.562361135312	2.73885455755	0.559462034606	0.0	0.0	0.0	0.0	0.0	0.0	0.0	0.0	0.0	0.0	0.0	0.0	0.00716997191261	0.00763853961026	0.0868758172299	0.0868758172299	0.0868758172299	0.0868758172299	0.0868758172299	0.0868758172299	3.28416905803	3.28416905803	3.28416905803	3.28416905803	3.28416905803	2.73885455755	2.93733849118	2.93733849118	2.93733849118	2.93733849118	2.93733849118	2.93733849118	0.0936415509701	0.0936415509701
0.563142062008	0.560242961502	0.563142062008	0.0944202780896	3.28494857089	0.0	0.563142062008	2.73963547938	0.560242961502	0.00716997191261	0.00716997191261	0.00716997191261	0.00716997191261	0.00716997191261	0.00716997191261	0.00716997191261	0.00716997191261	0.00716997191261	0.00716997191261	0.00716997191261	0.00716997191261	0.0	0.00665844090983	0.0876551610726	0.0876551610726	0.0876551610726	0.0876551610726	0.0876551610726	0.0876551610726	3.28494857089	3.28494857089	3.28494857089	3.28494857089	3.28494857089	2.73963547938	2.93811935233	2.93811935233	2.93811935233	2.93811935233	2.93811935233	2.93811935233	0.0944202780896	0.0944202780896
0.564141159485	0.561242059302	0.564141159485	0.0954200647922	3.28594810495	0.00665844090983	0.564141159485	2.74063458108	0.561242059302	0.00763853961026	0.00763853961026	0.00763853961026	0.00763853961026	0.00763853961026	0.00763853961026	0.00763853961026	0.00763853961026	0.00763853961026	0.00763853961026	0.00763853961026	0.00763853961026	0.00665844090983	0.0	0.0886547547041	0.0886547547041	0.0886547547041	0.0886547547041	0.0886547547041	0.0886547547041	3.28594810495	3.28594810495	3.28594810495	3.28594810495	3.28594810495	2.74063458108	2.93911847318	2.93911847318	2.93911847318	2.93911847318	2.93911847318	2.93911847318	0.0954200647922	0.0954200647922
0.487276098131	0.484377220553	0.487276098131	0.0142930306111	3.20559794362	0.0876551610726	0.487276098131	2.66372895078	0.484377220553	0.0868758172299	0.0868758172299	0.0868758172299	0.0868758172299	0.0868758172299	0.0868758172299	0.0868758172299	0.0868758172299	0.0868758172299	0.0868758172299	0.0868758172299	0.0868758172299	0.0876551610726	0.0886547547041	0.0	0.0	0.0	0.0	0.0	0.0	3.20559794362	3.20559794362	3.20559794362	3.20559794362	3.20559794362	2.66372895078	2.8620374059	2.8620374059	2.8620374059	2.8620374059	2.8620374059	2.8620374059	0.0142930306111	0.0142930306111
0.487276098131	0.484377220553	0.487276098131	0.0142930306111	3.20559794362	0.0876551610726	0.487276098131	2.66372895078	0.484377220553	0.0868758172299	0.0868758172299	0.0868758172299	0.0868758172299	0.0868758172299	0.0868758172299	0.0868758172299	0.0868758172299	0.0868758172299	0.0868758172299	0.0868758172299	0.0868758172299	0.0876551610726	0.0886547547041	0.0	0.0	0.0	0.0	0.0	0.0	3.20559794362	3.20559794362	3.20559794362	3.20559794362	3.20559794362	2.66372895078	2.8620374059	2.8620374059	2.8620374059	2.8620374059	2.8620374059	2.8620374059	0.0142930306111	0.0142930306111
0.487276098131	0.484377220553	0.487276098131	0.0142930306111	3.20559794362	0.0876551610726	0.487276098131	2.66372895078	0.484377220553	0.0868758172299	0.0868758172299	0.0868758172299	0.0868758172299	0.0868758172299	0.0868758172299	0.0868758172299	0.0868758172299	0.0868758172299	0.0868758172299	0.0868758172299	0.0868758172299	0.0876551610726	0.0886547547041	0.0	0.0	0.0	0.0	0.0	0.0	3.20559794362	3.20559794362	3.20559794362	3.20559794362	3.20559794362	2.66372895078	2.8620374059	2.8620374059	2.8620374059	2.8620374059	2.8620374059	2.8620374059	0.0142930306111	0.0142930306111
0.487276098131	0.484377220553	0.487276098131	0.0142930306111	3.20559794362	0.0876551610726	0.487276098131	2.66372895078	0.484377220553	0.0868758172299	0.0868758172299	0.0868758172299	0.0868758172299	0.0868758172299	0.0868758172299	0.0868758172299	0.0868758172299	0.0868758172299	0.0868758172299	0.0868758172299	0.0868758172299	0.0876551610726	0.0886547547041	0.0	0.0	0.0	0.0	0.0	0.0	3.20559794362	3.20559794362	3.20559794362	3.20559794362	3.20559794362	2.66372895078	2.8620374059	2.8620374059	2.8620374059	2.8620374059	2.8620374059	2.8620374059	0.0142930306111	0.0142930306111
0.487276098131	0.484377220553	0.487276098131	0.0142930306111	3.20559794362	0.0876551610726	0.487276098131	2.66372895078	0.484377220553	0.0868758172299	0.0868758172299	0.0868758172299	0.0868758172299	0.0868758172299	0.0868758172299	0.0868758172299	0.0868758172299	0.0868758172299	0.0868758172299	0.0868758172299	0.0868758172299	0.0876551610726	0.0886547547041	0.0	0.0	0.0	0.0	0.0	0.0	3.20559794362	3.20559794362	3.20559794362	3.20559794362	3.20559794362	2.66372895078	2.8620374059	2.8620374059	2.8620374059	2.8620374059	2.8620374059	2.8620374059	0.0142930306111	0.0142930306111
0.487276098131	0.484377220553	0.487276098131	0.0142930306111	3.20559794362	0.0876551610726	0.487276098131	2.66372895078	0.484377220553	0.0868758172299	0.0868758172299	0.0868758172299	0.0868758172299	0.0868758172299	0.0868758172299	0.0868758172299	0.0868758172299	0.0868758172299	0.0868758172299	0.0868758172299	0.0868758172299	0.0876551610726	0.0886547547041	0.0	0.0	0.0	0.0	0.0	0.0	3.20559794362	3.20559794362	3.20559794362	3.20559794362	3.20559794362	2.66372895078	2.8620374059	2.8620374059	2.8620374059	2.8620374059	2.8620374059	2.8620374059	0.0142930306111	0.0142930306111
3.55420361657	3.55129713289	3.55420361657	3.20606912312	0.0	3.28494857089	3.55420361657	5.72813360812	3.55129713289	3.28416905803	3.28416905803	3.28416905803	3.28416905803	3.28416905803	3.28416905803	3.28416905803	3.28416905803	3.28416905803	3.28416905803	3.28416905803	3.28416905803	3.28494857089	3.28594810495	3.20559794362	3.20559794362	3.20559794362	3.20559794362	3.20559794362	3.20559794362	0.0	0.0	0.0	0.0	0.0	5.72813360812	5.90885867756	5.90885867756	5.90885867756	5.90885867756	5.90885867756	5.90885867756	3.20606912312	3.20606912312
3.55420361657	3.55129713289	3.55420361657	3.20606912312	0.0	3.28494857089	3.55420361657	5.72813360812	3.55129713289	3.28416905803	3.28416905803	3.28416905803	3.28416905803	3.28416905803	3.28416905803	3.28416905803	3.28416905803	3.28416905803	3.28416905803	3.28416905803	3.28416905803	3.28494857089	3.28594810495	3.20559794362	3.20559794362	3.20559794362	3.20559794362	3.20559794362	3.20559794362	0.0	0.0	0.0	0.0	0.0	5.72813360812	5.90885867756	5.90885867756	5.90885867756	5.90885867756	5.90885867756	5.90885867756	3.20606912312	3.20606912312
3.55420361657	3.55129713289	3.55420361657	3.20606912312	0.0	3.28494857089	3.55420361657	5.72813360812	3.55129713289	3.28416905803	3.28416905803	3.28416905803	3.28416905803	3.28416905803	3.28416905803	3.28416905803	3.28416905803	3.28416905803	3.28416905803	3.28416905803	3.28416905803	3.28494857089	3.28594810495	3.20559794362	3.20559794362	3.20559794362	3.20559794362	3.20559794362	3.20559794362	0.0	0.0	0.0	0.0	0.0	5.72813360812	5.90885867756	5.90885867756	5.90885867756	5.90885867756	5.90885867756	5.90885867756	3.20606912312	3.20606912312
3.55420361657	3.55129713289	3.55420361657	3.20606912312	0.0	3.28494857089	3.55420361657	5.72813360812	3.55129713289	3.28416905803	3.28416905803	3.28416905803	3.28416905803	3.28416905803	3.28416905803	3.28416905803	3.28416905803	3.28416905803	3.28416905803	3.28416905803	3.28416905803	3.28494857089	3.28594810495	3.20559794362	3.20559794362	3.20559794362	3.20559794362	3.20559794362	3.20559794362	0.0	0.0	0.0	0.0	0.0	5.72813360812	5.90885867756	5.90885867756	5.90885867756	5.90885867756	5.90885867756	5.90885867756	3.20606912312	3.20606912312
3.55420361657	3.55129713289	3.55420361657	3.20606912312	0.0	3.28494857089	3.55420361657	5.72813360812	3.55129713289	3.28416905803	3.28416905803	3.28416905803	3.28416905803	3.28416905803	3.28416905803	3.28416905803	3.28416905803	3.28416905803	3.28416905803	3.28416905803	3.28416905803	3.28494857089	3.28594810495	3.20559794362	3.20559794362	3.20559794362	3.20559794362	3.20559794362	3.20559794362	0.0	0.0	0.0	0.0	0.0	5.72813360812	5.90885867756	5.90885867756	5.90885867756	5.90885867756	5.90885867756	5.90885867756	3.20606912312	3.20606912312
2.24699166991	2.24401354719	2.24699166991	2.66790299525	5.72813360812	2.73963547938	2.24699166991	0.0	2.24401354719	2.73885455755	2.73885455755	2.73885455755	2.73885455755	2.73885455755	2.73885455755	2.73885455755	2.73885455755	2.73885455755	2.73885455755	2.73885455755	2.73885455755	2.73963547938	2.74063458108	2.66372895078	2.66372895078	2.66372895078	2.66372895078	2.66372895078	2.66372895078	5.72813360812	5.72813360812	5.72813360812	5.72813360812	5.72813360812	0.0	4.63946684361	4.63946684361	4.63946684361	4.63946684361	4.63946684361	4.63946684361	2.66790299525	2.66790299525
2.51874840769	2.5157771081	2.51874840769	2.86632147527	5.90885867756	2.93811935233	2.51874840769	4.63946684361	2.5157771081	2.93733849118	2.93733849118	2.93733849118	2.93733849118	2.93733849118	2.93733849118	2.93733849118	2.93733849118	2.93733849118	2.93733849118	2.93733849118	2.93733849118	2.93811935233	2.93911847318	2.8620374059	2.8620374059	2.8620374059	2.8620374059	2.8620374059	2.8620374059	5.90885867756	5.90885867756	5.90885867756	5.90885867756	5.90885867756	4.63946684361	0.0	0.0	0.0	0.0	0.0	0.0	2.86632147527	2.86632147527
2.51874840769	2.5157771081	2.51874840769	2.86632147527	5.90885867756	2.93811935233	2.51874840769	4.63946684361	2.5157771081	2.93733849118	2.93733849118	2.93733849118	2.93733849118	2.93733849118	2.93733849118	2.93733849118	2.93733849118	2.93733849118	2.93733849118	2.93733849118	2.93733849118	2.93811935233	2.93911847318	2.8620374059	2.8620374059	2.8620374059	2.8620374059	2.8620374059	2.8620374059	5.90885867756	5.90885867756	5.90885867756	5.90885867756	5.90885867756	4.63946684361	0.0	0.0	0.0	0.0	0.0	0.0	2.86632147527	2.86632147527
2.51874840769	2.5157771081	2.51874840769	2.86632147527	5.90885867756	2.93811935233	2.51874840769	4.63946684361	2.5157771081	2.93733849118	2.93733849118	2.93733849118	2.93733849118	2.93733849118	2.93733849118	2.93733849118	2.93733849118	2.93733849118	2.93733849118	2.93733849118	2.93733849118	2.93811935233	2.93911847318	2.8620374059	2.8620374059	2.8620374059	2.8620374059	2.8620374059	2.8620374059	5.90885867756	5.90885867756	5.90885867756	5.90885867756	5.90885867756	4.63946684361	0.0	0.0	0.0	0.0	0.0	0.0	2.86632147527	2.86632147527
2.51874840769	2.5157771081	2.51874840769	2.86632147527	5.90885867756	2.93811935233	2.51874840769	4.63946684361	2.5157771081	2.93733849118	2.93733849118	2.93733849118	2.93733849118	2.93733849118	2.93733849118	2.93733849118	2.93733849118	2.93733849118	2.93733849118	2.93733849118	2.93733849118	2.93811935233	2.93911847318	2.8620374059	2.8620374059	2.8620374059	2.8620374059	2.8620374059	2.8620374059	5.90885867756	5.90885867756	5.90885867756	5.90885867756	5.90885867756	4.63946684361	0.0	0.0	0.0	0.0	0.0	0.0	2.86632147527	2.86632147527
2.51874840769	2.5157771081	2.51874840769	2.86632147527	5.90885867756	2.93811935233	2.51874840769	4.63946684361	2.5157771081	2.93733849118	2.93733849118	2.93733849118	2.93733849118	2.93733849118	2.93733849118	2.93733849118	2.93733849118	2.93733849118	2.93733849118	2.93733849118	2.93733849118	2.93811935233	2.93911847318	2.8620374059	2.8620374059	2.8620374059	2.8620374059	2.8620374059	2.8620374059	5.90885867756	5.90885867756	5.90885867756	5.90885867756	5.90885867756	4.63946684361	0.0	0.0	0.0	0.0	0.0	0.0	2.86632147527	2.86632147527
2.51874840769	2.5157771081	2.51874840769	2.86632147527	5.90885867756	2.93811935233	2.51874840769	4.63946684361	2.5157771081	2.93733849118	2.93733849118	2.93733849118	2.93733849118	2.93733849118	2.93733849118	2.93733849118	2.93733849118	2.93733849118	2.93733849118	2.93733849118	2.93733849118	2.93811935233	2.93911847318	2.8620374059	2.8620374059	2.8620374059	2.8620374059	2.8620374059	2.8620374059	5.90885867756	5.90885867756	5.90885867756	5.90885867756	5.90885867756	4.63946684361	0.0	0.0	0.0	0.0	0.0	0.0	2.86632147527	2.86632147527
0.491363340814	0.488464894213	0.491363340814	0.0	3.20606912312	0.0944202780896	0.491363340814	2.66790299525	0.488464894213	0.0936415509701	0.0936415509701	0.0936415509701	0.0936415509701	0.0936415509701	0.0936415509701	0.0936415509701	0.0936415509701	0.0936415509701	0.0936415509701	0.0936415509701	0.0936415509701	0.0944202780896	0.0954200647922	0.0142930306111	0.0142930306111	0.0142930306111	0.0142930306111	0.0142930306111	0.0142930306111	3.20606912312	3.20606912312	3.20606912312	3.20606912312	3.20606912312	2.66790299525	2.86632147527	2.86632147527	2.86632147527	2.86632147527	2.86632147527	2.86632147527	0.0	0.0
0.491363340814	0.488464894213	0.491363340814	0.0	3.20606912312	0.0944202780896	0.491363340814	2.66790299525	0.488464894213	0.0936415509701	0.0936415509701	0.0936415509701	0.0936415509701	0.0936415509701	0.0936415509701	0.0936415509701	0.0936415509701	0.0936415509701	0.0936415509701	0.0936415509701	0.0936415509701	0.0944202780896	0.0954200647922	0.0142930306111	0.0142930306111	0.0142930306111	0.0142930306111	0.0142930306111	0.0142930306111	3.20606912312	3.20606912312	3.20606912312	3.20606912312	3.20606912312	2.66790299525	2.86632147527	2.86632147527	2.86632147527	2.86632147527	2.86632147527	2.86632147527	0.0	0.0