0.0	11.7205123759	0.0	17.5723478133	20.6123907512	26.0997244029	0.0	19.4911159007	11.7205123759	25.7242236269	25.7242236269	25.7242236269	25.7242236269	25.7242236269	25.7242236269	25.7242236269	25.7242236269	25.7242236269	25.7242236269	25.7242236269	25.7242236269	26.0997244029	25.9517008337	17.4625207881	17.4625207881	17.4625207881	17.4625207881	17.4625207881	17.4625207881	20.6123907512	20.6123907512	20.6123907512	20.6123907512	20.6123907512	19.4911159007	19.9423443148	19.9423443148	19.9423443148	19.9423443148	19.9423443148	19.9423443148	17.5723478133	17.5723478133
11.7205123759	0.0	11.7205123759	17.5839359762	20.6195757074	26.0973539212	11.7205123759	19.4870057281	0.0	25.7218476721	25.7218476721	25.7218476721	25.7218476721	25.7218476721	25.7218476721	25.7218476721	25.7218476721	25.7218476721	25.7218476721	25.7218476721	25.7218476721	26.0973539212	25.9493321575	17.4636902422	17.4636902422	17.4636902422	17.4636902422	17.4636902422	17.4636902422	20.6195757074	20.6195757074	20.6195757074	20.6195757074	20.6195757074	19.4870057281	19.9423857311	19.9423857311	19.9423857311	19.9423857311	19.9423857311	19.9423857311	17.5839359762	17.5839359762
0.0	11.7205123759	0.0	17.5723478133	20.6123907512	26.0997244029	0.0	19.4911159007	11.7205123759	25.7242236269	25.7242236269	25.7242236269	25.7242236269	25.7242236269	25.7242236269	25.7242236269	25.7242236269	25.7242236269	25.7242236269	25.7242236269	25.7242236269	26.0997244029	25.9517008337	17.4625207881	17.4625207881	17.4625207881	17.4625207881	17.4625207881	17.4625207881	20.6123907512	20.6123907512	20.6123907512	20.6123907512	20.6123907512	19.4911159007	19.9423443148	19.9423443148	19.9423443148	19.9423443148	19.9423443148	19.9423443148	17.5723478133	17.5723478133
17.5723478133	17.5839359762	17.5723478133	0.0	11.5892111677	17.6782201312	17.5723478133	13.4072816058	17.5839359762	17.3030436162	17.3030436162	17.3030436162	17.3030436162	17.3030436162	17.3030436162	17.3030436162	17.3030436162	17.3030436162	17.3030436162	17.3030436162	17.3030436162	17.6782201312	17.530069989	8.43345457477	8.43345457477	8.43345457477	8.43345457477	8.43345457477	8.43345457477	11.5892111677	11.5892111677	11.5892111677	11.5892111677	11.5892111677	13.4072816058	13.3849560797	13.3849560797	13.3849560797	13.3849560797	13.3849560797	13.3849560797	0.0	0.0
20.6123907512	20.6195757074	20.6123907512	11.5892111677	0.0	21.1009000511	20.6123907512	15.8721462812	20.6195757074	20.7255834041	20.7255834041	20.7255834041	20.7255834041	20.7255834041	20.7255834041	20.7255834041	20.7255834041	20.7255834041	20.7255834041	20.7255834041	20.7255834041	21.1009000511	20.9527960629	11.4239675803	11.4239675803	11.4239675803	11.4239675803	11.4239675803	11.4239675803	0.0	0.0	0.0	0.0	0.0	15.8721462812	15.6465595274	15.6465595274	15.6465595274	15.6465595274	15.6465595274	15.6465595274	11.5892111677	11.5892111677
26.0997244029	26.0973539212	26.0997244029	17.6782201312	21.1009000511	0.0	26.0997244029	21.8573308177	26.0973539212	13.326694414	13.326694414	13.326694414	13.326694414	13.326694414	13.326694414	13.326694414	13.326694414	13.326694414	13.326694414	13.326694414	13.326694414	0.0	11.4479442567	16.742285459	16.742285459	16.742285459	16.742285459	16.742285459	16.742285459	21.1009000511	21.1009000511	21.1009000511	21.1009000511	21.1009000511	21.8573308177	21.9312873096	21.9312873096	21.9312873096	21.9312873096	21.9312873096	21.9312873096	17.6782201312	17.6782201312
0.0	11.7205123759	0.0	17.5723478133	20.6123907512	26.0997244029	0.0	19.4911159007	11.7205123759	25.7242236269	25.7242236269	25.7242236269	25.7242236269	25.7242236269	25.7242236269	25.7242236269	25.7242236269	25.7242236269	25.7242236269	25.7242236269	25.7242236269	26.0997244029	25.9517008337	17.4625207881	17.4625207881	17.4625207881	17.4625207881	17.4625207881	17.4625207881	20.6123907512	20.6123907512	20.6123907512	20.6123907512	20.6123907512	19.4911159007	19.9423443148	19.9423443148	19.9423443148	19.9423443148	19.9423443148	19.9423443148	17.5723478133	17.5723478133
19.4911159007	19.4870057281	19.4911159007	13.4072816058	15.8721462812	21.8573308177	19.4911159007	0.0	19.4870057281	21.4818035569	21.4818035569	21.4818035569	21.4818035569	21.4818035569	21.4818035569	21.4818035569	21.4818035569	21.4818035569	21.4818035569	21.4818035569	21.4818035569	21.8573308177	21.7093081417	12.9948246617	12.9948246617	12.9948246617	12.9948246617	12.9948246617	12.9948246617	15.8721462812	15.8721462812	15.8721462812	15.8721462812	15.8721462812	0.0	12.2691458734	12.2691458734	12.2691458734	12.2691458734	12.2691458734	12.2691458734	13.4072816058	13.4072816058
11.7205123759	0.0	11.7205123759	17.5839359762	20.6195757074	26.0973539212	11.7205123759	19.4870057281	0.0	25.7218476721	25.7218476721	25.7218476721	25.7218476721	25.7218476721	25.7218476721	25.7218476721	25.7218476721	25.7218476721	25.7218476721	25.7218476721	25.7218476721	26.0973539212	25.9493321575	17.4636902422	17.4636902422	17.4636902422	17.4636902422	17.4636902422	17.4636902422	20.6195757074	20.6195757074	20.6195757074	20.6195757074	20.6195757074	19.4870057281	19.9423857311	19.9423857311	19.9423857311	19.9423857311	19.9423857311	19.9423857311	17.5839359762	17.5839359762
25.7242236269	25.7218476721	25.7242236269	17.3030436162	20.7255834041	13.326694414	25.7242236269	21.4818035569	25.7218476721	0.0	0.0	0.0	0.0	0.0	0.0	0.0	0.0	0.0	0.0	0.0	0.0	13.326694414	12.2128753074	16.3670334945	16.3670334945	16.3670334945	16.3670334945	16.3670334945	16.3670334945	20.7255834041	20.7255834041	20.7255834041	20.7255834041	20.7255834041	21.4818035569	21.5557917108	21.5557917108	21.5557917108	21.5557917108	21.5557917108	21.5557917108	17.3030436162	17.3030436162
25.7242236269	25.7218476721	25.7242236269	17.3030436162	20.7255834041	13.326694414	25.7242236269	21.4818035569	25.7218476721	0.0	0.0	0.0	0.0	0.0	0.0	0.0	0.0	0.0	0.0	0.0	0.0	13.326694414	12.2128753074	16.3670334945	16.3670334945	16.3670334945	16.3670334945	16.3670334945	16.3670334945	20.7255834041	20.7255834041	20.7255834041	20.7255834041	20.7255834041	21.4818035569	21.5557917108	21.5557917108	21.5557917108	21.5557917108	21.5557917108	21.5557917108	17.3030436162	17.3030436162
25.7242236269	25.7218476721	25.7242236269	17.3030436162	20.7255834041	13.326694414	25.7242236269	21.4818035569	25.7218476721	0.0	0.0	0.0	0.0	0.0	0.0	0.0	0.0	0.0	0.0	0.0	0.0	13.326694414	12.2128753074	16.3670334945	16.3670334945	16.3670334945	16.3670334945	16.3670334945	16.3670334945	20.7255834041	20.7255834041	20.7255834041	20.7255834041	20.7255834041	21.4818035569	21.5557917108	21.5557917108	21.5557917108	21.5557917108	21.5557917108	21.5557917108	17.3030436162	17.3030436162
25.7242236269	25.7218476721	25.7242236269	17.3030436162	20.7255834041	13.326694414	25.7242236269	21.4818035569	25.7218476721	0.0	0.0	0.0	0.0	0.0	0.0	0.0	0.0	0.0	0.0	0.0	0.0	13.326694414	12.2128753074	16.3670334945	16.3670334945	16.3670334945	16.3670334945	16.3670334945	16.3670334945	20.7255834041	20.7255834041	20.7255834041	20.7255834041	20.7255834041	21.4818035569	21.5557917108	21.5557917108	21.5557917108	21.5557917108	21.5557917108	21.5557917108	17.3030436162	17.3030436162
25.7242236269	25.7218476721	25.7242236269	17.3030436162	20.7255834041	13.326694414	25.7242236269	21.4818035569	25.7218476721	0.0	0.0	0.0	0.0	0.0	0.0	0.0	0.0	0.0	0.0	0.0	0.0	13.326694414	12.2128753074	16.3670334945	16.3670334945	16.3670334945	16.3670334945	16.3670334945	16.3670334945	20.7255834041	20.7255834041	20.7255834041	20.7255834041	20.7255834041	21.4818035569	21.5557917108	21.5557917108	21.5557917108	21.5557917108	21.5557917108	21.5557917108	17.3030436162	17.3030436162
25.7242236269	25.7218476721	25.7242236269	17.3030436162	20.7255834041	13.326694414	25.7242236269	21.4818035569	25.7218476721	0.0	0.0	0.0	0.0	0.0	0.0	0.0	0.0	0.0	0.0	0.0	0.0	13.326694414	12.2128753074	16.3670334945	16.3670334945	16.3670334945	16.3670334945	16.3670334945	16.3670334945	20.7255834041	20.7255834041	20.7255834041	20.7255834041	20.7255834041	21.4818035569	21.5557917108	21.5557917108	21.5557917108	21.5557917108	21.5557917108	21.5557917108	17.3030436162	17.3030436162
25.7242236269	25.7218476721	25.7242236269	17.3030436162	20.7255834041	13.326694414	25.7242236269	21.4818035569	25.7218476721	0.0	0.0	0.0	0.0	0.0	0.0	0.0	0.0	0.0	0.0	0.0	0.0	13.326694414	12.2128753074	16.3670334945	16.3670334945	16.3670334945	16.3670334945	16.3670334945	16.3670334945	20.7255834041	20.7255834041	20.7255834041	20.7255834041	20.7255834041	21.4818035569	21.5557917108	21.5557917108	21.5557917108	21.5557917108	21.5557917108	21.5557917108	17.3030436162	17.3030436162
25.7242236269	25.7218476721	25.7242236269	17.3030436162	20.7255834041	13.326694414	25.7242236269	21.4818035569	25.7218476721	0.0	0.0	0.0	0.0	0.0	0.0	0.0	0.0	0.0	0.0	0.0	0.0	13.326694414	12.2128753074	16.3670334945	16.3670334945	16.3670334945	16.3670334945	16.3670334945	16.3670334945	20.7255834041	20.7255834041	20.7255834041	20.7255834041	20.7255834041	21.4818035569	21.5557917108	21.5557917108	21.5557917108	21.5557917108	21.5557917108	21.5557917108	17.3030436162	17.3030436162
25.7242236269	25.7218476721	25.7242236269	17.3030436162	20.7255834041	13.326694414	25.7242236269	21.4818035569	25.7218476721	0.0	0.0	0.0	0.0	0.0	0.0	0.0	0.0	0.0	0.0	0.0	0.0	13.326694414	12.2128753074	16.3670334945	16.3670334945	16.3670334945	16.3670334945	16.3670334945	16.3670334945	20.7255834041	20.7255834041	20.7255834041	20.7255834041	20.7255834041	21.4818035569	21.5557917108	21.5557917108	21.5557917108	21.5557917108	21.5557917108	21.5557917108	17.3030436162	17.3030436162
25.7242236269	25.7218476721	25.7242236269	17.3030436162	20.7255834041	13.326694414	25.7242236269	21.4818035569	25.7218476721	0.0	0.0	0.0	0.0	0.0	0.0	0.0	0.0	0.0	0.0	0.0	0.0	13.326694414	12.2128753074	16.3670334945	16.3670334945	16.3670334945	16.3670334945	16.3670334945	16.3670334945	20.7255834041	20.7255834041	20.7255834041	20.7255834041	20.7255834041	21.4818035569	21.5557917108	21.5557917108	21.5557917108	21.5557917108	21.5557917108	21.5557917108	17.3030436162	17.3030436162
25.7242236269	25.7218476721	25.7242236269	17.3030436162	20.7255834041	13.326694414	25.7242236269	21.4818035569	25.7218476721	0.0	0.0	0.0	0.0	0.0	0.0	0.0	0.0	0.0	0.0	0.0	0.0	13.326694414	12.2128753074	16.3670334945	16.3670334945	16.3670334945	16.3670334945	16.3670334945	16.3670334945	20.7255834041	20.7255834041	20.7255834041	20.7255834041	20.7255834041	21.4818035569	21.5557917108	21.5557917108	21.5557917108	21.5557917108	21.5557917108	21.5557917108	17.3030436162	17.3030436162
25.7242236269	25.7218476721	25.7242236269	17.3030436162	20.7255834041	13.326694414	25.7242236269	21.4818035569	25.7218476721	0.0	0.0	0.0	0.0	0.0	0.0	0.0	0.0	0.0	0.0	0.0	0.0	13.326694414	12.2128753074	16.3670334945	16.3670334945	16.3670334945	16.3670334945	16.3670334945	16.3670334945	20.7255834041	20.7255834041	20.7255834041	20.7255834041	20.7255834041	21.4818035569	21.5557917108	21.5557917108	21.5557917108	21.5557917108	21.5557917108	21.5557917108	17.3030436162	17.3030436162
26.0997244029	26.0973539212	26.0997244029	17.6782201312	21.1009000511	0.0	26.0997244029	21.8573308177	26.0973539212	13.326694414	13.326694414	13.326694414	13.326694414	13.326694414	13.326694414	13.326694414	13.326694414	13.326694414	13.326694414	13.326694414	13.326694414	0.0	11.4479442567	16.742285459	16.742285459	16.742285459	16.742285459	16.742285459	16.742285459	21.1009000511	21.1009000511	21.1009000511	21.1009000511	21.1009000511	21.8573308177	21.9312873096	21.9312873096	21.9312873096	21.9312873096	21.9312873096	21.9312873096	17.6782201312	17.6782201312
25.9517008337	25.9493321575	25.9517008337	17.530069989	20.9527960629	11.4479442567	25.9517008337	21.7093081417	25.9493321575	12.2128753074	12.2128753074	12.2128753074	12.2128753074	12.2128753074	12.2128753074	12.2128753074	12.2128753074	12.2128753074	12.2128753074	12.2128753074	12.2128753074	11.4479442567	0.0	16.5941519836	16.5941519836	16.5941519836	16.5941519836	16.5941519836	16.5941519836	20.9527960629	20.9527960629	20.9527960629	20.9527960629	20.9527960629	21.7093081417	21.7832515785	21.7832515785	21.7832515785	21.7832515785	21.7832515785	21.7832515785	17.530069989	17.530069989
17.4625207881	17.4636902422	17.4625207881	8.43345457477	11.4239675803	16.742285459	17.4625207881	12.9948246617	17.4636902422	16.3670334945	16.3670334945	16.3670334945	16.3670334945	16.3670334945	16.3670334945	16.3670334945	16.3670334945	16.3670334945	16.3670334945	16.3670334945	16.3670334945	16.742285459	16.5941519836	0.0	0.0	0.0	0.0	0.0	0.0	11.4239675803	11.4239675803	11.4239675803	11.4239675803	11.4239675803	12.9948246617	12.9630271611	12.9630271611	12.9630271611	12.9630271611	12.9630271611	12.9630271611	8.43345457477	8.43345457477
17.4625207881	17.4636902422	17.4625207881	8.43345457477	11.4239675803	16.742285459	17.4625207881	12.9948246617	17.4636902422	16.3670334945	16.3670334945	16.3670334945	16.3670334945	16.3670334945	16.3670334945	16.3670334945	16.3670334945	16.3670334945	16.3670334945	16.3670334945	16.3670334945	16.742285459	16.5941519836	0.0	0.0	0.0	0.0	0.0	0.0	11.4239675803	11.4239675803	11.4239675803	11.4239675803	11.4239675803	12.9948246617	12.9630271611	12.9630271611	12.9630271611	12.9630271611	12.9630271611	12.9630271611	8.43345457477	8.43345457477
17.4625207881	17.4636902422	17.4625207881	8.43345457477	11.4239675803	16.742285459	17.4625207881	12.9948246617	17.4636902422	16.3670334945	16.3670334945	16.3670334945	16.3670334945	16.3670334945	16.3670334945	16.3670334945	16.3670334945	16.3670334945	16.3670334945	16.3670334945	16.3670334945	16.742285459	16.5941519836	0.0	0.0	0.0	0.0	0.0	0.0	11.4239675803	11.4239675803	11.4239675803	11.4239675803	11.4239675803	12.9948246617	12.9630271611	12.9630271611	12.9630271611	12.9630271611	12.9630271611	12.9630271611	8.43345457477	8.43345457477
17.4625207881	17.4636902422	17.4625207881	8.43345457477	11.4239675803	16.742285459	17.4625207881	12.9948246617	17.4636902422	16.3670334945	16.3670334945	16.3670334945	16.3670334945	16.3670334945	16.3670334945	16.3670334945	16.3670334945	16.3670334945	16.3670334945	16.3670334945	16.3670334945	16.742285459	16.5941519836	0.0	0.0	0.0	0.0	0.0	0.0	11.4239675803	11.4239675803	11.4239675803	11.4239675803	11.4239675803	12.9948246617	12.9630271611	12.9630271611	12.9630271611	12.9630271611	12.9630271611	12.9630271611	8.43345457477	8.43345457477
17.4625207881	17.4636902422	17.4625207881	8.43345457477	11.4239675803	16.742285459	17.4625207881	12.9948246617	17.4636902422	16.3670334945	16.3670334945	16.3670334945	16.3670334945	16.3670334945	16.3670334945	16.3670334945	16.3670334945	16.3670334945	16.3670334945	16.3670334945	16.3670334945	16.742285459	16.5941519836	0.0	0.0	0.0	0.0	0.0	0.0	11.4239675803	11.4239675803	11.4239675803	11.4239675803	11.4239675803	12.9948246617	12.9630271611	12.9630271611	12.9630271611	12.9630271611	12.9630271611	12.9630271611	8.43345457477	8.43345457477
17.4625207881	17.4636902422	17.4625207881	8.43345457477	11.4239675803	16.742285459	17.4625207881	12.9948246617	17.4636902422	16.3670334945	16.3670334945	16.3670334945	16.3670334945	16.3670334945	16.3670334945	16.3670334945	16.3670334945	16.3670334945	16.3670334945	16.3670334945	16.3670334945	16.742285459	16.5941519836	0.0	0.0	0.0	0.0	0.0	0.0	11.4239675803	11.4239675803	11.4239675803	11.4239675803	11.4239675803	12.9948246617	12.9630271611	12.9630271611	12.9630271611	12.9630271611	12.9630271611	12.9630271611	8.43345457477	8.43345457477
20.6123907512	20.6195757074	20.6123907512	11.5892111677	0.0	21.1009000511	20.6123907512	15.8721462812	20.6195757074	20.7255834041	20.7255834041	20.7255834041	20.7255834041	20.7255834041	20.7255834041	20.7255834041	20.7255834041	20.7255834041	20.7255834041	20.7255834041	20.7255834041	21.1009000511	20.9527960629	11.4239675803	11.4239675803	11.4239675803	11.4239675803	11.4239675803	11.4239675803	0.0	0.0	0.0	0.0	0.0	15.8721462812	15.6465595274	15.6465595274	15.6465595274	15.6465595274	15.6465595274	15.6465595274	11.5892111677	11.5892111677
20.6123907512	20.6195757074	20.6123907512	11.5892111677	0.0	21.1009000511	20.6123907512	15.8721462812	20.6195757074	20.7255834041	20.7255834041	20.7255834041	20.7255834041	20.7255834041	20.7255834041	20.7255834041	20.7255834041	20.7255834041	20.7255834041	20.7255834041	20.7255834041	21.1009000511	20.9527960629	11.4239675803	11.4239675803	11.4239675803	11.4239675803	11.4239675803	11.4239675803	0.0	0.0	0.0	0.0	0.0	15.8721462812	15.6465595274	15.6465595274	15.6465595274	15.6465595274	15.6465595274	15.6465595274	11.5892111677	11.5892111677
20.6123907512	20.6195757074	20.6123907512	11.5892111677	0.0	21.1009000511	20.6123907512	15.8721462812	20.6195757074	20.7255834041	20.7255834041	20.7255834041	20.7255834041	20.7255834041	20.7255834041	20.7255834041	20.7255834041	20.7255834041	20.7255834041	20.7255834041	20.7255834041	21.1009000511	20.9527960629	11.4239675803	11.4239675803	11.4239675803	11.4239675803	11.4239675803	11.4239675803	0.0	0.0	0.0	0.0	0.0	15.8721462812	15.6465595274	15.6465595274	15.6465595274	15.6465595274	15.6465595274	15.6465595274	11.5892111677	11.5892111677
20.6123907512	20.6195757074	20.6123907512	11.5892111677	0.0	21.1009000511	20.6123907512	15.8721462812	20.6195757074	20.7255834041	20.7255834041	20.7255834041	20.7255834041	20.7255834041	20.7255834041	20.7255834041	20.7255834041	20.7255834041	20.7255834041	20.7255834041	20.7255834041	21.1009000511	20.9527960629	11.4239675803	11.4239675803	11.4239675803	11.4239675803	11.4239675803	11.4239675803	0.0	0.0	0.0	0.0	0.0	15.8721462812	15.6465595274	15.6465595274	15.6465595274	15.6465595274	15.6465595274	15.6465595274	11.5892111677	11.5892111677
20.6123907512	20.6195757074	20.6123907512	11.5892111677	0.0	21.1009000511	20.6123907512	15.8721462812	20.6195757074	20.7255834041	20.7255834041	20.7255834041	20.7255834041	20.7255834041	20.7255834041	20.7255834041	20.7255834041	20.7255834041	20.7255834041	20.7255834041	20.7255834041	21.1009000511	20.9527960629	11.4239675803	11.4239675803	11.4239675803	11.4239675803	11.4239675803	11.4239675803	0.0	0.0	0.0	0.0	0.0	15.8721462812	15.6465595274	15.6465595274	15.6465595274	15.6465595274	15.6465595274	15.6465595274	11.5892111677	11.5892111677
19.4911159007	19.4870057281	19.4911159007	13.4072816058	15.8721462812	21.8573308177	19.4911159007	0.0	19.4870057281	21.4818035569	21.4818035569	21.4818035569	21.4818035569	21.4818035569	21.4818035569	21.4818035569	21.4818035569	21.4818035569	21.4818035569	21.4818035569	21.4818035569	21.8573308177	21.7093081417	12.9948246617	12.9948246617	12.9948246617	12.9948246617	12.9948246617	12.9948246617	15.8721462812	15.8721462812	15.8721462812	15.8721462812	15.8721462812	0.0	12.2691458734	12.2691458734	12.2691458734	12.2691458734	12.2691458734	12.2691458734	13.4072816058	13.4072816058
19.9423443148	19.9423857311	19.9423443148	13.3849560797	15.6465595274	21.9312873096	19.9423443148	12.2691458734	19.9423857311	21.5557917108	21.5557917108	21.5557917108	21.5557917108	21.5557917108	21.5557917108	21.5557917108	21.5557917108	21.5557917108	21.5557917108	21.5557917108	21.5557917108	21.9312873096	21.7832515785	12.9630271611	12.9630271611	12.9630271611	12.9630271611	12.9630271611	12.9630271611	15.6465595274	15.6465595274	15.6465595274	15.6465595274	15.6465595274	12.2691458734	0.0	0.0	0.0	0.0	0.0	0.0	13.3849560797	13.3849560797
19.9423443148	19.9423857311	19.9423443148	13.3849560797	15.6465595274	21.9312873096	19.9423443148	12.2691458734	19.9423857311	21.5557917108	21.5557917108	21.5557917108	21.5557917108	21.5557917108	21.5557917108	21.5557917108	21.5557917108	21.5557917108	21.5557917108	21.5557917108	21.5557917108	21.9312873096	21.7832515785	12.9630271611	12.9630271611	12.9630271611	12.9630271611	12.9630271611	12.9630271611	15.6465595274	15.6465595274	15.6465595274	15.6465595274	15.6465595274	12.2691458734	0.0	0.0	0.0	0.0	0.0	0.0	13.3849560797	13.3849560797
19.9423443148	19.9423857311	19.9423443148	13.3849560797	15.6465595274	21.9312873096	19.9423443148	12.2691458734	19.9423857311	21.5557917108	21.5557917108	21.5557917108	21.5557917108	21.5557917108	21.5557917108	21.5557917108	21.5557917108	21.5557917108	21.5557917108	21.5557917108	21.5557917108	21.9312873096	21.7832515785	12.9630271611	12.9630271611	12.9630271611	12.9630271611	12.9630271611	12.9630271611	15.6465595274	15.6465595274	15.6465595274	15.6465595274	15.6465595274	12.2691458734	0.0	0.0	0.0	0.0	0.0	0.0	13.3849560797	13.3849560797
19.9423443148	19.9423857311	19.9423443148	13.3849560797	15.6465595274	21.9312873096	19.9423443148	12.2691458734	19.9423857311	21.5557917108	21.5557917108	21.5557917108	21.5557917108	21.5557917108	21.5557917108	21.5557917108	21.5557917108	21.5557917108	21.5557917108	21.5557917108	21.5557917108	21.9312873096	21.7832515785	12.9630271611	12.9630271611	12.9630271611	12.9630271611	12.9630271611	12.9630271611	15.6465595274	15.6465595274	15.6465595274	15.6465595274	15.6465595274	12.2691458734	0.0	0.0	0.0	0.0	0.0	0.0	13.3849560797	13.3849560797
19.9423443148	19.9423857311	19.9423443148	13.3849560797	15.6465595274	21.9312873096	19.9423443148	12.2691458734	19.9423857311	21.5557917108	21.5557917108	21.5557917108	21.5557917108	21.5557917108	21.5557917108	21.5557917108	21.5557917108	21.5557917108	21.5557917108	21.5557917108	21.5557917108	21.9312873096	21.7832515785	12.9630271611	12.9630271611	12.9630271611	12.9630271611	12.9630271611	12.9630271611	15.6465595274	15.6465595274	15.6465595274	15.6465595274	15.6465595274	12.2691458734	0.0	0.0	0.0	0.0	0.0	0.0	13.3849560797	13.3849560797
19.9423443148	19.9423857311	19.9423443148	13.3849560797	15.6465595274	21.9312873096	19.9423443148	12.2691458734	19.9423857311	21.5557917108	21.5557917108	21.5557917108	21.5557917108	21.5557917108	21.5557917108	21.5557917108	21.5557917108	21.5557917108	21.5557917108	21.5557917108	21.5557917108	21.9312873096	21.7832515785	12.9630271611	12.9630271611	12.9630271611	12.9630271611	12.9630271611	12.9630271611	15.6465595274	15.6465595274	15.6465595274	15.6465595274	15.6465595274	12.2691458734	0.0	0.0	0.0	0.0	0.0	0.0	13.3849560797	13.3849560797
17.5723478133	17.5839359762	17.5723478133	0.0	11.5892111677	17.6782201312	17.5723478133	13.4072816058	17.5839359762	17.3030436162	17.3030436162	17.3030436162	17.3030436162	17.3030436162	17.3030436162	17.3030436162	17.3030436162	17.3030436162	17.3030436162	17.3030436162	17.3030436162	17.6782201312	17.530069989	8.43345457477	8.43345457477	8.43345457477	8.43345457477	8.43345457477	8.43345457477	11.5892111677	11.5892111677	11.5892111677	11.5892111677	11.5892111677	13.4072816058	13.3849560797	13.3849560797	13.3849560797	13.3849560797	13.3849560797	13.3849560797	0.0	0.0
17.5723478133	17.5839359762	17.5723478133	0.0	11.5892111677	17.6782201312	17.5723478133	13.4072816058	17.5839359762	17.3030436162	17.3030436162	17.3030436162	17.3030436162	17.3030436162	17.3030436162	17.3030436162	17.3030436162	17.3030436162	17.3030436162	17.3030436162	17.3030436162	17.6782201312	17.530069989	8.43345457477	8.43345457477	8.43345457477	8.43345457477	8.43345457477	8.43345457477	11.5892111677	11.5892111677	11.5892111677	11.5892111677	11.5892111677	13.4072816058	13.3849560797	13.3849560797	13.3849560797	13.3849560797	13.3849560797	13.3849560797	0.0	0.0