1.000000000000000000e+00 2.000000000000000000e+00 5.466900901733380280e-01
1.000000000000000000e+00 3.000000000000000000e+00 1.143281302194814719e+00
1.000000000000000000e+00 4.000000000000000000e+00 1.139638415925403825e+00
1.000000000000000000e+00 5.000000000000000000e+00 1.449315974277641361e+00
1.000000000000000000e+00 6.000000000000000000e+00 1.445465782457468373e+00
2.000000000000000000e+00 3.000000000000000000e+00 1.131829061067046061e+00
2.000000000000000000e+00 4.000000000000000000e+00 1.128144541995360628e+00
2.000000000000000000e+00 5.000000000000000000e+00 1.437204713627988850e+00
2.000000000000000000e+00 6.000000000000000000e+00 1.433353182077988786e+00
3.000000000000000000e+00 4.000000000000000000e+00 5.003526194969152296e-01
3.000000000000000000e+00 5.000000000000000000e+00 1.239261146180419493e+00
3.000000000000000000e+00 6.000000000000000000e+00 1.236158190109698962e+00
4.000000000000000000e+00 5.000000000000000000e+00 1.235459281713895185e+00
4.000000000000000000e+00 6.000000000000000000e+00 1.232334901622324397e+00
5.000000000000000000e+00 6.000000000000000000e+00 4.614072027487461369e-01
