1.000000000000000000e+00 2.000000000000000000e+00 5.466855751259170892e-01
1.000000000000000000e+00 3.000000000000000000e+00 1.123494215021994869e+00
1.000000000000000000e+00 4.000000000000000000e+00 1.116292126592222322e+00
1.000000000000000000e+00 5.000000000000000000e+00 1.448049147745400722e+00
1.000000000000000000e+00 6.000000000000000000e+00 1.444590141213365708e+00
2.000000000000000000e+00 3.000000000000000000e+00 1.112053057659618371e+00
2.000000000000000000e+00 4.000000000000000000e+00 1.104809438818850742e+00
2.000000000000000000e+00 5.000000000000000000e+00 1.436008266698650671e+00
2.000000000000000000e+00 6.000000000000000000e+00 1.432547955383409288e+00
3.000000000000000000e+00 4.000000000000000000e+00 4.997448538342899038e-01
3.000000000000000000e+00 5.000000000000000000e+00 1.218353521378097826e+00
3.000000000000000000e+00 6.000000000000000000e+00 1.215581312847994866e+00
4.000000000000000000e+00 5.000000000000000000e+00 1.210888465636388522e+00
4.000000000000000000e+00 6.000000000000000000e+00 1.208095683588155556e+00
5.000000000000000000e+00 6.000000000000000000e+00 4.613889349109012716e-01
