1.000000000000000000e+00 2.000000000000000000e+00 5.466857354861981433e-01
1.000000000000000000e+00 3.000000000000000000e+00 1.123690649493928051e+00
1.000000000000000000e+00 4.000000000000000000e+00 1.116325187163372812e+00
1.000000000000000000e+00 5.000000000000000000e+00 1.448966374001237511e+00
1.000000000000000000e+00 6.000000000000000000e+00 1.445231151137393644e+00
2.000000000000000000e+00 3.000000000000000000e+00 1.112243821220817219e+00
2.000000000000000000e+00 4.000000000000000000e+00 1.104836362558696772e+00
2.000000000000000000e+00 5.000000000000000000e+00 1.436908025760466501e+00
2.000000000000000000e+00 6.000000000000000000e+00 1.433171578071199770e+00
3.000000000000000000e+00 4.000000000000000000e+00 4.997641842804911860e-01
3.000000000000000000e+00 5.000000000000000000e+00 1.225369426262469474e+00
3.000000000000000000e+00 6.000000000000000000e+00 1.222302482216705899e+00
4.000000000000000000e+00 5.000000000000000000e+00 1.217386466049671156e+00
4.000000000000000000e+00 6.000000000000000000e+00 1.214301445855911377e+00
5.000000000000000000e+00 6.000000000000000000e+00 4.613927809846505301e-01
