1.000000000000000000e+00 2.000000000000000000e+00 5.465252074602354737e-01
1.000000000000000000e+00 3.000000000000000000e+00 1.070741520359844712e+00
1.000000000000000000e+00 4.000000000000000000e+00 1.068561264961885859e+00
1.000000000000000000e+00 5.000000000000000000e+00 1.206407120717815529e+00
1.000000000000000000e+00 6.000000000000000000e+00 1.277950179156658983e+00
2.000000000000000000e+00 3.000000000000000000e+00 1.059646912824589338e+00
2.000000000000000000e+00 4.000000000000000000e+00 1.057425818720115762e+00
2.000000000000000000e+00 5.000000000000000000e+00 1.194656569871838103e+00
2.000000000000000000e+00 6.000000000000000000e+00 1.266198416483768963e+00
3.000000000000000000e+00 4.000000000000000000e+00 4.955063371733203770e-01
3.000000000000000000e+00 5.000000000000000000e+00 1.010751869265749781e+00
3.000000000000000000e+00 6.000000000000000000e+00 1.082862528091086851e+00
4.000000000000000000e+00 5.000000000000000000e+00 1.008631056155127270e+00
4.000000000000000000e+00 6.000000000000000000e+00 1.080723047942954818e+00
5.000000000000000000e+00 6.000000000000000000e+00 3.792624594840365848e-01
