1.000000000000000000e+00 2.000000000000000000e+00 5.466872152804337359e-01
1.000000000000000000e+00 3.000000000000000000e+00 1.133534912539870820e+00
1.000000000000000000e+00 4.000000000000000000e+00 1.128343238043828745e+00
1.000000000000000000e+00 5.000000000000000000e+00 1.447520667322969024e+00
1.000000000000000000e+00 6.000000000000000000e+00 1.443787240409552863e+00
2.000000000000000000e+00 3.000000000000000000e+00 1.122073513236336861e+00
2.000000000000000000e+00 4.000000000000000000e+00 1.116840590550097545e+00
2.000000000000000000e+00 5.000000000000000000e+00 1.435443898215296388e+00
2.000000000000000000e+00 6.000000000000000000e+00 1.431709203757164373e+00
3.000000000000000000e+00 4.000000000000000000e+00 5.001104994589691266e-01
3.000000000000000000e+00 5.000000000000000000e+00 1.229207780751505608e+00
3.000000000000000000e+00 6.000000000000000000e+00 1.226193128696077439e+00
4.000000000000000000e+00 5.000000000000000000e+00 1.223791699956733536e+00
4.000000000000000000e+00 6.000000000000000000e+00 1.220756162136842571e+00
5.000000000000000000e+00 6.000000000000000000e+00 4.613997347620628631e-01
