1.000000000000000000e+00 2.000000000000000000e+00 5.458038050421590848e-01
1.000000000000000000e+00 3.000000000000000000e+00 8.151266528109017973e-01
1.000000000000000000e+00 4.000000000000000000e+00 8.140434804619066655e-01
1.000000000000000000e+00 5.000000000000000000e+00 9.709223231822901035e-01
1.000000000000000000e+00 6.000000000000000000e+00 9.687766977282713521e-01
2.000000000000000000e+00 3.000000000000000000e+00 8.014412597035003305e-01
2.000000000000000000e+00 4.000000000000000000e+00 8.003235013920558805e-01
2.000000000000000000e+00 5.000000000000000000e+00 9.562642071001148381e-01
2.000000000000000000e+00 6.000000000000000000e+00 9.541165776126047104e-01
3.000000000000000000e+00 4.000000000000000000e+00 2.502190966904566105e-01
3.000000000000000000e+00 5.000000000000000000e+00 6.463240440300952461e-01
3.000000000000000000e+00 6.000000000000000000e+00 6.445701588293685225e-01
4.000000000000000000e+00 5.000000000000000000e+00 6.450160604830736943e-01
4.000000000000000000e+00 6.000000000000000000e+00 6.432534213558253056e-01
5.000000000000000000e+00 6.000000000000000000e+00 2.307217489733092153e-01
