1.000000000000000000e+00 2.000000000000000000e+00 5.465462232336367743e-01
1.000000000000000000e+00 3.000000000000000000e+00 1.008042794189003777e+00
1.000000000000000000e+00 4.000000000000000000e+00 1.003656417554868563e+00
1.000000000000000000e+00 5.000000000000000000e+00 1.004179704993775291e+00
1.000000000000000000e+00 6.000000000000000000e+00 9.932788985794346326e-01
2.000000000000000000e+00 3.000000000000000000e+00 9.985279729150640105e-01
2.000000000000000000e+00 4.000000000000000000e+00 9.941110627796396759e-01
2.000000000000000000e+00 5.000000000000000000e+00 9.940792280831269867e-01
2.000000000000000000e+00 6.000000000000000000e+00 9.831754620140212841e-01
3.000000000000000000e+00 4.000000000000000000e+00 4.984587892985341551e-01
3.000000000000000000e+00 5.000000000000000000e+00 9.570629280130000804e-01
3.000000000000000000e+00 6.000000000000000000e+00 9.479356316447432595e-01
4.000000000000000000e+00 5.000000000000000000e+00 9.527794048801709881e-01
4.000000000000000000e+00 6.000000000000000000e+00 9.435820451544468801e-01
5.000000000000000000e+00 6.000000000000000000e+00 4.607904684636759951e-01
