1.000000000000000000e+00 2.000000000000000000e+00 5.467495694087852742e-01
1.000000000000000000e+00 3.000000000000000000e+00 1.171198312575511435e+00
1.000000000000000000e+00 4.000000000000000000e+00 1.162767300191397402e+00
1.000000000000000000e+00 5.000000000000000000e+00 1.686273818335242591e+00
1.000000000000000000e+00 6.000000000000000000e+00 1.687649412330104237e+00
2.000000000000000000e+00 3.000000000000000000e+00 1.158788790175414585e+00
2.000000000000000000e+00 4.000000000000000000e+00 1.150310302808959184e+00
2.000000000000000000e+00 5.000000000000000000e+00 1.673274452215135710e+00
2.000000000000000000e+00 6.000000000000000000e+00 1.674649131869889729e+00
3.000000000000000000e+00 4.000000000000000000e+00 5.006515903451005389e-01
3.000000000000000000e+00 5.000000000000000000e+00 1.367649043820734711e+00
3.000000000000000000e+00 6.000000000000000000e+00 1.369455508219692863e+00
4.000000000000000000e+00 5.000000000000000000e+00 1.358592833564571389e+00
4.000000000000000000e+00 6.000000000000000000e+00 1.360387795848750248e+00
5.000000000000000000e+00 6.000000000000000000e+00 4.616766056693264453e-01
