1.000000000000000000e+00 2.000000000000000000e+00 5.466621237219532858e+00
1.000000000000000000e+00 3.000000000000000000e+00 1.015939590734826581e+01
1.000000000000000000e+00 4.000000000000000000e+00 1.030220633908956351e+01
1.000000000000000000e+00 5.000000000000000000e+00 1.288837137688673096e+01
1.000000000000000000e+00 6.000000000000000000e+00 1.293636086719830658e+01
2.000000000000000000e+00 3.000000000000000000e+00 1.005658307704759125e+01
2.000000000000000000e+00 4.000000000000000000e+00 1.019887807495540066e+01
2.000000000000000000e+00 5.000000000000000000e+00 1.278006415693378273e+01
2.000000000000000000e+00 6.000000000000000000e+00 1.282802454602060394e+01
3.000000000000000000e+00 4.000000000000000000e+00 4.880926188924830100e+00
3.000000000000000000e+00 5.000000000000000000e+00 9.838091350035966798e+00
3.000000000000000000e+00 6.000000000000000000e+00 9.892574812305152676e+00
4.000000000000000000e+00 5.000000000000000000e+00 1.000373672730085772e+01
4.000000000000000000e+00 6.000000000000000000e+00 1.005791000183981865e+01
5.000000000000000000e+00 6.000000000000000000e+00 4.585256167999471444e+00
