1.000000000000000000e+00 2.000000000000000000e+00 5.467003210186454076e-01
1.000000000000000000e+00 3.000000000000000000e+00 1.130043357904488843e+00
1.000000000000000000e+00 4.000000000000000000e+00 1.122876169341739949e+00
1.000000000000000000e+00 5.000000000000000000e+00 1.469806506621405440e+00
1.000000000000000000e+00 6.000000000000000000e+00 1.466868272399822759e+00
2.000000000000000000e+00 3.000000000000000000e+00 1.118525161508612698e+00
2.000000000000000000e+00 4.000000000000000000e+00 1.111316085023997591e+00
2.000000000000000000e+00 5.000000000000000000e+00 1.457705812153516245e+00
2.000000000000000000e+00 6.000000000000000000e+00 1.454766376419920126e+00
3.000000000000000000e+00 4.000000000000000000e+00 4.997450643353045230e-01
3.000000000000000000e+00 5.000000000000000000e+00 1.228738763392608124e+00
3.000000000000000000e+00 6.000000000000000000e+00 1.226465392735003546e+00
4.000000000000000000e+00 5.000000000000000000e+00 1.221325481894054654e+00
4.000000000000000000e+00 6.000000000000000000e+00 1.219032118826146371e+00
5.000000000000000000e+00 6.000000000000000000e+00 4.614089109498829000e-01
