1.000000000000000000e+00 2.000000000000000000e+00 5.466855748424781503e-01
1.000000000000000000e+00 3.000000000000000000e+00 1.122757653424065749e+00
1.000000000000000000e+00 4.000000000000000000e+00 1.115562651318670273e+00
1.000000000000000000e+00 5.000000000000000000e+00 1.441829638483016929e+00
1.000000000000000000e+00 6.000000000000000000e+00 1.438310376137290625e+00
2.000000000000000000e+00 3.000000000000000000e+00 1.111315703495998841e+00
2.000000000000000000e+00 4.000000000000000000e+00 1.104079174021860954e+00
2.000000000000000000e+00 5.000000000000000000e+00 1.429786368334697411e+00
2.000000000000000000e+00 6.000000000000000000e+00 1.426265789567078279e+00
3.000000000000000000e+00 4.000000000000000000e+00 4.997448485734439227e-01
3.000000000000000000e+00 5.000000000000000000e+00 1.215655553775617292e+00
3.000000000000000000e+00 6.000000000000000000e+00 1.212843392898632189e+00
4.000000000000000000e+00 5.000000000000000000e+00 1.208176309029929563e+00
4.000000000000000000e+00 6.000000000000000000e+00 1.205343468755088132e+00
5.000000000000000000e+00 6.000000000000000000e+00 4.613887900367950046e-01
