1.000000000000000000e+00 2.000000000000000000e+00 5.466855748807957216e-01
1.000000000000000000e+00 3.000000000000000000e+00 1.122902788937085727e+00
1.000000000000000000e+00 4.000000000000000000e+00 1.115706758407130073e+00
1.000000000000000000e+00 5.000000000000000000e+00 1.442936624937003920e+00
1.000000000000000000e+00 6.000000000000000000e+00 1.439427400090699027e+00
2.000000000000000000e+00 3.000000000000000000e+00 1.111460915326211385e+00
2.000000000000000000e+00 4.000000000000000000e+00 1.104223389687254420e+00
2.000000000000000000e+00 5.000000000000000000e+00 1.430893682734456718e+00
2.000000000000000000e+00 6.000000000000000000e+00 1.427383142858318354e+00
3.000000000000000000e+00 4.000000000000000000e+00 4.997447216905650524e-01
3.000000000000000000e+00 5.000000000000000000e+00 1.216111357792020620e+00
3.000000000000000000e+00 6.000000000000000000e+00 1.213305705386547029e+00
4.000000000000000000e+00 5.000000000000000000e+00 1.208634438149135626e+00
4.000000000000000000e+00 6.000000000000000000e+00 1.205808122330326970e+00
5.000000000000000000e+00 6.000000000000000000e+00 4.613888121901366102e-01
