1.000000000000000000e+00 2.000000000000000000e+00 5.466838867520297240e-01
1.000000000000000000e+00 3.000000000000000000e+00 1.116955068753549440e+00
1.000000000000000000e+00 4.000000000000000000e+00 1.110459412548282954e+00
1.000000000000000000e+00 5.000000000000000000e+00 1.437672307057665799e+00
1.000000000000000000e+00 6.000000000000000000e+00 1.434215410564237958e+00
2.000000000000000000e+00 3.000000000000000000e+00 1.105654857764393206e+00
2.000000000000000000e+00 4.000000000000000000e+00 1.099113567884093312e+00
2.000000000000000000e+00 5.000000000000000000e+00 1.425741232557210525e+00
2.000000000000000000e+00 6.000000000000000000e+00 1.422282851504813594e+00
3.000000000000000000e+00 4.000000000000000000e+00 4.997063625147672994e-01
3.000000000000000000e+00 5.000000000000000000e+00 1.210929008204212343e+00
3.000000000000000000e+00 6.000000000000000000e+00 1.208177901424573930e+00
4.000000000000000000e+00 5.000000000000000000e+00 1.203993129112417071e+00
4.000000000000000000e+00 6.000000000000000000e+00 1.201220556882095503e+00
5.000000000000000000e+00 6.000000000000000000e+00 4.613885849848082810e-01
