1.000000000000000000e+00 2.000000000000000000e+00 2.722178007597651384e+00
1.000000000000000000e+00 3.000000000000000000e+00 2.851421870617580456e+00
1.000000000000000000e+00 4.000000000000000000e+00 2.849453124533412929e+00
1.000000000000000000e+00 5.000000000000000000e+00 3.124810984117512014e+00
1.000000000000000000e+00 6.000000000000000000e+00 3.121267612264325031e+00
2.000000000000000000e+00 3.000000000000000000e+00 2.767402820985255030e+00
2.000000000000000000e+00 4.000000000000000000e+00 2.765280543640853406e+00
2.000000000000000000e+00 5.000000000000000000e+00 3.034159821963912762e+00
2.000000000000000000e+00 6.000000000000000000e+00 3.030599083589765819e+00
3.000000000000000000e+00 4.000000000000000000e+00 5.000631191326792013e-01
3.000000000000000000e+00 5.000000000000000000e+00 1.278646544804572294e+00
3.000000000000000000e+00 6.000000000000000000e+00 1.276123696763957760e+00
4.000000000000000000e+00 5.000000000000000000e+00 1.275494941976028862e+00
4.000000000000000000e+00 6.000000000000000000e+00 1.272957752775837115e+00
5.000000000000000000e+00 6.000000000000000000e+00 4.613895252807234115e-01
