1.000000000000000000e+00 2.000000000000000000e+00 5.384433603817221581e+00
1.000000000000000000e+00 3.000000000000000000e+00 7.419886700922522671e+00
1.000000000000000000e+00 4.000000000000000000e+00 8.314539882231139600e+00
1.000000000000000000e+00 5.000000000000000000e+00 5.409148091782082446e+00
1.000000000000000000e+00 6.000000000000000000e+00 5.374596745012622634e+00
2.000000000000000000e+00 3.000000000000000000e+00 7.169932651274993241e+00
2.000000000000000000e+00 4.000000000000000000e+00 8.064373682236157137e+00
2.000000000000000000e+00 5.000000000000000000e+00 5.152701000699213552e+00
2.000000000000000000e+00 6.000000000000000000e+00 5.118145503093375126e+00
3.000000000000000000e+00 4.000000000000000000e+00 4.230059412706854260e+00
3.000000000000000000e+00 5.000000000000000000e+00 4.224243140218337800e+00
3.000000000000000000e+00 6.000000000000000000e+00 4.191115019760674798e+00
4.000000000000000000e+00 5.000000000000000000e+00 5.129721607423794794e+00
4.000000000000000000e+00 6.000000000000000000e+00 5.096497693782481520e+00
5.000000000000000000e+00 6.000000000000000000e+00 4.662613490423552776e-01
