1.000000000000000000e+00 2.000000000000000000e+00 5.465352351819470211e-01
1.000000000000000000e+00 3.000000000000000000e+00 1.025823770714082706e+00
1.000000000000000000e+00 4.000000000000000000e+00 1.008261684866340158e+00
1.000000000000000000e+00 5.000000000000000000e+00 1.265805003150706876e+00
1.000000000000000000e+00 6.000000000000000000e+00 1.267575911668237465e+00
2.000000000000000000e+00 3.000000000000000000e+00 1.017145111677023817e+00
2.000000000000000000e+00 4.000000000000000000e+00 9.995465279516642099e-01
2.000000000000000000e+00 5.000000000000000000e+00 1.256527847708281298e+00
2.000000000000000000e+00 6.000000000000000000e+00 1.258294593602711009e+00
3.000000000000000000e+00 4.000000000000000000e+00 4.982310803007132805e-01
3.000000000000000000e+00 5.000000000000000000e+00 1.031478335727072038e+00
3.000000000000000000e+00 6.000000000000000000e+00 1.034197926377056431e+00
4.000000000000000000e+00 5.000000000000000000e+00 1.011808739839077154e+00
4.000000000000000000e+00 6.000000000000000000e+00 1.014517554864632354e+00
5.000000000000000000e+00 6.000000000000000000e+00 4.612226504144771866e-01
