1.000000000000000000e+00 2.000000000000000000e+00 5.484507119782998652e-01
1.000000000000000000e+00 3.000000000000000000e+00 3.032730469494124836e+00
1.000000000000000000e+00 4.000000000000000000e+00 2.945403634070440813e+00
1.000000000000000000e+00 5.000000000000000000e+00 4.375502890854439109e+00
1.000000000000000000e+00 6.000000000000000000e+00 4.374565615759215653e+00
2.000000000000000000e+00 3.000000000000000000e+00 3.026000571801739536e+00
2.000000000000000000e+00 4.000000000000000000e+00 2.938603842712081526e+00
2.000000000000000000e+00 5.000000000000000000e+00 4.368568553126395138e+00
2.000000000000000000e+00 6.000000000000000000e+00 4.367631148253894757e+00
3.000000000000000000e+00 4.000000000000000000e+00 2.490813664264438732e+00
3.000000000000000000e+00 5.000000000000000000e+00 5.203430195569874961e+00
3.000000000000000000e+00 6.000000000000000000e+00 5.205745928464501127e+00
4.000000000000000000e+00 5.000000000000000000e+00 5.124736398898133594e+00
4.000000000000000000e+00 6.000000000000000000e+00 5.126845634420642561e+00
5.000000000000000000e+00 6.000000000000000000e+00 2.306175132999039867e+00
