1.000000000000000000e+00 2.000000000000000000e+00 5.470155745339593256e-01
1.000000000000000000e+00 3.000000000000000000e+00 1.252533611312395045e+00
1.000000000000000000e+00 4.000000000000000000e+00 1.230094224862072982e+00
1.000000000000000000e+00 5.000000000000000000e+00 2.416716507205720621e+00
1.000000000000000000e+00 6.000000000000000000e+00 1.964819515293810381e+00
2.000000000000000000e+00 3.000000000000000000e+00 1.239831268702259237e+00
2.000000000000000000e+00 4.000000000000000000e+00 1.217345605858139779e+00
2.000000000000000000e+00 5.000000000000000000e+00 2.403452101074262881e+00
2.000000000000000000e+00 6.000000000000000000e+00 1.951553536767274943e+00
3.000000000000000000e+00 4.000000000000000000e+00 5.119273652022982013e-01
3.000000000000000000e+00 5.000000000000000000e+00 2.109078226177172777e+00
3.000000000000000000e+00 6.000000000000000000e+00 1.658071186245373196e+00
4.000000000000000000e+00 5.000000000000000000e+00 2.083867065971431121e+00
4.000000000000000000e+00 6.000000000000000000e+00 1.632842192833052097e+00
5.000000000000000000e+00 6.000000000000000000e+00 9.328754646403500939e-01
