1.000000000000000000e+00 2.000000000000000000e+00 1.146151567443568808e+01
1.000000000000000000e+00 3.000000000000000000e+00 1.568190191726450777e+01
1.000000000000000000e+00 4.000000000000000000e+00 1.585834043043986163e+01
1.000000000000000000e+00 5.000000000000000000e+00 1.857889375309096280e+01
1.000000000000000000e+00 6.000000000000000000e+00 1.863493663542416101e+01
2.000000000000000000e+00 3.000000000000000000e+00 1.543165244527556013e+01
2.000000000000000000e+00 4.000000000000000000e+00 1.560729024272997556e+01
2.000000000000000000e+00 5.000000000000000000e+00 1.831397922094082631e+01
2.000000000000000000e+00 6.000000000000000000e+00 1.836994228473582069e+01
3.000000000000000000e+00 4.000000000000000000e+00 5.372345023000347553e+00
3.000000000000000000e+00 5.000000000000000000e+00 1.082402705543092836e+01
3.000000000000000000e+00 6.000000000000000000e+00 1.088808018498190933e+01
4.000000000000000000e+00 5.000000000000000000e+00 1.102323428427039786e+01
4.000000000000000000e+00 6.000000000000000000e+00 1.108698117292675178e+01
5.000000000000000000e+00 6.000000000000000000e+00 5.047553662447398892e+00
