1.000000000000000000e+00 2.000000000000000000e+00 6.013293890821980625e+00
1.000000000000000000e+00 3.000000000000000000e+00 1.112887428567862891e+01
1.000000000000000000e+00 4.000000000000000000e+00 1.128967516649425207e+01
1.000000000000000000e+00 5.000000000000000000e+00 1.412132657375176414e+01
1.000000000000000000e+00 6.000000000000000000e+00 1.417781729397836266e+01
2.000000000000000000e+00 3.000000000000000000e+00 1.101540198494318012e+01
2.000000000000000000e+00 4.000000000000000000e+00 1.117564915479412946e+01
2.000000000000000000e+00 5.000000000000000000e+00 1.400213488944128493e+01
2.000000000000000000e+00 6.000000000000000000e+00 1.405859447795421069e+01
3.000000000000000000e+00 4.000000000000000000e+00 5.365772570180535439e+00
3.000000000000000000e+00 5.000000000000000000e+00 1.070602810337143218e+01
3.000000000000000000e+00 6.000000000000000000e+00 1.076947693028727748e+01
4.000000000000000000e+00 5.000000000000000000e+00 1.089312045908739357e+01
4.000000000000000000e+00 6.000000000000000000e+00 1.095623513441436181e+01
5.000000000000000000e+00 6.000000000000000000e+00 5.042877370276665161e+00
