1.000000000000000000e+00 2.000000000000000000e+00 1.082882189743136614e+01
1.000000000000000000e+00 3.000000000000000000e+00 1.139138891243265483e+01
1.000000000000000000e+00 4.000000000000000000e+00 1.237439462534756096e+01
1.000000000000000000e+00 5.000000000000000000e+00 9.325963692045288411e+00
1.000000000000000000e+00 6.000000000000000000e+00 8.281062377361340765e+00
2.000000000000000000e+00 3.000000000000000000e+00 1.087350822404223827e+01
2.000000000000000000e+00 4.000000000000000000e+00 1.185713956384136303e+01
2.000000000000000000e+00 5.000000000000000000e+00 8.781913472114361241e+00
2.000000000000000000e+00 6.000000000000000000e+00 7.736995397800622953e+00
3.000000000000000000e+00 4.000000000000000000e+00 4.176006588317997981e+00
3.000000000000000000e+00 5.000000000000000000e+00 4.779800400278219286e+00
3.000000000000000000e+00 6.000000000000000000e+00 3.736554878451530115e+00
4.000000000000000000e+00 5.000000000000000000e+00 5.774029768073237534e+00
4.000000000000000000e+00 6.000000000000000000e+00 4.730663741686573331e+00
5.000000000000000000e+00 6.000000000000000000e+00 1.055113115167227278e+00
