1.000000000000000000e+00 2.000000000000000000e+00 1.142637434450730005e+01
1.000000000000000000e+00 3.000000000000000000e+00 2.088988807346068910e+01
1.000000000000000000e+00 4.000000000000000000e+00 2.153626393737656386e+01
1.000000000000000000e+00 5.000000000000000000e+00 2.478435697713263153e+01
1.000000000000000000e+00 6.000000000000000000e+00 2.344033629437669930e+01
2.000000000000000000e+00 3.000000000000000000e+00 2.055535676855583915e+01
2.000000000000000000e+00 4.000000000000000000e+00 2.120103694889622759e+01
2.000000000000000000e+00 5.000000000000000000e+00 2.443975622159480565e+01
2.000000000000000000e+00 6.000000000000000000e+00 2.309570796964651151e+01
3.000000000000000000e+00 4.000000000000000000e+00 9.874757735357530208e+00
3.000000000000000000e+00 5.000000000000000000e+00 1.969648766497476799e+01
3.000000000000000000e+00 6.000000000000000000e+00 1.836544424937903841e+01
4.000000000000000000e+00 5.000000000000000000e+00 2.040465658587619657e+01
4.000000000000000000e+00 6.000000000000000000e+00 1.907293636170876283e+01
5.000000000000000000e+00 6.000000000000000000e+00 6.405676389993701036e+00
