1.000000000000000000e+00 2.000000000000000000e+00 1.087861887076263478e+01
1.000000000000000000e+00 3.000000000000000000e+00 1.939043541006853744e+01
1.000000000000000000e+00 4.000000000000000000e+00 2.018058982135317336e+01
1.000000000000000000e+00 5.000000000000000000e+00 2.262219785039795994e+01
1.000000000000000000e+00 6.000000000000000000e+00 2.129882702221473778e+01
2.000000000000000000e+00 3.000000000000000000e+00 1.906872849666522640e+01
2.000000000000000000e+00 4.000000000000000000e+00 1.985832854716473861e+01
2.000000000000000000e+00 5.000000000000000000e+00 2.229304104606594450e+01
2.000000000000000000e+00 6.000000000000000000e+00 2.096963064846082148e+01
3.000000000000000000e+00 4.000000000000000000e+00 9.320582901281738941e+00
3.000000000000000000e+00 5.000000000000000000e+00 1.707966254077650348e+01
3.000000000000000000e+00 6.000000000000000000e+00 1.577178038090912082e+01
4.000000000000000000e+00 5.000000000000000000e+00 1.799405053867462101e+01
4.000000000000000000e+00 6.000000000000000000e+00 1.668509228965262992e+01
5.000000000000000000e+00 6.000000000000000000e+00 5.934672445421114162e+00
