1.000000000000000000e+00 2.000000000000000000e+00 5.926313101762007207e+00
1.000000000000000000e+00 3.000000000000000000e+00 9.579041862201469471e+00
1.000000000000000000e+00 4.000000000000000000e+00 1.028318880533275959e+01
1.000000000000000000e+00 5.000000000000000000e+00 9.226013815686963326e+00
1.000000000000000000e+00 6.000000000000000000e+00 8.103193406303404345e+00
2.000000000000000000e+00 3.000000000000000000e+00 9.307531975076893005e+00
2.000000000000000000e+00 4.000000000000000000e+00 1.001150127971081005e+01
2.000000000000000000e+00 5.000000000000000000e+00 8.951004059419689796e+00
2.000000000000000000e+00 6.000000000000000000e+00 7.828180578444545290e+00
3.000000000000000000e+00 4.000000000000000000e+00 4.790555144487834482e+00
3.000000000000000000e+00 5.000000000000000000e+00 7.791737090446845926e+00
3.000000000000000000e+00 6.000000000000000000e+00 6.671233324212243687e+00
4.000000000000000000e+00 5.000000000000000000e+00 8.519379749985427352e+00
4.000000000000000000e+00 6.000000000000000000e+00 7.398731537077619436e+00
5.000000000000000000e+00 6.000000000000000000e+00 1.581579290418321904e+00
