1.000000000000000000e+00 2.000000000000000000e+00 5.410002206420529980e+00
1.000000000000000000e+00 3.000000000000000000e+00 3.786922102859596073e+00
1.000000000000000000e+00 4.000000000000000000e+00 3.786924638920626585e+00
1.000000000000000000e+00 5.000000000000000000e+00 3.786338341699194476e+00
1.000000000000000000e+00 6.000000000000000000e+00 3.786298069017882018e+00
2.000000000000000000e+00 3.000000000000000000e+00 3.454034694603733691e+00
2.000000000000000000e+00 4.000000000000000000e+00 3.454031884929517737e+00
2.000000000000000000e+00 5.000000000000000000e+00 3.452771272821369752e+00
2.000000000000000000e+00 6.000000000000000000e+00 3.452729191986766200e+00
3.000000000000000000e+00 4.000000000000000000e+00 5.002578954383274379e-03
3.000000000000000000e+00 5.000000000000000000e+00 1.456685006972291418e-02
3.000000000000000000e+00 6.000000000000000000e+00 1.455109678088017944e-02
4.000000000000000000e+00 5.000000000000000000e+00 1.456116408501095805e-02
4.000000000000000000e+00 6.000000000000000000e+00 1.454530637547302163e-02
5.000000000000000000e+00 6.000000000000000000e+00 4.613809222309139813e-03
