1.000000000000000000e+00 2.000000000000000000e+00 5.496937067262058774e-01
1.000000000000000000e+00 3.000000000000000000e+00 1.041601626570354711e+00
1.000000000000000000e+00 4.000000000000000000e+00 1.087296902329597081e+00
1.000000000000000000e+00 5.000000000000000000e+00 1.074371198978929076e+00
1.000000000000000000e+00 6.000000000000000000e+00 1.106875278732901480e+00
1.000000000000000000e+00 7.000000000000000000e+00 1.154569382350767670e+00
2.000000000000000000e+00 3.000000000000000000e+00 1.046275837527800068e+00
2.000000000000000000e+00 4.000000000000000000e+00 1.091460201092258941e+00
2.000000000000000000e+00 5.000000000000000000e+00 1.068489809834680671e+00
2.000000000000000000e+00 6.000000000000000000e+00 1.101301781598212459e+00
2.000000000000000000e+00 7.000000000000000000e+00 1.157647570152972927e+00
3.000000000000000000e+00 4.000000000000000000e+00 7.721357826059314089e-01
3.000000000000000000e+00 5.000000000000000000e+00 1.137135920973059822e+00
3.000000000000000000e+00 6.000000000000000000e+00 1.161283542431686078e+00
3.000000000000000000e+00 7.000000000000000000e+00 9.190123268257213152e-01
4.000000000000000000e+00 5.000000000000000000e+00 1.166688845989309886e+00
4.000000000000000000e+00 6.000000000000000000e+00 1.189683345689252603e+00
4.000000000000000000e+00 7.000000000000000000e+00 8.477758710809817355e-01
5.000000000000000000e+00 6.000000000000000000e+00 7.076092545824834712e-01
5.000000000000000000e+00 7.000000000000000000e+00 1.204231183854916010e+00
6.000000000000000000e+00 7.000000000000000000e+00 1.225250081358702614e+00
