1.000000000000000000e+00 2.000000000000000000e+00 2.051245964116338083e+00
1.000000000000000000e+00 3.000000000000000000e+00 2.440658325136917828e+00
1.000000000000000000e+00 4.000000000000000000e+00 2.463803257455625673e+00
1.000000000000000000e+00 5.000000000000000000e+00 2.881567379166001253e+00
1.000000000000000000e+00 6.000000000000000000e+00 3.361634233196708177e+00
1.000000000000000000e+00 7.000000000000000000e+00 3.586161243123761277e+00
2.000000000000000000e+00 3.000000000000000000e+00 2.323938471217551704e+00
2.000000000000000000e+00 4.000000000000000000e+00 2.345918491007558782e+00
2.000000000000000000e+00 5.000000000000000000e+00 2.746177919973541215e+00
2.000000000000000000e+00 6.000000000000000000e+00 3.226598751410712840e+00
2.000000000000000000e+00 7.000000000000000000e+00 3.466391998761045645e+00
3.000000000000000000e+00 4.000000000000000000e+00 1.080353961976105115e+00
3.000000000000000000e+00 5.000000000000000000e+00 2.319371618032408655e+00
3.000000000000000000e+00 6.000000000000000000e+00 2.790342487240312419e+00
3.000000000000000000e+00 7.000000000000000000e+00 2.402170699462232495e+00
4.000000000000000000e+00 5.000000000000000000e+00 2.305837526850868180e+00
4.000000000000000000e+00 6.000000000000000000e+00 2.775333949641159759e+00
4.000000000000000000e+00 7.000000000000000000e+00 2.106272851225986731e+00
5.000000000000000000e+00 6.000000000000000000e+00 2.385383582233820743e+00
5.000000000000000000e+00 7.000000000000000000e+00 3.370179348136597586e+00
6.000000000000000000e+00 7.000000000000000000e+00 3.837590936471345859e+00
