1.000000000000000000e+00 2.000000000000000000e+00 5.939605007256761882e-01
1.000000000000000000e+00 3.000000000000000000e+00 2.227409184328100089e+00
1.000000000000000000e+00 4.000000000000000000e+00 1.452178144956947081e+00
1.000000000000000000e+00 5.000000000000000000e+00 1.687169579252952856e+00
1.000000000000000000e+00 6.000000000000000000e+00 1.777873346511829489e+00
1.000000000000000000e+00 7.000000000000000000e+00 1.499724098197905642e+00
2.000000000000000000e+00 3.000000000000000000e+00 2.173789975575369127e+00
2.000000000000000000e+00 4.000000000000000000e+00 1.397917252978046809e+00
2.000000000000000000e+00 5.000000000000000000e+00 1.620246879376275428e+00
2.000000000000000000e+00 6.000000000000000000e+00 1.711296315076305863e+00
2.000000000000000000e+00 7.000000000000000000e+00 1.444414328464895148e+00
3.000000000000000000e+00 4.000000000000000000e+00 1.700342162725796191e+00
3.000000000000000000e+00 5.000000000000000000e+00 2.536956196804507790e+00
3.000000000000000000e+00 6.000000000000000000e+00 2.613427056869928933e+00
3.000000000000000000e+00 7.000000000000000000e+00 1.843029760953591056e+00
4.000000000000000000e+00 5.000000000000000000e+00 1.734659786068460052e+00
4.000000000000000000e+00 6.000000000000000000e+00 1.809519382916041863e+00
4.000000000000000000e+00 7.000000000000000000e+00 9.336886925894691824e-01
5.000000000000000000e+00 6.000000000000000000e+00 8.614075848272575442e-01
5.000000000000000000e+00 7.000000000000000000e+00 1.738639841180409595e+00
6.000000000000000000e+00 7.000000000000000000e+00 1.810792369802266544e+00
