1.000000000000000000e+00 2.000000000000000000e+00 5.496853599179644112e-01
1.000000000000000000e+00 3.000000000000000000e+00 1.040749490514607078e+00
1.000000000000000000e+00 4.000000000000000000e+00 1.086670742167667569e+00
1.000000000000000000e+00 5.000000000000000000e+00 1.073366527663226488e+00
1.000000000000000000e+00 6.000000000000000000e+00 1.105970181208864034e+00
1.000000000000000000e+00 7.000000000000000000e+00 1.154449295295366884e+00
2.000000000000000000e+00 3.000000000000000000e+00 1.045582678805212051e+00
2.000000000000000000e+00 4.000000000000000000e+00 1.090987933640636953e+00
2.000000000000000000e+00 5.000000000000000000e+00 1.067557059045993295e+00
2.000000000000000000e+00 6.000000000000000000e+00 1.100468643095096954e+00
2.000000000000000000e+00 7.000000000000000000e+00 1.157675258557803399e+00
3.000000000000000000e+00 4.000000000000000000e+00 7.721848178032162391e-01
3.000000000000000000e+00 5.000000000000000000e+00 1.137230937922344864e+00
3.000000000000000000e+00 6.000000000000000000e+00 1.161536562006390660e+00
3.000000000000000000e+00 7.000000000000000000e+00 9.193482299639863520e-01
4.000000000000000000e+00 5.000000000000000000e+00 1.167031276893652603e+00
4.000000000000000000e+00 6.000000000000000000e+00 1.190191416559348347e+00
4.000000000000000000e+00 7.000000000000000000e+00 8.479262489003756009e-01
5.000000000000000000e+00 6.000000000000000000e+00 7.076196539419661313e-01
5.000000000000000000e+00 7.000000000000000000e+00 1.205192187758921119e+00
6.000000000000000000e+00 7.000000000000000000e+00 1.226393684112287552e+00
