1.000000000000000000e+00 2.000000000000000000e+00 5.599752107965304537e-01
1.000000000000000000e+00 3.000000000000000000e+00 1.093933893884798003e+00
1.000000000000000000e+00 4.000000000000000000e+00 1.130327957409976491e+00
1.000000000000000000e+00 5.000000000000000000e+00 1.101632664666515105e+00
1.000000000000000000e+00 6.000000000000000000e+00 1.134776540694036218e+00
1.000000000000000000e+00 7.000000000000000000e+00 1.194291028375277897e+00
2.000000000000000000e+00 3.000000000000000000e+00 1.089116665241644188e+00
2.000000000000000000e+00 4.000000000000000000e+00 1.124930296508786398e+00
2.000000000000000000e+00 5.000000000000000000e+00 1.085303621137278629e+00
2.000000000000000000e+00 6.000000000000000000e+00 1.118771907177023905e+00
2.000000000000000000e+00 7.000000000000000000e+00 1.187625531809386459e+00
3.000000000000000000e+00 4.000000000000000000e+00 7.929547851666949310e-01
3.000000000000000000e+00 5.000000000000000000e+00 1.167461253638015783e+00
3.000000000000000000e+00 6.000000000000000000e+00 1.192300468540696823e+00
3.000000000000000000e+00 7.000000000000000000e+00 9.489056814253862271e-01
4.000000000000000000e+00 5.000000000000000000e+00 1.186980819970494316e+00
4.000000000000000000e+00 6.000000000000000000e+00 1.210653194261845922e+00
4.000000000000000000e+00 7.000000000000000000e+00 8.607307747673162979e-01
5.000000000000000000e+00 6.000000000000000000e+00 7.076958788305813819e-01
5.000000000000000000e+00 7.000000000000000000e+00 1.219436652756496375e+00
6.000000000000000000e+00 7.000000000000000000e+00 1.241110314783715474e+00
