1.000000000000000000e+00 2.000000000000000000e+00 5.498106980324954929e-01
1.000000000000000000e+00 3.000000000000000000e+00 1.057479201228604504e+00
1.000000000000000000e+00 4.000000000000000000e+00 1.102737299728235643e+00
1.000000000000000000e+00 5.000000000000000000e+00 1.084518498301694445e+00
1.000000000000000000e+00 6.000000000000000000e+00 1.119927805436116364e+00
1.000000000000000000e+00 7.000000000000000000e+00 1.169033346877626833e+00
2.000000000000000000e+00 3.000000000000000000e+00 1.061275179982524408e+00
2.000000000000000000e+00 4.000000000000000000e+00 1.106039995317239955e+00
2.000000000000000000e+00 5.000000000000000000e+00 1.077710372178994680e+00
2.000000000000000000e+00 6.000000000000000000e+00 1.113439255742208589e+00
2.000000000000000000e+00 7.000000000000000000e+00 1.171289059768075624e+00
3.000000000000000000e+00 4.000000000000000000e+00 7.722203641009464103e-01
3.000000000000000000e+00 5.000000000000000000e+00 1.150276399400030902e+00
3.000000000000000000e+00 6.000000000000000000e+00 1.176506138084026931e+00
3.000000000000000000e+00 7.000000000000000000e+00 9.191864778653275891e-01
4.000000000000000000e+00 5.000000000000000000e+00 1.179832060611335942e+00
4.000000000000000000e+00 6.000000000000000000e+00 1.204891592925220190e+00
4.000000000000000000e+00 7.000000000000000000e+00 8.477807097625662536e-01
5.000000000000000000e+00 6.000000000000000000e+00 7.095928249851026770e-01
5.000000000000000000e+00 7.000000000000000000e+00 1.217180683688880993e+00
6.000000000000000000e+00 7.000000000000000000e+00 1.240241929389712006e+00
