1.000000000000000000e+00 2.000000000000000000e+00 2.723817586523064715e+00
1.000000000000000000e+00 3.000000000000000000e+00 3.187371539306895318e+00
1.000000000000000000e+00 4.000000000000000000e+00 4.381825906289276595e+00
1.000000000000000000e+00 5.000000000000000000e+00 4.225490138211428714e+00
1.000000000000000000e+00 6.000000000000000000e+00 4.272360588295812001e+00
1.000000000000000000e+00 7.000000000000000000e+00 4.787059154345484124e+00
2.000000000000000000e+00 3.000000000000000000e+00 3.303522228064488697e+00
2.000000000000000000e+00 4.000000000000000000e+00 4.495686303332973033e+00
2.000000000000000000e+00 5.000000000000000000e+00 4.309254357763872889e+00
2.000000000000000000e+00 6.000000000000000000e+00 4.356689604679872652e+00
2.000000000000000000e+00 7.000000000000000000e+00 4.896712742113854766e+00
3.000000000000000000e+00 4.000000000000000000e+00 2.490107278339041663e+00
3.000000000000000000e+00 5.000000000000000000e+00 3.364106534715169516e+00
3.000000000000000000e+00 6.000000000000000000e+00 3.401821332807400289e+00
3.000000000000000000e+00 7.000000000000000000e+00 3.216489696831644984e+00
4.000000000000000000e+00 5.000000000000000000e+00 4.482155892973159084e+00
4.000000000000000000e+00 6.000000000000000000e+00 4.517603209280234289e+00
4.000000000000000000e+00 7.000000000000000000e+00 3.892699613087327926e+00
5.000000000000000000e+00 6.000000000000000000e+00 3.142639998071973473e+00
5.000000000000000000e+00 7.000000000000000000e+00 4.758288255309397918e+00
6.000000000000000000e+00 7.000000000000000000e+00 4.790060203347416667e+00
