1.000000000000000000e+00 2.000000000000000000e+00 5.496850567480703331e-01
1.000000000000000000e+00 3.000000000000000000e+00 1.040619211306441194e+00
1.000000000000000000e+00 4.000000000000000000e+00 1.086520448589676890e+00
1.000000000000000000e+00 5.000000000000000000e+00 1.072173303505302489e+00
1.000000000000000000e+00 6.000000000000000000e+00 1.104728865548558092e+00
1.000000000000000000e+00 7.000000000000000000e+00 1.154267609828029117e+00
2.000000000000000000e+00 3.000000000000000000e+00 1.045438560778502612e+00
2.000000000000000000e+00 4.000000000000000000e+00 1.090822855050809226e+00
2.000000000000000000e+00 5.000000000000000000e+00 1.066323885280014316e+00
2.000000000000000000e+00 6.000000000000000000e+00 1.099186724018806460e+00
2.000000000000000000e+00 7.000000000000000000e+00 1.157477460785323986e+00
3.000000000000000000e+00 4.000000000000000000e+00 7.721837409175515976e-01
3.000000000000000000e+00 5.000000000000000000e+00 1.136680097831111791e+00
3.000000000000000000e+00 6.000000000000000000e+00 1.160950056705538858e+00
3.000000000000000000e+00 7.000000000000000000e+00 9.193384822417420832e-01
4.000000000000000000e+00 5.000000000000000000e+00 1.166510759469239655e+00
4.000000000000000000e+00 6.000000000000000000e+00 1.189636099694680871e+00
4.000000000000000000e+00 7.000000000000000000e+00 8.479143046257495708e-01
5.000000000000000000e+00 6.000000000000000000e+00 7.076185967060693027e-01
5.000000000000000000e+00 7.000000000000000000e+00 1.204742225563138147e+00
6.000000000000000000e+00 7.000000000000000000e+00 1.225911129136408428e+00
