1.000000000000000000e+00 2.000000000000000000e+00 5.494710591899203411e-01
1.000000000000000000e+00 3.000000000000000000e+00 1.031326885674346050e+00
1.000000000000000000e+00 4.000000000000000000e+00 1.076462750527467538e+00
1.000000000000000000e+00 5.000000000000000000e+00 1.063455885378085553e+00
1.000000000000000000e+00 6.000000000000000000e+00 1.096336099963277189e+00
1.000000000000000000e+00 7.000000000000000000e+00 1.141924761771175634e+00
2.000000000000000000e+00 3.000000000000000000e+00 1.038437070621129665e+00
2.000000000000000000e+00 4.000000000000000000e+00 1.083030373559768389e+00
2.000000000000000000e+00 5.000000000000000000e+00 1.059662766673352019e+00
2.000000000000000000e+00 6.000000000000000000e+00 1.092872335698839681e+00
2.000000000000000000e+00 7.000000000000000000e+00 1.147397005869830400e+00
3.000000000000000000e+00 4.000000000000000000e+00 7.719247981202712605e-01
3.000000000000000000e+00 5.000000000000000000e+00 1.130746273944090996e+00
3.000000000000000000e+00 6.000000000000000000e+00 1.155305835524584879e+00
3.000000000000000000e+00 7.000000000000000000e+00 9.172893272310533863e-01
4.000000000000000000e+00 5.000000000000000000e+00 1.159482095698706638e+00
4.000000000000000000e+00 6.000000000000000000e+00 1.182877145118618412e+00
4.000000000000000000e+00 7.000000000000000000e+00 8.467646360159404306e-01
5.000000000000000000e+00 6.000000000000000000e+00 7.032629678193087486e-01
5.000000000000000000e+00 7.000000000000000000e+00 1.194995896784357248e+00
6.000000000000000000e+00 7.000000000000000000e+00 1.216393033044870231e+00
