1.000000000000000000e+00 2.000000000000000000e+00 5.496622359984070227e-01
1.000000000000000000e+00 3.000000000000000000e+00 7.278678425324075496e-01
1.000000000000000000e+00 4.000000000000000000e+00 9.919017702123668068e-01
1.000000000000000000e+00 5.000000000000000000e+00 1.060138448513810783e+00
1.000000000000000000e+00 6.000000000000000000e+00 1.089507870377971699e+00
1.000000000000000000e+00 7.000000000000000000e+00 1.082238635013064831e+00
2.000000000000000000e+00 3.000000000000000000e+00 7.327823011046500357e-01
2.000000000000000000e+00 4.000000000000000000e+00 9.963491597498784769e-01
2.000000000000000000e+00 5.000000000000000000e+00 1.054985487411954637e+00
2.000000000000000000e+00 6.000000000000000000e+00 1.084659844747133839e+00
2.000000000000000000e+00 7.000000000000000000e+00 1.085723922777604988e+00
3.000000000000000000e+00 4.000000000000000000e+00 4.357422035747021694e-01
3.000000000000000000e+00 5.000000000000000000e+00 8.200237603892865934e-01
3.000000000000000000e+00 6.000000000000000000e+00 8.419536486675651688e-01
3.000000000000000000e+00 7.000000000000000000e+00 5.892312514572342064e-01
4.000000000000000000e+00 5.000000000000000000e+00 1.067671048679458945e+00
4.000000000000000000e+00 6.000000000000000000e+00 1.088443855209288991e+00
4.000000000000000000e+00 7.000000000000000000e+00 7.495862451595864950e-01
5.000000000000000000e+00 6.000000000000000000e+00 7.070376298381679803e-01
5.000000000000000000e+00 7.000000000000000000e+00 1.130033092912787529e+00
6.000000000000000000e+00 7.000000000000000000e+00 1.148971590527859687e+00
