1.000000000000000000e+00 2.000000000000000000e+00 5.497138678072519546e-01
1.000000000000000000e+00 3.000000000000000000e+00 1.049286443606779695e+00
1.000000000000000000e+00 4.000000000000000000e+00 1.097705352822955449e+00
1.000000000000000000e+00 5.000000000000000000e+00 1.103661362363237419e+00
1.000000000000000000e+00 6.000000000000000000e+00 1.137979309756288249e+00
1.000000000000000000e+00 7.000000000000000000e+00 1.170426106422054691e+00
2.000000000000000000e+00 3.000000000000000000e+00 1.054121101684907025e+00
2.000000000000000000e+00 4.000000000000000000e+00 1.102061542238692349e+00
2.000000000000000000e+00 5.000000000000000000e+00 1.097176363725175463e+00
2.000000000000000000e+00 6.000000000000000000e+00 1.131786223092991595e+00
2.000000000000000000e+00 7.000000000000000000e+00 1.173778799414517682e+00
3.000000000000000000e+00 4.000000000000000000e+00 7.724688583702026268e-01
3.000000000000000000e+00 5.000000000000000000e+00 1.177908649763175664e+00
3.000000000000000000e+00 6.000000000000000000e+00 1.204559848301289815e+00
3.000000000000000000e+00 7.000000000000000000e+00 9.216349107023620313e-01
4.000000000000000000e+00 5.000000000000000000e+00 1.211551517620983009e+00
4.000000000000000000e+00 6.000000000000000000e+00 1.237216660423917869e+00
4.000000000000000000e+00 7.000000000000000000e+00 8.489136074395826626e-01
5.000000000000000000e+00 6.000000000000000000e+00 7.119604108619068672e-01
5.000000000000000000e+00 7.000000000000000000e+00 1.257490575103778152e+00
6.000000000000000000e+00 7.000000000000000000e+00 1.281486538999374591e+00
