1.000000000000000000e+00 2.000000000000000000e+00 5.497571626858988036e-01
1.000000000000000000e+00 3.000000000000000000e+00 1.049098558425958228e+00
1.000000000000000000e+00 4.000000000000000000e+00 1.094620409591942289e+00
1.000000000000000000e+00 5.000000000000000000e+00 1.079853106548954500e+00
1.000000000000000000e+00 6.000000000000000000e+00 1.113960093167897458e+00
1.000000000000000000e+00 7.000000000000000000e+00 1.161411482888083935e+00
2.000000000000000000e+00 3.000000000000000000e+00 1.053360893708203516e+00
2.000000000000000000e+00 4.000000000000000000e+00 1.098377288879609504e+00
2.000000000000000000e+00 5.000000000000000000e+00 1.073498947154366334e+00
2.000000000000000000e+00 6.000000000000000000e+00 1.107921576688835064e+00
2.000000000000000000e+00 7.000000000000000000e+00 1.164097805550845965e+00
3.000000000000000000e+00 4.000000000000000000e+00 7.721814405569509265e-01
3.000000000000000000e+00 5.000000000000000000e+00 1.143854574609366459e+00
3.000000000000000000e+00 6.000000000000000000e+00 1.169190478200443639e+00
3.000000000000000000e+00 7.000000000000000000e+00 9.190750625728836276e-01
4.000000000000000000e+00 5.000000000000000000e+00 1.173382035009395974e+00
4.000000000000000000e+00 6.000000000000000000e+00 1.197551745860603756e+00
4.000000000000000000e+00 7.000000000000000000e+00 8.477416566009163823e-01
5.000000000000000000e+00 6.000000000000000000e+00 7.087269182869644357e-01
5.000000000000000000e+00 7.000000000000000000e+00 1.210754591357696253e+00
6.000000000000000000e+00 7.000000000000000000e+00 1.232931949040938502e+00
