1.000000000000000000e+00 2.000000000000000000e+00 5.496619643658682275e-01
1.000000000000000000e+00 3.000000000000000000e+00 1.038703969586448173e+00
1.000000000000000000e+00 4.000000000000000000e+00 1.084452600824016955e+00
1.000000000000000000e+00 5.000000000000000000e+00 1.072466644735332153e+00
1.000000000000000000e+00 6.000000000000000000e+00 1.104583978132221977e+00
1.000000000000000000e+00 7.000000000000000000e+00 1.151919151116217677e+00
2.000000000000000000e+00 3.000000000000000000e+00 1.043718332667006310e+00
2.000000000000000000e+00 4.000000000000000000e+00 1.088953295208663796e+00
2.000000000000000000e+00 5.000000000000000000e+00 1.066895294786773363e+00
2.000000000000000000e+00 6.000000000000000000e+00 1.099323086608271938e+00
2.000000000000000000e+00 7.000000000000000000e+00 1.155329645718098597e+00
3.000000000000000000e+00 4.000000000000000000e+00 7.721180780668368548e-01
3.000000000000000000e+00 5.000000000000000000e+00 1.135230485730406080e+00
3.000000000000000000e+00 6.000000000000000000e+00 1.159048510537916465e+00
3.000000000000000000e+00 7.000000000000000000e+00 9.188986439843946918e-01
4.000000000000000000e+00 5.000000000000000000e+00 1.164815931826797879e+00
4.000000000000000000e+00 6.000000000000000000e+00 1.187481121284444052e+00
4.000000000000000000e+00 7.000000000000000000e+00 8.476781214343354076e-01
5.000000000000000000e+00 6.000000000000000000e+00 7.072675981481022500e-01
5.000000000000000000e+00 7.000000000000000000e+00 1.202524491182479061e+00
6.000000000000000000e+00 7.000000000000000000e+00 1.223214686162998888e+00
