1.000000000000000000e+00 2.000000000000000000e+00 5.496855093304846562e-01
1.000000000000000000e+00 3.000000000000000000e+00 1.040858750959771095e+00
1.000000000000000000e+00 4.000000000000000000e+00 1.086796469039936541e+00
1.000000000000000000e+00 5.000000000000000000e+00 1.074203646887348373e+00
1.000000000000000000e+00 6.000000000000000000e+00 1.106795191032413861e+00
1.000000000000000000e+00 7.000000000000000000e+00 1.154603346561699384e+00
2.000000000000000000e+00 3.000000000000000000e+00 1.045699108031125535e+00
2.000000000000000000e+00 4.000000000000000000e+00 1.091121331646665693e+00
2.000000000000000000e+00 5.000000000000000000e+00 1.068414413714456668e+00
2.000000000000000000e+00 6.000000000000000000e+00 1.101313647535169693e+00
2.000000000000000000e+00 7.000000000000000000e+00 1.157837817835127181e+00
3.000000000000000000e+00 4.000000000000000000e+00 7.721859354955118437e-01
3.000000000000000000e+00 5.000000000000000000e+00 1.137590821370456862e+00
3.000000000000000000e+00 6.000000000000000000e+00 1.161892098455988176e+00
3.000000000000000000e+00 7.000000000000000000e+00 9.193527339378604335e-01
4.000000000000000000e+00 5.000000000000000000e+00 1.167372883843222908e+00
4.000000000000000000e+00 6.000000000000000000e+00 1.190529111871792445e+00
4.000000000000000000e+00 7.000000000000000000e+00 8.479276784254061727e-01
5.000000000000000000e+00 6.000000000000000000e+00 7.076207228081257128e-01
5.000000000000000000e+00 7.000000000000000000e+00 1.205493845472013659e+00
6.000000000000000000e+00 7.000000000000000000e+00 1.226692089940189190e+00
