1.000000000000000000e+00 2.000000000000000000e+00 5.435304384299083580e+00
1.000000000000000000e+00 3.000000000000000000e+00 5.392584459812266751e+00
1.000000000000000000e+00 4.000000000000000000e+00 8.063428025239549157e+00
1.000000000000000000e+00 5.000000000000000000e+00 7.848772592504110968e+00
1.000000000000000000e+00 6.000000000000000000e+00 7.892664402593421613e+00
1.000000000000000000e+00 7.000000000000000000e+00 8.917596113311107686e+00
2.000000000000000000e+00 3.000000000000000000e+00 5.677800010321820245e+00
2.000000000000000000e+00 4.000000000000000000e+00 8.344495823016281122e+00
2.000000000000000000e+00 5.000000000000000000e+00 8.083953026981795631e+00
2.000000000000000000e+00 6.000000000000000000e+00 8.128415533375079605e+00
2.000000000000000000e+00 7.000000000000000000e+00 9.191662197867804807e+00
3.000000000000000000e+00 4.000000000000000000e+00 4.306155375322418877e+00
3.000000000000000000e+00 5.000000000000000000e+00 5.664178279159430396e+00
3.000000000000000000e+00 6.000000000000000000e+00 5.701419929562476341e+00
3.000000000000000000e+00 7.000000000000000000e+00 5.708482983672821476e+00
4.000000000000000000e+00 5.000000000000000000e+00 8.189841458112351091e+00
4.000000000000000000e+00 6.000000000000000000e+00 8.224848950247050539e+00
4.000000000000000000e+00 7.000000000000000000e+00 7.439346136244632035e+00
5.000000000000000000e+00 6.000000000000000000e+00 6.117523841922412942e+00
5.000000000000000000e+00 7.000000000000000000e+00 8.810980018602899477e+00
6.000000000000000000e+00 7.000000000000000000e+00 8.842428717798346938e+00
