1.000000000000000000e+00 2.000000000000000000e+00 3.770716565554066424e+00
1.000000000000000000e+00 3.000000000000000000e+00 3.806301260126124131e+00
1.000000000000000000e+00 4.000000000000000000e+00 3.819285362465299816e+00
1.000000000000000000e+00 5.000000000000000000e+00 4.754004062639449302e+00
1.000000000000000000e+00 6.000000000000000000e+00 5.908209540630072532e+00
1.000000000000000000e+00 7.000000000000000000e+00 6.212855065024340817e+00
2.000000000000000000e+00 3.000000000000000000e+00 3.452698263687678182e+00
2.000000000000000000e+00 4.000000000000000000e+00 3.464160316189523581e+00
2.000000000000000000e+00 5.000000000000000000e+00 4.378670855925033578e+00
2.000000000000000000e+00 6.000000000000000000e+00 5.533195098672270440e+00
2.000000000000000000e+00 7.000000000000000000e+00 5.855617295795401134e+00
3.000000000000000000e+00 4.000000000000000000e+00 1.263592282900826813e+00
3.000000000000000000e+00 5.000000000000000000e+00 3.348328256621725174e+00
3.000000000000000000e+00 6.000000000000000000e+00 4.494149199346753498e+00
3.000000000000000000e+00 7.000000000000000000e+00 3.940999476221840325e+00
4.000000000000000000e+00 5.000000000000000000e+00 3.310722882064711214e+00
4.000000000000000000e+00 6.000000000000000000e+00 4.455152628415871341e+00
4.000000000000000000e+00 7.000000000000000000e+00 3.481140733206753879e+00
5.000000000000000000e+00 6.000000000000000000e+00 4.358894611728742596e+00
5.000000000000000000e+00 7.000000000000000000e+00 5.628772849794593469e+00
6.000000000000000000e+00 7.000000000000000000e+00 6.771325846621261135e+00
