1.000000000000000000e+00 2.000000000000000000e+00 5.496878319828589141e-03
1.000000000000000000e+00 3.000000000000000000e+00 1.042499038092428373e-02
1.000000000000000000e+00 4.000000000000000000e+00 1.088747484895481732e-02
1.000000000000000000e+00 5.000000000000000000e+00 1.086992398662245396e-02
1.000000000000000000e+00 6.000000000000000000e+00 1.119736372984179475e-02
1.000000000000000000e+00 7.000000000000000000e+00 1.156834854721213238e-02
2.000000000000000000e+00 3.000000000000000000e+00 1.047456138404085843e-02
2.000000000000000000e+00 4.000000000000000000e+00 1.093198936676648830e-02
2.000000000000000000e+00 5.000000000000000000e+00 1.081522189619224528e-02
2.000000000000000000e+00 6.000000000000000000e+00 1.114575163881131002e-02
2.000000000000000000e+00 7.000000000000000000e+00 1.160202705912709645e-02
3.000000000000000000e+00 4.000000000000000000e+00 7.722184838092498171e-03
3.000000000000000000e+00 5.000000000000000000e+00 1.143327175341159185e-02
3.000000000000000000e+00 6.000000000000000000e+00 1.167778269518010038e-02
3.000000000000000000e+00 7.000000000000000000e+00 9.194890132385218073e-03
4.000000000000000000e+00 5.000000000000000000e+00 1.172938537241782764e-02
4.000000000000000000e+00 6.000000000000000000e+00 1.196246928126515861e-02
4.000000000000000000e+00 7.000000000000000000e+00 8.481294369674274164e-03
5.000000000000000000e+00 6.000000000000000000e+00 7.076330050106110700e-03
5.000000000000000000e+00 7.000000000000000000e+00 1.210129175435301074e-02
6.000000000000000000e+00 7.000000000000000000e+00 1.231465008619480467e-02
