1.000000000000000000e+00 2.000000000000000000e+00 5.496793617248499908e-01
1.000000000000000000e+00 3.000000000000000000e+00 9.008356282307851126e-01
1.000000000000000000e+00 4.000000000000000000e+00 1.062420912842977128e+00
1.000000000000000000e+00 5.000000000000000000e+00 1.070594740824874380e+00
1.000000000000000000e+00 6.000000000000000000e+00 1.102229088510831678e+00
1.000000000000000000e+00 7.000000000000000000e+00 1.138767046966423280e+00
2.000000000000000000e+00 3.000000000000000000e+00 9.056976108970474781e-01
2.000000000000000000e+00 4.000000000000000000e+00 1.066793379787446039e+00
2.000000000000000000e+00 5.000000000000000000e+00 1.064960152702506990e+00
2.000000000000000000e+00 6.000000000000000000e+00 1.096902939043685299e+00
2.000000000000000000e+00 7.000000000000000000e+00 1.142073411189398868e+00
3.000000000000000000e+00 4.000000000000000000e+00 6.237529237253380821e-01
3.000000000000000000e+00 5.000000000000000000e+00 9.961606016885176107e-01
3.000000000000000000e+00 6.000000000000000000e+00 1.019651581220138103e+00
3.000000000000000000e+00 7.000000000000000000e+00 7.759900410919526870e-01
4.000000000000000000e+00 5.000000000000000000e+00 1.141772631331520627e+00
4.000000000000000000e+00 6.000000000000000000e+00 1.164109101269378721e+00
4.000000000000000000e+00 7.000000000000000000e+00 8.215432448091886108e-01
5.000000000000000000e+00 6.000000000000000000e+00 7.074702616628780749e-01
5.000000000000000000e+00 7.000000000000000000e+00 1.188760705661590311e+00
6.000000000000000000e+00 7.000000000000000000e+00 1.209154635244864551e+00
