1.000000000000000000e+00 2.000000000000000000e+00 5.496864353490417132e-01
1.000000000000000000e+00 3.000000000000000000e+00 1.041367738308115687e+00
1.000000000000000000e+00 4.000000000000000000e+00 1.087394583259547520e+00
1.000000000000000000e+00 5.000000000000000000e+00 1.078372312329855864e+00
1.000000000000000000e+00 6.000000000000000000e+00 1.111037359908087385e+00
1.000000000000000000e+00 7.000000000000000000e+00 1.155302314816202713e+00
2.000000000000000000e+00 3.000000000000000000e+00 1.046251751856547951e+00
2.000000000000000000e+00 4.000000000000000000e+00 1.091766436463670775e+00
2.000000000000000000e+00 5.000000000000000000e+00 1.072704604707428677e+00
2.000000000000000000e+00 6.000000000000000000e+00 1.105678190647034764e+00
2.000000000000000000e+00 7.000000000000000000e+00 1.158587189470121626e+00
3.000000000000000000e+00 4.000000000000000000e+00 7.721938189807973085e-01
3.000000000000000000e+00 5.000000000000000000e+00 1.139485148723642149e+00
3.000000000000000000e+00 6.000000000000000000e+00 1.163855611530788092e+00
3.000000000000000000e+00 7.000000000000000000e+00 9.193917605878962895e-01
4.000000000000000000e+00 5.000000000000000000e+00 1.169191854159957300e+00
4.000000000000000000e+00 6.000000000000000000e+00 1.192417131805854513e+00
4.000000000000000000e+00 7.000000000000000000e+00 8.479808365558767491e-01
5.000000000000000000e+00 6.000000000000000000e+00 7.076265148816442974e-01
5.000000000000000000e+00 7.000000000000000000e+00 1.207038754382427026e+00
6.000000000000000000e+00 7.000000000000000000e+00 1.228301550822565869e+00
