1.000000000000000000e+00 2.000000000000000000e+00 5.638523021756285392e-01
1.000000000000000000e+00 3.000000000000000000e+00 1.118407750687204993e+00
1.000000000000000000e+00 4.000000000000000000e+00 1.148440908517181835e+00
1.000000000000000000e+00 5.000000000000000000e+00 1.112624872157098599e+00
1.000000000000000000e+00 6.000000000000000000e+00 1.145971098982467629e+00
1.000000000000000000e+00 7.000000000000000000e+00 1.210177095274957759e+00
2.000000000000000000e+00 3.000000000000000000e+00 1.110191011971293884e+00
2.000000000000000000e+00 4.000000000000000000e+00 1.139621161329254395e+00
2.000000000000000000e+00 5.000000000000000000e+00 1.092474598102786798e+00
2.000000000000000000e+00 6.000000000000000000e+00 1.126154448358875237e+00
2.000000000000000000e+00 7.000000000000000000e+00 1.200009397541057288e+00
3.000000000000000000e+00 4.000000000000000000e+00 8.020239269222755318e-01
3.000000000000000000e+00 5.000000000000000000e+00 1.182316809290639759e+00
3.000000000000000000e+00 6.000000000000000000e+00 1.207324414040304328e+00
3.000000000000000000e+00 7.000000000000000000e+00 9.623494188173251640e-01
4.000000000000000000e+00 5.000000000000000000e+00 1.195391734335647049e+00
4.000000000000000000e+00 6.000000000000000000e+00 1.219235108628206499e+00
4.000000000000000000e+00 7.000000000000000000e+00 8.659004343122707059e-01
5.000000000000000000e+00 6.000000000000000000e+00 7.077239650364235413e-01
5.000000000000000000e+00 7.000000000000000000e+00 1.224912895991031148e+00
6.000000000000000000e+00 7.000000000000000000e+00 1.246742624081679685e+00
