1.000000000000000000e+00 2.000000000000000000e+00 5.466871958432333312e-01
1.000000000000000000e+00 3.000000000000000000e+00 1.133990057903937032e+00
1.000000000000000000e+00 4.000000000000000000e+00 1.127890086811252912e+00
1.000000000000000000e+00 5.000000000000000000e+00 1.450379198367463873e+00
1.000000000000000000e+00 6.000000000000000000e+00 1.446458048339574809e+00
2.000000000000000000e+00 3.000000000000000000e+00 1.122487754516281022e+00
2.000000000000000000e+00 4.000000000000000000e+00 1.116347543901001105e+00
2.000000000000000000e+00 5.000000000000000000e+00 1.438267445417390489e+00
2.000000000000000000e+00 6.000000000000000000e+00 1.434345075411339820e+00
3.000000000000000000e+00 4.000000000000000000e+00 4.999236539510261146e-01
3.000000000000000000e+00 5.000000000000000000e+00 1.231200730179343727e+00
3.000000000000000000e+00 6.000000000000000000e+00 1.227993605487788908e+00
4.000000000000000000e+00 5.000000000000000000e+00 1.224845457805901594e+00
4.000000000000000000e+00 6.000000000000000000e+00 1.221617820770246610e+00
5.000000000000000000e+00 6.000000000000000000e+00 4.614098688077341581e-01
