1.000000000000000000e+00 2.000000000000000000e+00 5.390609450221914845e-01
1.000000000000000000e+00 3.000000000000000000e+00 9.347753168578062377e-01
1.000000000000000000e+00 4.000000000000000000e+00 9.901335141813292218e-01
1.000000000000000000e+00 5.000000000000000000e+00 1.073496397766843913e+00
1.000000000000000000e+00 6.000000000000000000e+00 9.737889779297108639e-01
2.000000000000000000e+00 3.000000000000000000e+00 9.093589529794131598e-01
2.000000000000000000e+00 4.000000000000000000e+00 9.646934498744568209e-01
2.000000000000000000e+00 5.000000000000000000e+00 1.047712334333161799e+00
2.000000000000000000e+00 6.000000000000000000e+00 9.480048283010678034e-01
3.000000000000000000e+00 4.000000000000000000e+00 4.389544136273140218e-01
3.000000000000000000e+00 5.000000000000000000e+00 8.705702615386470278e-01
3.000000000000000000e+00 6.000000000000000000e+00 7.710044861804101757e-01
4.000000000000000000e+00 5.000000000000000000e+00 9.283418946124566418e-01
4.000000000000000000e+00 6.000000000000000000e+00 8.287695159701757852e-01
5.000000000000000000e+00 6.000000000000000000e+00 1.472133648155413699e-01
