1.000000000000000000e+00 2.000000000000000000e+00 5.466856803751160010e-01
1.000000000000000000e+00 3.000000000000000000e+00 1.122946027608304975e+00
1.000000000000000000e+00 4.000000000000000000e+00 1.115743731389242877e+00
1.000000000000000000e+00 5.000000000000000000e+00 1.442970297750264974e+00
1.000000000000000000e+00 6.000000000000000000e+00 1.439460927744159457e+00
2.000000000000000000e+00 3.000000000000000000e+00 1.111503721727218563e+00
2.000000000000000000e+00 4.000000000000000000e+00 1.104259946205876419e+00
2.000000000000000000e+00 5.000000000000000000e+00 1.430926963405844132e+00
2.000000000000000000e+00 6.000000000000000000e+00 1.427416280349442568e+00
3.000000000000000000e+00 4.000000000000000000e+00 4.997450910034531013e-01
3.000000000000000000e+00 5.000000000000000000e+00 1.216139334230844637e+00
3.000000000000000000e+00 6.000000000000000000e+00 1.213333605960316364e+00
4.000000000000000000e+00 5.000000000000000000e+00 1.208658083884642354e+00
4.000000000000000000e+00 6.000000000000000000e+00 1.205831692475528127e+00
5.000000000000000000e+00 6.000000000000000000e+00 4.613887887329066739e-01
