1.000000000000000000e+00 2.000000000000000000e+00 5.467742532520293297e-01
1.000000000000000000e+00 3.000000000000000000e+00 1.189103753312738432e+00
1.000000000000000000e+00 4.000000000000000000e+00 1.180409668284078561e+00
1.000000000000000000e+00 5.000000000000000000e+00 1.781846336272709053e+00
1.000000000000000000e+00 6.000000000000000000e+00 1.785270363698130858e+00
2.000000000000000000e+00 3.000000000000000000e+00 1.176290416646050607e+00
2.000000000000000000e+00 4.000000000000000000e+00 1.167546519377956615e+00
2.000000000000000000e+00 5.000000000000000000e+00 1.768448762150095721e+00
2.000000000000000000e+00 6.000000000000000000e+00 1.771872043498349480e+00
3.000000000000000000e+00 4.000000000000000000e+00 5.009031596529063268e-01
3.000000000000000000e+00 5.000000000000000000e+00 1.426286511296271264e+00
3.000000000000000000e+00 6.000000000000000000e+00 1.430027119367634825e+00
4.000000000000000000e+00 5.000000000000000000e+00 1.416839958569800828e+00
4.000000000000000000e+00 6.000000000000000000e+00 1.420571770828360947e+00
5.000000000000000000e+00 6.000000000000000000e+00 4.617718327349504825e-01
