1.000000000000000000e+00 2.000000000000000000e+00 5.466855745061107719e-01
1.000000000000000000e+00 3.000000000000000000e+00 1.122745237362921200e+00
1.000000000000000000e+00 4.000000000000000000e+00 1.115554372022880658e+00
1.000000000000000000e+00 5.000000000000000000e+00 1.435607340944365262e+00
1.000000000000000000e+00 6.000000000000000000e+00 1.431946238452413978e+00
2.000000000000000000e+00 3.000000000000000000e+00 1.111302884079823139e+00
2.000000000000000000e+00 4.000000000000000000e+00 1.104070529722948057e+00
2.000000000000000000e+00 5.000000000000000000e+00 1.423561054950327698e+00
2.000000000000000000e+00 6.000000000000000000e+00 1.419898604941679521e+00
3.000000000000000000e+00 4.000000000000000000e+00 4.997446770753846135e-01
3.000000000000000000e+00 5.000000000000000000e+00 1.210749216379812143e+00
3.000000000000000000e+00 6.000000000000000000e+00 1.207813454288018784e+00
4.000000000000000000e+00 5.000000000000000000e+00 1.203241778351392455e+00
4.000000000000000000e+00 6.000000000000000000e+00 1.200284985485334355e+00
5.000000000000000000e+00 6.000000000000000000e+00 4.613881822663363774e-01
