1.000000000000000000e+00 2.000000000000000000e+00 5.463890768893351346e-01
1.000000000000000000e+00 3.000000000000000000e+00 9.086906907983000048e-01
1.000000000000000000e+00 4.000000000000000000e+00 8.832753773324484303e-01
1.000000000000000000e+00 5.000000000000000000e+00 9.967187793694711750e-01
1.000000000000000000e+00 6.000000000000000000e+00 1.003975880087232042e+00
2.000000000000000000e+00 3.000000000000000000e+00 9.029811682246676741e-01
2.000000000000000000e+00 4.000000000000000000e+00 8.775546661446167462e-01
2.000000000000000000e+00 5.000000000000000000e+00 9.907154215481093207e-01
2.000000000000000000e+00 6.000000000000000000e+00 9.979605577643528846e-01
3.000000000000000000e+00 4.000000000000000000e+00 4.976466784637243457e-01
3.000000000000000000e+00 5.000000000000000000e+00 8.376292380908485491e-01
3.000000000000000000e+00 6.000000000000000000e+00 8.456394098286166283e-01
4.000000000000000000e+00 5.000000000000000000e+00 8.110392861361166439e-01
4.000000000000000000e+00 6.000000000000000000e+00 8.190499732197531468e-01
5.000000000000000000e+00 6.000000000000000000e+00 4.611355865899533502e-01
