1.000000000000000000e+00 2.000000000000000000e+00 5.490115754992302977e-01
1.000000000000000000e+00 3.000000000000000000e+00 5.082282214794213715e+00
1.000000000000000000e+00 4.000000000000000000e+00 4.884619431327742234e+00
1.000000000000000000e+00 5.000000000000000000e+00 7.289399425031015234e+00
1.000000000000000000e+00 6.000000000000000000e+00 7.306551001277218127e+00
2.000000000000000000e+00 3.000000000000000000e+00 5.078440518774522516e+00
2.000000000000000000e+00 4.000000000000000000e+00 4.880690820295093602e+00
2.000000000000000000e+00 5.000000000000000000e+00 7.285303055631948688e+00
2.000000000000000000e+00 6.000000000000000000e+00 7.302453284631940100e+00
3.000000000000000000e+00 4.000000000000000000e+00 4.976196103878544719e+00
3.000000000000000000e+00 5.000000000000000000e+00 9.643926151769854016e+00
3.000000000000000000e+00 6.000000000000000000e+00 9.667227550835047367e+00
4.000000000000000000e+00 5.000000000000000000e+00 9.472645800845072017e+00
4.000000000000000000e+00 6.000000000000000000e+00 9.495414710865066610e+00
5.000000000000000000e+00 6.000000000000000000e+00 4.611658669753059492e+00
