1.000000000000000000e+00 2.000000000000000000e+00 5.466937091000285687e-01
1.000000000000000000e+00 3.000000000000000000e+00 1.193814266524146461e+00
1.000000000000000000e+00 4.000000000000000000e+00 1.167894612759042827e+00
1.000000000000000000e+00 5.000000000000000000e+00 1.592536283982513012e+00
1.000000000000000000e+00 6.000000000000000000e+00 1.583514836651563451e+00
2.000000000000000000e+00 3.000000000000000000e+00 1.182160438627536614e+00
2.000000000000000000e+00 4.000000000000000000e+00 1.156190852010098746e+00
2.000000000000000000e+00 5.000000000000000000e+00 1.580186226660905469e+00
2.000000000000000000e+00 6.000000000000000000e+00 1.571164074381237397e+00
3.000000000000000000e+00 4.000000000000000000e+00 5.120493781215935680e-01
3.000000000000000000e+00 5.000000000000000000e+00 1.458387153188018370e+00
3.000000000000000000e+00 6.000000000000000000e+00 1.449849110835136345e+00
4.000000000000000000e+00 5.000000000000000000e+00 1.429952587526664765e+00
4.000000000000000000e+00 6.000000000000000000e+00 1.421401912749898022e+00
5.000000000000000000e+00 6.000000000000000000e+00 4.640840235014229709e-01
