1.000000000000000000e+00 2.000000000000000000e+00 2.737719068828838864e-01
1.000000000000000000e+00 3.000000000000000000e+00 8.578429559559734852e-01
1.000000000000000000e+00 4.000000000000000000e+00 8.477451795740396090e-01
1.000000000000000000e+00 5.000000000000000000e+00 1.187315962581343420e+00
1.000000000000000000e+00 6.000000000000000000e+00 1.183825583273359738e+00
2.000000000000000000e+00 3.000000000000000000e+00 8.525365179863471088e-01
2.000000000000000000e+00 4.000000000000000000e+00 8.424157242336218765e-01
2.000000000000000000e+00 5.000000000000000000e+00 1.181887695976190145e+00
2.000000000000000000e+00 6.000000000000000000e+00 1.178397354390831486e+00
3.000000000000000000e+00 4.000000000000000000e+00 4.995947002551284211e-01
3.000000000000000000e+00 5.000000000000000000e+00 1.195996129677824094e+00
3.000000000000000000e+00 6.000000000000000000e+00 1.193104079451479338e+00
4.000000000000000000e+00 5.000000000000000000e+00 1.186583330339348485e+00
4.000000000000000000e+00 6.000000000000000000e+00 1.183667104132688275e+00
5.000000000000000000e+00 6.000000000000000000e+00 4.613887351370584700e-01
