1.000000000000000000e+00 2.000000000000000000e+00 5.466857117136985078e-01
1.000000000000000000e+00 3.000000000000000000e+00 1.123582919717906137e+00
1.000000000000000000e+00 4.000000000000000000e+00 1.116240225791017782e+00
1.000000000000000000e+00 5.000000000000000000e+00 1.448228337086297168e+00
1.000000000000000000e+00 6.000000000000000000e+00 1.444520800505408209e+00
2.000000000000000000e+00 3.000000000000000000e+00 1.112136949480746040e+00
2.000000000000000000e+00 4.000000000000000000e+00 1.104752311962516664e+00
2.000000000000000000e+00 5.000000000000000000e+00 1.436172058874799040e+00
2.000000000000000000e+00 6.000000000000000000e+00 1.432463286540717862e+00
3.000000000000000000e+00 4.000000000000000000e+00 4.997616289637938358e-01
3.000000000000000000e+00 5.000000000000000000e+00 1.224244732029212690e+00
3.000000000000000000e+00 6.000000000000000000e+00 1.221209665110462916e+00
4.000000000000000000e+00 5.000000000000000000e+00 1.216324008616939123e+00
4.000000000000000000e+00 6.000000000000000000e+00 1.213270565055865058e+00
5.000000000000000000e+00 6.000000000000000000e+00 4.613922787076789600e-01
