1.000000000000000000e+00 2.000000000000000000e+00 5.466859039193131542e-01
1.000000000000000000e+00 3.000000000000000000e+00 1.129125417473771931e+00
1.000000000000000000e+00 4.000000000000000000e+00 1.123112684668311489e+00
1.000000000000000000e+00 5.000000000000000000e+00 1.446351016361955955e+00
1.000000000000000000e+00 6.000000000000000000e+00 1.442683234386909596e+00
2.000000000000000000e+00 3.000000000000000000e+00 1.117669797517022223e+00
2.000000000000000000e+00 4.000000000000000000e+00 1.111615965091009572e+00
2.000000000000000000e+00 5.000000000000000000e+00 1.434296253537208576e+00
2.000000000000000000e+00 6.000000000000000000e+00 1.430627223936570047e+00
3.000000000000000000e+00 4.000000000000000000e+00 4.999719980926733420e-01
3.000000000000000000e+00 5.000000000000000000e+00 1.224449443615709621e+00
3.000000000000000000e+00 6.000000000000000000e+00 1.221489899181661620e+00
4.000000000000000000e+00 5.000000000000000000e+00 1.218183159895349421e+00
4.000000000000000000e+00 6.000000000000000000e+00 1.215202964034566513e+00
5.000000000000000000e+00 6.000000000000000000e+00 4.613957828510395487e-01
