1.000000000000000000e+00 2.000000000000000000e+00 5.610743051237125287e-03
1.000000000000000000e+00 3.000000000000000000e+00 2.177117612838097918e-02
1.000000000000000000e+00 4.000000000000000000e+00 2.069199816279930840e-02
1.000000000000000000e+00 5.000000000000000000e+00 3.332937168603041789e-01
1.000000000000000000e+00 6.000000000000000000e+00 3.522827571478279740e-01
2.000000000000000000e+00 3.000000000000000000e+00 2.202065424984969363e-02
2.000000000000000000e+00 4.000000000000000000e+00 2.094109044774258507e-02
2.000000000000000000e+00 5.000000000000000000e+00 3.335403985565357221e-01
2.000000000000000000e+00 6.000000000000000000e+00 3.525293321370953636e-01
3.000000000000000000e+00 4.000000000000000000e+00 6.035220286128011036e-03
3.000000000000000000e+00 5.000000000000000000e+00 3.221768983726934765e-01
3.000000000000000000e+00 6.000000000000000000e+00 3.411895325116992561e-01
4.000000000000000000e+00 5.000000000000000000e+00 3.206047274512883183e-01
4.000000000000000000e+00 6.000000000000000000e+00 3.396182434154845220e-01
5.000000000000000000e+00 6.000000000000000000e+00 4.554328689546324194e-01
