1.000000000000000000e+00 2.000000000000000000e+00 5.466855748803872705e-01
1.000000000000000000e+00 3.000000000000000000e+00 1.122902725780279498e+00
1.000000000000000000e+00 4.000000000000000000e+00 1.115706691284901853e+00
1.000000000000000000e+00 5.000000000000000000e+00 1.442936364474510791e+00
1.000000000000000000e+00 6.000000000000000000e+00 1.439427135287529635e+00
2.000000000000000000e+00 3.000000000000000000e+00 1.111460853383840375e+00
2.000000000000000000e+00 4.000000000000000000e+00 1.104223322820306441e+00
2.000000000000000000e+00 5.000000000000000000e+00 1.430893422786321478e+00
2.000000000000000000e+00 6.000000000000000000e+00 1.427382877833034192e+00
3.000000000000000000e+00 4.000000000000000000e+00 4.997447255039060288e-01
3.000000000000000000e+00 5.000000000000000000e+00 1.216111298305990962e+00
3.000000000000000000e+00 6.000000000000000000e+00 1.213305642262590078e+00
4.000000000000000000e+00 5.000000000000000000e+00 1.208634374982392901e+00
4.000000000000000000e+00 6.000000000000000000e+00 1.205808055526539357e+00
5.000000000000000000e+00 6.000000000000000000e+00 4.613888092440725508e-01
