1.000000000000000000e+00 2.000000000000000000e+00 5.467052431380239330e-01
1.000000000000000000e+00 3.000000000000000000e+00 1.135039281447116188e+00
1.000000000000000000e+00 4.000000000000000000e+00 1.127882682410058290e+00
1.000000000000000000e+00 5.000000000000000000e+00 1.490569252037514669e+00
1.000000000000000000e+00 6.000000000000000000e+00 1.487997010313914181e+00
2.000000000000000000e+00 3.000000000000000000e+00 1.123404610410047688e+00
2.000000000000000000e+00 4.000000000000000000e+00 1.116205594136437718e+00
2.000000000000000000e+00 5.000000000000000000e+00 1.478354537001469904e+00
2.000000000000000000e+00 6.000000000000000000e+00 1.475781135320686666e+00
3.000000000000000000e+00 4.000000000000000000e+00 4.997451848601923707e-01
3.000000000000000000e+00 5.000000000000000000e+00 1.238673156525137653e+00
3.000000000000000000e+00 6.000000000000000000e+00 1.236733946069732859e+00
4.000000000000000000e+00 5.000000000000000000e+00 1.231315091628939040e+00
4.000000000000000000e+00 6.000000000000000000e+00 1.229356347431374896e+00
5.000000000000000000e+00 6.000000000000000000e+00 4.614185585022614333e-01
