1.000000000000000000e+00 2.000000000000000000e+00 5.564985725880425976e-02
1.000000000000000000e+00 3.000000000000000000e+00 1.695540704499229889e-01
1.000000000000000000e+00 4.000000000000000000e+00 1.608320912552322901e-01
1.000000000000000000e+00 5.000000000000000000e+00 5.520512572203287727e-01
1.000000000000000000e+00 6.000000000000000000e+00 5.699801157546086072e-01
2.000000000000000000e+00 3.000000000000000000e+00 1.704798489982334297e-01
2.000000000000000000e+00 4.000000000000000000e+00 1.617518514667242169e-01
2.000000000000000000e+00 5.000000000000000000e+00 5.529191106360887842e-01
2.000000000000000000e+00 6.000000000000000000e+00 5.708473353142028417e-01
3.000000000000000000e+00 4.000000000000000000e+00 5.815499736472720671e-02
3.000000000000000000e+00 5.000000000000000000e+00 4.874766421659836313e-01
3.000000000000000000e+00 6.000000000000000000e+00 5.056145519969684754e-01
4.000000000000000000e+00 5.000000000000000000e+00 4.768076351435922566e-01
4.000000000000000000e+00 6.000000000000000000e+00 4.949479177880292680e-01
5.000000000000000000e+00 6.000000000000000000e+00 4.571843821772519911e-01
