1.000000000000000000e+00 2.000000000000000000e+00 5.466855745700243130e-01
1.000000000000000000e+00 3.000000000000000000e+00 1.122772298565446913e+00
1.000000000000000000e+00 4.000000000000000000e+00 1.115580552529904068e+00
1.000000000000000000e+00 5.000000000000000000e+00 1.436832947946752315e+00
1.000000000000000000e+00 6.000000000000000000e+00 1.433197140590799057e+00
2.000000000000000000e+00 3.000000000000000000e+00 1.111330025804064370e+00
2.000000000000000000e+00 4.000000000000000000e+00 1.104096789282997371e+00
2.000000000000000000e+00 5.000000000000000000e+00 1.424787203984342332e+00
2.000000000000000000e+00 6.000000000000000000e+00 1.421150055479932783e+00
3.000000000000000000e+00 4.000000000000000000e+00 4.997446886836118818e-01
3.000000000000000000e+00 5.000000000000000000e+00 1.211642175669297439e+00
3.000000000000000000e+00 6.000000000000000000e+00 1.208728042389157986e+00
4.000000000000000000e+00 5.000000000000000000e+00 1.204139842530546956e+00
4.000000000000000000e+00 6.000000000000000000e+00 1.201204739962546730e+00
5.000000000000000000e+00 6.000000000000000000e+00 4.613883324272665121e-01
