1.000000000000000000e+00 2.000000000000000000e+00 5.466473179935038562e-01
1.000000000000000000e+00 3.000000000000000000e+00 1.113734834995943501e+00
1.000000000000000000e+00 4.000000000000000000e+00 1.106459048212625307e+00
1.000000000000000000e+00 5.000000000000000000e+00 1.414014576167231807e+00
1.000000000000000000e+00 6.000000000000000000e+00 1.409763047836115835e+00
2.000000000000000000e+00 3.000000000000000000e+00 1.101984688917498456e+00
2.000000000000000000e+00 4.000000000000000000e+00 1.094665995053412333e+00
2.000000000000000000e+00 5.000000000000000000e+00 1.401542577818714053e+00
2.000000000000000000e+00 6.000000000000000000e+00 1.397289211937507769e+00
3.000000000000000000e+00 4.000000000000000000e+00 4.997442583871929411e-01
3.000000000000000000e+00 5.000000000000000000e+00 1.203562899598739522e+00
3.000000000000000000e+00 6.000000000000000000e+00 1.200066980833912389e+00
4.000000000000000000e+00 5.000000000000000000e+00 1.196027877061345945e+00
4.000000000000000000e+00 6.000000000000000000e+00 1.192509933164057845e+00
5.000000000000000000e+00 6.000000000000000000e+00 4.613506795944035677e-01
