1.000000000000000000e+00 2.000000000000000000e+00 5.466471359474081027e-01
1.000000000000000000e+00 3.000000000000000000e+00 1.096127892679797711e+00
1.000000000000000000e+00 4.000000000000000000e+00 1.085894135608890254e+00
1.000000000000000000e+00 5.000000000000000000e+00 1.408824413088482608e+00
1.000000000000000000e+00 6.000000000000000000e+00 1.406478728772255771e+00
2.000000000000000000e+00 3.000000000000000000e+00 1.085420039223498279e+00
2.000000000000000000e+00 4.000000000000000000e+00 1.075144213845914853e+00
2.000000000000000000e+00 5.000000000000000000e+00 1.397500563421046671e+00
2.000000000000000000e+00 6.000000000000000000e+00 1.395153161587153967e+00
3.000000000000000000e+00 4.000000000000000000e+00 4.992273768143729029e-01
3.000000000000000000e+00 5.000000000000000000e+00 1.176446525235375962e+00
3.000000000000000000e+00 6.000000000000000000e+00 1.174839412909481240e+00
4.000000000000000000e+00 5.000000000000000000e+00 1.165401745564224267e+00
4.000000000000000000e+00 6.000000000000000000e+00 1.163775608695452934e+00
5.000000000000000000e+00 6.000000000000000000e+00 4.613400788030730393e-01
