1.000000000000000000e+00 2.000000000000000000e+00 5.467810366162801916e-01
1.000000000000000000e+00 3.000000000000000000e+00 1.284148259106775436e+00
1.000000000000000000e+00 4.000000000000000000e+00 1.287139375980846046e+00
1.000000000000000000e+00 5.000000000000000000e+00 1.518690915743170056e+00
1.000000000000000000e+00 6.000000000000000000e+00 1.512795213671789929e+00
2.000000000000000000e+00 3.000000000000000000e+00 1.270533983888489038e+00
2.000000000000000000e+00 4.000000000000000000e+00 1.273494039120613985e+00
2.000000000000000000e+00 5.000000000000000000e+00 1.504304323017582323e+00
2.000000000000000000e+00 6.000000000000000000e+00 1.498407438606569331e+00
3.000000000000000000e+00 4.000000000000000000e+00 5.013012386140001109e-01
3.000000000000000000e+00 5.000000000000000000e+00 1.362748497761212096e+00
3.000000000000000000e+00 6.000000000000000000e+00 1.357941650802727773e+00
4.000000000000000000e+00 5.000000000000000000e+00 1.366861223732994457e+00
4.000000000000000000e+00 6.000000000000000000e+00 1.362025776673478683e+00
5.000000000000000000e+00 6.000000000000000000e+00 4.615160379739664531e-01
