1.000000000000000000e+00 2.000000000000000000e+00 5.469222580765060737e-01
1.000000000000000000e+00 3.000000000000000000e+00 1.211934467420187067e+00
1.000000000000000000e+00 4.000000000000000000e+00 1.194492239690599922e+00
1.000000000000000000e+00 5.000000000000000000e+00 2.010662132755073994e+00
1.000000000000000000e+00 6.000000000000000000e+00 1.772607855622104989e+00
2.000000000000000000e+00 3.000000000000000000e+00 1.199670894866265991e+00
2.000000000000000000e+00 4.000000000000000000e+00 1.182184193425604102e+00
2.000000000000000000e+00 5.000000000000000000e+00 1.997834369919945896e+00
2.000000000000000000e+00 6.000000000000000000e+00 1.759778610151889300e+00
3.000000000000000000e+00 4.000000000000000000e+00 5.080955420422714752e-01
3.000000000000000000e+00 5.000000000000000000e+00 1.729465202481164976e+00
3.000000000000000000e+00 6.000000000000000000e+00 1.492258191428831093e+00
4.000000000000000000e+00 5.000000000000000000e+00 1.710367216103738652e+00
4.000000000000000000e+00 6.000000000000000000e+00 1.473140325557279251e+00
5.000000000000000000e+00 6.000000000000000000e+00 7.104327849312719323e-01
