1.000000000000000000e+00 2.000000000000000000e+00 5.466855748806742632e-01
1.000000000000000000e+00 3.000000000000000000e+00 1.122902839795530960e+00
1.000000000000000000e+00 4.000000000000000000e+00 1.115706805542038049e+00
1.000000000000000000e+00 5.000000000000000000e+00 1.442936807884342754e+00
1.000000000000000000e+00 6.000000000000000000e+00 1.439427584017066053e+00
2.000000000000000000e+00 3.000000000000000000e+00 1.111460966961735464e+00
2.000000000000000000e+00 4.000000000000000000e+00 1.104223436640613398e+00
2.000000000000000000e+00 5.000000000000000000e+00 1.430893865321684055e+00
2.000000000000000000e+00 6.000000000000000000e+00 1.427383326423518728e+00
3.000000000000000000e+00 4.000000000000000000e+00 4.997447254966951302e-01
3.000000000000000000e+00 5.000000000000000000e+00 1.216111406068960621e+00
3.000000000000000000e+00 6.000000000000000000e+00 1.213305754146806414e+00
4.000000000000000000e+00 5.000000000000000000e+00 1.208634482502502161e+00
4.000000000000000000e+00 6.000000000000000000e+00 1.205808167166428468e+00
5.000000000000000000e+00 6.000000000000000000e+00 4.613888121889773153e-01
