1.000000000000000000e+00 2.000000000000000000e+00 5.466855747795833498e-01
1.000000000000000000e+00 3.000000000000000000e+00 1.122340242401217436e+00
1.000000000000000000e+00 4.000000000000000000e+00 1.115148029983890954e+00
1.000000000000000000e+00 5.000000000000000000e+00 1.438981902632343601e+00
1.000000000000000000e+00 6.000000000000000000e+00 1.435438959398341652e+00
2.000000000000000000e+00 3.000000000000000000e+00 1.110898076194490658e+00
2.000000000000000000e+00 4.000000000000000000e+00 1.103664369764363773e+00
2.000000000000000000e+00 5.000000000000000000e+00 1.426938071408419884e+00
2.000000000000000000e+00 6.000000000000000000e+00 1.423393808725027299e+00
3.000000000000000000e+00 4.000000000000000000e+00 4.997447118547422296e-01
3.000000000000000000e+00 5.000000000000000000e+00 1.214557391314491586e+00
3.000000000000000000e+00 6.000000000000000000e+00 1.211730355348620058e+00
4.000000000000000000e+00 5.000000000000000000e+00 1.207073627357194479e+00
4.000000000000000000e+00 6.000000000000000000e+00 1.204225879646704467e+00
5.000000000000000000e+00 6.000000000000000000e+00 4.613887375781193789e-01
