1.000000000000000000e+00 2.000000000000000000e+00 5.466601560202588583e-01
1.000000000000000000e+00 3.000000000000000000e+00 1.023515822426924071e+00
1.000000000000000000e+00 4.000000000000000000e+00 1.025845115371737171e+00
1.000000000000000000e+00 5.000000000000000000e+00 1.325933620966598170e+00
1.000000000000000000e+00 6.000000000000000000e+00 1.323410499524647399e+00
2.000000000000000000e+00 3.000000000000000000e+00 1.014674978466282074e+00
2.000000000000000000e+00 4.000000000000000000e+00 1.016886726771636384e+00
2.000000000000000000e+00 5.000000000000000000e+00 1.316327600560662781e+00
2.000000000000000000e+00 6.000000000000000000e+00 1.313797550165535455e+00
3.000000000000000000e+00 4.000000000000000000e+00 4.992986630878537557e-01
3.000000000000000000e+00 5.000000000000000000e+00 1.132077286015709117e+00
3.000000000000000000e+00 6.000000000000000000e+00 1.130111916847733156e+00
4.000000000000000000e+00 5.000000000000000000e+00 1.132795321127757049e+00
4.000000000000000000e+00 6.000000000000000000e+00 1.130791728366565607e+00
5.000000000000000000e+00 6.000000000000000000e+00 4.613857622147827797e-01
