1.000000000000000000e+00 2.000000000000000000e+00 5.535193526089065008e-01
1.000000000000000000e+00 3.000000000000000000e+00 1.310166811122801755e+00
1.000000000000000000e+00 4.000000000000000000e+00 1.246915529230252506e+00
1.000000000000000000e+00 5.000000000000000000e+00 1.841287942094180785e+00
1.000000000000000000e+00 6.000000000000000000e+00 2.569903159923465630e+00
2.000000000000000000e+00 3.000000000000000000e+00 1.315228917930643560e+00
2.000000000000000000e+00 4.000000000000000000e+00 1.251927269568986922e+00
2.000000000000000000e+00 5.000000000000000000e+00 1.845602936410728034e+00
2.000000000000000000e+00 6.000000000000000000e+00 2.574213449242615859e+00
3.000000000000000000e+00 4.000000000000000000e+00 5.531631350628101185e-01
3.000000000000000000e+00 5.000000000000000000e+00 1.583594325847290207e+00
3.000000000000000000e+00 6.000000000000000000e+00 2.314292527911927522e+00
4.000000000000000000e+00 5.000000000000000000e+00 1.516578823008392529e+00
4.000000000000000000e+00 6.000000000000000000e+00 2.247249029096438200e+00
5.000000000000000000e+00 6.000000000000000000e+00 1.524155735244224097e+00
