1.000000000000000000e+00 2.000000000000000000e+00 5.466855747632467510e-01
1.000000000000000000e+00 3.000000000000000000e+00 1.122849843852356422e+00
1.000000000000000000e+00 4.000000000000000000e+00 1.115655558607651310e+00
1.000000000000000000e+00 5.000000000000000000e+00 1.440423102121995758e+00
1.000000000000000000e+00 6.000000000000000000e+00 1.436861643431923019e+00
2.000000000000000000e+00 3.000000000000000000e+00 1.111407807503948852e+00
2.000000000000000000e+00 4.000000000000000000e+00 1.104172028863652288e+00
2.000000000000000000e+00 5.000000000000000000e+00 1.428379042738845417e+00
2.000000000000000000e+00 6.000000000000000000e+00 1.424816257481569037e+00
3.000000000000000000e+00 4.000000000000000000e+00 4.997447114989832517e-01
3.000000000000000000e+00 5.000000000000000000e+00 1.214266645603574890e+00
3.000000000000000000e+00 6.000000000000000000e+00 1.211416180970875223e+00
4.000000000000000000e+00 5.000000000000000000e+00 1.206779268206017885e+00
4.000000000000000000e+00 6.000000000000000000e+00 1.203908014221685585e+00
5.000000000000000000e+00 6.000000000000000000e+00 4.613885437012752444e-01
