1.000000000000000000e+00 2.000000000000000000e+00 5.466872623276686216e-01
1.000000000000000000e+00 3.000000000000000000e+00 1.128873133704732856e+00
1.000000000000000000e+00 4.000000000000000000e+00 1.120913896290353984e+00
1.000000000000000000e+00 5.000000000000000000e+00 1.448358777980728318e+00
1.000000000000000000e+00 6.000000000000000000e+00 1.444789365771838474e+00
2.000000000000000000e+00 3.000000000000000000e+00 1.117296287037784497e+00
2.000000000000000000e+00 4.000000000000000000e+00 1.109299395151986944e+00
2.000000000000000000e+00 5.000000000000000000e+00 1.436209205337609207e+00
2.000000000000000000e+00 6.000000000000000000e+00 1.432638634106355946e+00
3.000000000000000000e+00 4.000000000000000000e+00 4.997913537697598052e-01
3.000000000000000000e+00 5.000000000000000000e+00 1.221902146766275843e+00
3.000000000000000000e+00 6.000000000000000000e+00 1.219031491684239077e+00
4.000000000000000000e+00 5.000000000000000000e+00 1.213811141934251880e+00
4.000000000000000000e+00 6.000000000000000000e+00 1.210920708730302886e+00
5.000000000000000000e+00 6.000000000000000000e+00 4.613891281037549863e-01
