0.0	10.5236063623	10.5236063623	10.5236063623	10.5236063623	10.5236063623	10.5236063623	11.9868230779	11.9868230779	10.5236063623	10.5236063623	11.6805434587	11.2431729543	10.5236063623	11.2431729543	10.5236063623	11.6805434587	11.2431729543	11.9868230779	11.9868230779	10.3898833343	11.9868230779	11.2431729543	11.6805434587	11.2431729543	0.0	6.24760007547	0.0	11.2431729543	11.2431729543	10.5236063623	11.6805434587	11.9868230779	10.5236063623	11.2431729543	11.2431729543	11.2431729543	10.5236063623	11.2431729543	11.2431729543	0.0	10.3898833343	0.0	0.0	11.6805434587	11.2431729543	11.2431729543	0.0	6.24760007547	0.0	10.5236063623
10.5236063623	0.0	0.0	0.0	0.0	0.0	0.0	9.16849730085	9.16849730085	0.0	0.0	13.9861448543	13.5684962507	0.0	13.5684962507	0.0	13.9861448543	13.5684962507	9.16849730085	9.16849730085	6.36404321636	9.16849730085	13.5684962507	13.9861448543	13.5684962507	10.5236063623	10.9422255707	10.5236063623	13.5684962507	13.5684962507	0.0	13.9861448543	9.16849730085	0.0	13.5684962507	13.5684962507	13.5684962507	0.0	13.5684962507	13.5684962507	10.5236063623	6.36404321636	10.5236063623	10.5236063623	13.9861448543	13.5684962507	13.5684962507	10.5236063623	10.9422255707	10.5236063623	0.0
10.5236063623	0.0	0.0	0.0	0.0	0.0	0.0	9.16849730085	9.16849730085	0.0	0.0	13.9861448543	13.5684962507	0.0	13.5684962507	0.0	13.9861448543	13.5684962507	9.16849730085	9.16849730085	6.36404321636	9.16849730085	13.5684962507	13.9861448543	13.5684962507	10.5236063623	10.9422255707	10.5236063623	13.5684962507	13.5684962507	0.0	13.9861448543	9.16849730085	0.0	13.5684962507	13.5684962507	13.5684962507	0.0	13.5684962507	13.5684962507	10.5236063623	6.36404321636	10.5236063623	10.5236063623	13.9861448543	13.5684962507	13.5684962507	10.5236063623	10.9422255707	10.5236063623	0.0
10.5236063623	0.0	0.0	0.0	0.0	0.0	0.0	9.16849730085	9.16849730085	0.0	0.0	13.9861448543	13.5684962507	0.0	13.5684962507	0.0	13.9861448543	13.5684962507	9.16849730085	9.16849730085	6.36404321636	9.16849730085	13.5684962507	13.9861448543	13.5684962507	10.5236063623	10.9422255707	10.5236063623	13.5684962507	13.5684962507	0.0	13.9861448543	9.16849730085	0.0	13.5684962507	13.5684962507	13.5684962507	0.0	13.5684962507	13.5684962507	10.5236063623	6.36404321636	10.5236063623	10.5236063623	13.9861448543	13.5684962507	13.5684962507	10.5236063623	10.9422255707	10.5236063623	0.0
10.5236063623	0.0	0.0	0.0	0.0	0.0	0.0	9.16849730085	9.16849730085	0.0	0.0	13.9861448543	13.5684962507	0.0	13.5684962507	0.0	13.9861448543	13.5684962507	9.16849730085	9.16849730085	6.36404321636	9.16849730085	13.5684962507	13.9861448543	13.5684962507	10.5236063623	10.9422255707	10.5236063623	13.5684962507	13.5684962507	0.0	13.9861448543	9.16849730085	0.0	13.5684962507	13.5684962507	13.5684962507	0.0	13.5684962507	13.5684962507	10.5236063623	6.36404321636	10.5236063623	10.5236063623	13.9861448543	13.5684962507	13.5684962507	10.5236063623	10.9422255707	10.5236063623	0.0
10.5236063623	0.0	0.0	0.0	0.0	0.0	0.0	9.16849730085	9.16849730085	0.0	0.0	13.9861448543	13.5684962507	0.0	13.5684962507	0.0	13.9861448543	13.5684962507	9.16849730085	9.16849730085	6.36404321636	9.16849730085	13.5684962507	13.9861448543	13.5684962507	10.5236063623	10.9422255707	10.5236063623	13.5684962507	13.5684962507	0.0	13.9861448543	9.16849730085	0.0	13.5684962507	13.5684962507	13.5684962507	0.0	13.5684962507	13.5684962507	10.5236063623	6.36404321636	10.5236063623	10.5236063623	13.9861448543	13.5684962507	13.5684962507	10.5236063623	10.9422255707	10.5236063623	0.0
10.5236063623	0.0	0.0	0.0	0.0	0.0	0.0	9.16849730085	9.16849730085	0.0	0.0	13.9861448543	13.5684962507	0.0	13.5684962507	0.0	13.9861448543	13.5684962507	9.16849730085	9.16849730085	6.36404321636	9.16849730085	13.5684962507	13.9861448543	13.5684962507	10.5236063623	10.9422255707	10.5236063623	13.5684962507	13.5684962507	0.0	13.9861448543	9.16849730085	0.0	13.5684962507	13.5684962507	13.5684962507	0.0	13.5684962507	13.5684962507	10.5236063623	6.36404321636	10.5236063623	10.5236063623	13.9861448543	13.5684962507	13.5684962507	10.5236063623	10.9422255707	10.5236063623	0.0
11.9868230779	9.16849730085	9.16849730085	9.16849730085	9.16849730085	9.16849730085	9.16849730085	0.0	0.0	9.16849730085	9.16849730085	15.4475056648	15.0299941805	9.16849730085	15.0299941805	9.16849730085	15.4475056648	15.0299941805	0.0	0.0	7.61992486981	0.0	15.0299941805	15.4475056648	15.0299941805	11.9868230779	12.405370795	11.9868230779	15.0299941805	15.0299941805	9.16849730085	15.4475056648	0.0	9.16849730085	15.0299941805	15.0299941805	15.0299941805	9.16849730085	15.0299941805	15.0299941805	11.9868230779	7.61992486981	11.9868230779	11.9868230779	15.4475056648	15.0299941805	15.0299941805	11.9868230779	12.405370795	11.9868230779	9.16849730085
11.9868230779	9.16849730085	9.16849730085	9.16849730085	9.16849730085	9.16849730085	9.16849730085	0.0	0.0	9.16849730085	9.16849730085	15.4475056648	15.0299941805	9.16849730085	15.0299941805	9.16849730085	15.4475056648	15.0299941805	0.0	0.0	7.61992486981	0.0	15.0299941805	15.4475056648	15.0299941805	11.9868230779	12.405370795	11.9868230779	15.0299941805	15.0299941805	9.16849730085	15.4475056648	0.0	9.16849730085	15.0299941805	15.0299941805	15.0299941805	9.16849730085	15.0299941805	15.0299941805	11.9868230779	7.61992486981	11.9868230779	11.9868230779	15.4475056648	15.0299941805	15.0299941805	11.9868230779	12.405370795	11.9868230779	9.16849730085
10.5236063623	0.0	0.0	0.0	0.0	0.0	0.0	9.16849730085	9.16849730085	0.0	0.0	13.9861448543	13.5684962507	0.0	13.5684962507	0.0	13.9861448543	13.5684962507	9.16849730085	9.16849730085	6.36404321636	9.16849730085	13.5684962507	13.9861448543	13.5684962507	10.5236063623	10.9422255707	10.5236063623	13.5684962507	13.5684962507	0.0	13.9861448543	9.16849730085	0.0	13.5684962507	13.5684962507	13.5684962507	0.0	13.5684962507	13.5684962507	10.5236063623	6.36404321636	10.5236063623	10.5236063623	13.9861448543	13.5684962507	13.5684962507	10.5236063623	10.9422255707	10.5236063623	0.0
10.5236063623	0.0	0.0	0.0	0.0	0.0	0.0	9.16849730085	9.16849730085	0.0	0.0	13.9861448543	13.5684962507	0.0	13.5684962507	0.0	13.9861448543	13.5684962507	9.16849730085	9.16849730085	6.36404321636	9.16849730085	13.5684962507	13.9861448543	13.5684962507	10.5236063623	10.9422255707	10.5236063623	13.5684962507	13.5684962507	0.0	13.9861448543	9.16849730085	0.0	13.5684962507	13.5684962507	13.5684962507	0.0	13.5684962507	13.5684962507	10.5236063623	6.36404321636	10.5236063623	10.5236063623	13.9861448543	13.5684962507	13.5684962507	10.5236063623	10.9422255707	10.5236063623	0.0
11.6805434587	13.9861448543	13.9861448543	13.9861448543	13.9861448543	13.9861448543	13.9861448543	15.4475056648	15.4475056648	13.9861448543	13.9861448543	0.0	10.8730117168	13.9861448543	10.8730117168	13.9861448543	0.0	10.8730117168	15.4475056648	15.4475056648	13.8495326899	15.4475056648	10.8730117168	0.0	10.8730117168	11.6805434587	11.967825764	11.6805434587	10.8730117168	10.8730117168	13.9861448543	0.0	15.4475056648	13.9861448543	10.8730117168	10.8730117168	10.8730117168	13.9861448543	10.8730117168	10.8730117168	11.6805434587	13.8495326899	11.6805434587	11.6805434587	0.0	10.8730117168	10.8730117168	11.6805434587	11.967825764	11.6805434587	13.9861448543
11.2431729543	13.5684962507	13.5684962507	13.5684962507	13.5684962507	13.5684962507	13.5684962507	15.0299941805	15.0299941805	13.5684962507	13.5684962507	10.8730117168	0.0	13.5684962507	0.0	13.5684962507	10.8730117168	0.0	15.0299941805	15.0299941805	13.4321185575	15.0299941805	0.0	10.8730117168	0.0	11.2431729543	11.5224932764	11.2431729543	0.0	0.0	13.5684962507	10.8730117168	15.0299941805	13.5684962507	0.0	0.0	0.0	13.5684962507	0.0	0.0	11.2431729543	13.4321185575	11.2431729543	11.2431729543	10.8730117168	0.0	0.0	11.2431729543	11.5224932764	11.2431729543	13.5684962507
10.5236063623	0.0	0.0	0.0	0.0	0.0	0.0	9.16849730085	9.16849730085	0.0	0.0	13.9861448543	13.5684962507	0.0	13.5684962507	0.0	13.9861448543	13.5684962507	9.16849730085	9.16849730085	6.36404321636	9.16849730085	13.5684962507	13.9861448543	13.5684962507	10.5236063623	10.9422255707	10.5236063623	13.5684962507	13.5684962507	0.0	13.9861448543	9.16849730085	0.0	13.5684962507	13.5684962507	13.5684962507	0.0	13.5684962507	13.5684962507	10.5236063623	6.36404321636	10.5236063623	10.5236063623	13.9861448543	13.5684962507	13.5684962507	10.5236063623	10.9422255707	10.5236063623	0.0
11.2431729543	13.5684962507	13.5684962507	13.5684962507	13.5684962507	13.5684962507	13.5684962507	15.0299941805	15.0299941805	13.5684962507	13.5684962507	10.8730117168	0.0	13.5684962507	0.0	13.5684962507	10.8730117168	0.0	15.0299941805	15.0299941805	13.4321185575	15.0299941805	0.0	10.8730117168	0.0	11.2431729543	11.5224932764	11.2431729543	0.0	0.0	13.5684962507	10.8730117168	15.0299941805	13.5684962507	0.0	0.0	0.0	13.5684962507	0.0	0.0	11.2431729543	13.4321185575	11.2431729543	11.2431729543	10.8730117168	0.0	0.0	11.2431729543	11.5224932764	11.2431729543	13.5684962507
10.5236063623	0.0	0.0	0.0	0.0	0.0	0.0	9.16849730085	9.16849730085	0.0	0.0	13.9861448543	13.5684962507	0.0	13.5684962507	0.0	13.9861448543	13.5684962507	9.16849730085	9.16849730085	6.36404321636	9.16849730085	13.5684962507	13.9861448543	13.5684962507	10.5236063623	10.9422255707	10.5236063623	13.5684962507	13.5684962507	0.0	13.9861448543	9.16849730085	0.0	13.5684962507	13.5684962507	13.5684962507	0.0	13.5684962507	13.5684962507	10.5236063623	6.36404321636	10.5236063623	10.5236063623	13.9861448543	13.5684962507	13.5684962507	10.5236063623	10.9422255707	10.5236063623	0.0
11.6805434587	13.9861448543	13.9861448543	13.9861448543	13.9861448543	13.9861448543	13.9861448543	15.4475056648	15.4475056648	13.9861448543	13.9861448543	0.0	10.8730117168	13.9861448543	10.8730117168	13.9861448543	0.0	10.8730117168	15.4475056648	15.4475056648	13.8495326899	15.4475056648	10.8730117168	0.0	10.8730117168	11.6805434587	11.967825764	11.6805434587	10.8730117168	10.8730117168	13.9861448543	0.0	15.4475056648	13.9861448543	10.8730117168	10.8730117168	10.8730117168	13.9861448543	10.8730117168	10.8730117168	11.6805434587	13.8495326899	11.6805434587	11.6805434587	0.0	10.8730117168	10.8730117168	11.6805434587	11.967825764	11.6805434587	13.9861448543
11.2431729543	13.5684962507	13.5684962507	13.5684962507	13.5684962507	13.5684962507	13.5684962507	15.0299941805	15.0299941805	13.5684962507	13.5684962507	10.8730117168	0.0	13.5684962507	0.0	13.5684962507	10.8730117168	0.0	15.0299941805	15.0299941805	13.4321185575	15.0299941805	0.0	10.8730117168	0.0	11.2431729543	11.5224932764	11.2431729543	0.0	0.0	13.5684962507	10.8730117168	15.0299941805	13.5684962507	0.0	0.0	0.0	13.5684962507	0.0	0.0	11.2431729543	13.4321185575	11.2431729543	11.2431729543	10.8730117168	0.0	0.0	11.2431729543	11.5224932764	11.2431729543	13.5684962507
11.9868230779	9.16849730085	9.16849730085	9.16849730085	9.16849730085	9.16849730085	9.16849730085	0.0	0.0	9.16849730085	9.16849730085	15.4475056648	15.0299941805	9.16849730085	15.0299941805	9.16849730085	15.4475056648	15.0299941805	0.0	0.0	7.61992486981	0.0	15.0299941805	15.4475056648	15.0299941805	11.9868230779	12.405370795	11.9868230779	15.0299941805	15.0299941805	9.16849730085	15.4475056648	0.0	9.16849730085	15.0299941805	15.0299941805	15.0299941805	9.16849730085	15.0299941805	15.0299941805	11.9868230779	7.61992486981	11.9868230779	11.9868230779	15.4475056648	15.0299941805	15.0299941805	11.9868230779	12.405370795	11.9868230779	9.16849730085
11.9868230779	9.16849730085	9.16849730085	9.16849730085	9.16849730085	9.16849730085	9.16849730085	0.0	0.0	9.16849730085	9.16849730085	15.4475056648	15.0299941805	9.16849730085	15.0299941805	9.16849730085	15.4475056648	15.0299941805	0.0	0.0	7.61992486981	0.0	15.0299941805	15.4475056648	15.0299941805	11.9868230779	12.405370795	11.9868230779	15.0299941805	15.0299941805	9.16849730085	15.4475056648	0.0	9.16849730085	15.0299941805	15.0299941805	15.0299941805	9.16849730085	15.0299941805	15.0299941805	11.9868230779	7.61992486981	11.9868230779	11.9868230779	15.4475056648	15.0299941805	15.0299941805	11.9868230779	12.405370795	11.9868230779	9.16849730085
10.3898833343	6.36404321636	6.36404321636	6.36404321636	6.36404321636	6.36404321636	6.36404321636	7.61992486981	7.61992486981	6.36404321636	6.36404321636	13.8495326899	13.4321185575	6.36404321636	13.4321185575	6.36404321636	13.8495326899	13.4321185575	7.61992486981	7.61992486981	0.0	7.61992486981	13.4321185575	13.8495326899	13.4321185575	10.3898833343	10.8083184128	10.3898833343	13.4321185575	13.4321185575	6.36404321636	13.8495326899	7.61992486981	6.36404321636	13.4321185575	13.4321185575	13.4321185575	6.36404321636	13.4321185575	13.4321185575	10.3898833343	0.0	10.3898833343	10.3898833343	13.8495326899	13.4321185575	13.4321185575	10.3898833343	10.8083184128	10.3898833343	6.36404321636
11.9868230779	9.16849730085	9.16849730085	9.16849730085	9.16849730085	9.16849730085	9.16849730085	0.0	0.0	9.16849730085	9.16849730085	15.4475056648	15.0299941805	9.16849730085	15.0299941805	9.16849730085	15.4475056648	15.0299941805	0.0	0.0	7.61992486981	0.0	15.0299941805	15.4475056648	15.0299941805	11.9868230779	12.405370795	11.9868230779	15.0299941805	15.0299941805	9.16849730085	15.4475056648	0.0	9.16849730085	15.0299941805	15.0299941805	15.0299941805	9.16849730085	15.0299941805	15.0299941805	11.9868230779	7.61992486981	11.9868230779	11.9868230779	15.4475056648	15.0299941805	15.0299941805	11.9868230779	12.405370795	11.9868230779	9.16849730085
11.2431729543	13.5684962507	13.5684962507	13.5684962507	13.5684962507	13.5684962507	13.5684962507	15.0299941805	15.0299941805	13.5684962507	13.5684962507	10.8730117168	0.0	13.5684962507	0.0	13.5684962507	10.8730117168	0.0	15.0299941805	15.0299941805	13.4321185575	15.0299941805	0.0	10.8730117168	0.0	11.2431729543	11.5224932764	11.2431729543	0.0	0.0	13.5684962507	10.8730117168	15.0299941805	13.5684962507	0.0	0.0	0.0	13.5684962507	0.0	0.0	11.2431729543	13.4321185575	11.2431729543	11.2431729543	10.8730117168	0.0	0.0	11.2431729543	11.5224932764	11.2431729543	13.5684962507
11.6805434587	13.9861448543	13.9861448543	13.9861448543	13.9861448543	13.9861448543	13.9861448543	15.4475056648	15.4475056648	13.9861448543	13.9861448543	0.0	10.8730117168	13.9861448543	10.8730117168	13.9861448543	0.0	10.8730117168	15.4475056648	15.4475056648	13.8495326899	15.4475056648	10.8730117168	0.0	10.8730117168	11.6805434587	11.967825764	11.6805434587	10.8730117168	10.8730117168	13.9861448543	0.0	15.4475056648	13.9861448543	10.8730117168	10.8730117168	10.8730117168	13.9861448543	10.8730117168	10.8730117168	11.6805434587	13.8495326899	11.6805434587	11.6805434587	0.0	10.8730117168	10.8730117168	11.6805434587	11.967825764	11.6805434587	13.9861448543
11.2431729543	13.5684962507	13.5684962507	13.5684962507	13.5684962507	13.5684962507	13.5684962507	15.0299941805	15.0299941805	13.5684962507	13.5684962507	10.8730117168	0.0	13.5684962507	0.0	13.5684962507	10.8730117168	0.0	15.0299941805	15.0299941805	13.4321185575	15.0299941805	0.0	10.8730117168	0.0	11.2431729543	11.5224932764	11.2431729543	0.0	0.0	13.5684962507	10.8730117168	15.0299941805	13.5684962507	0.0	0.0	0.0	13.5684962507	0.0	0.0	11.2431729543	13.4321185575	11.2431729543	11.2431729543	10.8730117168	0.0	0.0	11.2431729543	11.5224932764	11.2431729543	13.5684962507
0.0	10.5236063623	10.5236063623	10.5236063623	10.5236063623	10.5236063623	10.5236063623	11.9868230779	11.9868230779	10.5236063623	10.5236063623	11.6805434587	11.2431729543	10.5236063623	11.2431729543	10.5236063623	11.6805434587	11.2431729543	11.9868230779	11.9868230779	10.3898833343	11.9868230779	11.2431729543	11.6805434587	11.2431729543	0.0	6.24760007547	0.0	11.2431729543	11.2431729543	10.5236063623	11.6805434587	11.9868230779	10.5236063623	11.2431729543	11.2431729543	11.2431729543	10.5236063623	11.2431729543	11.2431729543	0.0	10.3898833343	0.0	0.0	11.6805434587	11.2431729543	11.2431729543	0.0	6.24760007547	0.0	10.5236063623
6.24760007547	10.9422255707	10.9422255707	10.9422255707	10.9422255707	10.9422255707	10.9422255707	12.405370795	12.405370795	10.9422255707	10.9422255707	11.967825764	11.5224932764	10.9422255707	11.5224932764	10.9422255707	11.967825764	11.5224932764	12.405370795	12.405370795	10.8083184128	12.405370795	11.5224932764	11.967825764	11.5224932764	6.24760007547	0.0	6.24760007547	11.5224932764	11.5224932764	10.9422255707	11.967825764	12.405370795	10.9422255707	11.5224932764	11.5224932764	11.5224932764	10.9422255707	11.5224932764	11.5224932764	6.24760007547	10.8083184128	6.24760007547	6.24760007547	11.967825764	11.5224932764	11.5224932764	6.24760007547	0.0	6.24760007547	10.9422255707
0.0	10.5236063623	10.5236063623	10.5236063623	10.5236063623	10.5236063623	10.5236063623	11.9868230779	11.9868230779	10.5236063623	10.5236063623	11.6805434587	11.2431729543	10.5236063623	11.2431729543	10.5236063623	11.6805434587	11.2431729543	11.9868230779	11.9868230779	10.3898833343	11.9868230779	11.2431729543	11.6805434587	11.2431729543	0.0	6.24760007547	0.0	11.2431729543	11.2431729543	10.5236063623	11.6805434587	11.9868230779	10.5236063623	11.2431729543	11.2431729543	11.2431729543	10.5236063623	11.2431729543	11.2431729543	0.0	10.3898833343	0.0	0.0	11.6805434587	11.2431729543	11.2431729543	0.0	6.24760007547	0.0	10.5236063623
11.2431729543	13.5684962507	13.5684962507	13.5684962507	13.5684962507	13.5684962507	13.5684962507	15.0299941805	15.0299941805	13.5684962507	13.5684962507	10.8730117168	0.0	13.5684962507	0.0	13.5684962507	10.8730117168	0.0	15.0299941805	15.0299941805	13.4321185575	15.0299941805	0.0	10.8730117168	0.0	11.2431729543	11.5224932764	11.2431729543	0.0	0.0	13.5684962507	10.8730117168	15.0299941805	13.5684962507	0.0	0.0	0.0	13.5684962507	0.0	0.0	11.2431729543	13.4321185575	11.2431729543	11.2431729543	10.8730117168	0.0	0.0	11.2431729543	11.5224932764	11.2431729543	13.5684962507
11.2431729543	13.5684962507	13.5684962507	13.5684962507	13.5684962507	13.5684962507	13.5684962507	15.0299941805	15.0299941805	13.5684962507	13.5684962507	10.8730117168	0.0	13.5684962507	0.0	13.5684962507	10.8730117168	0.0	15.0299941805	15.0299941805	13.4321185575	15.0299941805	0.0	10.8730117168	0.0	11.2431729543	11.5224932764	11.2431729543	0.0	0.0	13.5684962507	10.8730117168	15.0299941805	13.5684962507	0.0	0.0	0.0	13.5684962507	0.0	0.0	11.2431729543	13.4321185575	11.2431729543	11.2431729543	10.8730117168	0.0	0.0	11.2431729543	11.5224932764	11.2431729543	13.5684962507
10.5236063623	0.0	0.0	0.0	0.0	0.0	0.0	9.16849730085	9.16849730085	0.0	0.0	13.9861448543	13.5684962507	0.0	13.5684962507	0.0	13.9861448543	13.5684962507	9.16849730085	9.16849730085	6.36404321636	9.16849730085	13.5684962507	13.9861448543	13.5684962507	10.5236063623	10.9422255707	10.5236063623	13.5684962507	13.5684962507	0.0	13.9861448543	9.16849730085	0.0	13.5684962507	13.5684962507	13.5684962507	0.0	13.5684962507	13.5684962507	10.5236063623	6.36404321636	10.5236063623	10.5236063623	13.9861448543	13.5684962507	13.5684962507	10.5236063623	10.9422255707	10.5236063623	0.0
11.6805434587	13.9861448543	13.9861448543	13.9861448543	13.9861448543	13.9861448543	13.9861448543	15.4475056648	15.4475056648	13.9861448543	13.9861448543	0.0	10.8730117168	13.9861448543	10.8730117168	13.9861448543	0.0	10.8730117168	15.4475056648	15.4475056648	13.8495326899	15.4475056648	10.8730117168	0.0	10.8730117168	11.6805434587	11.967825764	11.6805434587	10.8730117168	10.8730117168	13.9861448543	0.0	15.4475056648	13.9861448543	10.8730117168	10.8730117168	10.8730117168	13.9861448543	10.8730117168	10.8730117168	11.6805434587	13.8495326899	11.6805434587	11.6805434587	0.0	10.8730117168	10.8730117168	11.6805434587	11.967825764	11.6805434587	13.9861448543
11.9868230779	9.16849730085	9.16849730085	9.16849730085	9.16849730085	9.16849730085	9.16849730085	0.0	0.0	9.16849730085	9.16849730085	15.4475056648	15.0299941805	9.16849730085	15.0299941805	9.16849730085	15.4475056648	15.0299941805	0.0	0.0	7.61992486981	0.0	15.0299941805	15.4475056648	15.0299941805	11.9868230779	12.405370795	11.9868230779	15.0299941805	15.0299941805	9.16849730085	15.4475056648	0.0	9.16849730085	15.0299941805	15.0299941805	15.0299941805	9.16849730085	15.0299941805	15.0299941805	11.9868230779	7.61992486981	11.9868230779	11.9868230779	15.4475056648	15.0299941805	15.0299941805	11.9868230779	12.405370795	11.9868230779	9.16849730085
10.5236063623	0.0	0.0	0.0	0.0	0.0	0.0	9.16849730085	9.16849730085	0.0	0.0	13.9861448543	13.5684962507	0.0	13.5684962507	0.0	13.9861448543	13.5684962507	9.16849730085	9.16849730085	6.36404321636	9.16849730085	13.5684962507	13.9861448543	13.5684962507	10.5236063623	10.9422255707	10.5236063623	13.5684962507	13.5684962507	0.0	13.9861448543	9.16849730085	0.0	13.5684962507	13.5684962507	13.5684962507	0.0	13.5684962507	13.5684962507	10.5236063623	6.36404321636	10.5236063623	10.5236063623	13.9861448543	13.5684962507	13.5684962507	10.5236063623	10.9422255707	10.5236063623	0.0
11.2431729543	13.5684962507	13.5684962507	13.5684962507	13.5684962507	13.5684962507	13.5684962507	15.0299941805	15.0299941805	13.5684962507	13.5684962507	10.8730117168	0.0	13.5684962507	0.0	13.5684962507	10.8730117168	0.0	15.0299941805	15.0299941805	13.4321185575	15.0299941805	0.0	10.8730117168	0.0	11.2431729543	11.5224932764	11.2431729543	0.0	0.0	13.5684962507	10.8730117168	15.0299941805	13.5684962507	0.0	0.0	0.0	13.5684962507	0.0	0.0	11.2431729543	13.4321185575	11.2431729543	11.2431729543	10.8730117168	0.0	0.0	11.2431729543	11.5224932764	11.2431729543	13.5684962507
11.2431729543	13.5684962507	13.5684962507	13.5684962507	13.5684962507	13.5684962507	13.5684962507	15.0299941805	15.0299941805	13.5684962507	13.5684962507	10.8730117168	0.0	13.5684962507	0.0	13.5684962507	10.8730117168	0.0	15.0299941805	15.0299941805	13.4321185575	15.0299941805	0.0	10.8730117168	0.0	11.2431729543	11.5224932764	11.2431729543	0.0	0.0	13.5684962507	10.8730117168	15.0299941805	13.5684962507	0.0	0.0	0.0	13.5684962507	0.0	0.0	11.2431729543	13.4321185575	11.2431729543	11.2431729543	10.8730117168	0.0	0.0	11.2431729543	11.5224932764	11.2431729543	13.5684962507
11.2431729543	13.5684962507	13.5684962507	13.5684962507	13.5684962507	13.5684962507	13.5684962507	15.0299941805	15.0299941805	13.5684962507	13.5684962507	10.8730117168	0.0	13.5684962507	0.0	13.5684962507	10.8730117168	0.0	15.0299941805	15.0299941805	13.4321185575	15.0299941805	0.0	10.8730117168	0.0	11.2431729543	11.5224932764	11.2431729543	0.0	0.0	13.5684962507	10.8730117168	15.0299941805	13.5684962507	0.0	0.0	0.0	13.5684962507	0.0	0.0	11.2431729543	13.4321185575	11.2431729543	11.2431729543	10.8730117168	0.0	0.0	11.2431729543	11.5224932764	11.2431729543	13.5684962507
10.5236063623	0.0	0.0	0.0	0.0	0.0	0.0	9.16849730085	9.16849730085	0.0	0.0	13.9861448543	13.5684962507	0.0	13.5684962507	0.0	13.9861448543	13.5684962507	9.16849730085	9.16849730085	6.36404321636	9.16849730085	13.5684962507	13.9861448543	13.5684962507	10.5236063623	10.9422255707	10.5236063623	13.5684962507	13.5684962507	0.0	13.9861448543	9.16849730085	0.0	13.5684962507	13.5684962507	13.5684962507	0.0	13.5684962507	13.5684962507	10.5236063623	6.36404321636	10.5236063623	10.5236063623	13.9861448543	13.5684962507	13.5684962507	10.5236063623	10.9422255707	10.5236063623	0.0
11.2431729543	13.5684962507	13.5684962507	13.5684962507	13.5684962507	13.5684962507	13.5684962507	15.0299941805	15.0299941805	13.5684962507	13.5684962507	10.8730117168	0.0	13.5684962507	0.0	13.5684962507	10.8730117168	0.0	15.0299941805	15.0299941805	13.4321185575	15.0299941805	0.0	10.8730117168	0.0	11.2431729543	11.5224932764	11.2431729543	0.0	0.0	13.5684962507	10.8730117168	15.0299941805	13.5684962507	0.0	0.0	0.0	13.5684962507	0.0	0.0	11.2431729543	13.4321185575	11.2431729543	11.2431729543	10.8730117168	0.0	0.0	11.2431729543	11.5224932764	11.2431729543	13.5684962507
11.2431729543	13.5684962507	13.5684962507	13.5684962507	13.5684962507	13.5684962507	13.5684962507	15.0299941805	15.0299941805	13.5684962507	13.5684962507	10.8730117168	0.0	13.5684962507	0.0	13.5684962507	10.8730117168	0.0	15.0299941805	15.0299941805	13.4321185575	15.0299941805	0.0	10.8730117168	0.0	11.2431729543	11.5224932764	11.2431729543	0.0	0.0	13.5684962507	10.8730117168	15.0299941805	13.5684962507	0.0	0.0	0.0	13.5684962507	0.0	0.0	11.2431729543	13.4321185575	11.2431729543	11.2431729543	10.8730117168	0.0	0.0	11.2431729543	11.5224932764	11.2431729543	13.5684962507
0.0	10.5236063623	10.5236063623	10.5236063623	10.5236063623	10.5236063623	10.5236063623	11.9868230779	11.9868230779	10.5236063623	10.5236063623	11.6805434587	11.2431729543	10.5236063623	11.2431729543	10.5236063623	11.6805434587	11.2431729543	11.9868230779	11.9868230779	10.3898833343	11.9868230779	11.2431729543	11.6805434587	11.2431729543	0.0	6.24760007547	0.0	11.2431729543	11.2431729543	10.5236063623	11.6805434587	11.9868230779	10.5236063623	11.2431729543	11.2431729543	11.2431729543	10.5236063623	11.2431729543	11.2431729543	0.0	10.3898833343	0.0	0.0	11.6805434587	11.2431729543	11.2431729543	0.0	6.24760007547	0.0	10.5236063623
10.3898833343	6.36404321636	6.36404321636	6.36404321636	6.36404321636	6.36404321636	6.36404321636	7.61992486981	7.61992486981	6.36404321636	6.36404321636	13.8495326899	13.4321185575	6.36404321636	13.4321185575	6.36404321636	13.8495326899	13.4321185575	7.61992486981	7.61992486981	0.0	7.61992486981	13.4321185575	13.8495326899	13.4321185575	10.3898833343	10.8083184128	10.3898833343	13.4321185575	13.4321185575	6.36404321636	13.8495326899	7.61992486981	6.36404321636	13.4321185575	13.4321185575	13.4321185575	6.36404321636	13.4321185575	13.4321185575	10.3898833343	0.0	10.3898833343	10.3898833343	13.8495326899	13.4321185575	13.4321185575	10.3898833343	10.8083184128	10.3898833343	6.36404321636
0.0	10.5236063623	10.5236063623	10.5236063623	10.5236063623	10.5236063623	10.5236063623	11.9868230779	11.9868230779	10.5236063623	10.5236063623	11.6805434587	11.2431729543	10.5236063623	11.2431729543	10.5236063623	11.6805434587	11.2431729543	11.9868230779	11.9868230779	10.3898833343	11.9868230779	11.2431729543	11.6805434587	11.2431729543	0.0	6.24760007547	0.0	11.2431729543	11.2431729543	10.5236063623	11.6805434587	11.9868230779	10.5236063623	11.2431729543	11.2431729543	11.2431729543	10.5236063623	11.2431729543	11.2431729543	0.0	10.3898833343	0.0	0.0	11.6805434587	11.2431729543	11.2431729543	0.0	6.24760007547	0.0	10.5236063623
0.0	10.5236063623	10.5236063623	10.5236063623	10.5236063623	10.5236063623	10.5236063623	11.9868230779	11.9868230779	10.5236063623	10.5236063623	11.6805434587	11.2431729543	10.5236063623	11.2431729543	10.5236063623	11.6805434587	11.2431729543	11.9868230779	11.9868230779	10.3898833343	11.9868230779	11.2431729543	11.6805434587	11.2431729543	0.0	6.24760007547	0.0	11.2431729543	11.2431729543	10.5236063623	11.6805434587	11.9868230779	10.5236063623	11.2431729543	11.2431729543	11.2431729543	10.5236063623	11.2431729543	11.2431729543	0.0	10.3898833343	0.0	0.0	11.6805434587	11.2431729543	11.2431729543	0.0	6.24760007547	0.0	10.5236063623
11.6805434587	13.9861448543	13.9861448543	13.9861448543	13.9861448543	13.9861448543	13.9861448543	15.4475056648	15.4475056648	13.9861448543	13.9861448543	0.0	10.8730117168	13.9861448543	10.8730117168	13.9861448543	0.0	10.8730117168	15.4475056648	15.4475056648	13.8495326899	15.4475056648	10.8730117168	0.0	10.8730117168	11.6805434587	11.967825764	11.6805434587	10.8730117168	10.8730117168	13.9861448543	0.0	15.4475056648	13.9861448543	10.8730117168	10.8730117168	10.8730117168	13.9861448543	10.8730117168	10.8730117168	11.6805434587	13.8495326899	11.6805434587	11.6805434587	0.0	10.8730117168	10.8730117168	11.6805434587	11.967825764	11.6805434587	13.9861448543
11.2431729543	13.5684962507	13.5684962507	13.5684962507	13.5684962507	13.5684962507	13.5684962507	15.0299941805	15.0299941805	13.5684962507	13.5684962507	10.8730117168	0.0	13.5684962507	0.0	13.5684962507	10.8730117168	0.0	15.0299941805	15.0299941805	13.4321185575	15.0299941805	0.0	10.8730117168	0.0	11.2431729543	11.5224932764	11.2431729543	0.0	0.0	13.5684962507	10.8730117168	15.0299941805	13.5684962507	0.0	0.0	0.0	13.5684962507	0.0	0.0	11.2431729543	13.4321185575	11.2431729543	11.2431729543	10.8730117168	0.0	0.0	11.2431729543	11.5224932764	11.2431729543	13.5684962507
11.2431729543	13.5684962507	13.5684962507	13.5684962507	13.5684962507	13.5684962507	13.5684962507	15.0299941805	15.0299941805	13.5684962507	13.5684962507	10.8730117168	0.0	13.5684962507	0.0	13.5684962507	10.8730117168	0.0	15.0299941805	15.0299941805	13.4321185575	15.0299941805	0.0	10.8730117168	0.0	11.2431729543	11.5224932764	11.2431729543	0.0	0.0	13.5684962507	10.8730117168	15.0299941805	13.5684962507	0.0	0.0	0.0	13.5684962507	0.0	0.0	11.2431729543	13.4321185575	11.2431729543	11.2431729543	10.8730117168	0.0	0.0	11.2431729543	11.5224932764	11.2431729543	13.5684962507
0.0	10.5236063623	10.5236063623	10.5236063623	10.5236063623	10.5236063623	10.5236063623	11.9868230779	11.9868230779	10.5236063623	10.5236063623	11.6805434587	11.2431729543	10.5236063623	11.2431729543	10.5236063623	11.6805434587	11.2431729543	11.9868230779	11.9868230779	10.3898833343	11.9868230779	11.2431729543	11.6805434587	11.2431729543	0.0	6.24760007547	0.0	11.2431729543	11.2431729543	10.5236063623	11.6805434587	11.9868230779	10.5236063623	11.2431729543	11.2431729543	11.2431729543	10.5236063623	11.2431729543	11.2431729543	0.0	10.3898833343	0.0	0.0	11.6805434587	11.2431729543	11.2431729543	0.0	6.24760007547	0.0	10.5236063623
6.24760007547	10.9422255707	10.9422255707	10.9422255707	10.9422255707	10.9422255707	10.9422255707	12.405370795	12.405370795	10.9422255707	10.9422255707	11.967825764	11.5224932764	10.9422255707	11.5224932764	10.9422255707	11.967825764	11.5224932764	12.405370795	12.405370795	10.8083184128	12.405370795	11.5224932764	11.967825764	11.5224932764	6.24760007547	0.0	6.24760007547	11.5224932764	11.5224932764	10.9422255707	11.967825764	12.405370795	10.9422255707	11.5224932764	11.5224932764	11.5224932764	10.9422255707	11.5224932764	11.5224932764	6.24760007547	10.8083184128	6.24760007547	6.24760007547	11.967825764	11.5224932764	11.5224932764	6.24760007547	0.0	6.24760007547	10.9422255707
0.0	10.5236063623	10.5236063623	10.5236063623	10.5236063623	10.5236063623	10.5236063623	11.9868230779	11.9868230779	10.5236063623	10.5236063623	11.6805434587	11.2431729543	10.5236063623	11.2431729543	10.5236063623	11.6805434587	11.2431729543	11.9868230779	11.9868230779	10.3898833343	11.9868230779	11.2431729543	11.6805434587	11.2431729543	0.0	6.24760007547	0.0	11.2431729543	11.2431729543	10.5236063623	11.6805434587	11.9868230779	10.5236063623	11.2431729543	11.2431729543	11.2431729543	10.5236063623	11.2431729543	11.2431729543	0.0	10.3898833343	0.0	0.0	11.6805434587	11.2431729543	11.2431729543	0.0	6.24760007547	0.0	10.5236063623
10.5236063623	0.0	0.0	0.0	0.0	0.0	0.0	9.16849730085	9.16849730085	0.0	0.0	13.9861448543	13.5684962507	0.0	13.5684962507	0.0	13.9861448543	13.5684962507	9.16849730085	9.16849730085	6.36404321636	9.16849730085	13.5684962507	13.9861448543	13.5684962507	10.5236063623	10.9422255707	10.5236063623	13.5684962507	13.5684962507	0.0	13.9861448543	9.16849730085	0.0	13.5684962507	13.5684962507	13.5684962507	0.0	13.5684962507	13.5684962507	10.5236063623	6.36404321636	10.5236063623	10.5236063623	13.9861448543	13.5684962507	13.5684962507	10.5236063623	10.9422255707	10.5236063623	0.0