0.0	2.05596295384	2.05596295384	2.05596295384	2.05596295384	2.05596295384	2.05596295384	3.91231065868	3.91231065868	2.05596295384	2.05596295384	3.00746073979	2.01229547673	2.05596295384	2.01229547673	2.05596295384	3.00746073979	2.01229547673	3.91231065868	3.91231065868	2.02919025615	3.91231065868	2.01229547673	3.00746073979	2.01229547673	0.0	0.599898526632	0.0	2.01229547673	2.01229547673	2.05596295384	3.00746073979	3.91231065868	2.05596295384	2.01229547673	2.01229547673	2.01229547673	2.05596295384	2.01229547673	2.01229547673	0.0	2.02919025615	0.0	0.0	3.00746073979	2.01229547673	2.01229547673	0.0	0.599898526632	0.0	2.05596295384
2.05596295384	0.0	0.0	0.0	0.0	0.0	0.0	2.75841399958	2.75841399958	0.0	0.0	4.01933942006	3.0520844568	0.0	3.0520844568	0.0	4.01933942006	3.0520844568	2.75841399958	2.75841399958	0.660800482674	2.75841399958	3.0520844568	4.01933942006	3.0520844568	2.05596295384	2.13510435618	2.05596295384	3.0520844568	3.0520844568	0.0	4.01933942006	2.75841399958	0.0	3.0520844568	3.0520844568	3.0520844568	0.0	3.0520844568	3.0520844568	2.05596295384	0.660800482674	2.05596295384	2.05596295384	4.01933942006	3.0520844568	3.0520844568	2.05596295384	2.13510435618	2.05596295384	0.0
2.05596295384	0.0	0.0	0.0	0.0	0.0	0.0	2.75841399958	2.75841399958	0.0	0.0	4.01933942006	3.0520844568	0.0	3.0520844568	0.0	4.01933942006	3.0520844568	2.75841399958	2.75841399958	0.660800482674	2.75841399958	3.0520844568	4.01933942006	3.0520844568	2.05596295384	2.13510435618	2.05596295384	3.0520844568	3.0520844568	0.0	4.01933942006	2.75841399958	0.0	3.0520844568	3.0520844568	3.0520844568	0.0	3.0520844568	3.0520844568	2.05596295384	0.660800482674	2.05596295384	2.05596295384	4.01933942006	3.0520844568	3.0520844568	2.05596295384	2.13510435618	2.05596295384	0.0
2.05596295384	0.0	0.0	0.0	0.0	0.0	0.0	2.75841399958	2.75841399958	0.0	0.0	4.01933942006	3.0520844568	0.0	3.0520844568	0.0	4.01933942006	3.0520844568	2.75841399958	2.75841399958	0.660800482674	2.75841399958	3.0520844568	4.01933942006	3.0520844568	2.05596295384	2.13510435618	2.05596295384	3.0520844568	3.0520844568	0.0	4.01933942006	2.75841399958	0.0	3.0520844568	3.0520844568	3.0520844568	0.0	3.0520844568	3.0520844568	2.05596295384	0.660800482674	2.05596295384	2.05596295384	4.01933942006	3.0520844568	3.0520844568	2.05596295384	2.13510435618	2.05596295384	0.0
2.05596295384	0.0	0.0	0.0	0.0	0.0	0.0	2.75841399958	2.75841399958	0.0	0.0	4.01933942006	3.0520844568	0.0	3.0520844568	0.0	4.01933942006	3.0520844568	2.75841399958	2.75841399958	0.660800482674	2.75841399958	3.0520844568	4.01933942006	3.0520844568	2.05596295384	2.13510435618	2.05596295384	3.0520844568	3.0520844568	0.0	4.01933942006	2.75841399958	0.0	3.0520844568	3.0520844568	3.0520844568	0.0	3.0520844568	3.0520844568	2.05596295384	0.660800482674	2.05596295384	2.05596295384	4.01933942006	3.0520844568	3.0520844568	2.05596295384	2.13510435618	2.05596295384	0.0
2.05596295384	0.0	0.0	0.0	0.0	0.0	0.0	2.75841399958	2.75841399958	0.0	0.0	4.01933942006	3.0520844568	0.0	3.0520844568	0.0	4.01933942006	3.0520844568	2.75841399958	2.75841399958	0.660800482674	2.75841399958	3.0520844568	4.01933942006	3.0520844568	2.05596295384	2.13510435618	2.05596295384	3.0520844568	3.0520844568	0.0	4.01933942006	2.75841399958	0.0	3.0520844568	3.0520844568	3.0520844568	0.0	3.0520844568	3.0520844568	2.05596295384	0.660800482674	2.05596295384	2.05596295384	4.01933942006	3.0520844568	3.0520844568	2.05596295384	2.13510435618	2.05596295384	0.0
2.05596295384	0.0	0.0	0.0	0.0	0.0	0.0	2.75841399958	2.75841399958	0.0	0.0	4.01933942006	3.0520844568	0.0	3.0520844568	0.0	4.01933942006	3.0520844568	2.75841399958	2.75841399958	0.660800482674	2.75841399958	3.0520844568	4.01933942006	3.0520844568	2.05596295384	2.13510435618	2.05596295384	3.0520844568	3.0520844568	0.0	4.01933942006	2.75841399958	0.0	3.0520844568	3.0520844568	3.0520844568	0.0	3.0520844568	3.0520844568	2.05596295384	0.660800482674	2.05596295384	2.05596295384	4.01933942006	3.0520844568	3.0520844568	2.05596295384	2.13510435618	2.05596295384	0.0
3.91231065868	2.75841399958	2.75841399958	2.75841399958	2.75841399958	2.75841399958	2.75841399958	0.0	0.0	2.75841399958	2.75841399958	5.87517374676	4.90798014717	2.75841399958	4.90798014717	2.75841399958	5.87517374676	4.90798014717	0.0	0.0	2.52153155921	0.0	4.90798014717	5.87517374676	4.90798014717	3.91231065868	3.99145863371	3.91231065868	4.90798014717	4.90798014717	2.75841399958	5.87517374676	0.0	2.75841399958	4.90798014717	4.90798014717	4.90798014717	2.75841399958	4.90798014717	4.90798014717	3.91231065868	2.52153155921	3.91231065868	3.91231065868	5.87517374676	4.90798014717	4.90798014717	3.91231065868	3.99145863371	3.91231065868	2.75841399958
3.91231065868	2.75841399958	2.75841399958	2.75841399958	2.75841399958	2.75841399958	2.75841399958	0.0	0.0	2.75841399958	2.75841399958	5.87517374676	4.90798014717	2.75841399958	4.90798014717	2.75841399958	5.87517374676	4.90798014717	0.0	0.0	2.52153155921	0.0	4.90798014717	5.87517374676	4.90798014717	3.91231065868	3.99145863371	3.91231065868	4.90798014717	4.90798014717	2.75841399958	5.87517374676	0.0	2.75841399958	4.90798014717	4.90798014717	4.90798014717	2.75841399958	4.90798014717	4.90798014717	3.91231065868	2.52153155921	3.91231065868	3.91231065868	5.87517374676	4.90798014717	4.90798014717	3.91231065868	3.99145863371	3.91231065868	2.75841399958
2.05596295384	0.0	0.0	0.0	0.0	0.0	0.0	2.75841399958	2.75841399958	0.0	0.0	4.01933942006	3.0520844568	0.0	3.0520844568	0.0	4.01933942006	3.0520844568	2.75841399958	2.75841399958	0.660800482674	2.75841399958	3.0520844568	4.01933942006	3.0520844568	2.05596295384	2.13510435618	2.05596295384	3.0520844568	3.0520844568	0.0	4.01933942006	2.75841399958	0.0	3.0520844568	3.0520844568	3.0520844568	0.0	3.0520844568	3.0520844568	2.05596295384	0.660800482674	2.05596295384	2.05596295384	4.01933942006	3.0520844568	3.0520844568	2.05596295384	2.13510435618	2.05596295384	0.0
2.05596295384	0.0	0.0	0.0	0.0	0.0	0.0	2.75841399958	2.75841399958	0.0	0.0	4.01933942006	3.0520844568	0.0	3.0520844568	0.0	4.01933942006	3.0520844568	2.75841399958	2.75841399958	0.660800482674	2.75841399958	3.0520844568	4.01933942006	3.0520844568	2.05596295384	2.13510435618	2.05596295384	3.0520844568	3.0520844568	0.0	4.01933942006	2.75841399958	0.0	3.0520844568	3.0520844568	3.0520844568	0.0	3.0520844568	3.0520844568	2.05596295384	0.660800482674	2.05596295384	2.05596295384	4.01933942006	3.0520844568	3.0520844568	2.05596295384	2.13510435618	2.05596295384	0.0
3.00746073979	4.01933942006	4.01933942006	4.01933942006	4.01933942006	4.01933942006	4.01933942006	5.87517374676	5.87517374676	4.01933942006	4.01933942006	0.0	2.56383129392	4.01933942006	2.56383129392	4.01933942006	0.0	2.56383129392	5.87517374676	5.87517374676	3.98761351905	5.87517374676	2.56383129392	0.0	2.56383129392	3.00746073979	3.05522949865	3.00746073979	2.56383129392	2.56383129392	4.01933942006	0.0	5.87517374676	4.01933942006	2.56383129392	2.56383129392	2.56383129392	4.01933942006	2.56383129392	2.56383129392	3.00746073979	3.98761351905	3.00746073979	3.00746073979	0.0	2.56383129392	2.56383129392	3.00746073979	3.05522949865	3.00746073979	4.01933942006
2.01229547673	3.0520844568	3.0520844568	3.0520844568	3.0520844568	3.0520844568	3.0520844568	4.90798014717	4.90798014717	3.0520844568	3.0520844568	2.56383129392	0.0	3.0520844568	0.0	3.0520844568	2.56383129392	0.0	4.90798014717	4.90798014717	3.02105220042	4.90798014717	0.0	2.56383129392	0.0	2.01229547673	2.05632709683	2.01229547673	0.0	0.0	3.0520844568	2.56383129392	4.90798014717	3.0520844568	0.0	0.0	0.0	3.0520844568	0.0	0.0	2.01229547673	3.02105220042	2.01229547673	2.01229547673	2.56383129392	0.0	0.0	2.01229547673	2.05632709683	2.01229547673	3.0520844568
2.05596295384	0.0	0.0	0.0	0.0	0.0	0.0	2.75841399958	2.75841399958	0.0	0.0	4.01933942006	3.0520844568	0.0	3.0520844568	0.0	4.01933942006	3.0520844568	2.75841399958	2.75841399958	0.660800482674	2.75841399958	3.0520844568	4.01933942006	3.0520844568	2.05596295384	2.13510435618	2.05596295384	3.0520844568	3.0520844568	0.0	4.01933942006	2.75841399958	0.0	3.0520844568	3.0520844568	3.0520844568	0.0	3.0520844568	3.0520844568	2.05596295384	0.660800482674	2.05596295384	2.05596295384	4.01933942006	3.0520844568	3.0520844568	2.05596295384	2.13510435618	2.05596295384	0.0
2.01229547673	3.0520844568	3.0520844568	3.0520844568	3.0520844568	3.0520844568	3.0520844568	4.90798014717	4.90798014717	3.0520844568	3.0520844568	2.56383129392	0.0	3.0520844568	0.0	3.0520844568	2.56383129392	0.0	4.90798014717	4.90798014717	3.02105220042	4.90798014717	0.0	2.56383129392	0.0	2.01229547673	2.05632709683	2.01229547673	0.0	0.0	3.0520844568	2.56383129392	4.90798014717	3.0520844568	0.0	0.0	0.0	3.0520844568	0.0	0.0	2.01229547673	3.02105220042	2.01229547673	2.01229547673	2.56383129392	0.0	0.0	2.01229547673	2.05632709683	2.01229547673	3.0520844568
2.05596295384	0.0	0.0	0.0	0.0	0.0	0.0	2.75841399958	2.75841399958	0.0	0.0	4.01933942006	3.0520844568	0.0	3.0520844568	0.0	4.01933942006	3.0520844568	2.75841399958	2.75841399958	0.660800482674	2.75841399958	3.0520844568	4.01933942006	3.0520844568	2.05596295384	2.13510435618	2.05596295384	3.0520844568	3.0520844568	0.0	4.01933942006	2.75841399958	0.0	3.0520844568	3.0520844568	3.0520844568	0.0	3.0520844568	3.0520844568	2.05596295384	0.660800482674	2.05596295384	2.05596295384	4.01933942006	3.0520844568	3.0520844568	2.05596295384	2.13510435618	2.05596295384	0.0
3.00746073979	4.01933942006	4.01933942006	4.01933942006	4.01933942006	4.01933942006	4.01933942006	5.87517374676	5.87517374676	4.01933942006	4.01933942006	0.0	2.56383129392	4.01933942006	2.56383129392	4.01933942006	0.0	2.56383129392	5.87517374676	5.87517374676	3.98761351905	5.87517374676	2.56383129392	0.0	2.56383129392	3.00746073979	3.05522949865	3.00746073979	2.56383129392	2.56383129392	4.01933942006	0.0	5.87517374676	4.01933942006	2.56383129392	2.56383129392	2.56383129392	4.01933942006	2.56383129392	2.56383129392	3.00746073979	3.98761351905	3.00746073979	3.00746073979	0.0	2.56383129392	2.56383129392	3.00746073979	3.05522949865	3.00746073979	4.01933942006
2.01229547673	3.0520844568	3.0520844568	3.0520844568	3.0520844568	3.0520844568	3.0520844568	4.90798014717	4.90798014717	3.0520844568	3.0520844568	2.56383129392	0.0	3.0520844568	0.0	3.0520844568	2.56383129392	0.0	4.90798014717	4.90798014717	3.02105220042	4.90798014717	0.0	2.56383129392	0.0	2.01229547673	2.05632709683	2.01229547673	0.0	0.0	3.0520844568	2.56383129392	4.90798014717	3.0520844568	0.0	0.0	0.0	3.0520844568	0.0	0.0	2.01229547673	3.02105220042	2.01229547673	2.01229547673	2.56383129392	0.0	0.0	2.01229547673	2.05632709683	2.01229547673	3.0520844568
3.91231065868	2.75841399958	2.75841399958	2.75841399958	2.75841399958	2.75841399958	2.75841399958	0.0	0.0	2.75841399958	2.75841399958	5.87517374676	4.90798014717	2.75841399958	4.90798014717	2.75841399958	5.87517374676	4.90798014717	0.0	0.0	2.52153155921	0.0	4.90798014717	5.87517374676	4.90798014717	3.91231065868	3.99145863371	3.91231065868	4.90798014717	4.90798014717	2.75841399958	5.87517374676	0.0	2.75841399958	4.90798014717	4.90798014717	4.90798014717	2.75841399958	4.90798014717	4.90798014717	3.91231065868	2.52153155921	3.91231065868	3.91231065868	5.87517374676	4.90798014717	4.90798014717	3.91231065868	3.99145863371	3.91231065868	2.75841399958
3.91231065868	2.75841399958	2.75841399958	2.75841399958	2.75841399958	2.75841399958	2.75841399958	0.0	0.0	2.75841399958	2.75841399958	5.87517374676	4.90798014717	2.75841399958	4.90798014717	2.75841399958	5.87517374676	4.90798014717	0.0	0.0	2.52153155921	0.0	4.90798014717	5.87517374676	4.90798014717	3.91231065868	3.99145863371	3.91231065868	4.90798014717	4.90798014717	2.75841399958	5.87517374676	0.0	2.75841399958	4.90798014717	4.90798014717	4.90798014717	2.75841399958	4.90798014717	4.90798014717	3.91231065868	2.52153155921	3.91231065868	3.91231065868	5.87517374676	4.90798014717	4.90798014717	3.91231065868	3.99145863371	3.91231065868	2.75841399958
2.02919025615	0.660800482674	0.660800482674	0.660800482674	0.660800482674	0.660800482674	0.660800482674	2.52153155921	2.52153155921	0.660800482674	0.660800482674	3.98761351905	3.02105220042	0.660800482674	3.02105220042	0.660800482674	3.98761351905	3.02105220042	2.52153155921	2.52153155921	0.0	2.52153155921	3.02105220042	3.98761351905	3.02105220042	2.02919025615	2.10816525527	2.02919025615	3.02105220042	3.02105220042	0.660800482674	3.98761351905	2.52153155921	0.660800482674	3.02105220042	3.02105220042	3.02105220042	0.660800482674	3.02105220042	3.02105220042	2.02919025615	0.0	2.02919025615	2.02919025615	3.98761351905	3.02105220042	3.02105220042	2.02919025615	2.10816525527	2.02919025615	0.660800482674
3.91231065868	2.75841399958	2.75841399958	2.75841399958	2.75841399958	2.75841399958	2.75841399958	0.0	0.0	2.75841399958	2.75841399958	5.87517374676	4.90798014717	2.75841399958	4.90798014717	2.75841399958	5.87517374676	4.90798014717	0.0	0.0	2.52153155921	0.0	4.90798014717	5.87517374676	4.90798014717	3.91231065868	3.99145863371	3.91231065868	4.90798014717	4.90798014717	2.75841399958	5.87517374676	0.0	2.75841399958	4.90798014717	4.90798014717	4.90798014717	2.75841399958	4.90798014717	4.90798014717	3.91231065868	2.52153155921	3.91231065868	3.91231065868	5.87517374676	4.90798014717	4.90798014717	3.91231065868	3.99145863371	3.91231065868	2.75841399958
2.01229547673	3.0520844568	3.0520844568	3.0520844568	3.0520844568	3.0520844568	3.0520844568	4.90798014717	4.90798014717	3.0520844568	3.0520844568	2.56383129392	0.0	3.0520844568	0.0	3.0520844568	2.56383129392	0.0	4.90798014717	4.90798014717	3.02105220042	4.90798014717	0.0	2.56383129392	0.0	2.01229547673	2.05632709683	2.01229547673	0.0	0.0	3.0520844568	2.56383129392	4.90798014717	3.0520844568	0.0	0.0	0.0	3.0520844568	0.0	0.0	2.01229547673	3.02105220042	2.01229547673	2.01229547673	2.56383129392	0.0	0.0	2.01229547673	2.05632709683	2.01229547673	3.0520844568
3.00746073979	4.01933942006	4.01933942006	4.01933942006	4.01933942006	4.01933942006	4.01933942006	5.87517374676	5.87517374676	4.01933942006	4.01933942006	0.0	2.56383129392	4.01933942006	2.56383129392	4.01933942006	0.0	2.56383129392	5.87517374676	5.87517374676	3.98761351905	5.87517374676	2.56383129392	0.0	2.56383129392	3.00746073979	3.05522949865	3.00746073979	2.56383129392	2.56383129392	4.01933942006	0.0	5.87517374676	4.01933942006	2.56383129392	2.56383129392	2.56383129392	4.01933942006	2.56383129392	2.56383129392	3.00746073979	3.98761351905	3.00746073979	3.00746073979	0.0	2.56383129392	2.56383129392	3.00746073979	3.05522949865	3.00746073979	4.01933942006
2.01229547673	3.0520844568	3.0520844568	3.0520844568	3.0520844568	3.0520844568	3.0520844568	4.90798014717	4.90798014717	3.0520844568	3.0520844568	2.56383129392	0.0	3.0520844568	0.0	3.0520844568	2.56383129392	0.0	4.90798014717	4.90798014717	3.02105220042	4.90798014717	0.0	2.56383129392	0.0	2.01229547673	2.05632709683	2.01229547673	0.0	0.0	3.0520844568	2.56383129392	4.90798014717	3.0520844568	0.0	0.0	0.0	3.0520844568	0.0	0.0	2.01229547673	3.02105220042	2.01229547673	2.01229547673	2.56383129392	0.0	0.0	2.01229547673	2.05632709683	2.01229547673	3.0520844568
0.0	2.05596295384	2.05596295384	2.05596295384	2.05596295384	2.05596295384	2.05596295384	3.91231065868	3.91231065868	2.05596295384	2.05596295384	3.00746073979	2.01229547673	2.05596295384	2.01229547673	2.05596295384	3.00746073979	2.01229547673	3.91231065868	3.91231065868	2.02919025615	3.91231065868	2.01229547673	3.00746073979	2.01229547673	0.0	0.599898526632	0.0	2.01229547673	2.01229547673	2.05596295384	3.00746073979	3.91231065868	2.05596295384	2.01229547673	2.01229547673	2.01229547673	2.05596295384	2.01229547673	2.01229547673	0.0	2.02919025615	0.0	0.0	3.00746073979	2.01229547673	2.01229547673	0.0	0.599898526632	0.0	2.05596295384
0.599898526632	2.13510435618	2.13510435618	2.13510435618	2.13510435618	2.13510435618	2.13510435618	3.99145863371	3.99145863371	2.13510435618	2.13510435618	3.05522949865	2.05632709683	2.13510435618	2.05632709683	2.13510435618	3.05522949865	2.05632709683	3.99145863371	3.99145863371	2.10816525527	3.99145863371	2.05632709683	3.05522949865	2.05632709683	0.599898526632	0.0	0.599898526632	2.05632709683	2.05632709683	2.13510435618	3.05522949865	3.99145863371	2.13510435618	2.05632709683	2.05632709683	2.05632709683	2.13510435618	2.05632709683	2.05632709683	0.599898526632	2.10816525527	0.599898526632	0.599898526632	3.05522949865	2.05632709683	2.05632709683	0.599898526632	0.0	0.599898526632	2.13510435618
0.0	2.05596295384	2.05596295384	2.05596295384	2.05596295384	2.05596295384	2.05596295384	3.91231065868	3.91231065868	2.05596295384	2.05596295384	3.00746073979	2.01229547673	2.05596295384	2.01229547673	2.05596295384	3.00746073979	2.01229547673	3.91231065868	3.91231065868	2.02919025615	3.91231065868	2.01229547673	3.00746073979	2.01229547673	0.0	0.599898526632	0.0	2.01229547673	2.01229547673	2.05596295384	3.00746073979	3.91231065868	2.05596295384	2.01229547673	2.01229547673	2.01229547673	2.05596295384	2.01229547673	2.01229547673	0.0	2.02919025615	0.0	0.0	3.00746073979	2.01229547673	2.01229547673	0.0	0.599898526632	0.0	2.05596295384
2.01229547673	3.0520844568	3.0520844568	3.0520844568	3.0520844568	3.0520844568	3.0520844568	4.90798014717	4.90798014717	3.0520844568	3.0520844568	2.56383129392	0.0	3.0520844568	0.0	3.0520844568	2.56383129392	0.0	4.90798014717	4.90798014717	3.02105220042	4.90798014717	0.0	2.56383129392	0.0	2.01229547673	2.05632709683	2.01229547673	0.0	0.0	3.0520844568	2.56383129392	4.90798014717	3.0520844568	0.0	0.0	0.0	3.0520844568	0.0	0.0	2.01229547673	3.02105220042	2.01229547673	2.01229547673	2.56383129392	0.0	0.0	2.01229547673	2.05632709683	2.01229547673	3.0520844568
2.01229547673	3.0520844568	3.0520844568	3.0520844568	3.0520844568	3.0520844568	3.0520844568	4.90798014717	4.90798014717	3.0520844568	3.0520844568	2.56383129392	0.0	3.0520844568	0.0	3.0520844568	2.56383129392	0.0	4.90798014717	4.90798014717	3.02105220042	4.90798014717	0.0	2.56383129392	0.0	2.01229547673	2.05632709683	2.01229547673	0.0	0.0	3.0520844568	2.56383129392	4.90798014717	3.0520844568	0.0	0.0	0.0	3.0520844568	0.0	0.0	2.01229547673	3.02105220042	2.01229547673	2.01229547673	2.56383129392	0.0	0.0	2.01229547673	2.05632709683	2.01229547673	3.0520844568
2.05596295384	0.0	0.0	0.0	0.0	0.0	0.0	2.75841399958	2.75841399958	0.0	0.0	4.01933942006	3.0520844568	0.0	3.0520844568	0.0	4.01933942006	3.0520844568	2.75841399958	2.75841399958	0.660800482674	2.75841399958	3.0520844568	4.01933942006	3.0520844568	2.05596295384	2.13510435618	2.05596295384	3.0520844568	3.0520844568	0.0	4.01933942006	2.75841399958	0.0	3.0520844568	3.0520844568	3.0520844568	0.0	3.0520844568	3.0520844568	2.05596295384	0.660800482674	2.05596295384	2.05596295384	4.01933942006	3.0520844568	3.0520844568	2.05596295384	2.13510435618	2.05596295384	0.0
3.00746073979	4.01933942006	4.01933942006	4.01933942006	4.01933942006	4.01933942006	4.01933942006	5.87517374676	5.87517374676	4.01933942006	4.01933942006	0.0	2.56383129392	4.01933942006	2.56383129392	4.01933942006	0.0	2.56383129392	5.87517374676	5.87517374676	3.98761351905	5.87517374676	2.56383129392	0.0	2.56383129392	3.00746073979	3.05522949865	3.00746073979	2.56383129392	2.56383129392	4.01933942006	0.0	5.87517374676	4.01933942006	2.56383129392	2.56383129392	2.56383129392	4.01933942006	2.56383129392	2.56383129392	3.00746073979	3.98761351905	3.00746073979	3.00746073979	0.0	2.56383129392	2.56383129392	3.00746073979	3.05522949865	3.00746073979	4.01933942006
3.91231065868	2.75841399958	2.75841399958	2.75841399958	2.75841399958	2.75841399958	2.75841399958	0.0	0.0	2.75841399958	2.75841399958	5.87517374676	4.90798014717	2.75841399958	4.90798014717	2.75841399958	5.87517374676	4.90798014717	0.0	0.0	2.52153155921	0.0	4.90798014717	5.87517374676	4.90798014717	3.91231065868	3.99145863371	3.91231065868	4.90798014717	4.90798014717	2.75841399958	5.87517374676	0.0	2.75841399958	4.90798014717	4.90798014717	4.90798014717	2.75841399958	4.90798014717	4.90798014717	3.91231065868	2.52153155921	3.91231065868	3.91231065868	5.87517374676	4.90798014717	4.90798014717	3.91231065868	3.99145863371	3.91231065868	2.75841399958
2.05596295384	0.0	0.0	0.0	0.0	0.0	0.0	2.75841399958	2.75841399958	0.0	0.0	4.01933942006	3.0520844568	0.0	3.0520844568	0.0	4.01933942006	3.0520844568	2.75841399958	2.75841399958	0.660800482674	2.75841399958	3.0520844568	4.01933942006	3.0520844568	2.05596295384	2.13510435618	2.05596295384	3.0520844568	3.0520844568	0.0	4.01933942006	2.75841399958	0.0	3.0520844568	3.0520844568	3.0520844568	0.0	3.0520844568	3.0520844568	2.05596295384	0.660800482674	2.05596295384	2.05596295384	4.01933942006	3.0520844568	3.0520844568	2.05596295384	2.13510435618	2.05596295384	0.0
2.01229547673	3.0520844568	3.0520844568	3.0520844568	3.0520844568	3.0520844568	3.0520844568	4.90798014717	4.90798014717	3.0520844568	3.0520844568	2.56383129392	0.0	3.0520844568	0.0	3.0520844568	2.56383129392	0.0	4.90798014717	4.90798014717	3.02105220042	4.90798014717	0.0	2.56383129392	0.0	2.01229547673	2.05632709683	2.01229547673	0.0	0.0	3.0520844568	2.56383129392	4.90798014717	3.0520844568	0.0	0.0	0.0	3.0520844568	0.0	0.0	2.01229547673	3.02105220042	2.01229547673	2.01229547673	2.56383129392	0.0	0.0	2.01229547673	2.05632709683	2.01229547673	3.0520844568
2.01229547673	3.0520844568	3.0520844568	3.0520844568	3.0520844568	3.0520844568	3.0520844568	4.90798014717	4.90798014717	3.0520844568	3.0520844568	2.56383129392	0.0	3.0520844568	0.0	3.0520844568	2.56383129392	0.0	4.90798014717	4.90798014717	3.02105220042	4.90798014717	0.0	2.56383129392	0.0	2.01229547673	2.05632709683	2.01229547673	0.0	0.0	3.0520844568	2.56383129392	4.90798014717	3.0520844568	0.0	0.0	0.0	3.0520844568	0.0	0.0	2.01229547673	3.02105220042	2.01229547673	2.01229547673	2.56383129392	0.0	0.0	2.01229547673	2.05632709683	2.01229547673	3.0520844568
2.01229547673	3.0520844568	3.0520844568	3.0520844568	3.0520844568	3.0520844568	3.0520844568	4.90798014717	4.90798014717	3.0520844568	3.0520844568	2.56383129392	0.0	3.0520844568	0.0	3.0520844568	2.56383129392	0.0	4.90798014717	4.90798014717	3.02105220042	4.90798014717	0.0	2.56383129392	0.0	2.01229547673	2.05632709683	2.01229547673	0.0	0.0	3.0520844568	2.56383129392	4.90798014717	3.0520844568	0.0	0.0	0.0	3.0520844568	0.0	0.0	2.01229547673	3.02105220042	2.01229547673	2.01229547673	2.56383129392	0.0	0.0	2.01229547673	2.05632709683	2.01229547673	3.0520844568
2.05596295384	0.0	0.0	0.0	0.0	0.0	0.0	2.75841399958	2.75841399958	0.0	0.0	4.01933942006	3.0520844568	0.0	3.0520844568	0.0	4.01933942006	3.0520844568	2.75841399958	2.75841399958	0.660800482674	2.75841399958	3.0520844568	4.01933942006	3.0520844568	2.05596295384	2.13510435618	2.05596295384	3.0520844568	3.0520844568	0.0	4.01933942006	2.75841399958	0.0	3.0520844568	3.0520844568	3.0520844568	0.0	3.0520844568	3.0520844568	2.05596295384	0.660800482674	2.05596295384	2.05596295384	4.01933942006	3.0520844568	3.0520844568	2.05596295384	2.13510435618	2.05596295384	0.0
2.01229547673	3.0520844568	3.0520844568	3.0520844568	3.0520844568	3.0520844568	3.0520844568	4.90798014717	4.90798014717	3.0520844568	3.0520844568	2.56383129392	0.0	3.0520844568	0.0	3.0520844568	2.56383129392	0.0	4.90798014717	4.90798014717	3.02105220042	4.90798014717	0.0	2.56383129392	0.0	2.01229547673	2.05632709683	2.01229547673	0.0	0.0	3.0520844568	2.56383129392	4.90798014717	3.0520844568	0.0	0.0	0.0	3.0520844568	0.0	0.0	2.01229547673	3.02105220042	2.01229547673	2.01229547673	2.56383129392	0.0	0.0	2.01229547673	2.05632709683	2.01229547673	3.0520844568
2.01229547673	3.0520844568	3.0520844568	3.0520844568	3.0520844568	3.0520844568	3.0520844568	4.90798014717	4.90798014717	3.0520844568	3.0520844568	2.56383129392	0.0	3.0520844568	0.0	3.0520844568	2.56383129392	0.0	4.90798014717	4.90798014717	3.02105220042	4.90798014717	0.0	2.56383129392	0.0	2.01229547673	2.05632709683	2.01229547673	0.0	0.0	3.0520844568	2.56383129392	4.90798014717	3.0520844568	0.0	0.0	0.0	3.0520844568	0.0	0.0	2.01229547673	3.02105220042	2.01229547673	2.01229547673	2.56383129392	0.0	0.0	2.01229547673	2.05632709683	2.01229547673	3.0520844568
0.0	2.05596295384	2.05596295384	2.05596295384	2.05596295384	2.05596295384	2.05596295384	3.91231065868	3.91231065868	2.05596295384	2.05596295384	3.00746073979	2.01229547673	2.05596295384	2.01229547673	2.05596295384	3.00746073979	2.01229547673	3.91231065868	3.91231065868	2.02919025615	3.91231065868	2.01229547673	3.00746073979	2.01229547673	0.0	0.599898526632	0.0	2.01229547673	2.01229547673	2.05596295384	3.00746073979	3.91231065868	2.05596295384	2.01229547673	2.01229547673	2.01229547673	2.05596295384	2.01229547673	2.01229547673	0.0	2.02919025615	0.0	0.0	3.00746073979	2.01229547673	2.01229547673	0.0	0.599898526632	0.0	2.05596295384
2.02919025615	0.660800482674	0.660800482674	0.660800482674	0.660800482674	0.660800482674	0.660800482674	2.52153155921	2.52153155921	0.660800482674	0.660800482674	3.98761351905	3.02105220042	0.660800482674	3.02105220042	0.660800482674	3.98761351905	3.02105220042	2.52153155921	2.52153155921	0.0	2.52153155921	3.02105220042	3.98761351905	3.02105220042	2.02919025615	2.10816525527	2.02919025615	3.02105220042	3.02105220042	0.660800482674	3.98761351905	2.52153155921	0.660800482674	3.02105220042	3.02105220042	3.02105220042	0.660800482674	3.02105220042	3.02105220042	2.02919025615	0.0	2.02919025615	2.02919025615	3.98761351905	3.02105220042	3.02105220042	2.02919025615	2.10816525527	2.02919025615	0.660800482674
0.0	2.05596295384	2.05596295384	2.05596295384	2.05596295384	2.05596295384	2.05596295384	3.91231065868	3.91231065868	2.05596295384	2.05596295384	3.00746073979	2.01229547673	2.05596295384	2.01229547673	2.05596295384	3.00746073979	2.01229547673	3.91231065868	3.91231065868	2.02919025615	3.91231065868	2.01229547673	3.00746073979	2.01229547673	0.0	0.599898526632	0.0	2.01229547673	2.01229547673	2.05596295384	3.00746073979	3.91231065868	2.05596295384	2.01229547673	2.01229547673	2.01229547673	2.05596295384	2.01229547673	2.01229547673	0.0	2.02919025615	0.0	0.0	3.00746073979	2.01229547673	2.01229547673	0.0	0.599898526632	0.0	2.05596295384
0.0	2.05596295384	2.05596295384	2.05596295384	2.05596295384	2.05596295384	2.05596295384	3.91231065868	3.91231065868	2.05596295384	2.05596295384	3.00746073979	2.01229547673	2.05596295384	2.01229547673	2.05596295384	3.00746073979	2.01229547673	3.91231065868	3.91231065868	2.02919025615	3.91231065868	2.01229547673	3.00746073979	2.01229547673	0.0	0.599898526632	0.0	2.01229547673	2.01229547673	2.05596295384	3.00746073979	3.91231065868	2.05596295384	2.01229547673	2.01229547673	2.01229547673	2.05596295384	2.01229547673	2.01229547673	0.0	2.02919025615	0.0	0.0	3.00746073979	2.01229547673	2.01229547673	0.0	0.599898526632	0.0	2.05596295384
3.00746073979	4.01933942006	4.01933942006	4.01933942006	4.01933942006	4.01933942006	4.01933942006	5.87517374676	5.87517374676	4.01933942006	4.01933942006	0.0	2.56383129392	4.01933942006	2.56383129392	4.01933942006	0.0	2.56383129392	5.87517374676	5.87517374676	3.98761351905	5.87517374676	2.56383129392	0.0	2.56383129392	3.00746073979	3.05522949865	3.00746073979	2.56383129392	2.56383129392	4.01933942006	0.0	5.87517374676	4.01933942006	2.56383129392	2.56383129392	2.56383129392	4.01933942006	2.56383129392	2.56383129392	3.00746073979	3.98761351905	3.00746073979	3.00746073979	0.0	2.56383129392	2.56383129392	3.00746073979	3.05522949865	3.00746073979	4.01933942006
2.01229547673	3.0520844568	3.0520844568	3.0520844568	3.0520844568	3.0520844568	3.0520844568	4.90798014717	4.90798014717	3.0520844568	3.0520844568	2.56383129392	0.0	3.0520844568	0.0	3.0520844568	2.56383129392	0.0	4.90798014717	4.90798014717	3.02105220042	4.90798014717	0.0	2.56383129392	0.0	2.01229547673	2.05632709683	2.01229547673	0.0	0.0	3.0520844568	2.56383129392	4.90798014717	3.0520844568	0.0	0.0	0.0	3.0520844568	0.0	0.0	2.01229547673	3.02105220042	2.01229547673	2.01229547673	2.56383129392	0.0	0.0	2.01229547673	2.05632709683	2.01229547673	3.0520844568
2.01229547673	3.0520844568	3.0520844568	3.0520844568	3.0520844568	3.0520844568	3.0520844568	4.90798014717	4.90798014717	3.0520844568	3.0520844568	2.56383129392	0.0	3.0520844568	0.0	3.0520844568	2.56383129392	0.0	4.90798014717	4.90798014717	3.02105220042	4.90798014717	0.0	2.56383129392	0.0	2.01229547673	2.05632709683	2.01229547673	0.0	0.0	3.0520844568	2.56383129392	4.90798014717	3.0520844568	0.0	0.0	0.0	3.0520844568	0.0	0.0	2.01229547673	3.02105220042	2.01229547673	2.01229547673	2.56383129392	0.0	0.0	2.01229547673	2.05632709683	2.01229547673	3.0520844568
0.0	2.05596295384	2.05596295384	2.05596295384	2.05596295384	2.05596295384	2.05596295384	3.91231065868	3.91231065868	2.05596295384	2.05596295384	3.00746073979	2.01229547673	2.05596295384	2.01229547673	2.05596295384	3.00746073979	2.01229547673	3.91231065868	3.91231065868	2.02919025615	3.91231065868	2.01229547673	3.00746073979	2.01229547673	0.0	0.599898526632	0.0	2.01229547673	2.01229547673	2.05596295384	3.00746073979	3.91231065868	2.05596295384	2.01229547673	2.01229547673	2.01229547673	2.05596295384	2.01229547673	2.01229547673	0.0	2.02919025615	0.0	0.0	3.00746073979	2.01229547673	2.01229547673	0.0	0.599898526632	0.0	2.05596295384
0.599898526632	2.13510435618	2.13510435618	2.13510435618	2.13510435618	2.13510435618	2.13510435618	3.99145863371	3.99145863371	2.13510435618	2.13510435618	3.05522949865	2.05632709683	2.13510435618	2.05632709683	2.13510435618	3.05522949865	2.05632709683	3.99145863371	3.99145863371	2.10816525527	3.99145863371	2.05632709683	3.05522949865	2.05632709683	0.599898526632	0.0	0.599898526632	2.05632709683	2.05632709683	2.13510435618	3.05522949865	3.99145863371	2.13510435618	2.05632709683	2.05632709683	2.05632709683	2.13510435618	2.05632709683	2.05632709683	0.599898526632	2.10816525527	0.599898526632	0.599898526632	3.05522949865	2.05632709683	2.05632709683	0.599898526632	0.0	0.599898526632	2.13510435618
0.0	2.05596295384	2.05596295384	2.05596295384	2.05596295384	2.05596295384	2.05596295384	3.91231065868	3.91231065868	2.05596295384	2.05596295384	3.00746073979	2.01229547673	2.05596295384	2.01229547673	2.05596295384	3.00746073979	2.01229547673	3.91231065868	3.91231065868	2.02919025615	3.91231065868	2.01229547673	3.00746073979	2.01229547673	0.0	0.599898526632	0.0	2.01229547673	2.01229547673	2.05596295384	3.00746073979	3.91231065868	2.05596295384	2.01229547673	2.01229547673	2.01229547673	2.05596295384	2.01229547673	2.01229547673	0.0	2.02919025615	0.0	0.0	3.00746073979	2.01229547673	2.01229547673	0.0	0.599898526632	0.0	2.05596295384
2.05596295384	0.0	0.0	0.0	0.0	0.0	0.0	2.75841399958	2.75841399958	0.0	0.0	4.01933942006	3.0520844568	0.0	3.0520844568	0.0	4.01933942006	3.0520844568	2.75841399958	2.75841399958	0.660800482674	2.75841399958	3.0520844568	4.01933942006	3.0520844568	2.05596295384	2.13510435618	2.05596295384	3.0520844568	3.0520844568	0.0	4.01933942006	2.75841399958	0.0	3.0520844568	3.0520844568	3.0520844568	0.0	3.0520844568	3.0520844568	2.05596295384	0.660800482674	2.05596295384	2.05596295384	4.01933942006	3.0520844568	3.0520844568	2.05596295384	2.13510435618	2.05596295384	0.0