0.0	3.18577024816	3.18577024816	3.18577024816	3.18577024816	3.18577024816	3.18577024816	7.49602320632	7.49602320632	3.18577024816	3.18577024816	7.07506582095	6.69341242335	3.18577024816	6.69341242335	3.18577024816	7.07506582095	6.69341242335	7.49602320632	7.49602320632	4.99862660125	7.49602320632	6.69341242335	7.07506582095	6.69341242335	0.0	0.620196613896	0.0	6.69341242335	6.69341242335	3.18577024816	7.07506582095	7.49602320632	3.18577024816	6.69341242335	6.69341242335	6.69341242335	3.18577024816	6.69341242335	6.69341242335	0.0	4.99862660125	0.0	0.0	7.07506582095	6.69341242335	6.69341242335	0.0	0.620196613896	0.0	3.18577024816
3.18577024816	0.0	0.0	0.0	0.0	0.0	0.0	6.14947751924	6.14947751924	0.0	0.0	8.73603050513	8.43735672601	0.0	8.43735672601	0.0	8.73603050513	8.43735672601	6.14947751924	6.14947751924	3.06326739058	6.14947751924	8.43735672601	8.73603050513	8.43735672601	3.18577024816	3.27030773122	3.18577024816	8.43735672601	8.43735672601	0.0	8.73603050513	6.14947751924	0.0	8.43735672601	8.43735672601	8.43735672601	0.0	8.43735672601	8.43735672601	3.18577024816	3.06326739058	3.18577024816	3.18577024816	8.73603050513	8.43735672601	8.43735672601	3.18577024816	3.27030773122	3.18577024816	0.0
3.18577024816	0.0	0.0	0.0	0.0	0.0	0.0	6.14947751924	6.14947751924	0.0	0.0	8.73603050513	8.43735672601	0.0	8.43735672601	0.0	8.73603050513	8.43735672601	6.14947751924	6.14947751924	3.06326739058	6.14947751924	8.43735672601	8.73603050513	8.43735672601	3.18577024816	3.27030773122	3.18577024816	8.43735672601	8.43735672601	0.0	8.73603050513	6.14947751924	0.0	8.43735672601	8.43735672601	8.43735672601	0.0	8.43735672601	8.43735672601	3.18577024816	3.06326739058	3.18577024816	3.18577024816	8.73603050513	8.43735672601	8.43735672601	3.18577024816	3.27030773122	3.18577024816	0.0
3.18577024816	0.0	0.0	0.0	0.0	0.0	0.0	6.14947751924	6.14947751924	0.0	0.0	8.73603050513	8.43735672601	0.0	8.43735672601	0.0	8.73603050513	8.43735672601	6.14947751924	6.14947751924	3.06326739058	6.14947751924	8.43735672601	8.73603050513	8.43735672601	3.18577024816	3.27030773122	3.18577024816	8.43735672601	8.43735672601	0.0	8.73603050513	6.14947751924	0.0	8.43735672601	8.43735672601	8.43735672601	0.0	8.43735672601	8.43735672601	3.18577024816	3.06326739058	3.18577024816	3.18577024816	8.73603050513	8.43735672601	8.43735672601	3.18577024816	3.27030773122	3.18577024816	0.0
3.18577024816	0.0	0.0	0.0	0.0	0.0	0.0	6.14947751924	6.14947751924	0.0	0.0	8.73603050513	8.43735672601	0.0	8.43735672601	0.0	8.73603050513	8.43735672601	6.14947751924	6.14947751924	3.06326739058	6.14947751924	8.43735672601	8.73603050513	8.43735672601	3.18577024816	3.27030773122	3.18577024816	8.43735672601	8.43735672601	0.0	8.73603050513	6.14947751924	0.0	8.43735672601	8.43735672601	8.43735672601	0.0	8.43735672601	8.43735672601	3.18577024816	3.06326739058	3.18577024816	3.18577024816	8.73603050513	8.43735672601	8.43735672601	3.18577024816	3.27030773122	3.18577024816	0.0
3.18577024816	0.0	0.0	0.0	0.0	0.0	0.0	6.14947751924	6.14947751924	0.0	0.0	8.73603050513	8.43735672601	0.0	8.43735672601	0.0	8.73603050513	8.43735672601	6.14947751924	6.14947751924	3.06326739058	6.14947751924	8.43735672601	8.73603050513	8.43735672601	3.18577024816	3.27030773122	3.18577024816	8.43735672601	8.43735672601	0.0	8.73603050513	6.14947751924	0.0	8.43735672601	8.43735672601	8.43735672601	0.0	8.43735672601	8.43735672601	3.18577024816	3.06326739058	3.18577024816	3.18577024816	8.73603050513	8.43735672601	8.43735672601	3.18577024816	3.27030773122	3.18577024816	0.0
3.18577024816	0.0	0.0	0.0	0.0	0.0	0.0	6.14947751924	6.14947751924	0.0	0.0	8.73603050513	8.43735672601	0.0	8.43735672601	0.0	8.73603050513	8.43735672601	6.14947751924	6.14947751924	3.06326739058	6.14947751924	8.43735672601	8.73603050513	8.43735672601	3.18577024816	3.27030773122	3.18577024816	8.43735672601	8.43735672601	0.0	8.73603050513	6.14947751924	0.0	8.43735672601	8.43735672601	8.43735672601	0.0	8.43735672601	8.43735672601	3.18577024816	3.06326739058	3.18577024816	3.18577024816	8.73603050513	8.43735672601	8.43735672601	3.18577024816	3.27030773122	3.18577024816	0.0
7.49602320632	6.14947751924	6.14947751924	6.14947751924	6.14947751924	6.14947751924	6.14947751924	0.0	0.0	6.14947751924	6.14947751924	13.0560034163	12.7546331551	6.14947751924	12.7546331551	6.14947751924	13.0560034163	12.7546331551	0.0	0.0	7.23714569009	0.0	12.7546331551	13.0560034163	12.7546331551	7.49602320632	7.5808393769	7.49602320632	12.7546331551	12.7546331551	6.14947751924	13.0560034163	0.0	6.14947751924	12.7546331551	12.7546331551	12.7546331551	6.14947751924	12.7546331551	12.7546331551	7.49602320632	7.23714569009	7.49602320632	7.49602320632	13.0560034163	12.7546331551	12.7546331551	7.49602320632	7.5808393769	7.49602320632	6.14947751924
7.49602320632	6.14947751924	6.14947751924	6.14947751924	6.14947751924	6.14947751924	6.14947751924	0.0	0.0	6.14947751924	6.14947751924	13.0560034163	12.7546331551	6.14947751924	12.7546331551	6.14947751924	13.0560034163	12.7546331551	0.0	0.0	7.23714569009	0.0	12.7546331551	13.0560034163	12.7546331551	7.49602320632	7.5808393769	7.49602320632	12.7546331551	12.7546331551	6.14947751924	13.0560034163	0.0	6.14947751924	12.7546331551	12.7546331551	12.7546331551	6.14947751924	12.7546331551	12.7546331551	7.49602320632	7.23714569009	7.49602320632	7.49602320632	13.0560034163	12.7546331551	12.7546331551	7.49602320632	7.5808393769	7.49602320632	6.14947751924
3.18577024816	0.0	0.0	0.0	0.0	0.0	0.0	6.14947751924	6.14947751924	0.0	0.0	8.73603050513	8.43735672601	0.0	8.43735672601	0.0	8.73603050513	8.43735672601	6.14947751924	6.14947751924	3.06326739058	6.14947751924	8.43735672601	8.73603050513	8.43735672601	3.18577024816	3.27030773122	3.18577024816	8.43735672601	8.43735672601	0.0	8.73603050513	6.14947751924	0.0	8.43735672601	8.43735672601	8.43735672601	0.0	8.43735672601	8.43735672601	3.18577024816	3.06326739058	3.18577024816	3.18577024816	8.73603050513	8.43735672601	8.43735672601	3.18577024816	3.27030773122	3.18577024816	0.0
3.18577024816	0.0	0.0	0.0	0.0	0.0	0.0	6.14947751924	6.14947751924	0.0	0.0	8.73603050513	8.43735672601	0.0	8.43735672601	0.0	8.73603050513	8.43735672601	6.14947751924	6.14947751924	3.06326739058	6.14947751924	8.43735672601	8.73603050513	8.43735672601	3.18577024816	3.27030773122	3.18577024816	8.43735672601	8.43735672601	0.0	8.73603050513	6.14947751924	0.0	8.43735672601	8.43735672601	8.43735672601	0.0	8.43735672601	8.43735672601	3.18577024816	3.06326739058	3.18577024816	3.18577024816	8.73603050513	8.43735672601	8.43735672601	3.18577024816	3.27030773122	3.18577024816	0.0
7.07506582095	8.73603050513	8.73603050513	8.73603050513	8.73603050513	8.73603050513	8.73603050513	13.0560034163	13.0560034163	8.73603050513	8.73603050513	0.0	9.96005839327	8.73603050513	9.96005839327	8.73603050513	0.0	9.96005839327	13.0560034163	13.0560034163	10.5401842438	13.0560034163	9.96005839327	0.0	9.96005839327	7.07506582095	7.12769273955	7.07506582095	9.96005839327	9.96005839327	8.73603050513	0.0	13.0560034163	8.73603050513	9.96005839327	9.96005839327	9.96005839327	8.73603050513	9.96005839327	9.96005839327	7.07506582095	10.5401842438	7.07506582095	7.07506582095	0.0	9.96005839327	9.96005839327	7.07506582095	7.12769273955	7.07506582095	8.73603050513
6.69341242335	8.43735672601	8.43735672601	8.43735672601	8.43735672601	8.43735672601	8.43735672601	12.7546331551	12.7546331551	8.43735672601	8.43735672601	9.96005839327	0.0	8.43735672601	0.0	8.43735672601	9.96005839327	0.0	12.7546331551	12.7546331551	10.2438383204	12.7546331551	0.0	9.96005839327	0.0	6.69341242335	6.73944342153	6.69341242335	0.0	0.0	8.43735672601	9.96005839327	12.7546331551	8.43735672601	0.0	0.0	0.0	8.43735672601	0.0	0.0	6.69341242335	10.2438383204	6.69341242335	6.69341242335	9.96005839327	0.0	0.0	6.69341242335	6.73944342153	6.69341242335	8.43735672601
3.18577024816	0.0	0.0	0.0	0.0	0.0	0.0	6.14947751924	6.14947751924	0.0	0.0	8.73603050513	8.43735672601	0.0	8.43735672601	0.0	8.73603050513	8.43735672601	6.14947751924	6.14947751924	3.06326739058	6.14947751924	8.43735672601	8.73603050513	8.43735672601	3.18577024816	3.27030773122	3.18577024816	8.43735672601	8.43735672601	0.0	8.73603050513	6.14947751924	0.0	8.43735672601	8.43735672601	8.43735672601	0.0	8.43735672601	8.43735672601	3.18577024816	3.06326739058	3.18577024816	3.18577024816	8.73603050513	8.43735672601	8.43735672601	3.18577024816	3.27030773122	3.18577024816	0.0
6.69341242335	8.43735672601	8.43735672601	8.43735672601	8.43735672601	8.43735672601	8.43735672601	12.7546331551	12.7546331551	8.43735672601	8.43735672601	9.96005839327	0.0	8.43735672601	0.0	8.43735672601	9.96005839327	0.0	12.7546331551	12.7546331551	10.2438383204	12.7546331551	0.0	9.96005839327	0.0	6.69341242335	6.73944342153	6.69341242335	0.0	0.0	8.43735672601	9.96005839327	12.7546331551	8.43735672601	0.0	0.0	0.0	8.43735672601	0.0	0.0	6.69341242335	10.2438383204	6.69341242335	6.69341242335	9.96005839327	0.0	0.0	6.69341242335	6.73944342153	6.69341242335	8.43735672601
3.18577024816	0.0	0.0	0.0	0.0	0.0	0.0	6.14947751924	6.14947751924	0.0	0.0	8.73603050513	8.43735672601	0.0	8.43735672601	0.0	8.73603050513	8.43735672601	6.14947751924	6.14947751924	3.06326739058	6.14947751924	8.43735672601	8.73603050513	8.43735672601	3.18577024816	3.27030773122	3.18577024816	8.43735672601	8.43735672601	0.0	8.73603050513	6.14947751924	0.0	8.43735672601	8.43735672601	8.43735672601	0.0	8.43735672601	8.43735672601	3.18577024816	3.06326739058	3.18577024816	3.18577024816	8.73603050513	8.43735672601	8.43735672601	3.18577024816	3.27030773122	3.18577024816	0.0
7.07506582095	8.73603050513	8.73603050513	8.73603050513	8.73603050513	8.73603050513	8.73603050513	13.0560034163	13.0560034163	8.73603050513	8.73603050513	0.0	9.96005839327	8.73603050513	9.96005839327	8.73603050513	0.0	9.96005839327	13.0560034163	13.0560034163	10.5401842438	13.0560034163	9.96005839327	0.0	9.96005839327	7.07506582095	7.12769273955	7.07506582095	9.96005839327	9.96005839327	8.73603050513	0.0	13.0560034163	8.73603050513	9.96005839327	9.96005839327	9.96005839327	8.73603050513	9.96005839327	9.96005839327	7.07506582095	10.5401842438	7.07506582095	7.07506582095	0.0	9.96005839327	9.96005839327	7.07506582095	7.12769273955	7.07506582095	8.73603050513
6.69341242335	8.43735672601	8.43735672601	8.43735672601	8.43735672601	8.43735672601	8.43735672601	12.7546331551	12.7546331551	8.43735672601	8.43735672601	9.96005839327	0.0	8.43735672601	0.0	8.43735672601	9.96005839327	0.0	12.7546331551	12.7546331551	10.2438383204	12.7546331551	0.0	9.96005839327	0.0	6.69341242335	6.73944342153	6.69341242335	0.0	0.0	8.43735672601	9.96005839327	12.7546331551	8.43735672601	0.0	0.0	0.0	8.43735672601	0.0	0.0	6.69341242335	10.2438383204	6.69341242335	6.69341242335	9.96005839327	0.0	0.0	6.69341242335	6.73944342153	6.69341242335	8.43735672601
7.49602320632	6.14947751924	6.14947751924	6.14947751924	6.14947751924	6.14947751924	6.14947751924	0.0	0.0	6.14947751924	6.14947751924	13.0560034163	12.7546331551	6.14947751924	12.7546331551	6.14947751924	13.0560034163	12.7546331551	0.0	0.0	7.23714569009	0.0	12.7546331551	13.0560034163	12.7546331551	7.49602320632	7.5808393769	7.49602320632	12.7546331551	12.7546331551	6.14947751924	13.0560034163	0.0	6.14947751924	12.7546331551	12.7546331551	12.7546331551	6.14947751924	12.7546331551	12.7546331551	7.49602320632	7.23714569009	7.49602320632	7.49602320632	13.0560034163	12.7546331551	12.7546331551	7.49602320632	7.5808393769	7.49602320632	6.14947751924
7.49602320632	6.14947751924	6.14947751924	6.14947751924	6.14947751924	6.14947751924	6.14947751924	0.0	0.0	6.14947751924	6.14947751924	13.0560034163	12.7546331551	6.14947751924	12.7546331551	6.14947751924	13.0560034163	12.7546331551	0.0	0.0	7.23714569009	0.0	12.7546331551	13.0560034163	12.7546331551	7.49602320632	7.5808393769	7.49602320632	12.7546331551	12.7546331551	6.14947751924	13.0560034163	0.0	6.14947751924	12.7546331551	12.7546331551	12.7546331551	6.14947751924	12.7546331551	12.7546331551	7.49602320632	7.23714569009	7.49602320632	7.49602320632	13.0560034163	12.7546331551	12.7546331551	7.49602320632	7.5808393769	7.49602320632	6.14947751924
4.99862660125	3.06326739058	3.06326739058	3.06326739058	3.06326739058	3.06326739058	3.06326739058	7.23714569009	7.23714569009	3.06326739058	3.06326739058	10.5401842438	10.2438383204	3.06326739058	10.2438383204	3.06326739058	10.5401842438	10.2438383204	7.23714569009	7.23714569009	0.0	7.23714569009	10.2438383204	10.5401842438	10.2438383204	4.99862660125	5.08300032056	4.99862660125	10.2438383204	10.2438383204	3.06326739058	10.5401842438	7.23714569009	3.06326739058	10.2438383204	10.2438383204	10.2438383204	3.06326739058	10.2438383204	10.2438383204	4.99862660125	0.0	4.99862660125	4.99862660125	10.5401842438	10.2438383204	10.2438383204	4.99862660125	5.08300032056	4.99862660125	3.06326739058
7.49602320632	6.14947751924	6.14947751924	6.14947751924	6.14947751924	6.14947751924	6.14947751924	0.0	0.0	6.14947751924	6.14947751924	13.0560034163	12.7546331551	6.14947751924	12.7546331551	6.14947751924	13.0560034163	12.7546331551	0.0	0.0	7.23714569009	0.0	12.7546331551	13.0560034163	12.7546331551	7.49602320632	7.5808393769	7.49602320632	12.7546331551	12.7546331551	6.14947751924	13.0560034163	0.0	6.14947751924	12.7546331551	12.7546331551	12.7546331551	6.14947751924	12.7546331551	12.7546331551	7.49602320632	7.23714569009	7.49602320632	7.49602320632	13.0560034163	12.7546331551	12.7546331551	7.49602320632	7.5808393769	7.49602320632	6.14947751924
6.69341242335	8.43735672601	8.43735672601	8.43735672601	8.43735672601	8.43735672601	8.43735672601	12.7546331551	12.7546331551	8.43735672601	8.43735672601	9.96005839327	0.0	8.43735672601	0.0	8.43735672601	9.96005839327	0.0	12.7546331551	12.7546331551	10.2438383204	12.7546331551	0.0	9.96005839327	0.0	6.69341242335	6.73944342153	6.69341242335	0.0	0.0	8.43735672601	9.96005839327	12.7546331551	8.43735672601	0.0	0.0	0.0	8.43735672601	0.0	0.0	6.69341242335	10.2438383204	6.69341242335	6.69341242335	9.96005839327	0.0	0.0	6.69341242335	6.73944342153	6.69341242335	8.43735672601
7.07506582095	8.73603050513	8.73603050513	8.73603050513	8.73603050513	8.73603050513	8.73603050513	13.0560034163	13.0560034163	8.73603050513	8.73603050513	0.0	9.96005839327	8.73603050513	9.96005839327	8.73603050513	0.0	9.96005839327	13.0560034163	13.0560034163	10.5401842438	13.0560034163	9.96005839327	0.0	9.96005839327	7.07506582095	7.12769273955	7.07506582095	9.96005839327	9.96005839327	8.73603050513	0.0	13.0560034163	8.73603050513	9.96005839327	9.96005839327	9.96005839327	8.73603050513	9.96005839327	9.96005839327	7.07506582095	10.5401842438	7.07506582095	7.07506582095	0.0	9.96005839327	9.96005839327	7.07506582095	7.12769273955	7.07506582095	8.73603050513
6.69341242335	8.43735672601	8.43735672601	8.43735672601	8.43735672601	8.43735672601	8.43735672601	12.7546331551	12.7546331551	8.43735672601	8.43735672601	9.96005839327	0.0	8.43735672601	0.0	8.43735672601	9.96005839327	0.0	12.7546331551	12.7546331551	10.2438383204	12.7546331551	0.0	9.96005839327	0.0	6.69341242335	6.73944342153	6.69341242335	0.0	0.0	8.43735672601	9.96005839327	12.7546331551	8.43735672601	0.0	0.0	0.0	8.43735672601	0.0	0.0	6.69341242335	10.2438383204	6.69341242335	6.69341242335	9.96005839327	0.0	0.0	6.69341242335	6.73944342153	6.69341242335	8.43735672601
0.0	3.18577024816	3.18577024816	3.18577024816	3.18577024816	3.18577024816	3.18577024816	7.49602320632	7.49602320632	3.18577024816	3.18577024816	7.07506582095	6.69341242335	3.18577024816	6.69341242335	3.18577024816	7.07506582095	6.69341242335	7.49602320632	7.49602320632	4.99862660125	7.49602320632	6.69341242335	7.07506582095	6.69341242335	0.0	0.620196613896	0.0	6.69341242335	6.69341242335	3.18577024816	7.07506582095	7.49602320632	3.18577024816	6.69341242335	6.69341242335	6.69341242335	3.18577024816	6.69341242335	6.69341242335	0.0	4.99862660125	0.0	0.0	7.07506582095	6.69341242335	6.69341242335	0.0	0.620196613896	0.0	3.18577024816
0.620196613896	3.27030773122	3.27030773122	3.27030773122	3.27030773122	3.27030773122	3.27030773122	7.5808393769	7.5808393769	3.27030773122	3.27030773122	7.12769273955	6.73944342153	3.27030773122	6.73944342153	3.27030773122	7.12769273955	6.73944342153	7.5808393769	7.5808393769	5.08300032056	7.5808393769	6.73944342153	7.12769273955	6.73944342153	0.620196613896	0.0	0.620196613896	6.73944342153	6.73944342153	3.27030773122	7.12769273955	7.5808393769	3.27030773122	6.73944342153	6.73944342153	6.73944342153	3.27030773122	6.73944342153	6.73944342153	0.620196613896	5.08300032056	0.620196613896	0.620196613896	7.12769273955	6.73944342153	6.73944342153	0.620196613896	0.0	0.620196613896	3.27030773122
0.0	3.18577024816	3.18577024816	3.18577024816	3.18577024816	3.18577024816	3.18577024816	7.49602320632	7.49602320632	3.18577024816	3.18577024816	7.07506582095	6.69341242335	3.18577024816	6.69341242335	3.18577024816	7.07506582095	6.69341242335	7.49602320632	7.49602320632	4.99862660125	7.49602320632	6.69341242335	7.07506582095	6.69341242335	0.0	0.620196613896	0.0	6.69341242335	6.69341242335	3.18577024816	7.07506582095	7.49602320632	3.18577024816	6.69341242335	6.69341242335	6.69341242335	3.18577024816	6.69341242335	6.69341242335	0.0	4.99862660125	0.0	0.0	7.07506582095	6.69341242335	6.69341242335	0.0	0.620196613896	0.0	3.18577024816
6.69341242335	8.43735672601	8.43735672601	8.43735672601	8.43735672601	8.43735672601	8.43735672601	12.7546331551	12.7546331551	8.43735672601	8.43735672601	9.96005839327	0.0	8.43735672601	0.0	8.43735672601	9.96005839327	0.0	12.7546331551	12.7546331551	10.2438383204	12.7546331551	0.0	9.96005839327	0.0	6.69341242335	6.73944342153	6.69341242335	0.0	0.0	8.43735672601	9.96005839327	12.7546331551	8.43735672601	0.0	0.0	0.0	8.43735672601	0.0	0.0	6.69341242335	10.2438383204	6.69341242335	6.69341242335	9.96005839327	0.0	0.0	6.69341242335	6.73944342153	6.69341242335	8.43735672601
6.69341242335	8.43735672601	8.43735672601	8.43735672601	8.43735672601	8.43735672601	8.43735672601	12.7546331551	12.7546331551	8.43735672601	8.43735672601	9.96005839327	0.0	8.43735672601	0.0	8.43735672601	9.96005839327	0.0	12.7546331551	12.7546331551	10.2438383204	12.7546331551	0.0	9.96005839327	0.0	6.69341242335	6.73944342153	6.69341242335	0.0	0.0	8.43735672601	9.96005839327	12.7546331551	8.43735672601	0.0	0.0	0.0	8.43735672601	0.0	0.0	6.69341242335	10.2438383204	6.69341242335	6.69341242335	9.96005839327	0.0	0.0	6.69341242335	6.73944342153	6.69341242335	8.43735672601
3.18577024816	0.0	0.0	0.0	0.0	0.0	0.0	6.14947751924	6.14947751924	0.0	0.0	8.73603050513	8.43735672601	0.0	8.43735672601	0.0	8.73603050513	8.43735672601	6.14947751924	6.14947751924	3.06326739058	6.14947751924	8.43735672601	8.73603050513	8.43735672601	3.18577024816	3.27030773122	3.18577024816	8.43735672601	8.43735672601	0.0	8.73603050513	6.14947751924	0.0	8.43735672601	8.43735672601	8.43735672601	0.0	8.43735672601	8.43735672601	3.18577024816	3.06326739058	3.18577024816	3.18577024816	8.73603050513	8.43735672601	8.43735672601	3.18577024816	3.27030773122	3.18577024816	0.0
7.07506582095	8.73603050513	8.73603050513	8.73603050513	8.73603050513	8.73603050513	8.73603050513	13.0560034163	13.0560034163	8.73603050513	8.73603050513	0.0	9.96005839327	8.73603050513	9.96005839327	8.73603050513	0.0	9.96005839327	13.0560034163	13.0560034163	10.5401842438	13.0560034163	9.96005839327	0.0	9.96005839327	7.07506582095	7.12769273955	7.07506582095	9.96005839327	9.96005839327	8.73603050513	0.0	13.0560034163	8.73603050513	9.96005839327	9.96005839327	9.96005839327	8.73603050513	9.96005839327	9.96005839327	7.07506582095	10.5401842438	7.07506582095	7.07506582095	0.0	9.96005839327	9.96005839327	7.07506582095	7.12769273955	7.07506582095	8.73603050513
7.49602320632	6.14947751924	6.14947751924	6.14947751924	6.14947751924	6.14947751924	6.14947751924	0.0	0.0	6.14947751924	6.14947751924	13.0560034163	12.7546331551	6.14947751924	12.7546331551	6.14947751924	13.0560034163	12.7546331551	0.0	0.0	7.23714569009	0.0	12.7546331551	13.0560034163	12.7546331551	7.49602320632	7.5808393769	7.49602320632	12.7546331551	12.7546331551	6.14947751924	13.0560034163	0.0	6.14947751924	12.7546331551	12.7546331551	12.7546331551	6.14947751924	12.7546331551	12.7546331551	7.49602320632	7.23714569009	7.49602320632	7.49602320632	13.0560034163	12.7546331551	12.7546331551	7.49602320632	7.5808393769	7.49602320632	6.14947751924
3.18577024816	0.0	0.0	0.0	0.0	0.0	0.0	6.14947751924	6.14947751924	0.0	0.0	8.73603050513	8.43735672601	0.0	8.43735672601	0.0	8.73603050513	8.43735672601	6.14947751924	6.14947751924	3.06326739058	6.14947751924	8.43735672601	8.73603050513	8.43735672601	3.18577024816	3.27030773122	3.18577024816	8.43735672601	8.43735672601	0.0	8.73603050513	6.14947751924	0.0	8.43735672601	8.43735672601	8.43735672601	0.0	8.43735672601	8.43735672601	3.18577024816	3.06326739058	3.18577024816	3.18577024816	8.73603050513	8.43735672601	8.43735672601	3.18577024816	3.27030773122	3.18577024816	0.0
6.69341242335	8.43735672601	8.43735672601	8.43735672601	8.43735672601	8.43735672601	8.43735672601	12.7546331551	12.7546331551	8.43735672601	8.43735672601	9.96005839327	0.0	8.43735672601	0.0	8.43735672601	9.96005839327	0.0	12.7546331551	12.7546331551	10.2438383204	12.7546331551	0.0	9.96005839327	0.0	6.69341242335	6.73944342153	6.69341242335	0.0	0.0	8.43735672601	9.96005839327	12.7546331551	8.43735672601	0.0	0.0	0.0	8.43735672601	0.0	0.0	6.69341242335	10.2438383204	6.69341242335	6.69341242335	9.96005839327	0.0	0.0	6.69341242335	6.73944342153	6.69341242335	8.43735672601
6.69341242335	8.43735672601	8.43735672601	8.43735672601	8.43735672601	8.43735672601	8.43735672601	12.7546331551	12.7546331551	8.43735672601	8.43735672601	9.96005839327	0.0	8.43735672601	0.0	8.43735672601	9.96005839327	0.0	12.7546331551	12.7546331551	10.2438383204	12.7546331551	0.0	9.96005839327	0.0	6.69341242335	6.73944342153	6.69341242335	0.0	0.0	8.43735672601	9.96005839327	12.7546331551	8.43735672601	0.0	0.0	0.0	8.43735672601	0.0	0.0	6.69341242335	10.2438383204	6.69341242335	6.69341242335	9.96005839327	0.0	0.0	6.69341242335	6.73944342153	6.69341242335	8.43735672601
6.69341242335	8.43735672601	8.43735672601	8.43735672601	8.43735672601	8.43735672601	8.43735672601	12.7546331551	12.7546331551	8.43735672601	8.43735672601	9.96005839327	0.0	8.43735672601	0.0	8.43735672601	9.96005839327	0.0	12.7546331551	12.7546331551	10.2438383204	12.7546331551	0.0	9.96005839327	0.0	6.69341242335	6.73944342153	6.69341242335	0.0	0.0	8.43735672601	9.96005839327	12.7546331551	8.43735672601	0.0	0.0	0.0	8.43735672601	0.0	0.0	6.69341242335	10.2438383204	6.69341242335	6.69341242335	9.96005839327	0.0	0.0	6.69341242335	6.73944342153	6.69341242335	8.43735672601
3.18577024816	0.0	0.0	0.0	0.0	0.0	0.0	6.14947751924	6.14947751924	0.0	0.0	8.73603050513	8.43735672601	0.0	8.43735672601	0.0	8.73603050513	8.43735672601	6.14947751924	6.14947751924	3.06326739058	6.14947751924	8.43735672601	8.73603050513	8.43735672601	3.18577024816	3.27030773122	3.18577024816	8.43735672601	8.43735672601	0.0	8.73603050513	6.14947751924	0.0	8.43735672601	8.43735672601	8.43735672601	0.0	8.43735672601	8.43735672601	3.18577024816	3.06326739058	3.18577024816	3.18577024816	8.73603050513	8.43735672601	8.43735672601	3.18577024816	3.27030773122	3.18577024816	0.0
6.69341242335	8.43735672601	8.43735672601	8.43735672601	8.43735672601	8.43735672601	8.43735672601	12.7546331551	12.7546331551	8.43735672601	8.43735672601	9.96005839327	0.0	8.43735672601	0.0	8.43735672601	9.96005839327	0.0	12.7546331551	12.7546331551	10.2438383204	12.7546331551	0.0	9.96005839327	0.0	6.69341242335	6.73944342153	6.69341242335	0.0	0.0	8.43735672601	9.96005839327	12.7546331551	8.43735672601	0.0	0.0	0.0	8.43735672601	0.0	0.0	6.69341242335	10.2438383204	6.69341242335	6.69341242335	9.96005839327	0.0	0.0	6.69341242335	6.73944342153	6.69341242335	8.43735672601
6.69341242335	8.43735672601	8.43735672601	8.43735672601	8.43735672601	8.43735672601	8.43735672601	12.7546331551	12.7546331551	8.43735672601	8.43735672601	9.96005839327	0.0	8.43735672601	0.0	8.43735672601	9.96005839327	0.0	12.7546331551	12.7546331551	10.2438383204	12.7546331551	0.0	9.96005839327	0.0	6.69341242335	6.73944342153	6.69341242335	0.0	0.0	8.43735672601	9.96005839327	12.7546331551	8.43735672601	0.0	0.0	0.0	8.43735672601	0.0	0.0	6.69341242335	10.2438383204	6.69341242335	6.69341242335	9.96005839327	0.0	0.0	6.69341242335	6.73944342153	6.69341242335	8.43735672601
0.0	3.18577024816	3.18577024816	3.18577024816	3.18577024816	3.18577024816	3.18577024816	7.49602320632	7.49602320632	3.18577024816	3.18577024816	7.07506582095	6.69341242335	3.18577024816	6.69341242335	3.18577024816	7.07506582095	6.69341242335	7.49602320632	7.49602320632	4.99862660125	7.49602320632	6.69341242335	7.07506582095	6.69341242335	0.0	0.620196613896	0.0	6.69341242335	6.69341242335	3.18577024816	7.07506582095	7.49602320632	3.18577024816	6.69341242335	6.69341242335	6.69341242335	3.18577024816	6.69341242335	6.69341242335	0.0	4.99862660125	0.0	0.0	7.07506582095	6.69341242335	6.69341242335	0.0	0.620196613896	0.0	3.18577024816
4.99862660125	3.06326739058	3.06326739058	3.06326739058	3.06326739058	3.06326739058	3.06326739058	7.23714569009	7.23714569009	3.06326739058	3.06326739058	10.5401842438	10.2438383204	3.06326739058	10.2438383204	3.06326739058	10.5401842438	10.2438383204	7.23714569009	7.23714569009	0.0	7.23714569009	10.2438383204	10.5401842438	10.2438383204	4.99862660125	5.08300032056	4.99862660125	10.2438383204	10.2438383204	3.06326739058	10.5401842438	7.23714569009	3.06326739058	10.2438383204	10.2438383204	10.2438383204	3.06326739058	10.2438383204	10.2438383204	4.99862660125	0.0	4.99862660125	4.99862660125	10.5401842438	10.2438383204	10.2438383204	4.99862660125	5.08300032056	4.99862660125	3.06326739058
0.0	3.18577024816	3.18577024816	3.18577024816	3.18577024816	3.18577024816	3.18577024816	7.49602320632	7.49602320632	3.18577024816	3.18577024816	7.07506582095	6.69341242335	3.18577024816	6.69341242335	3.18577024816	7.07506582095	6.69341242335	7.49602320632	7.49602320632	4.99862660125	7.49602320632	6.69341242335	7.07506582095	6.69341242335	0.0	0.620196613896	0.0	6.69341242335	6.69341242335	3.18577024816	7.07506582095	7.49602320632	3.18577024816	6.69341242335	6.69341242335	6.69341242335	3.18577024816	6.69341242335	6.69341242335	0.0	4.99862660125	0.0	0.0	7.07506582095	6.69341242335	6.69341242335	0.0	0.620196613896	0.0	3.18577024816
0.0	3.18577024816	3.18577024816	3.18577024816	3.18577024816	3.18577024816	3.18577024816	7.49602320632	7.49602320632	3.18577024816	3.18577024816	7.07506582095	6.69341242335	3.18577024816	6.69341242335	3.18577024816	7.07506582095	6.69341242335	7.49602320632	7.49602320632	4.99862660125	7.49602320632	6.69341242335	7.07506582095	6.69341242335	0.0	0.620196613896	0.0	6.69341242335	6.69341242335	3.18577024816	7.07506582095	7.49602320632	3.18577024816	6.69341242335	6.69341242335	6.69341242335	3.18577024816	6.69341242335	6.69341242335	0.0	4.99862660125	0.0	0.0	7.07506582095	6.69341242335	6.69341242335	0.0	0.620196613896	0.0	3.18577024816
7.07506582095	8.73603050513	8.73603050513	8.73603050513	8.73603050513	8.73603050513	8.73603050513	13.0560034163	13.0560034163	8.73603050513	8.73603050513	0.0	9.96005839327	8.73603050513	9.96005839327	8.73603050513	0.0	9.96005839327	13.0560034163	13.0560034163	10.5401842438	13.0560034163	9.96005839327	0.0	9.96005839327	7.07506582095	7.12769273955	7.07506582095	9.96005839327	9.96005839327	8.73603050513	0.0	13.0560034163	8.73603050513	9.96005839327	9.96005839327	9.96005839327	8.73603050513	9.96005839327	9.96005839327	7.07506582095	10.5401842438	7.07506582095	7.07506582095	0.0	9.96005839327	9.96005839327	7.07506582095	7.12769273955	7.07506582095	8.73603050513
6.69341242335	8.43735672601	8.43735672601	8.43735672601	8.43735672601	8.43735672601	8.43735672601	12.7546331551	12.7546331551	8.43735672601	8.43735672601	9.96005839327	0.0	8.43735672601	0.0	8.43735672601	9.96005839327	0.0	12.7546331551	12.7546331551	10.2438383204	12.7546331551	0.0	9.96005839327	0.0	6.69341242335	6.73944342153	6.69341242335	0.0	0.0	8.43735672601	9.96005839327	12.7546331551	8.43735672601	0.0	0.0	0.0	8.43735672601	0.0	0.0	6.69341242335	10.2438383204	6.69341242335	6.69341242335	9.96005839327	0.0	0.0	6.69341242335	6.73944342153	6.69341242335	8.43735672601
6.69341242335	8.43735672601	8.43735672601	8.43735672601	8.43735672601	8.43735672601	8.43735672601	12.7546331551	12.7546331551	8.43735672601	8.43735672601	9.96005839327	0.0	8.43735672601	0.0	8.43735672601	9.96005839327	0.0	12.7546331551	12.7546331551	10.2438383204	12.7546331551	0.0	9.96005839327	0.0	6.69341242335	6.73944342153	6.69341242335	0.0	0.0	8.43735672601	9.96005839327	12.7546331551	8.43735672601	0.0	0.0	0.0	8.43735672601	0.0	0.0	6.69341242335	10.2438383204	6.69341242335	6.69341242335	9.96005839327	0.0	0.0	6.69341242335	6.73944342153	6.69341242335	8.43735672601
0.0	3.18577024816	3.18577024816	3.18577024816	3.18577024816	3.18577024816	3.18577024816	7.49602320632	7.49602320632	3.18577024816	3.18577024816	7.07506582095	6.69341242335	3.18577024816	6.69341242335	3.18577024816	7.07506582095	6.69341242335	7.49602320632	7.49602320632	4.99862660125	7.49602320632	6.69341242335	7.07506582095	6.69341242335	0.0	0.620196613896	0.0	6.69341242335	6.69341242335	3.18577024816	7.07506582095	7.49602320632	3.18577024816	6.69341242335	6.69341242335	6.69341242335	3.18577024816	6.69341242335	6.69341242335	0.0	4.99862660125	0.0	0.0	7.07506582095	6.69341242335	6.69341242335	0.0	0.620196613896	0.0	3.18577024816
0.620196613896	3.27030773122	3.27030773122	3.27030773122	3.27030773122	3.27030773122	3.27030773122	7.5808393769	7.5808393769	3.27030773122	3.27030773122	7.12769273955	6.73944342153	3.27030773122	6.73944342153	3.27030773122	7.12769273955	6.73944342153	7.5808393769	7.5808393769	5.08300032056	7.5808393769	6.73944342153	7.12769273955	6.73944342153	0.620196613896	0.0	0.620196613896	6.73944342153	6.73944342153	3.27030773122	7.12769273955	7.5808393769	3.27030773122	6.73944342153	6.73944342153	6.73944342153	3.27030773122	6.73944342153	6.73944342153	0.620196613896	5.08300032056	0.620196613896	0.620196613896	7.12769273955	6.73944342153	6.73944342153	0.620196613896	0.0	0.620196613896	3.27030773122
0.0	3.18577024816	3.18577024816	3.18577024816	3.18577024816	3.18577024816	3.18577024816	7.49602320632	7.49602320632	3.18577024816	3.18577024816	7.07506582095	6.69341242335	3.18577024816	6.69341242335	3.18577024816	7.07506582095	6.69341242335	7.49602320632	7.49602320632	4.99862660125	7.49602320632	6.69341242335	7.07506582095	6.69341242335	0.0	0.620196613896	0.0	6.69341242335	6.69341242335	3.18577024816	7.07506582095	7.49602320632	3.18577024816	6.69341242335	6.69341242335	6.69341242335	3.18577024816	6.69341242335	6.69341242335	0.0	4.99862660125	0.0	0.0	7.07506582095	6.69341242335	6.69341242335	0.0	0.620196613896	0.0	3.18577024816
3.18577024816	0.0	0.0	0.0	0.0	0.0	0.0	6.14947751924	6.14947751924	0.0	0.0	8.73603050513	8.43735672601	0.0	8.43735672601	0.0	8.73603050513	8.43735672601	6.14947751924	6.14947751924	3.06326739058	6.14947751924	8.43735672601	8.73603050513	8.43735672601	3.18577024816	3.27030773122	3.18577024816	8.43735672601	8.43735672601	0.0	8.73603050513	6.14947751924	0.0	8.43735672601	8.43735672601	8.43735672601	0.0	8.43735672601	8.43735672601	3.18577024816	3.06326739058	3.18577024816	3.18577024816	8.73603050513	8.43735672601	8.43735672601	3.18577024816	3.27030773122	3.18577024816	0.0