0.0	0.12777261063	0.12777261063	0.12777261063	0.12777261063	0.12777261063	0.12777261063	2.90907966661	2.90907966661	0.12777261063	0.12777261063	3.0231104831	3.39022169794	0.12777261063	3.39022169794	0.12777261063	3.0231104831	3.39022169794	2.90907966661	2.90907966661	2.16793077914	2.90907966661	3.39022169794	3.0231104831	3.39022169794	0.0	0.00599350898243	0.0	3.39022169794	3.39022169794	0.12777261063	3.0231104831	2.90907966661	0.12777261063	3.39022169794	3.39022169794	3.39022169794	0.12777261063	3.39022169794	3.39022169794	0.0	2.16793077914	0.0	0.0	3.0231104831	3.39022169794	3.39022169794	0.0	0.00599350898243	0.0	0.12777261063
0.12777261063	0.0	0.0	0.0	0.0	0.0	0.0	2.88379864802	2.88379864802	0.0	0.0	3.06865417914	3.46671492628	0.0	3.46671492628	0.0	3.06865417914	3.46671492628	2.88379864802	2.88379864802	2.07369709662	2.88379864802	3.46671492628	3.06865417914	3.46671492628	0.12777261063	0.127918481453	0.12777261063	3.46671492628	3.46671492628	0.0	3.06865417914	2.88379864802	0.0	3.46671492628	3.46671492628	3.46671492628	0.0	3.46671492628	3.46671492628	0.12777261063	2.07369709662	0.12777261063	0.12777261063	3.06865417914	3.46671492628	3.46671492628	0.12777261063	0.127918481453	0.12777261063	0.0
0.12777261063	0.0	0.0	0.0	0.0	0.0	0.0	2.88379864802	2.88379864802	0.0	0.0	3.06865417914	3.46671492628	0.0	3.46671492628	0.0	3.06865417914	3.46671492628	2.88379864802	2.88379864802	2.07369709662	2.88379864802	3.46671492628	3.06865417914	3.46671492628	0.12777261063	0.127918481453	0.12777261063	3.46671492628	3.46671492628	0.0	3.06865417914	2.88379864802	0.0	3.46671492628	3.46671492628	3.46671492628	0.0	3.46671492628	3.46671492628	0.12777261063	2.07369709662	0.12777261063	0.12777261063	3.06865417914	3.46671492628	3.46671492628	0.12777261063	0.127918481453	0.12777261063	0.0
0.12777261063	0.0	0.0	0.0	0.0	0.0	0.0	2.88379864802	2.88379864802	0.0	0.0	3.06865417914	3.46671492628	0.0	3.46671492628	0.0	3.06865417914	3.46671492628	2.88379864802	2.88379864802	2.07369709662	2.88379864802	3.46671492628	3.06865417914	3.46671492628	0.12777261063	0.127918481453	0.12777261063	3.46671492628	3.46671492628	0.0	3.06865417914	2.88379864802	0.0	3.46671492628	3.46671492628	3.46671492628	0.0	3.46671492628	3.46671492628	0.12777261063	2.07369709662	0.12777261063	0.12777261063	3.06865417914	3.46671492628	3.46671492628	0.12777261063	0.127918481453	0.12777261063	0.0
0.12777261063	0.0	0.0	0.0	0.0	0.0	0.0	2.88379864802	2.88379864802	0.0	0.0	3.06865417914	3.46671492628	0.0	3.46671492628	0.0	3.06865417914	3.46671492628	2.88379864802	2.88379864802	2.07369709662	2.88379864802	3.46671492628	3.06865417914	3.46671492628	0.12777261063	0.127918481453	0.12777261063	3.46671492628	3.46671492628	0.0	3.06865417914	2.88379864802	0.0	3.46671492628	3.46671492628	3.46671492628	0.0	3.46671492628	3.46671492628	0.12777261063	2.07369709662	0.12777261063	0.12777261063	3.06865417914	3.46671492628	3.46671492628	0.12777261063	0.127918481453	0.12777261063	0.0
0.12777261063	0.0	0.0	0.0	0.0	0.0	0.0	2.88379864802	2.88379864802	0.0	0.0	3.06865417914	3.46671492628	0.0	3.46671492628	0.0	3.06865417914	3.46671492628	2.88379864802	2.88379864802	2.07369709662	2.88379864802	3.46671492628	3.06865417914	3.46671492628	0.12777261063	0.127918481453	0.12777261063	3.46671492628	3.46671492628	0.0	3.06865417914	2.88379864802	0.0	3.46671492628	3.46671492628	3.46671492628	0.0	3.46671492628	3.46671492628	0.12777261063	2.07369709662	0.12777261063	0.12777261063	3.06865417914	3.46671492628	3.46671492628	0.12777261063	0.127918481453	0.12777261063	0.0
0.12777261063	0.0	0.0	0.0	0.0	0.0	0.0	2.88379864802	2.88379864802	0.0	0.0	3.06865417914	3.46671492628	0.0	3.46671492628	0.0	3.06865417914	3.46671492628	2.88379864802	2.88379864802	2.07369709662	2.88379864802	3.46671492628	3.06865417914	3.46671492628	0.12777261063	0.127918481453	0.12777261063	3.46671492628	3.46671492628	0.0	3.06865417914	2.88379864802	0.0	3.46671492628	3.46671492628	3.46671492628	0.0	3.46671492628	3.46671492628	0.12777261063	2.07369709662	0.12777261063	0.12777261063	3.06865417914	3.46671492628	3.46671492628	0.12777261063	0.127918481453	0.12777261063	0.0
2.90907966661	2.88379864802	2.88379864802	2.88379864802	2.88379864802	2.88379864802	2.88379864802	0.0	0.0	2.88379864802	2.88379864802	5.8758631989	6.26230433867	2.88379864802	6.26230433867	2.88379864802	5.8758631989	6.26230433867	0.0	0.0	4.49825687418	0.0	6.26230433867	5.8758631989	6.26230433867	2.90907966661	2.90928430439	2.90907966661	6.26230433867	6.26230433867	2.88379864802	5.8758631989	0.0	2.88379864802	6.26230433867	6.26230433867	6.26230433867	2.88379864802	6.26230433867	6.26230433867	2.90907966661	4.49825687418	2.90907966661	2.90907966661	5.8758631989	6.26230433867	6.26230433867	2.90907966661	2.90928430439	2.90907966661	2.88379864802
2.90907966661	2.88379864802	2.88379864802	2.88379864802	2.88379864802	2.88379864802	2.88379864802	0.0	0.0	2.88379864802	2.88379864802	5.8758631989	6.26230433867	2.88379864802	6.26230433867	2.88379864802	5.8758631989	6.26230433867	0.0	0.0	4.49825687418	0.0	6.26230433867	5.8758631989	6.26230433867	2.90907966661	2.90928430439	2.90907966661	6.26230433867	6.26230433867	2.88379864802	5.8758631989	0.0	2.88379864802	6.26230433867	6.26230433867	6.26230433867	2.88379864802	6.26230433867	6.26230433867	2.90907966661	4.49825687418	2.90907966661	2.90907966661	5.8758631989	6.26230433867	6.26230433867	2.90907966661	2.90928430439	2.90907966661	2.88379864802
0.12777261063	0.0	0.0	0.0	0.0	0.0	0.0	2.88379864802	2.88379864802	0.0	0.0	3.06865417914	3.46671492628	0.0	3.46671492628	0.0	3.06865417914	3.46671492628	2.88379864802	2.88379864802	2.07369709662	2.88379864802	3.46671492628	3.06865417914	3.46671492628	0.12777261063	0.127918481453	0.12777261063	3.46671492628	3.46671492628	0.0	3.06865417914	2.88379864802	0.0	3.46671492628	3.46671492628	3.46671492628	0.0	3.46671492628	3.46671492628	0.12777261063	2.07369709662	0.12777261063	0.12777261063	3.06865417914	3.46671492628	3.46671492628	0.12777261063	0.127918481453	0.12777261063	0.0
0.12777261063	0.0	0.0	0.0	0.0	0.0	0.0	2.88379864802	2.88379864802	0.0	0.0	3.06865417914	3.46671492628	0.0	3.46671492628	0.0	3.06865417914	3.46671492628	2.88379864802	2.88379864802	2.07369709662	2.88379864802	3.46671492628	3.06865417914	3.46671492628	0.12777261063	0.127918481453	0.12777261063	3.46671492628	3.46671492628	0.0	3.06865417914	2.88379864802	0.0	3.46671492628	3.46671492628	3.46671492628	0.0	3.46671492628	3.46671492628	0.12777261063	2.07369709662	0.12777261063	0.12777261063	3.06865417914	3.46671492628	3.46671492628	0.12777261063	0.127918481453	0.12777261063	0.0
3.0231104831	3.06865417914	3.06865417914	3.06865417914	3.06865417914	3.06865417914	3.06865417914	5.8758631989	5.8758631989	3.06865417914	3.06865417914	0.0	5.88266534323	3.06865417914	5.88266534323	3.06865417914	0.0	5.88266534323	5.8758631989	5.8758631989	5.1144699174	5.8758631989	5.88266534323	0.0	5.88266534323	3.0231104831	3.02308516099	3.0231104831	5.88266534323	5.88266534323	3.06865417914	0.0	5.8758631989	3.06865417914	5.88266534323	5.88266534323	5.88266534323	3.06865417914	5.88266534323	5.88266534323	3.0231104831	5.1144699174	3.0231104831	3.0231104831	0.0	5.88266534323	5.88266534323	3.0231104831	3.02308516099	3.0231104831	3.06865417914
3.39022169794	3.46671492628	3.46671492628	3.46671492628	3.46671492628	3.46671492628	3.46671492628	6.26230433867	6.26230433867	3.46671492628	3.46671492628	5.88266534323	0.0	3.46671492628	0.0	3.46671492628	5.88266534323	0.0	6.26230433867	6.26230433867	5.50999258631	6.26230433867	0.0	5.88266534323	0.0	3.39022169794	3.39006244975	3.39022169794	0.0	0.0	3.46671492628	5.88266534323	6.26230433867	3.46671492628	0.0	0.0	0.0	3.46671492628	0.0	0.0	3.39022169794	5.50999258631	3.39022169794	3.39022169794	5.88266534323	0.0	0.0	3.39022169794	3.39006244975	3.39022169794	3.46671492628
0.12777261063	0.0	0.0	0.0	0.0	0.0	0.0	2.88379864802	2.88379864802	0.0	0.0	3.06865417914	3.46671492628	0.0	3.46671492628	0.0	3.06865417914	3.46671492628	2.88379864802	2.88379864802	2.07369709662	2.88379864802	3.46671492628	3.06865417914	3.46671492628	0.12777261063	0.127918481453	0.12777261063	3.46671492628	3.46671492628	0.0	3.06865417914	2.88379864802	0.0	3.46671492628	3.46671492628	3.46671492628	0.0	3.46671492628	3.46671492628	0.12777261063	2.07369709662	0.12777261063	0.12777261063	3.06865417914	3.46671492628	3.46671492628	0.12777261063	0.127918481453	0.12777261063	0.0
3.39022169794	3.46671492628	3.46671492628	3.46671492628	3.46671492628	3.46671492628	3.46671492628	6.26230433867	6.26230433867	3.46671492628	3.46671492628	5.88266534323	0.0	3.46671492628	0.0	3.46671492628	5.88266534323	0.0	6.26230433867	6.26230433867	5.50999258631	6.26230433867	0.0	5.88266534323	0.0	3.39022169794	3.39006244975	3.39022169794	0.0	0.0	3.46671492628	5.88266534323	6.26230433867	3.46671492628	0.0	0.0	0.0	3.46671492628	0.0	0.0	3.39022169794	5.50999258631	3.39022169794	3.39022169794	5.88266534323	0.0	0.0	3.39022169794	3.39006244975	3.39022169794	3.46671492628
0.12777261063	0.0	0.0	0.0	0.0	0.0	0.0	2.88379864802	2.88379864802	0.0	0.0	3.06865417914	3.46671492628	0.0	3.46671492628	0.0	3.06865417914	3.46671492628	2.88379864802	2.88379864802	2.07369709662	2.88379864802	3.46671492628	3.06865417914	3.46671492628	0.12777261063	0.127918481453	0.12777261063	3.46671492628	3.46671492628	0.0	3.06865417914	2.88379864802	0.0	3.46671492628	3.46671492628	3.46671492628	0.0	3.46671492628	3.46671492628	0.12777261063	2.07369709662	0.12777261063	0.12777261063	3.06865417914	3.46671492628	3.46671492628	0.12777261063	0.127918481453	0.12777261063	0.0
3.0231104831	3.06865417914	3.06865417914	3.06865417914	3.06865417914	3.06865417914	3.06865417914	5.8758631989	5.8758631989	3.06865417914	3.06865417914	0.0	5.88266534323	3.06865417914	5.88266534323	3.06865417914	0.0	5.88266534323	5.8758631989	5.8758631989	5.1144699174	5.8758631989	5.88266534323	0.0	5.88266534323	3.0231104831	3.02308516099	3.0231104831	5.88266534323	5.88266534323	3.06865417914	0.0	5.8758631989	3.06865417914	5.88266534323	5.88266534323	5.88266534323	3.06865417914	5.88266534323	5.88266534323	3.0231104831	5.1144699174	3.0231104831	3.0231104831	0.0	5.88266534323	5.88266534323	3.0231104831	3.02308516099	3.0231104831	3.06865417914
3.39022169794	3.46671492628	3.46671492628	3.46671492628	3.46671492628	3.46671492628	3.46671492628	6.26230433867	6.26230433867	3.46671492628	3.46671492628	5.88266534323	0.0	3.46671492628	0.0	3.46671492628	5.88266534323	0.0	6.26230433867	6.26230433867	5.50999258631	6.26230433867	0.0	5.88266534323	0.0	3.39022169794	3.39006244975	3.39022169794	0.0	0.0	3.46671492628	5.88266534323	6.26230433867	3.46671492628	0.0	0.0	0.0	3.46671492628	0.0	0.0	3.39022169794	5.50999258631	3.39022169794	3.39022169794	5.88266534323	0.0	0.0	3.39022169794	3.39006244975	3.39022169794	3.46671492628
2.90907966661	2.88379864802	2.88379864802	2.88379864802	2.88379864802	2.88379864802	2.88379864802	0.0	0.0	2.88379864802	2.88379864802	5.8758631989	6.26230433867	2.88379864802	6.26230433867	2.88379864802	5.8758631989	6.26230433867	0.0	0.0	4.49825687418	0.0	6.26230433867	5.8758631989	6.26230433867	2.90907966661	2.90928430439	2.90907966661	6.26230433867	6.26230433867	2.88379864802	5.8758631989	0.0	2.88379864802	6.26230433867	6.26230433867	6.26230433867	2.88379864802	6.26230433867	6.26230433867	2.90907966661	4.49825687418	2.90907966661	2.90907966661	5.8758631989	6.26230433867	6.26230433867	2.90907966661	2.90928430439	2.90907966661	2.88379864802
2.90907966661	2.88379864802	2.88379864802	2.88379864802	2.88379864802	2.88379864802	2.88379864802	0.0	0.0	2.88379864802	2.88379864802	5.8758631989	6.26230433867	2.88379864802	6.26230433867	2.88379864802	5.8758631989	6.26230433867	0.0	0.0	4.49825687418	0.0	6.26230433867	5.8758631989	6.26230433867	2.90907966661	2.90928430439	2.90907966661	6.26230433867	6.26230433867	2.88379864802	5.8758631989	0.0	2.88379864802	6.26230433867	6.26230433867	6.26230433867	2.88379864802	6.26230433867	6.26230433867	2.90907966661	4.49825687418	2.90907966661	2.90907966661	5.8758631989	6.26230433867	6.26230433867	2.90907966661	2.90928430439	2.90907966661	2.88379864802
2.16793077914	2.07369709662	2.07369709662	2.07369709662	2.07369709662	2.07369709662	2.07369709662	4.49825687418	4.49825687418	2.07369709662	2.07369709662	5.1144699174	5.50999258631	2.07369709662	5.50999258631	2.07369709662	5.1144699174	5.50999258631	4.49825687418	4.49825687418	0.0	4.49825687418	5.50999258631	5.1144699174	5.50999258631	2.16793077914	2.16808934799	2.16793077914	5.50999258631	5.50999258631	2.07369709662	5.1144699174	4.49825687418	2.07369709662	5.50999258631	5.50999258631	5.50999258631	2.07369709662	5.50999258631	5.50999258631	2.16793077914	0.0	2.16793077914	2.16793077914	5.1144699174	5.50999258631	5.50999258631	2.16793077914	2.16808934799	2.16793077914	2.07369709662
2.90907966661	2.88379864802	2.88379864802	2.88379864802	2.88379864802	2.88379864802	2.88379864802	0.0	0.0	2.88379864802	2.88379864802	5.8758631989	6.26230433867	2.88379864802	6.26230433867	2.88379864802	5.8758631989	6.26230433867	0.0	0.0	4.49825687418	0.0	6.26230433867	5.8758631989	6.26230433867	2.90907966661	2.90928430439	2.90907966661	6.26230433867	6.26230433867	2.88379864802	5.8758631989	0.0	2.88379864802	6.26230433867	6.26230433867	6.26230433867	2.88379864802	6.26230433867	6.26230433867	2.90907966661	4.49825687418	2.90907966661	2.90907966661	5.8758631989	6.26230433867	6.26230433867	2.90907966661	2.90928430439	2.90907966661	2.88379864802
3.39022169794	3.46671492628	3.46671492628	3.46671492628	3.46671492628	3.46671492628	3.46671492628	6.26230433867	6.26230433867	3.46671492628	3.46671492628	5.88266534323	0.0	3.46671492628	0.0	3.46671492628	5.88266534323	0.0	6.26230433867	6.26230433867	5.50999258631	6.26230433867	0.0	5.88266534323	0.0	3.39022169794	3.39006244975	3.39022169794	0.0	0.0	3.46671492628	5.88266534323	6.26230433867	3.46671492628	0.0	0.0	0.0	3.46671492628	0.0	0.0	3.39022169794	5.50999258631	3.39022169794	3.39022169794	5.88266534323	0.0	0.0	3.39022169794	3.39006244975	3.39022169794	3.46671492628
3.0231104831	3.06865417914	3.06865417914	3.06865417914	3.06865417914	3.06865417914	3.06865417914	5.8758631989	5.8758631989	3.06865417914	3.06865417914	0.0	5.88266534323	3.06865417914	5.88266534323	3.06865417914	0.0	5.88266534323	5.8758631989	5.8758631989	5.1144699174	5.8758631989	5.88266534323	0.0	5.88266534323	3.0231104831	3.02308516099	3.0231104831	5.88266534323	5.88266534323	3.06865417914	0.0	5.8758631989	3.06865417914	5.88266534323	5.88266534323	5.88266534323	3.06865417914	5.88266534323	5.88266534323	3.0231104831	5.1144699174	3.0231104831	3.0231104831	0.0	5.88266534323	5.88266534323	3.0231104831	3.02308516099	3.0231104831	3.06865417914
3.39022169794	3.46671492628	3.46671492628	3.46671492628	3.46671492628	3.46671492628	3.46671492628	6.26230433867	6.26230433867	3.46671492628	3.46671492628	5.88266534323	0.0	3.46671492628	0.0	3.46671492628	5.88266534323	0.0	6.26230433867	6.26230433867	5.50999258631	6.26230433867	0.0	5.88266534323	0.0	3.39022169794	3.39006244975	3.39022169794	0.0	0.0	3.46671492628	5.88266534323	6.26230433867	3.46671492628	0.0	0.0	0.0	3.46671492628	0.0	0.0	3.39022169794	5.50999258631	3.39022169794	3.39022169794	5.88266534323	0.0	0.0	3.39022169794	3.39006244975	3.39022169794	3.46671492628
0.0	0.12777261063	0.12777261063	0.12777261063	0.12777261063	0.12777261063	0.12777261063	2.90907966661	2.90907966661	0.12777261063	0.12777261063	3.0231104831	3.39022169794	0.12777261063	3.39022169794	0.12777261063	3.0231104831	3.39022169794	2.90907966661	2.90907966661	2.16793077914	2.90907966661	3.39022169794	3.0231104831	3.39022169794	0.0	0.00599350898243	0.0	3.39022169794	3.39022169794	0.12777261063	3.0231104831	2.90907966661	0.12777261063	3.39022169794	3.39022169794	3.39022169794	0.12777261063	3.39022169794	3.39022169794	0.0	2.16793077914	0.0	0.0	3.0231104831	3.39022169794	3.39022169794	0.0	0.00599350898243	0.0	0.12777261063
0.00599350898243	0.127918481453	0.127918481453	0.127918481453	0.127918481453	0.127918481453	0.127918481453	2.90928430439	2.90928430439	0.127918481453	0.127918481453	3.02308516099	3.39006244975	0.127918481453	3.39006244975	0.127918481453	3.02308516099	3.39006244975	2.90928430439	2.90928430439	2.16808934799	2.90928430439	3.39006244975	3.02308516099	3.39006244975	0.00599350898243	0.0	0.00599350898243	3.39006244975	3.39006244975	0.127918481453	3.02308516099	2.90928430439	0.127918481453	3.39006244975	3.39006244975	3.39006244975	0.127918481453	3.39006244975	3.39006244975	0.00599350898243	2.16808934799	0.00599350898243	0.00599350898243	3.02308516099	3.39006244975	3.39006244975	0.00599350898243	0.0	0.00599350898243	0.127918481453
0.0	0.12777261063	0.12777261063	0.12777261063	0.12777261063	0.12777261063	0.12777261063	2.90907966661	2.90907966661	0.12777261063	0.12777261063	3.0231104831	3.39022169794	0.12777261063	3.39022169794	0.12777261063	3.0231104831	3.39022169794	2.90907966661	2.90907966661	2.16793077914	2.90907966661	3.39022169794	3.0231104831	3.39022169794	0.0	0.00599350898243	0.0	3.39022169794	3.39022169794	0.12777261063	3.0231104831	2.90907966661	0.12777261063	3.39022169794	3.39022169794	3.39022169794	0.12777261063	3.39022169794	3.39022169794	0.0	2.16793077914	0.0	0.0	3.0231104831	3.39022169794	3.39022169794	0.0	0.00599350898243	0.0	0.12777261063
3.39022169794	3.46671492628	3.46671492628	3.46671492628	3.46671492628	3.46671492628	3.46671492628	6.26230433867	6.26230433867	3.46671492628	3.46671492628	5.88266534323	0.0	3.46671492628	0.0	3.46671492628	5.88266534323	0.0	6.26230433867	6.26230433867	5.50999258631	6.26230433867	0.0	5.88266534323	0.0	3.39022169794	3.39006244975	3.39022169794	0.0	0.0	3.46671492628	5.88266534323	6.26230433867	3.46671492628	0.0	0.0	0.0	3.46671492628	0.0	0.0	3.39022169794	5.50999258631	3.39022169794	3.39022169794	5.88266534323	0.0	0.0	3.39022169794	3.39006244975	3.39022169794	3.46671492628
3.39022169794	3.46671492628	3.46671492628	3.46671492628	3.46671492628	3.46671492628	3.46671492628	6.26230433867	6.26230433867	3.46671492628	3.46671492628	5.88266534323	0.0	3.46671492628	0.0	3.46671492628	5.88266534323	0.0	6.26230433867	6.26230433867	5.50999258631	6.26230433867	0.0	5.88266534323	0.0	3.39022169794	3.39006244975	3.39022169794	0.0	0.0	3.46671492628	5.88266534323	6.26230433867	3.46671492628	0.0	0.0	0.0	3.46671492628	0.0	0.0	3.39022169794	5.50999258631	3.39022169794	3.39022169794	5.88266534323	0.0	0.0	3.39022169794	3.39006244975	3.39022169794	3.46671492628
0.12777261063	0.0	0.0	0.0	0.0	0.0	0.0	2.88379864802	2.88379864802	0.0	0.0	3.06865417914	3.46671492628	0.0	3.46671492628	0.0	3.06865417914	3.46671492628	2.88379864802	2.88379864802	2.07369709662	2.88379864802	3.46671492628	3.06865417914	3.46671492628	0.12777261063	0.127918481453	0.12777261063	3.46671492628	3.46671492628	0.0	3.06865417914	2.88379864802	0.0	3.46671492628	3.46671492628	3.46671492628	0.0	3.46671492628	3.46671492628	0.12777261063	2.07369709662	0.12777261063	0.12777261063	3.06865417914	3.46671492628	3.46671492628	0.12777261063	0.127918481453	0.12777261063	0.0
3.0231104831	3.06865417914	3.06865417914	3.06865417914	3.06865417914	3.06865417914	3.06865417914	5.8758631989	5.8758631989	3.06865417914	3.06865417914	0.0	5.88266534323	3.06865417914	5.88266534323	3.06865417914	0.0	5.88266534323	5.8758631989	5.8758631989	5.1144699174	5.8758631989	5.88266534323	0.0	5.88266534323	3.0231104831	3.02308516099	3.0231104831	5.88266534323	5.88266534323	3.06865417914	0.0	5.8758631989	3.06865417914	5.88266534323	5.88266534323	5.88266534323	3.06865417914	5.88266534323	5.88266534323	3.0231104831	5.1144699174	3.0231104831	3.0231104831	0.0	5.88266534323	5.88266534323	3.0231104831	3.02308516099	3.0231104831	3.06865417914
2.90907966661	2.88379864802	2.88379864802	2.88379864802	2.88379864802	2.88379864802	2.88379864802	0.0	0.0	2.88379864802	2.88379864802	5.8758631989	6.26230433867	2.88379864802	6.26230433867	2.88379864802	5.8758631989	6.26230433867	0.0	0.0	4.49825687418	0.0	6.26230433867	5.8758631989	6.26230433867	2.90907966661	2.90928430439	2.90907966661	6.26230433867	6.26230433867	2.88379864802	5.8758631989	0.0	2.88379864802	6.26230433867	6.26230433867	6.26230433867	2.88379864802	6.26230433867	6.26230433867	2.90907966661	4.49825687418	2.90907966661	2.90907966661	5.8758631989	6.26230433867	6.26230433867	2.90907966661	2.90928430439	2.90907966661	2.88379864802
0.12777261063	0.0	0.0	0.0	0.0	0.0	0.0	2.88379864802	2.88379864802	0.0	0.0	3.06865417914	3.46671492628	0.0	3.46671492628	0.0	3.06865417914	3.46671492628	2.88379864802	2.88379864802	2.07369709662	2.88379864802	3.46671492628	3.06865417914	3.46671492628	0.12777261063	0.127918481453	0.12777261063	3.46671492628	3.46671492628	0.0	3.06865417914	2.88379864802	0.0	3.46671492628	3.46671492628	3.46671492628	0.0	3.46671492628	3.46671492628	0.12777261063	2.07369709662	0.12777261063	0.12777261063	3.06865417914	3.46671492628	3.46671492628	0.12777261063	0.127918481453	0.12777261063	0.0
3.39022169794	3.46671492628	3.46671492628	3.46671492628	3.46671492628	3.46671492628	3.46671492628	6.26230433867	6.26230433867	3.46671492628	3.46671492628	5.88266534323	0.0	3.46671492628	0.0	3.46671492628	5.88266534323	0.0	6.26230433867	6.26230433867	5.50999258631	6.26230433867	0.0	5.88266534323	0.0	3.39022169794	3.39006244975	3.39022169794	0.0	0.0	3.46671492628	5.88266534323	6.26230433867	3.46671492628	0.0	0.0	0.0	3.46671492628	0.0	0.0	3.39022169794	5.50999258631	3.39022169794	3.39022169794	5.88266534323	0.0	0.0	3.39022169794	3.39006244975	3.39022169794	3.46671492628
3.39022169794	3.46671492628	3.46671492628	3.46671492628	3.46671492628	3.46671492628	3.46671492628	6.26230433867	6.26230433867	3.46671492628	3.46671492628	5.88266534323	0.0	3.46671492628	0.0	3.46671492628	5.88266534323	0.0	6.26230433867	6.26230433867	5.50999258631	6.26230433867	0.0	5.88266534323	0.0	3.39022169794	3.39006244975	3.39022169794	0.0	0.0	3.46671492628	5.88266534323	6.26230433867	3.46671492628	0.0	0.0	0.0	3.46671492628	0.0	0.0	3.39022169794	5.50999258631	3.39022169794	3.39022169794	5.88266534323	0.0	0.0	3.39022169794	3.39006244975	3.39022169794	3.46671492628
3.39022169794	3.46671492628	3.46671492628	3.46671492628	3.46671492628	3.46671492628	3.46671492628	6.26230433867	6.26230433867	3.46671492628	3.46671492628	5.88266534323	0.0	3.46671492628	0.0	3.46671492628	5.88266534323	0.0	6.26230433867	6.26230433867	5.50999258631	6.26230433867	0.0	5.88266534323	0.0	3.39022169794	3.39006244975	3.39022169794	0.0	0.0	3.46671492628	5.88266534323	6.26230433867	3.46671492628	0.0	0.0	0.0	3.46671492628	0.0	0.0	3.39022169794	5.50999258631	3.39022169794	3.39022169794	5.88266534323	0.0	0.0	3.39022169794	3.39006244975	3.39022169794	3.46671492628
0.12777261063	0.0	0.0	0.0	0.0	0.0	0.0	2.88379864802	2.88379864802	0.0	0.0	3.06865417914	3.46671492628	0.0	3.46671492628	0.0	3.06865417914	3.46671492628	2.88379864802	2.88379864802	2.07369709662	2.88379864802	3.46671492628	3.06865417914	3.46671492628	0.12777261063	0.127918481453	0.12777261063	3.46671492628	3.46671492628	0.0	3.06865417914	2.88379864802	0.0	3.46671492628	3.46671492628	3.46671492628	0.0	3.46671492628	3.46671492628	0.12777261063	2.07369709662	0.12777261063	0.12777261063	3.06865417914	3.46671492628	3.46671492628	0.12777261063	0.127918481453	0.12777261063	0.0
3.39022169794	3.46671492628	3.46671492628	3.46671492628	3.46671492628	3.46671492628	3.46671492628	6.26230433867	6.26230433867	3.46671492628	3.46671492628	5.88266534323	0.0	3.46671492628	0.0	3.46671492628	5.88266534323	0.0	6.26230433867	6.26230433867	5.50999258631	6.26230433867	0.0	5.88266534323	0.0	3.39022169794	3.39006244975	3.39022169794	0.0	0.0	3.46671492628	5.88266534323	6.26230433867	3.46671492628	0.0	0.0	0.0	3.46671492628	0.0	0.0	3.39022169794	5.50999258631	3.39022169794	3.39022169794	5.88266534323	0.0	0.0	3.39022169794	3.39006244975	3.39022169794	3.46671492628
3.39022169794	3.46671492628	3.46671492628	3.46671492628	3.46671492628	3.46671492628	3.46671492628	6.26230433867	6.26230433867	3.46671492628	3.46671492628	5.88266534323	0.0	3.46671492628	0.0	3.46671492628	5.88266534323	0.0	6.26230433867	6.26230433867	5.50999258631	6.26230433867	0.0	5.88266534323	0.0	3.39022169794	3.39006244975	3.39022169794	0.0	0.0	3.46671492628	5.88266534323	6.26230433867	3.46671492628	0.0	0.0	0.0	3.46671492628	0.0	0.0	3.39022169794	5.50999258631	3.39022169794	3.39022169794	5.88266534323	0.0	0.0	3.39022169794	3.39006244975	3.39022169794	3.46671492628
0.0	0.12777261063	0.12777261063	0.12777261063	0.12777261063	0.12777261063	0.12777261063	2.90907966661	2.90907966661	0.12777261063	0.12777261063	3.0231104831	3.39022169794	0.12777261063	3.39022169794	0.12777261063	3.0231104831	3.39022169794	2.90907966661	2.90907966661	2.16793077914	2.90907966661	3.39022169794	3.0231104831	3.39022169794	0.0	0.00599350898243	0.0	3.39022169794	3.39022169794	0.12777261063	3.0231104831	2.90907966661	0.12777261063	3.39022169794	3.39022169794	3.39022169794	0.12777261063	3.39022169794	3.39022169794	0.0	2.16793077914	0.0	0.0	3.0231104831	3.39022169794	3.39022169794	0.0	0.00599350898243	0.0	0.12777261063
2.16793077914	2.07369709662	2.07369709662	2.07369709662	2.07369709662	2.07369709662	2.07369709662	4.49825687418	4.49825687418	2.07369709662	2.07369709662	5.1144699174	5.50999258631	2.07369709662	5.50999258631	2.07369709662	5.1144699174	5.50999258631	4.49825687418	4.49825687418	0.0	4.49825687418	5.50999258631	5.1144699174	5.50999258631	2.16793077914	2.16808934799	2.16793077914	5.50999258631	5.50999258631	2.07369709662	5.1144699174	4.49825687418	2.07369709662	5.50999258631	5.50999258631	5.50999258631	2.07369709662	5.50999258631	5.50999258631	2.16793077914	0.0	2.16793077914	2.16793077914	5.1144699174	5.50999258631	5.50999258631	2.16793077914	2.16808934799	2.16793077914	2.07369709662
0.0	0.12777261063	0.12777261063	0.12777261063	0.12777261063	0.12777261063	0.12777261063	2.90907966661	2.90907966661	0.12777261063	0.12777261063	3.0231104831	3.39022169794	0.12777261063	3.39022169794	0.12777261063	3.0231104831	3.39022169794	2.90907966661	2.90907966661	2.16793077914	2.90907966661	3.39022169794	3.0231104831	3.39022169794	0.0	0.00599350898243	0.0	3.39022169794	3.39022169794	0.12777261063	3.0231104831	2.90907966661	0.12777261063	3.39022169794	3.39022169794	3.39022169794	0.12777261063	3.39022169794	3.39022169794	0.0	2.16793077914	0.0	0.0	3.0231104831	3.39022169794	3.39022169794	0.0	0.00599350898243	0.0	0.12777261063
0.0	0.12777261063	0.12777261063	0.12777261063	0.12777261063	0.12777261063	0.12777261063	2.90907966661	2.90907966661	0.12777261063	0.12777261063	3.0231104831	3.39022169794	0.12777261063	3.39022169794	0.12777261063	3.0231104831	3.39022169794	2.90907966661	2.90907966661	2.16793077914	2.90907966661	3.39022169794	3.0231104831	3.39022169794	0.0	0.00599350898243	0.0	3.39022169794	3.39022169794	0.12777261063	3.0231104831	2.90907966661	0.12777261063	3.39022169794	3.39022169794	3.39022169794	0.12777261063	3.39022169794	3.39022169794	0.0	2.16793077914	0.0	0.0	3.0231104831	3.39022169794	3.39022169794	0.0	0.00599350898243	0.0	0.12777261063
3.0231104831	3.06865417914	3.06865417914	3.06865417914	3.06865417914	3.06865417914	3.06865417914	5.8758631989	5.8758631989	3.06865417914	3.06865417914	0.0	5.88266534323	3.06865417914	5.88266534323	3.06865417914	0.0	5.88266534323	5.8758631989	5.8758631989	5.1144699174	5.8758631989	5.88266534323	0.0	5.88266534323	3.0231104831	3.02308516099	3.0231104831	5.88266534323	5.88266534323	3.06865417914	0.0	5.8758631989	3.06865417914	5.88266534323	5.88266534323	5.88266534323	3.06865417914	5.88266534323	5.88266534323	3.0231104831	5.1144699174	3.0231104831	3.0231104831	0.0	5.88266534323	5.88266534323	3.0231104831	3.02308516099	3.0231104831	3.06865417914
3.39022169794	3.46671492628	3.46671492628	3.46671492628	3.46671492628	3.46671492628	3.46671492628	6.26230433867	6.26230433867	3.46671492628	3.46671492628	5.88266534323	0.0	3.46671492628	0.0	3.46671492628	5.88266534323	0.0	6.26230433867	6.26230433867	5.50999258631	6.26230433867	0.0	5.88266534323	0.0	3.39022169794	3.39006244975	3.39022169794	0.0	0.0	3.46671492628	5.88266534323	6.26230433867	3.46671492628	0.0	0.0	0.0	3.46671492628	0.0	0.0	3.39022169794	5.50999258631	3.39022169794	3.39022169794	5.88266534323	0.0	0.0	3.39022169794	3.39006244975	3.39022169794	3.46671492628
3.39022169794	3.46671492628	3.46671492628	3.46671492628	3.46671492628	3.46671492628	3.46671492628	6.26230433867	6.26230433867	3.46671492628	3.46671492628	5.88266534323	0.0	3.46671492628	0.0	3.46671492628	5.88266534323	0.0	6.26230433867	6.26230433867	5.50999258631	6.26230433867	0.0	5.88266534323	0.0	3.39022169794	3.39006244975	3.39022169794	0.0	0.0	3.46671492628	5.88266534323	6.26230433867	3.46671492628	0.0	0.0	0.0	3.46671492628	0.0	0.0	3.39022169794	5.50999258631	3.39022169794	3.39022169794	5.88266534323	0.0	0.0	3.39022169794	3.39006244975	3.39022169794	3.46671492628
0.0	0.12777261063	0.12777261063	0.12777261063	0.12777261063	0.12777261063	0.12777261063	2.90907966661	2.90907966661	0.12777261063	0.12777261063	3.0231104831	3.39022169794	0.12777261063	3.39022169794	0.12777261063	3.0231104831	3.39022169794	2.90907966661	2.90907966661	2.16793077914	2.90907966661	3.39022169794	3.0231104831	3.39022169794	0.0	0.00599350898243	0.0	3.39022169794	3.39022169794	0.12777261063	3.0231104831	2.90907966661	0.12777261063	3.39022169794	3.39022169794	3.39022169794	0.12777261063	3.39022169794	3.39022169794	0.0	2.16793077914	0.0	0.0	3.0231104831	3.39022169794	3.39022169794	0.0	0.00599350898243	0.0	0.12777261063
0.00599350898243	0.127918481453	0.127918481453	0.127918481453	0.127918481453	0.127918481453	0.127918481453	2.90928430439	2.90928430439	0.127918481453	0.127918481453	3.02308516099	3.39006244975	0.127918481453	3.39006244975	0.127918481453	3.02308516099	3.39006244975	2.90928430439	2.90928430439	2.16808934799	2.90928430439	3.39006244975	3.02308516099	3.39006244975	0.00599350898243	0.0	0.00599350898243	3.39006244975	3.39006244975	0.127918481453	3.02308516099	2.90928430439	0.127918481453	3.39006244975	3.39006244975	3.39006244975	0.127918481453	3.39006244975	3.39006244975	0.00599350898243	2.16808934799	0.00599350898243	0.00599350898243	3.02308516099	3.39006244975	3.39006244975	0.00599350898243	0.0	0.00599350898243	0.127918481453
0.0	0.12777261063	0.12777261063	0.12777261063	0.12777261063	0.12777261063	0.12777261063	2.90907966661	2.90907966661	0.12777261063	0.12777261063	3.0231104831	3.39022169794	0.12777261063	3.39022169794	0.12777261063	3.0231104831	3.39022169794	2.90907966661	2.90907966661	2.16793077914	2.90907966661	3.39022169794	3.0231104831	3.39022169794	0.0	0.00599350898243	0.0	3.39022169794	3.39022169794	0.12777261063	3.0231104831	2.90907966661	0.12777261063	3.39022169794	3.39022169794	3.39022169794	0.12777261063	3.39022169794	3.39022169794	0.0	2.16793077914	0.0	0.0	3.0231104831	3.39022169794	3.39022169794	0.0	0.00599350898243	0.0	0.12777261063
0.12777261063	0.0	0.0	0.0	0.0	0.0	0.0	2.88379864802	2.88379864802	0.0	0.0	3.06865417914	3.46671492628	0.0	3.46671492628	0.0	3.06865417914	3.46671492628	2.88379864802	2.88379864802	2.07369709662	2.88379864802	3.46671492628	3.06865417914	3.46671492628	0.12777261063	0.127918481453	0.12777261063	3.46671492628	3.46671492628	0.0	3.06865417914	2.88379864802	0.0	3.46671492628	3.46671492628	3.46671492628	0.0	3.46671492628	3.46671492628	0.12777261063	2.07369709662	0.12777261063	0.12777261063	3.06865417914	3.46671492628	3.46671492628	0.12777261063	0.127918481453	0.12777261063	0.0