0.0	12.6722774416	12.6722774416	12.6722774416	12.6722774416	12.6722774416	12.6722774416	15.8002620958	15.8002620958	12.6722774416	12.6722774416	15.8435572336	15.6984884748	12.6722774416	15.6984884748	12.6722774416	15.8435572336	15.6984884748	15.8002620958	15.8002620958	14.0256911288	15.8002620958	15.6984884748	15.8435572336	15.6984884748	0.0	6.32536412629	0.0	15.6984884748	15.6984884748	12.6722774416	15.8435572336	15.8002620958	12.6722774416	15.6984884748	15.6984884748	15.6984884748	12.6722774416	15.6984884748	15.6984884748	0.0	14.0256911288	0.0	0.0	15.8435572336	15.6984884748	15.6984884748	0.0	6.32536412629	0.0	12.6722774416
12.6722774416	0.0	0.0	0.0	0.0	0.0	0.0	13.0158837227	13.0158837227	0.0	0.0	19.4887932406	19.3756570022	0.0	19.3756570022	0.0	19.4887932406	19.3756570022	13.0158837227	13.0158837227	9.41410841581	13.0158837227	19.3756570022	19.4887932406	19.3756570022	12.6722774416	13.067553543	12.6722774416	19.3756570022	19.3756570022	0.0	19.4887932406	13.0158837227	0.0	19.3756570022	19.3756570022	19.3756570022	0.0	19.3756570022	19.3756570022	12.6722774416	9.41410841581	12.6722774416	12.6722774416	19.4887932406	19.3756570022	19.3756570022	12.6722774416	13.067553543	12.6722774416	0.0
12.6722774416	0.0	0.0	0.0	0.0	0.0	0.0	13.0158837227	13.0158837227	0.0	0.0	19.4887932406	19.3756570022	0.0	19.3756570022	0.0	19.4887932406	19.3756570022	13.0158837227	13.0158837227	9.41410841581	13.0158837227	19.3756570022	19.4887932406	19.3756570022	12.6722774416	13.067553543	12.6722774416	19.3756570022	19.3756570022	0.0	19.4887932406	13.0158837227	0.0	19.3756570022	19.3756570022	19.3756570022	0.0	19.3756570022	19.3756570022	12.6722774416	9.41410841581	12.6722774416	12.6722774416	19.4887932406	19.3756570022	19.3756570022	12.6722774416	13.067553543	12.6722774416	0.0
12.6722774416	0.0	0.0	0.0	0.0	0.0	0.0	13.0158837227	13.0158837227	0.0	0.0	19.4887932406	19.3756570022	0.0	19.3756570022	0.0	19.4887932406	19.3756570022	13.0158837227	13.0158837227	9.41410841581	13.0158837227	19.3756570022	19.4887932406	19.3756570022	12.6722774416	13.067553543	12.6722774416	19.3756570022	19.3756570022	0.0	19.4887932406	13.0158837227	0.0	19.3756570022	19.3756570022	19.3756570022	0.0	19.3756570022	19.3756570022	12.6722774416	9.41410841581	12.6722774416	12.6722774416	19.4887932406	19.3756570022	19.3756570022	12.6722774416	13.067553543	12.6722774416	0.0
12.6722774416	0.0	0.0	0.0	0.0	0.0	0.0	13.0158837227	13.0158837227	0.0	0.0	19.4887932406	19.3756570022	0.0	19.3756570022	0.0	19.4887932406	19.3756570022	13.0158837227	13.0158837227	9.41410841581	13.0158837227	19.3756570022	19.4887932406	19.3756570022	12.6722774416	13.067553543	12.6722774416	19.3756570022	19.3756570022	0.0	19.4887932406	13.0158837227	0.0	19.3756570022	19.3756570022	19.3756570022	0.0	19.3756570022	19.3756570022	12.6722774416	9.41410841581	12.6722774416	12.6722774416	19.4887932406	19.3756570022	19.3756570022	12.6722774416	13.067553543	12.6722774416	0.0
12.6722774416	0.0	0.0	0.0	0.0	0.0	0.0	13.0158837227	13.0158837227	0.0	0.0	19.4887932406	19.3756570022	0.0	19.3756570022	0.0	19.4887932406	19.3756570022	13.0158837227	13.0158837227	9.41410841581	13.0158837227	19.3756570022	19.4887932406	19.3756570022	12.6722774416	13.067553543	12.6722774416	19.3756570022	19.3756570022	0.0	19.4887932406	13.0158837227	0.0	19.3756570022	19.3756570022	19.3756570022	0.0	19.3756570022	19.3756570022	12.6722774416	9.41410841581	12.6722774416	12.6722774416	19.4887932406	19.3756570022	19.3756570022	12.6722774416	13.067553543	12.6722774416	0.0
12.6722774416	0.0	0.0	0.0	0.0	0.0	0.0	13.0158837227	13.0158837227	0.0	0.0	19.4887932406	19.3756570022	0.0	19.3756570022	0.0	19.4887932406	19.3756570022	13.0158837227	13.0158837227	9.41410841581	13.0158837227	19.3756570022	19.4887932406	19.3756570022	12.6722774416	13.067553543	12.6722774416	19.3756570022	19.3756570022	0.0	19.4887932406	13.0158837227	0.0	19.3756570022	19.3756570022	19.3756570022	0.0	19.3756570022	19.3756570022	12.6722774416	9.41410841581	12.6722774416	12.6722774416	19.4887932406	19.3756570022	19.3756570022	12.6722774416	13.067553543	12.6722774416	0.0
15.8002620958	13.0158837227	13.0158837227	13.0158837227	13.0158837227	13.0158837227	13.0158837227	0.0	0.0	13.0158837227	13.0158837227	22.6148154398	22.5018572464	13.0158837227	22.5018572464	13.0158837227	22.6148154398	22.5018572464	0.0	0.0	12.3813652631	0.0	22.5018572464	22.6148154398	22.5018572464	15.8002620958	16.195527092	15.8002620958	22.5018572464	22.5018572464	13.0158837227	22.6148154398	0.0	13.0158837227	22.5018572464	22.5018572464	22.5018572464	13.0158837227	22.5018572464	22.5018572464	15.8002620958	12.3813652631	15.8002620958	15.8002620958	22.6148154398	22.5018572464	22.5018572464	15.8002620958	16.195527092	15.8002620958	13.0158837227
15.8002620958	13.0158837227	13.0158837227	13.0158837227	13.0158837227	13.0158837227	13.0158837227	0.0	0.0	13.0158837227	13.0158837227	22.6148154398	22.5018572464	13.0158837227	22.5018572464	13.0158837227	22.6148154398	22.5018572464	0.0	0.0	12.3813652631	0.0	22.5018572464	22.6148154398	22.5018572464	15.8002620958	16.195527092	15.8002620958	22.5018572464	22.5018572464	13.0158837227	22.6148154398	0.0	13.0158837227	22.5018572464	22.5018572464	22.5018572464	13.0158837227	22.5018572464	22.5018572464	15.8002620958	12.3813652631	15.8002620958	15.8002620958	22.6148154398	22.5018572464	22.5018572464	15.8002620958	16.195527092	15.8002620958	13.0158837227
12.6722774416	0.0	0.0	0.0	0.0	0.0	0.0	13.0158837227	13.0158837227	0.0	0.0	19.4887932406	19.3756570022	0.0	19.3756570022	0.0	19.4887932406	19.3756570022	13.0158837227	13.0158837227	9.41410841581	13.0158837227	19.3756570022	19.4887932406	19.3756570022	12.6722774416	13.067553543	12.6722774416	19.3756570022	19.3756570022	0.0	19.4887932406	13.0158837227	0.0	19.3756570022	19.3756570022	19.3756570022	0.0	19.3756570022	19.3756570022	12.6722774416	9.41410841581	12.6722774416	12.6722774416	19.4887932406	19.3756570022	19.3756570022	12.6722774416	13.067553543	12.6722774416	0.0
12.6722774416	0.0	0.0	0.0	0.0	0.0	0.0	13.0158837227	13.0158837227	0.0	0.0	19.4887932406	19.3756570022	0.0	19.3756570022	0.0	19.4887932406	19.3756570022	13.0158837227	13.0158837227	9.41410841581	13.0158837227	19.3756570022	19.4887932406	19.3756570022	12.6722774416	13.067553543	12.6722774416	19.3756570022	19.3756570022	0.0	19.4887932406	13.0158837227	0.0	19.3756570022	19.3756570022	19.3756570022	0.0	19.3756570022	19.3756570022	12.6722774416	9.41410841581	12.6722774416	12.6722774416	19.4887932406	19.3756570022	19.3756570022	12.6722774416	13.067553543	12.6722774416	0.0
15.8435572336	19.4887932406	19.4887932406	19.4887932406	19.4887932406	19.4887932406	19.4887932406	22.6148154398	22.6148154398	19.4887932406	19.4887932406	0.0	17.6422223506	19.4887932406	17.6422223506	19.4887932406	0.0	17.6422223506	22.6148154398	22.6148154398	20.837749311	22.6148154398	17.6422223506	0.0	17.6422223506	15.8435572336	16.1081131225	15.8435572336	17.6422223506	17.6422223506	19.4887932406	0.0	22.6148154398	19.4887932406	17.6422223506	17.6422223506	17.6422223506	19.4887932406	17.6422223506	17.6422223506	15.8435572336	20.837749311	15.8435572336	15.8435572336	0.0	17.6422223506	17.6422223506	15.8435572336	16.1081131225	15.8435572336	19.4887932406
15.6984884748	19.3756570022	19.3756570022	19.3756570022	19.3756570022	19.3756570022	19.3756570022	22.5018572464	22.5018572464	19.3756570022	19.3756570022	17.6422223506	0.0	19.3756570022	0.0	19.3756570022	17.6422223506	0.0	22.5018572464	22.5018572464	20.725136304	22.5018572464	0.0	17.6422223506	0.0	15.6984884748	15.9533680532	15.6984884748	0.0	0.0	19.3756570022	17.6422223506	22.5018572464	19.3756570022	0.0	0.0	0.0	19.3756570022	0.0	0.0	15.6984884748	20.725136304	15.6984884748	15.6984884748	17.6422223506	0.0	0.0	15.6984884748	15.9533680532	15.6984884748	19.3756570022
12.6722774416	0.0	0.0	0.0	0.0	0.0	0.0	13.0158837227	13.0158837227	0.0	0.0	19.4887932406	19.3756570022	0.0	19.3756570022	0.0	19.4887932406	19.3756570022	13.0158837227	13.0158837227	9.41410841581	13.0158837227	19.3756570022	19.4887932406	19.3756570022	12.6722774416	13.067553543	12.6722774416	19.3756570022	19.3756570022	0.0	19.4887932406	13.0158837227	0.0	19.3756570022	19.3756570022	19.3756570022	0.0	19.3756570022	19.3756570022	12.6722774416	9.41410841581	12.6722774416	12.6722774416	19.4887932406	19.3756570022	19.3756570022	12.6722774416	13.067553543	12.6722774416	0.0
15.6984884748	19.3756570022	19.3756570022	19.3756570022	19.3756570022	19.3756570022	19.3756570022	22.5018572464	22.5018572464	19.3756570022	19.3756570022	17.6422223506	0.0	19.3756570022	0.0	19.3756570022	17.6422223506	0.0	22.5018572464	22.5018572464	20.725136304	22.5018572464	0.0	17.6422223506	0.0	15.6984884748	15.9533680532	15.6984884748	0.0	0.0	19.3756570022	17.6422223506	22.5018572464	19.3756570022	0.0	0.0	0.0	19.3756570022	0.0	0.0	15.6984884748	20.725136304	15.6984884748	15.6984884748	17.6422223506	0.0	0.0	15.6984884748	15.9533680532	15.6984884748	19.3756570022
12.6722774416	0.0	0.0	0.0	0.0	0.0	0.0	13.0158837227	13.0158837227	0.0	0.0	19.4887932406	19.3756570022	0.0	19.3756570022	0.0	19.4887932406	19.3756570022	13.0158837227	13.0158837227	9.41410841581	13.0158837227	19.3756570022	19.4887932406	19.3756570022	12.6722774416	13.067553543	12.6722774416	19.3756570022	19.3756570022	0.0	19.4887932406	13.0158837227	0.0	19.3756570022	19.3756570022	19.3756570022	0.0	19.3756570022	19.3756570022	12.6722774416	9.41410841581	12.6722774416	12.6722774416	19.4887932406	19.3756570022	19.3756570022	12.6722774416	13.067553543	12.6722774416	0.0
15.8435572336	19.4887932406	19.4887932406	19.4887932406	19.4887932406	19.4887932406	19.4887932406	22.6148154398	22.6148154398	19.4887932406	19.4887932406	0.0	17.6422223506	19.4887932406	17.6422223506	19.4887932406	0.0	17.6422223506	22.6148154398	22.6148154398	20.837749311	22.6148154398	17.6422223506	0.0	17.6422223506	15.8435572336	16.1081131225	15.8435572336	17.6422223506	17.6422223506	19.4887932406	0.0	22.6148154398	19.4887932406	17.6422223506	17.6422223506	17.6422223506	19.4887932406	17.6422223506	17.6422223506	15.8435572336	20.837749311	15.8435572336	15.8435572336	0.0	17.6422223506	17.6422223506	15.8435572336	16.1081131225	15.8435572336	19.4887932406
15.6984884748	19.3756570022	19.3756570022	19.3756570022	19.3756570022	19.3756570022	19.3756570022	22.5018572464	22.5018572464	19.3756570022	19.3756570022	17.6422223506	0.0	19.3756570022	0.0	19.3756570022	17.6422223506	0.0	22.5018572464	22.5018572464	20.725136304	22.5018572464	0.0	17.6422223506	0.0	15.6984884748	15.9533680532	15.6984884748	0.0	0.0	19.3756570022	17.6422223506	22.5018572464	19.3756570022	0.0	0.0	0.0	19.3756570022	0.0	0.0	15.6984884748	20.725136304	15.6984884748	15.6984884748	17.6422223506	0.0	0.0	15.6984884748	15.9533680532	15.6984884748	19.3756570022
15.8002620958	13.0158837227	13.0158837227	13.0158837227	13.0158837227	13.0158837227	13.0158837227	0.0	0.0	13.0158837227	13.0158837227	22.6148154398	22.5018572464	13.0158837227	22.5018572464	13.0158837227	22.6148154398	22.5018572464	0.0	0.0	12.3813652631	0.0	22.5018572464	22.6148154398	22.5018572464	15.8002620958	16.195527092	15.8002620958	22.5018572464	22.5018572464	13.0158837227	22.6148154398	0.0	13.0158837227	22.5018572464	22.5018572464	22.5018572464	13.0158837227	22.5018572464	22.5018572464	15.8002620958	12.3813652631	15.8002620958	15.8002620958	22.6148154398	22.5018572464	22.5018572464	15.8002620958	16.195527092	15.8002620958	13.0158837227
15.8002620958	13.0158837227	13.0158837227	13.0158837227	13.0158837227	13.0158837227	13.0158837227	0.0	0.0	13.0158837227	13.0158837227	22.6148154398	22.5018572464	13.0158837227	22.5018572464	13.0158837227	22.6148154398	22.5018572464	0.0	0.0	12.3813652631	0.0	22.5018572464	22.6148154398	22.5018572464	15.8002620958	16.195527092	15.8002620958	22.5018572464	22.5018572464	13.0158837227	22.6148154398	0.0	13.0158837227	22.5018572464	22.5018572464	22.5018572464	13.0158837227	22.5018572464	22.5018572464	15.8002620958	12.3813652631	15.8002620958	15.8002620958	22.6148154398	22.5018572464	22.5018572464	15.8002620958	16.195527092	15.8002620958	13.0158837227
14.0256911288	9.41410841581	9.41410841581	9.41410841581	9.41410841581	9.41410841581	9.41410841581	12.3813652631	12.3813652631	9.41410841581	9.41410841581	20.837749311	20.725136304	9.41410841581	20.725136304	9.41410841581	20.837749311	20.725136304	12.3813652631	12.3813652631	0.0	12.3813652631	20.725136304	20.837749311	20.725136304	14.0256911288	14.4207513779	14.0256911288	20.725136304	20.725136304	9.41410841581	20.837749311	12.3813652631	9.41410841581	20.725136304	20.725136304	20.725136304	9.41410841581	20.725136304	20.725136304	14.0256911288	0.0	14.0256911288	14.0256911288	20.837749311	20.725136304	20.725136304	14.0256911288	14.4207513779	14.0256911288	9.41410841581
15.8002620958	13.0158837227	13.0158837227	13.0158837227	13.0158837227	13.0158837227	13.0158837227	0.0	0.0	13.0158837227	13.0158837227	22.6148154398	22.5018572464	13.0158837227	22.5018572464	13.0158837227	22.6148154398	22.5018572464	0.0	0.0	12.3813652631	0.0	22.5018572464	22.6148154398	22.5018572464	15.8002620958	16.195527092	15.8002620958	22.5018572464	22.5018572464	13.0158837227	22.6148154398	0.0	13.0158837227	22.5018572464	22.5018572464	22.5018572464	13.0158837227	22.5018572464	22.5018572464	15.8002620958	12.3813652631	15.8002620958	15.8002620958	22.6148154398	22.5018572464	22.5018572464	15.8002620958	16.195527092	15.8002620958	13.0158837227
15.6984884748	19.3756570022	19.3756570022	19.3756570022	19.3756570022	19.3756570022	19.3756570022	22.5018572464	22.5018572464	19.3756570022	19.3756570022	17.6422223506	0.0	19.3756570022	0.0	19.3756570022	17.6422223506	0.0	22.5018572464	22.5018572464	20.725136304	22.5018572464	0.0	17.6422223506	0.0	15.6984884748	15.9533680532	15.6984884748	0.0	0.0	19.3756570022	17.6422223506	22.5018572464	19.3756570022	0.0	0.0	0.0	19.3756570022	0.0	0.0	15.6984884748	20.725136304	15.6984884748	15.6984884748	17.6422223506	0.0	0.0	15.6984884748	15.9533680532	15.6984884748	19.3756570022
15.8435572336	19.4887932406	19.4887932406	19.4887932406	19.4887932406	19.4887932406	19.4887932406	22.6148154398	22.6148154398	19.4887932406	19.4887932406	0.0	17.6422223506	19.4887932406	17.6422223506	19.4887932406	0.0	17.6422223506	22.6148154398	22.6148154398	20.837749311	22.6148154398	17.6422223506	0.0	17.6422223506	15.8435572336	16.1081131225	15.8435572336	17.6422223506	17.6422223506	19.4887932406	0.0	22.6148154398	19.4887932406	17.6422223506	17.6422223506	17.6422223506	19.4887932406	17.6422223506	17.6422223506	15.8435572336	20.837749311	15.8435572336	15.8435572336	0.0	17.6422223506	17.6422223506	15.8435572336	16.1081131225	15.8435572336	19.4887932406
15.6984884748	19.3756570022	19.3756570022	19.3756570022	19.3756570022	19.3756570022	19.3756570022	22.5018572464	22.5018572464	19.3756570022	19.3756570022	17.6422223506	0.0	19.3756570022	0.0	19.3756570022	17.6422223506	0.0	22.5018572464	22.5018572464	20.725136304	22.5018572464	0.0	17.6422223506	0.0	15.6984884748	15.9533680532	15.6984884748	0.0	0.0	19.3756570022	17.6422223506	22.5018572464	19.3756570022	0.0	0.0	0.0	19.3756570022	0.0	0.0	15.6984884748	20.725136304	15.6984884748	15.6984884748	17.6422223506	0.0	0.0	15.6984884748	15.9533680532	15.6984884748	19.3756570022
0.0	12.6722774416	12.6722774416	12.6722774416	12.6722774416	12.6722774416	12.6722774416	15.8002620958	15.8002620958	12.6722774416	12.6722774416	15.8435572336	15.6984884748	12.6722774416	15.6984884748	12.6722774416	15.8435572336	15.6984884748	15.8002620958	15.8002620958	14.0256911288	15.8002620958	15.6984884748	15.8435572336	15.6984884748	0.0	6.32536412629	0.0	15.6984884748	15.6984884748	12.6722774416	15.8435572336	15.8002620958	12.6722774416	15.6984884748	15.6984884748	15.6984884748	12.6722774416	15.6984884748	15.6984884748	0.0	14.0256911288	0.0	0.0	15.8435572336	15.6984884748	15.6984884748	0.0	6.32536412629	0.0	12.6722774416
6.32536412629	13.067553543	13.067553543	13.067553543	13.067553543	13.067553543	13.067553543	16.195527092	16.195527092	13.067553543	13.067553543	16.1081131225	15.9533680532	13.067553543	15.9533680532	13.067553543	16.1081131225	15.9533680532	16.195527092	16.195527092	14.4207513779	16.195527092	15.9533680532	16.1081131225	15.9533680532	6.32536412629	0.0	6.32536412629	15.9533680532	15.9533680532	13.067553543	16.1081131225	16.195527092	13.067553543	15.9533680532	15.9533680532	15.9533680532	13.067553543	15.9533680532	15.9533680532	6.32536412629	14.4207513779	6.32536412629	6.32536412629	16.1081131225	15.9533680532	15.9533680532	6.32536412629	0.0	6.32536412629	13.067553543
0.0	12.6722774416	12.6722774416	12.6722774416	12.6722774416	12.6722774416	12.6722774416	15.8002620958	15.8002620958	12.6722774416	12.6722774416	15.8435572336	15.6984884748	12.6722774416	15.6984884748	12.6722774416	15.8435572336	15.6984884748	15.8002620958	15.8002620958	14.0256911288	15.8002620958	15.6984884748	15.8435572336	15.6984884748	0.0	6.32536412629	0.0	15.6984884748	15.6984884748	12.6722774416	15.8435572336	15.8002620958	12.6722774416	15.6984884748	15.6984884748	15.6984884748	12.6722774416	15.6984884748	15.6984884748	0.0	14.0256911288	0.0	0.0	15.8435572336	15.6984884748	15.6984884748	0.0	6.32536412629	0.0	12.6722774416
15.6984884748	19.3756570022	19.3756570022	19.3756570022	19.3756570022	19.3756570022	19.3756570022	22.5018572464	22.5018572464	19.3756570022	19.3756570022	17.6422223506	0.0	19.3756570022	0.0	19.3756570022	17.6422223506	0.0	22.5018572464	22.5018572464	20.725136304	22.5018572464	0.0	17.6422223506	0.0	15.6984884748	15.9533680532	15.6984884748	0.0	0.0	19.3756570022	17.6422223506	22.5018572464	19.3756570022	0.0	0.0	0.0	19.3756570022	0.0	0.0	15.6984884748	20.725136304	15.6984884748	15.6984884748	17.6422223506	0.0	0.0	15.6984884748	15.9533680532	15.6984884748	19.3756570022
15.6984884748	19.3756570022	19.3756570022	19.3756570022	19.3756570022	19.3756570022	19.3756570022	22.5018572464	22.5018572464	19.3756570022	19.3756570022	17.6422223506	0.0	19.3756570022	0.0	19.3756570022	17.6422223506	0.0	22.5018572464	22.5018572464	20.725136304	22.5018572464	0.0	17.6422223506	0.0	15.6984884748	15.9533680532	15.6984884748	0.0	0.0	19.3756570022	17.6422223506	22.5018572464	19.3756570022	0.0	0.0	0.0	19.3756570022	0.0	0.0	15.6984884748	20.725136304	15.6984884748	15.6984884748	17.6422223506	0.0	0.0	15.6984884748	15.9533680532	15.6984884748	19.3756570022
12.6722774416	0.0	0.0	0.0	0.0	0.0	0.0	13.0158837227	13.0158837227	0.0	0.0	19.4887932406	19.3756570022	0.0	19.3756570022	0.0	19.4887932406	19.3756570022	13.0158837227	13.0158837227	9.41410841581	13.0158837227	19.3756570022	19.4887932406	19.3756570022	12.6722774416	13.067553543	12.6722774416	19.3756570022	19.3756570022	0.0	19.4887932406	13.0158837227	0.0	19.3756570022	19.3756570022	19.3756570022	0.0	19.3756570022	19.3756570022	12.6722774416	9.41410841581	12.6722774416	12.6722774416	19.4887932406	19.3756570022	19.3756570022	12.6722774416	13.067553543	12.6722774416	0.0
15.8435572336	19.4887932406	19.4887932406	19.4887932406	19.4887932406	19.4887932406	19.4887932406	22.6148154398	22.6148154398	19.4887932406	19.4887932406	0.0	17.6422223506	19.4887932406	17.6422223506	19.4887932406	0.0	17.6422223506	22.6148154398	22.6148154398	20.837749311	22.6148154398	17.6422223506	0.0	17.6422223506	15.8435572336	16.1081131225	15.8435572336	17.6422223506	17.6422223506	19.4887932406	0.0	22.6148154398	19.4887932406	17.6422223506	17.6422223506	17.6422223506	19.4887932406	17.6422223506	17.6422223506	15.8435572336	20.837749311	15.8435572336	15.8435572336	0.0	17.6422223506	17.6422223506	15.8435572336	16.1081131225	15.8435572336	19.4887932406
15.8002620958	13.0158837227	13.0158837227	13.0158837227	13.0158837227	13.0158837227	13.0158837227	0.0	0.0	13.0158837227	13.0158837227	22.6148154398	22.5018572464	13.0158837227	22.5018572464	13.0158837227	22.6148154398	22.5018572464	0.0	0.0	12.3813652631	0.0	22.5018572464	22.6148154398	22.5018572464	15.8002620958	16.195527092	15.8002620958	22.5018572464	22.5018572464	13.0158837227	22.6148154398	0.0	13.0158837227	22.5018572464	22.5018572464	22.5018572464	13.0158837227	22.5018572464	22.5018572464	15.8002620958	12.3813652631	15.8002620958	15.8002620958	22.6148154398	22.5018572464	22.5018572464	15.8002620958	16.195527092	15.8002620958	13.0158837227
12.6722774416	0.0	0.0	0.0	0.0	0.0	0.0	13.0158837227	13.0158837227	0.0	0.0	19.4887932406	19.3756570022	0.0	19.3756570022	0.0	19.4887932406	19.3756570022	13.0158837227	13.0158837227	9.41410841581	13.0158837227	19.3756570022	19.4887932406	19.3756570022	12.6722774416	13.067553543	12.6722774416	19.3756570022	19.3756570022	0.0	19.4887932406	13.0158837227	0.0	19.3756570022	19.3756570022	19.3756570022	0.0	19.3756570022	19.3756570022	12.6722774416	9.41410841581	12.6722774416	12.6722774416	19.4887932406	19.3756570022	19.3756570022	12.6722774416	13.067553543	12.6722774416	0.0
15.6984884748	19.3756570022	19.3756570022	19.3756570022	19.3756570022	19.3756570022	19.3756570022	22.5018572464	22.5018572464	19.3756570022	19.3756570022	17.6422223506	0.0	19.3756570022	0.0	19.3756570022	17.6422223506	0.0	22.5018572464	22.5018572464	20.725136304	22.5018572464	0.0	17.6422223506	0.0	15.6984884748	15.9533680532	15.6984884748	0.0	0.0	19.3756570022	17.6422223506	22.5018572464	19.3756570022	0.0	0.0	0.0	19.3756570022	0.0	0.0	15.6984884748	20.725136304	15.6984884748	15.6984884748	17.6422223506	0.0	0.0	15.6984884748	15.9533680532	15.6984884748	19.3756570022
15.6984884748	19.3756570022	19.3756570022	19.3756570022	19.3756570022	19.3756570022	19.3756570022	22.5018572464	22.5018572464	19.3756570022	19.3756570022	17.6422223506	0.0	19.3756570022	0.0	19.3756570022	17.6422223506	0.0	22.5018572464	22.5018572464	20.725136304	22.5018572464	0.0	17.6422223506	0.0	15.6984884748	15.9533680532	15.6984884748	0.0	0.0	19.3756570022	17.6422223506	22.5018572464	19.3756570022	0.0	0.0	0.0	19.3756570022	0.0	0.0	15.6984884748	20.725136304	15.6984884748	15.6984884748	17.6422223506	0.0	0.0	15.6984884748	15.9533680532	15.6984884748	19.3756570022
15.6984884748	19.3756570022	19.3756570022	19.3756570022	19.3756570022	19.3756570022	19.3756570022	22.5018572464	22.5018572464	19.3756570022	19.3756570022	17.6422223506	0.0	19.3756570022	0.0	19.3756570022	17.6422223506	0.0	22.5018572464	22.5018572464	20.725136304	22.5018572464	0.0	17.6422223506	0.0	15.6984884748	15.9533680532	15.6984884748	0.0	0.0	19.3756570022	17.6422223506	22.5018572464	19.3756570022	0.0	0.0	0.0	19.3756570022	0.0	0.0	15.6984884748	20.725136304	15.6984884748	15.6984884748	17.6422223506	0.0	0.0	15.6984884748	15.9533680532	15.6984884748	19.3756570022
12.6722774416	0.0	0.0	0.0	0.0	0.0	0.0	13.0158837227	13.0158837227	0.0	0.0	19.4887932406	19.3756570022	0.0	19.3756570022	0.0	19.4887932406	19.3756570022	13.0158837227	13.0158837227	9.41410841581	13.0158837227	19.3756570022	19.4887932406	19.3756570022	12.6722774416	13.067553543	12.6722774416	19.3756570022	19.3756570022	0.0	19.4887932406	13.0158837227	0.0	19.3756570022	19.3756570022	19.3756570022	0.0	19.3756570022	19.3756570022	12.6722774416	9.41410841581	12.6722774416	12.6722774416	19.4887932406	19.3756570022	19.3756570022	12.6722774416	13.067553543	12.6722774416	0.0
15.6984884748	19.3756570022	19.3756570022	19.3756570022	19.3756570022	19.3756570022	19.3756570022	22.5018572464	22.5018572464	19.3756570022	19.3756570022	17.6422223506	0.0	19.3756570022	0.0	19.3756570022	17.6422223506	0.0	22.5018572464	22.5018572464	20.725136304	22.5018572464	0.0	17.6422223506	0.0	15.6984884748	15.9533680532	15.6984884748	0.0	0.0	19.3756570022	17.6422223506	22.5018572464	19.3756570022	0.0	0.0	0.0	19.3756570022	0.0	0.0	15.6984884748	20.725136304	15.6984884748	15.6984884748	17.6422223506	0.0	0.0	15.6984884748	15.9533680532	15.6984884748	19.3756570022
15.6984884748	19.3756570022	19.3756570022	19.3756570022	19.3756570022	19.3756570022	19.3756570022	22.5018572464	22.5018572464	19.3756570022	19.3756570022	17.6422223506	0.0	19.3756570022	0.0	19.3756570022	17.6422223506	0.0	22.5018572464	22.5018572464	20.725136304	22.5018572464	0.0	17.6422223506	0.0	15.6984884748	15.9533680532	15.6984884748	0.0	0.0	19.3756570022	17.6422223506	22.5018572464	19.3756570022	0.0	0.0	0.0	19.3756570022	0.0	0.0	15.6984884748	20.725136304	15.6984884748	15.6984884748	17.6422223506	0.0	0.0	15.6984884748	15.9533680532	15.6984884748	19.3756570022
0.0	12.6722774416	12.6722774416	12.6722774416	12.6722774416	12.6722774416	12.6722774416	15.8002620958	15.8002620958	12.6722774416	12.6722774416	15.8435572336	15.6984884748	12.6722774416	15.6984884748	12.6722774416	15.8435572336	15.6984884748	15.8002620958	15.8002620958	14.0256911288	15.8002620958	15.6984884748	15.8435572336	15.6984884748	0.0	6.32536412629	0.0	15.6984884748	15.6984884748	12.6722774416	15.8435572336	15.8002620958	12.6722774416	15.6984884748	15.6984884748	15.6984884748	12.6722774416	15.6984884748	15.6984884748	0.0	14.0256911288	0.0	0.0	15.8435572336	15.6984884748	15.6984884748	0.0	6.32536412629	0.0	12.6722774416
14.0256911288	9.41410841581	9.41410841581	9.41410841581	9.41410841581	9.41410841581	9.41410841581	12.3813652631	12.3813652631	9.41410841581	9.41410841581	20.837749311	20.725136304	9.41410841581	20.725136304	9.41410841581	20.837749311	20.725136304	12.3813652631	12.3813652631	0.0	12.3813652631	20.725136304	20.837749311	20.725136304	14.0256911288	14.4207513779	14.0256911288	20.725136304	20.725136304	9.41410841581	20.837749311	12.3813652631	9.41410841581	20.725136304	20.725136304	20.725136304	9.41410841581	20.725136304	20.725136304	14.0256911288	0.0	14.0256911288	14.0256911288	20.837749311	20.725136304	20.725136304	14.0256911288	14.4207513779	14.0256911288	9.41410841581
0.0	12.6722774416	12.6722774416	12.6722774416	12.6722774416	12.6722774416	12.6722774416	15.8002620958	15.8002620958	12.6722774416	12.6722774416	15.8435572336	15.6984884748	12.6722774416	15.6984884748	12.6722774416	15.8435572336	15.6984884748	15.8002620958	15.8002620958	14.0256911288	15.8002620958	15.6984884748	15.8435572336	15.6984884748	0.0	6.32536412629	0.0	15.6984884748	15.6984884748	12.6722774416	15.8435572336	15.8002620958	12.6722774416	15.6984884748	15.6984884748	15.6984884748	12.6722774416	15.6984884748	15.6984884748	0.0	14.0256911288	0.0	0.0	15.8435572336	15.6984884748	15.6984884748	0.0	6.32536412629	0.0	12.6722774416
0.0	12.6722774416	12.6722774416	12.6722774416	12.6722774416	12.6722774416	12.6722774416	15.8002620958	15.8002620958	12.6722774416	12.6722774416	15.8435572336	15.6984884748	12.6722774416	15.6984884748	12.6722774416	15.8435572336	15.6984884748	15.8002620958	15.8002620958	14.0256911288	15.8002620958	15.6984884748	15.8435572336	15.6984884748	0.0	6.32536412629	0.0	15.6984884748	15.6984884748	12.6722774416	15.8435572336	15.8002620958	12.6722774416	15.6984884748	15.6984884748	15.6984884748	12.6722774416	15.6984884748	15.6984884748	0.0	14.0256911288	0.0	0.0	15.8435572336	15.6984884748	15.6984884748	0.0	6.32536412629	0.0	12.6722774416
15.8435572336	19.4887932406	19.4887932406	19.4887932406	19.4887932406	19.4887932406	19.4887932406	22.6148154398	22.6148154398	19.4887932406	19.4887932406	0.0	17.6422223506	19.4887932406	17.6422223506	19.4887932406	0.0	17.6422223506	22.6148154398	22.6148154398	20.837749311	22.6148154398	17.6422223506	0.0	17.6422223506	15.8435572336	16.1081131225	15.8435572336	17.6422223506	17.6422223506	19.4887932406	0.0	22.6148154398	19.4887932406	17.6422223506	17.6422223506	17.6422223506	19.4887932406	17.6422223506	17.6422223506	15.8435572336	20.837749311	15.8435572336	15.8435572336	0.0	17.6422223506	17.6422223506	15.8435572336	16.1081131225	15.8435572336	19.4887932406
15.6984884748	19.3756570022	19.3756570022	19.3756570022	19.3756570022	19.3756570022	19.3756570022	22.5018572464	22.5018572464	19.3756570022	19.3756570022	17.6422223506	0.0	19.3756570022	0.0	19.3756570022	17.6422223506	0.0	22.5018572464	22.5018572464	20.725136304	22.5018572464	0.0	17.6422223506	0.0	15.6984884748	15.9533680532	15.6984884748	0.0	0.0	19.3756570022	17.6422223506	22.5018572464	19.3756570022	0.0	0.0	0.0	19.3756570022	0.0	0.0	15.6984884748	20.725136304	15.6984884748	15.6984884748	17.6422223506	0.0	0.0	15.6984884748	15.9533680532	15.6984884748	19.3756570022
15.6984884748	19.3756570022	19.3756570022	19.3756570022	19.3756570022	19.3756570022	19.3756570022	22.5018572464	22.5018572464	19.3756570022	19.3756570022	17.6422223506	0.0	19.3756570022	0.0	19.3756570022	17.6422223506	0.0	22.5018572464	22.5018572464	20.725136304	22.5018572464	0.0	17.6422223506	0.0	15.6984884748	15.9533680532	15.6984884748	0.0	0.0	19.3756570022	17.6422223506	22.5018572464	19.3756570022	0.0	0.0	0.0	19.3756570022	0.0	0.0	15.6984884748	20.725136304	15.6984884748	15.6984884748	17.6422223506	0.0	0.0	15.6984884748	15.9533680532	15.6984884748	19.3756570022
0.0	12.6722774416	12.6722774416	12.6722774416	12.6722774416	12.6722774416	12.6722774416	15.8002620958	15.8002620958	12.6722774416	12.6722774416	15.8435572336	15.6984884748	12.6722774416	15.6984884748	12.6722774416	15.8435572336	15.6984884748	15.8002620958	15.8002620958	14.0256911288	15.8002620958	15.6984884748	15.8435572336	15.6984884748	0.0	6.32536412629	0.0	15.6984884748	15.6984884748	12.6722774416	15.8435572336	15.8002620958	12.6722774416	15.6984884748	15.6984884748	15.6984884748	12.6722774416	15.6984884748	15.6984884748	0.0	14.0256911288	0.0	0.0	15.8435572336	15.6984884748	15.6984884748	0.0	6.32536412629	0.0	12.6722774416
6.32536412629	13.067553543	13.067553543	13.067553543	13.067553543	13.067553543	13.067553543	16.195527092	16.195527092	13.067553543	13.067553543	16.1081131225	15.9533680532	13.067553543	15.9533680532	13.067553543	16.1081131225	15.9533680532	16.195527092	16.195527092	14.4207513779	16.195527092	15.9533680532	16.1081131225	15.9533680532	6.32536412629	0.0	6.32536412629	15.9533680532	15.9533680532	13.067553543	16.1081131225	16.195527092	13.067553543	15.9533680532	15.9533680532	15.9533680532	13.067553543	15.9533680532	15.9533680532	6.32536412629	14.4207513779	6.32536412629	6.32536412629	16.1081131225	15.9533680532	15.9533680532	6.32536412629	0.0	6.32536412629	13.067553543
0.0	12.6722774416	12.6722774416	12.6722774416	12.6722774416	12.6722774416	12.6722774416	15.8002620958	15.8002620958	12.6722774416	12.6722774416	15.8435572336	15.6984884748	12.6722774416	15.6984884748	12.6722774416	15.8435572336	15.6984884748	15.8002620958	15.8002620958	14.0256911288	15.8002620958	15.6984884748	15.8435572336	15.6984884748	0.0	6.32536412629	0.0	15.6984884748	15.6984884748	12.6722774416	15.8435572336	15.8002620958	12.6722774416	15.6984884748	15.6984884748	15.6984884748	12.6722774416	15.6984884748	15.6984884748	0.0	14.0256911288	0.0	0.0	15.8435572336	15.6984884748	15.6984884748	0.0	6.32536412629	0.0	12.6722774416
12.6722774416	0.0	0.0	0.0	0.0	0.0	0.0	13.0158837227	13.0158837227	0.0	0.0	19.4887932406	19.3756570022	0.0	19.3756570022	0.0	19.4887932406	19.3756570022	13.0158837227	13.0158837227	9.41410841581	13.0158837227	19.3756570022	19.4887932406	19.3756570022	12.6722774416	13.067553543	12.6722774416	19.3756570022	19.3756570022	0.0	19.4887932406	13.0158837227	0.0	19.3756570022	19.3756570022	19.3756570022	0.0	19.3756570022	19.3756570022	12.6722774416	9.41410841581	12.6722774416	12.6722774416	19.4887932406	19.3756570022	19.3756570022	12.6722774416	13.067553543	12.6722774416	0.0