0.0	9.41924178994	9.41924178994	9.41924178994	9.41924178994	9.41924178994	9.41924178994	10.7336604515	10.7336604515	9.41924178994	9.41924178994	11.6058715179	12.2019265721	9.41924178994	12.2019265721	9.41924178994	11.6058715179	12.2019265721	10.7336604515	10.7336604515	10.9208306281	10.7336604515	12.2019265721	11.6058715179	12.2019265721	0.0	5.63355600404	0.0	12.2019265721	12.2019265721	9.41924178994	11.6058715179	10.7336604515	9.41924178994	12.2019265721	12.2019265721	12.2019265721	9.41924178994	12.2019265721	12.2019265721	0.0	10.9208306281	0.0	0.0	11.6058715179	12.2019265721	12.2019265721	0.0	5.63355600404	0.0	9.41924178994
9.41924178994	0.0	0.0	0.0	0.0	0.0	0.0	9.80836475274	9.80836475274	0.0	0.0	13.1682102414	13.7654643068	0.0	13.7654643068	0.0	13.1682102414	13.7654643068	9.80836475274	9.80836475274	8.53138147421	9.80836475274	13.7654643068	13.1682102414	13.7654643068	9.41924178994	9.59500993343	9.41924178994	13.7654643068	13.7654643068	0.0	13.1682102414	9.80836475274	0.0	13.7654643068	13.7654643068	13.7654643068	0.0	13.7654643068	13.7654643068	9.41924178994	8.53138147421	9.41924178994	9.41924178994	13.1682102414	13.7654643068	13.7654643068	9.41924178994	9.59500993343	9.41924178994	0.0
9.41924178994	0.0	0.0	0.0	0.0	0.0	0.0	9.80836475274	9.80836475274	0.0	0.0	13.1682102414	13.7654643068	0.0	13.7654643068	0.0	13.1682102414	13.7654643068	9.80836475274	9.80836475274	8.53138147421	9.80836475274	13.7654643068	13.1682102414	13.7654643068	9.41924178994	9.59500993343	9.41924178994	13.7654643068	13.7654643068	0.0	13.1682102414	9.80836475274	0.0	13.7654643068	13.7654643068	13.7654643068	0.0	13.7654643068	13.7654643068	9.41924178994	8.53138147421	9.41924178994	9.41924178994	13.1682102414	13.7654643068	13.7654643068	9.41924178994	9.59500993343	9.41924178994	0.0
9.41924178994	0.0	0.0	0.0	0.0	0.0	0.0	9.80836475274	9.80836475274	0.0	0.0	13.1682102414	13.7654643068	0.0	13.7654643068	0.0	13.1682102414	13.7654643068	9.80836475274	9.80836475274	8.53138147421	9.80836475274	13.7654643068	13.1682102414	13.7654643068	9.41924178994	9.59500993343	9.41924178994	13.7654643068	13.7654643068	0.0	13.1682102414	9.80836475274	0.0	13.7654643068	13.7654643068	13.7654643068	0.0	13.7654643068	13.7654643068	9.41924178994	8.53138147421	9.41924178994	9.41924178994	13.1682102414	13.7654643068	13.7654643068	9.41924178994	9.59500993343	9.41924178994	0.0
9.41924178994	0.0	0.0	0.0	0.0	0.0	0.0	9.80836475274	9.80836475274	0.0	0.0	13.1682102414	13.7654643068	0.0	13.7654643068	0.0	13.1682102414	13.7654643068	9.80836475274	9.80836475274	8.53138147421	9.80836475274	13.7654643068	13.1682102414	13.7654643068	9.41924178994	9.59500993343	9.41924178994	13.7654643068	13.7654643068	0.0	13.1682102414	9.80836475274	0.0	13.7654643068	13.7654643068	13.7654643068	0.0	13.7654643068	13.7654643068	9.41924178994	8.53138147421	9.41924178994	9.41924178994	13.1682102414	13.7654643068	13.7654643068	9.41924178994	9.59500993343	9.41924178994	0.0
9.41924178994	0.0	0.0	0.0	0.0	0.0	0.0	9.80836475274	9.80836475274	0.0	0.0	13.1682102414	13.7654643068	0.0	13.7654643068	0.0	13.1682102414	13.7654643068	9.80836475274	9.80836475274	8.53138147421	9.80836475274	13.7654643068	13.1682102414	13.7654643068	9.41924178994	9.59500993343	9.41924178994	13.7654643068	13.7654643068	0.0	13.1682102414	9.80836475274	0.0	13.7654643068	13.7654643068	13.7654643068	0.0	13.7654643068	13.7654643068	9.41924178994	8.53138147421	9.41924178994	9.41924178994	13.1682102414	13.7654643068	13.7654643068	9.41924178994	9.59500993343	9.41924178994	0.0
9.41924178994	0.0	0.0	0.0	0.0	0.0	0.0	9.80836475274	9.80836475274	0.0	0.0	13.1682102414	13.7654643068	0.0	13.7654643068	0.0	13.1682102414	13.7654643068	9.80836475274	9.80836475274	8.53138147421	9.80836475274	13.7654643068	13.1682102414	13.7654643068	9.41924178994	9.59500993343	9.41924178994	13.7654643068	13.7654643068	0.0	13.1682102414	9.80836475274	0.0	13.7654643068	13.7654643068	13.7654643068	0.0	13.7654643068	13.7654643068	9.41924178994	8.53138147421	9.41924178994	9.41924178994	13.1682102414	13.7654643068	13.7654643068	9.41924178994	9.59500993343	9.41924178994	0.0
10.7336604515	9.80836475274	9.80836475274	9.80836475274	9.80836475274	9.80836475274	9.80836475274	0.0	0.0	9.80836475274	9.80836475274	14.4824857621	15.0797774033	9.80836475274	15.0797774033	9.80836475274	14.4824857621	15.0797774033	0.0	0.0	9.72037693919	0.0	15.0797774033	14.4824857621	15.0797774033	10.7336604515	10.9094383474	10.7336604515	15.0797774033	15.0797774033	9.80836475274	14.4824857621	0.0	9.80836475274	15.0797774033	15.0797774033	15.0797774033	9.80836475274	15.0797774033	15.0797774033	10.7336604515	9.72037693919	10.7336604515	10.7336604515	14.4824857621	15.0797774033	15.0797774033	10.7336604515	10.9094383474	10.7336604515	9.80836475274
10.7336604515	9.80836475274	9.80836475274	9.80836475274	9.80836475274	9.80836475274	9.80836475274	0.0	0.0	9.80836475274	9.80836475274	14.4824857621	15.0797774033	9.80836475274	15.0797774033	9.80836475274	14.4824857621	15.0797774033	0.0	0.0	9.72037693919	0.0	15.0797774033	14.4824857621	15.0797774033	10.7336604515	10.9094383474	10.7336604515	15.0797774033	15.0797774033	9.80836475274	14.4824857621	0.0	9.80836475274	15.0797774033	15.0797774033	15.0797774033	9.80836475274	15.0797774033	15.0797774033	10.7336604515	9.72037693919	10.7336604515	10.7336604515	14.4824857621	15.0797774033	15.0797774033	10.7336604515	10.9094383474	10.7336604515	9.80836475274
9.41924178994	0.0	0.0	0.0	0.0	0.0	0.0	9.80836475274	9.80836475274	0.0	0.0	13.1682102414	13.7654643068	0.0	13.7654643068	0.0	13.1682102414	13.7654643068	9.80836475274	9.80836475274	8.53138147421	9.80836475274	13.7654643068	13.1682102414	13.7654643068	9.41924178994	9.59500993343	9.41924178994	13.7654643068	13.7654643068	0.0	13.1682102414	9.80836475274	0.0	13.7654643068	13.7654643068	13.7654643068	0.0	13.7654643068	13.7654643068	9.41924178994	8.53138147421	9.41924178994	9.41924178994	13.1682102414	13.7654643068	13.7654643068	9.41924178994	9.59500993343	9.41924178994	0.0
9.41924178994	0.0	0.0	0.0	0.0	0.0	0.0	9.80836475274	9.80836475274	0.0	0.0	13.1682102414	13.7654643068	0.0	13.7654643068	0.0	13.1682102414	13.7654643068	9.80836475274	9.80836475274	8.53138147421	9.80836475274	13.7654643068	13.1682102414	13.7654643068	9.41924178994	9.59500993343	9.41924178994	13.7654643068	13.7654643068	0.0	13.1682102414	9.80836475274	0.0	13.7654643068	13.7654643068	13.7654643068	0.0	13.7654643068	13.7654643068	9.41924178994	8.53138147421	9.41924178994	9.41924178994	13.1682102414	13.7654643068	13.7654643068	9.41924178994	9.59500993343	9.41924178994	0.0
11.6058715179	13.1682102414	13.1682102414	13.1682102414	13.1682102414	13.1682102414	13.1682102414	14.4824857621	14.4824857621	13.1682102414	13.1682102414	0.0	13.6263998116	13.1682102414	13.6263998116	13.1682102414	0.0	13.6263998116	14.4824857621	14.4824857621	14.6694434371	14.4824857621	13.6263998116	0.0	13.6263998116	11.6058715179	11.7769352585	11.6058715179	13.6263998116	13.6263998116	13.1682102414	0.0	14.4824857621	13.1682102414	13.6263998116	13.6263998116	13.6263998116	13.1682102414	13.6263998116	13.6263998116	11.6058715179	14.6694434371	11.6058715179	11.6058715179	0.0	13.6263998116	13.6263998116	11.6058715179	11.7769352585	11.6058715179	13.1682102414
12.2019265721	13.7654643068	13.7654643068	13.7654643068	13.7654643068	13.7654643068	13.7654643068	15.0797774033	15.0797774033	13.7654643068	13.7654643068	13.6263998116	0.0	13.7654643068	0.0	13.7654643068	13.6263998116	0.0	15.0797774033	15.0797774033	15.2668188757	15.0797774033	0.0	13.6263998116	0.0	12.2019265721	12.372747612	12.2019265721	0.0	0.0	13.7654643068	13.6263998116	15.0797774033	13.7654643068	0.0	0.0	0.0	13.7654643068	0.0	0.0	12.2019265721	15.2668188757	12.2019265721	12.2019265721	13.6263998116	0.0	0.0	12.2019265721	12.372747612	12.2019265721	13.7654643068
9.41924178994	0.0	0.0	0.0	0.0	0.0	0.0	9.80836475274	9.80836475274	0.0	0.0	13.1682102414	13.7654643068	0.0	13.7654643068	0.0	13.1682102414	13.7654643068	9.80836475274	9.80836475274	8.53138147421	9.80836475274	13.7654643068	13.1682102414	13.7654643068	9.41924178994	9.59500993343	9.41924178994	13.7654643068	13.7654643068	0.0	13.1682102414	9.80836475274	0.0	13.7654643068	13.7654643068	13.7654643068	0.0	13.7654643068	13.7654643068	9.41924178994	8.53138147421	9.41924178994	9.41924178994	13.1682102414	13.7654643068	13.7654643068	9.41924178994	9.59500993343	9.41924178994	0.0
12.2019265721	13.7654643068	13.7654643068	13.7654643068	13.7654643068	13.7654643068	13.7654643068	15.0797774033	15.0797774033	13.7654643068	13.7654643068	13.6263998116	0.0	13.7654643068	0.0	13.7654643068	13.6263998116	0.0	15.0797774033	15.0797774033	15.2668188757	15.0797774033	0.0	13.6263998116	0.0	12.2019265721	12.372747612	12.2019265721	0.0	0.0	13.7654643068	13.6263998116	15.0797774033	13.7654643068	0.0	0.0	0.0	13.7654643068	0.0	0.0	12.2019265721	15.2668188757	12.2019265721	12.2019265721	13.6263998116	0.0	0.0	12.2019265721	12.372747612	12.2019265721	13.7654643068
9.41924178994	0.0	0.0	0.0	0.0	0.0	0.0	9.80836475274	9.80836475274	0.0	0.0	13.1682102414	13.7654643068	0.0	13.7654643068	0.0	13.1682102414	13.7654643068	9.80836475274	9.80836475274	8.53138147421	9.80836475274	13.7654643068	13.1682102414	13.7654643068	9.41924178994	9.59500993343	9.41924178994	13.7654643068	13.7654643068	0.0	13.1682102414	9.80836475274	0.0	13.7654643068	13.7654643068	13.7654643068	0.0	13.7654643068	13.7654643068	9.41924178994	8.53138147421	9.41924178994	9.41924178994	13.1682102414	13.7654643068	13.7654643068	9.41924178994	9.59500993343	9.41924178994	0.0
11.6058715179	13.1682102414	13.1682102414	13.1682102414	13.1682102414	13.1682102414	13.1682102414	14.4824857621	14.4824857621	13.1682102414	13.1682102414	0.0	13.6263998116	13.1682102414	13.6263998116	13.1682102414	0.0	13.6263998116	14.4824857621	14.4824857621	14.6694434371	14.4824857621	13.6263998116	0.0	13.6263998116	11.6058715179	11.7769352585	11.6058715179	13.6263998116	13.6263998116	13.1682102414	0.0	14.4824857621	13.1682102414	13.6263998116	13.6263998116	13.6263998116	13.1682102414	13.6263998116	13.6263998116	11.6058715179	14.6694434371	11.6058715179	11.6058715179	0.0	13.6263998116	13.6263998116	11.6058715179	11.7769352585	11.6058715179	13.1682102414
12.2019265721	13.7654643068	13.7654643068	13.7654643068	13.7654643068	13.7654643068	13.7654643068	15.0797774033	15.0797774033	13.7654643068	13.7654643068	13.6263998116	0.0	13.7654643068	0.0	13.7654643068	13.6263998116	0.0	15.0797774033	15.0797774033	15.2668188757	15.0797774033	0.0	13.6263998116	0.0	12.2019265721	12.372747612	12.2019265721	0.0	0.0	13.7654643068	13.6263998116	15.0797774033	13.7654643068	0.0	0.0	0.0	13.7654643068	0.0	0.0	12.2019265721	15.2668188757	12.2019265721	12.2019265721	13.6263998116	0.0	0.0	12.2019265721	12.372747612	12.2019265721	13.7654643068
10.7336604515	9.80836475274	9.80836475274	9.80836475274	9.80836475274	9.80836475274	9.80836475274	0.0	0.0	9.80836475274	9.80836475274	14.4824857621	15.0797774033	9.80836475274	15.0797774033	9.80836475274	14.4824857621	15.0797774033	0.0	0.0	9.72037693919	0.0	15.0797774033	14.4824857621	15.0797774033	10.7336604515	10.9094383474	10.7336604515	15.0797774033	15.0797774033	9.80836475274	14.4824857621	0.0	9.80836475274	15.0797774033	15.0797774033	15.0797774033	9.80836475274	15.0797774033	15.0797774033	10.7336604515	9.72037693919	10.7336604515	10.7336604515	14.4824857621	15.0797774033	15.0797774033	10.7336604515	10.9094383474	10.7336604515	9.80836475274
10.7336604515	9.80836475274	9.80836475274	9.80836475274	9.80836475274	9.80836475274	9.80836475274	0.0	0.0	9.80836475274	9.80836475274	14.4824857621	15.0797774033	9.80836475274	15.0797774033	9.80836475274	14.4824857621	15.0797774033	0.0	0.0	9.72037693919	0.0	15.0797774033	14.4824857621	15.0797774033	10.7336604515	10.9094383474	10.7336604515	15.0797774033	15.0797774033	9.80836475274	14.4824857621	0.0	9.80836475274	15.0797774033	15.0797774033	15.0797774033	9.80836475274	15.0797774033	15.0797774033	10.7336604515	9.72037693919	10.7336604515	10.7336604515	14.4824857621	15.0797774033	15.0797774033	10.7336604515	10.9094383474	10.7336604515	9.80836475274
10.9208306281	8.53138147421	8.53138147421	8.53138147421	8.53138147421	8.53138147421	8.53138147421	9.72037693919	9.72037693919	8.53138147421	8.53138147421	14.6694434371	15.2668188757	8.53138147421	15.2668188757	8.53138147421	14.6694434371	15.2668188757	9.72037693919	9.72037693919	0.0	9.72037693919	15.2668188757	14.6694434371	15.2668188757	10.9208306281	11.096602582	10.9208306281	15.2668188757	15.2668188757	8.53138147421	14.6694434371	9.72037693919	8.53138147421	15.2668188757	15.2668188757	15.2668188757	8.53138147421	15.2668188757	15.2668188757	10.9208306281	0.0	10.9208306281	10.9208306281	14.6694434371	15.2668188757	15.2668188757	10.9208306281	11.096602582	10.9208306281	8.53138147421
10.7336604515	9.80836475274	9.80836475274	9.80836475274	9.80836475274	9.80836475274	9.80836475274	0.0	0.0	9.80836475274	9.80836475274	14.4824857621	15.0797774033	9.80836475274	15.0797774033	9.80836475274	14.4824857621	15.0797774033	0.0	0.0	9.72037693919	0.0	15.0797774033	14.4824857621	15.0797774033	10.7336604515	10.9094383474	10.7336604515	15.0797774033	15.0797774033	9.80836475274	14.4824857621	0.0	9.80836475274	15.0797774033	15.0797774033	15.0797774033	9.80836475274	15.0797774033	15.0797774033	10.7336604515	9.72037693919	10.7336604515	10.7336604515	14.4824857621	15.0797774033	15.0797774033	10.7336604515	10.9094383474	10.7336604515	9.80836475274
12.2019265721	13.7654643068	13.7654643068	13.7654643068	13.7654643068	13.7654643068	13.7654643068	15.0797774033	15.0797774033	13.7654643068	13.7654643068	13.6263998116	0.0	13.7654643068	0.0	13.7654643068	13.6263998116	0.0	15.0797774033	15.0797774033	15.2668188757	15.0797774033	0.0	13.6263998116	0.0	12.2019265721	12.372747612	12.2019265721	0.0	0.0	13.7654643068	13.6263998116	15.0797774033	13.7654643068	0.0	0.0	0.0	13.7654643068	0.0	0.0	12.2019265721	15.2668188757	12.2019265721	12.2019265721	13.6263998116	0.0	0.0	12.2019265721	12.372747612	12.2019265721	13.7654643068
11.6058715179	13.1682102414	13.1682102414	13.1682102414	13.1682102414	13.1682102414	13.1682102414	14.4824857621	14.4824857621	13.1682102414	13.1682102414	0.0	13.6263998116	13.1682102414	13.6263998116	13.1682102414	0.0	13.6263998116	14.4824857621	14.4824857621	14.6694434371	14.4824857621	13.6263998116	0.0	13.6263998116	11.6058715179	11.7769352585	11.6058715179	13.6263998116	13.6263998116	13.1682102414	0.0	14.4824857621	13.1682102414	13.6263998116	13.6263998116	13.6263998116	13.1682102414	13.6263998116	13.6263998116	11.6058715179	14.6694434371	11.6058715179	11.6058715179	0.0	13.6263998116	13.6263998116	11.6058715179	11.7769352585	11.6058715179	13.1682102414
12.2019265721	13.7654643068	13.7654643068	13.7654643068	13.7654643068	13.7654643068	13.7654643068	15.0797774033	15.0797774033	13.7654643068	13.7654643068	13.6263998116	0.0	13.7654643068	0.0	13.7654643068	13.6263998116	0.0	15.0797774033	15.0797774033	15.2668188757	15.0797774033	0.0	13.6263998116	0.0	12.2019265721	12.372747612	12.2019265721	0.0	0.0	13.7654643068	13.6263998116	15.0797774033	13.7654643068	0.0	0.0	0.0	13.7654643068	0.0	0.0	12.2019265721	15.2668188757	12.2019265721	12.2019265721	13.6263998116	0.0	0.0	12.2019265721	12.372747612	12.2019265721	13.7654643068
0.0	9.41924178994	9.41924178994	9.41924178994	9.41924178994	9.41924178994	9.41924178994	10.7336604515	10.7336604515	9.41924178994	9.41924178994	11.6058715179	12.2019265721	9.41924178994	12.2019265721	9.41924178994	11.6058715179	12.2019265721	10.7336604515	10.7336604515	10.9208306281	10.7336604515	12.2019265721	11.6058715179	12.2019265721	0.0	5.63355600404	0.0	12.2019265721	12.2019265721	9.41924178994	11.6058715179	10.7336604515	9.41924178994	12.2019265721	12.2019265721	12.2019265721	9.41924178994	12.2019265721	12.2019265721	0.0	10.9208306281	0.0	0.0	11.6058715179	12.2019265721	12.2019265721	0.0	5.63355600404	0.0	9.41924178994
5.63355600404	9.59500993343	9.59500993343	9.59500993343	9.59500993343	9.59500993343	9.59500993343	10.9094383474	10.9094383474	9.59500993343	9.59500993343	11.7769352585	12.372747612	9.59500993343	12.372747612	9.59500993343	11.7769352585	12.372747612	10.9094383474	10.9094383474	11.096602582	10.9094383474	12.372747612	11.7769352585	12.372747612	5.63355600404	0.0	5.63355600404	12.372747612	12.372747612	9.59500993343	11.7769352585	10.9094383474	9.59500993343	12.372747612	12.372747612	12.372747612	9.59500993343	12.372747612	12.372747612	5.63355600404	11.096602582	5.63355600404	5.63355600404	11.7769352585	12.372747612	12.372747612	5.63355600404	0.0	5.63355600404	9.59500993343
0.0	9.41924178994	9.41924178994	9.41924178994	9.41924178994	9.41924178994	9.41924178994	10.7336604515	10.7336604515	9.41924178994	9.41924178994	11.6058715179	12.2019265721	9.41924178994	12.2019265721	9.41924178994	11.6058715179	12.2019265721	10.7336604515	10.7336604515	10.9208306281	10.7336604515	12.2019265721	11.6058715179	12.2019265721	0.0	5.63355600404	0.0	12.2019265721	12.2019265721	9.41924178994	11.6058715179	10.7336604515	9.41924178994	12.2019265721	12.2019265721	12.2019265721	9.41924178994	12.2019265721	12.2019265721	0.0	10.9208306281	0.0	0.0	11.6058715179	12.2019265721	12.2019265721	0.0	5.63355600404	0.0	9.41924178994
12.2019265721	13.7654643068	13.7654643068	13.7654643068	13.7654643068	13.7654643068	13.7654643068	15.0797774033	15.0797774033	13.7654643068	13.7654643068	13.6263998116	0.0	13.7654643068	0.0	13.7654643068	13.6263998116	0.0	15.0797774033	15.0797774033	15.2668188757	15.0797774033	0.0	13.6263998116	0.0	12.2019265721	12.372747612	12.2019265721	0.0	0.0	13.7654643068	13.6263998116	15.0797774033	13.7654643068	0.0	0.0	0.0	13.7654643068	0.0	0.0	12.2019265721	15.2668188757	12.2019265721	12.2019265721	13.6263998116	0.0	0.0	12.2019265721	12.372747612	12.2019265721	13.7654643068
12.2019265721	13.7654643068	13.7654643068	13.7654643068	13.7654643068	13.7654643068	13.7654643068	15.0797774033	15.0797774033	13.7654643068	13.7654643068	13.6263998116	0.0	13.7654643068	0.0	13.7654643068	13.6263998116	0.0	15.0797774033	15.0797774033	15.2668188757	15.0797774033	0.0	13.6263998116	0.0	12.2019265721	12.372747612	12.2019265721	0.0	0.0	13.7654643068	13.6263998116	15.0797774033	13.7654643068	0.0	0.0	0.0	13.7654643068	0.0	0.0	12.2019265721	15.2668188757	12.2019265721	12.2019265721	13.6263998116	0.0	0.0	12.2019265721	12.372747612	12.2019265721	13.7654643068
9.41924178994	0.0	0.0	0.0	0.0	0.0	0.0	9.80836475274	9.80836475274	0.0	0.0	13.1682102414	13.7654643068	0.0	13.7654643068	0.0	13.1682102414	13.7654643068	9.80836475274	9.80836475274	8.53138147421	9.80836475274	13.7654643068	13.1682102414	13.7654643068	9.41924178994	9.59500993343	9.41924178994	13.7654643068	13.7654643068	0.0	13.1682102414	9.80836475274	0.0	13.7654643068	13.7654643068	13.7654643068	0.0	13.7654643068	13.7654643068	9.41924178994	8.53138147421	9.41924178994	9.41924178994	13.1682102414	13.7654643068	13.7654643068	9.41924178994	9.59500993343	9.41924178994	0.0
11.6058715179	13.1682102414	13.1682102414	13.1682102414	13.1682102414	13.1682102414	13.1682102414	14.4824857621	14.4824857621	13.1682102414	13.1682102414	0.0	13.6263998116	13.1682102414	13.6263998116	13.1682102414	0.0	13.6263998116	14.4824857621	14.4824857621	14.6694434371	14.4824857621	13.6263998116	0.0	13.6263998116	11.6058715179	11.7769352585	11.6058715179	13.6263998116	13.6263998116	13.1682102414	0.0	14.4824857621	13.1682102414	13.6263998116	13.6263998116	13.6263998116	13.1682102414	13.6263998116	13.6263998116	11.6058715179	14.6694434371	11.6058715179	11.6058715179	0.0	13.6263998116	13.6263998116	11.6058715179	11.7769352585	11.6058715179	13.1682102414
10.7336604515	9.80836475274	9.80836475274	9.80836475274	9.80836475274	9.80836475274	9.80836475274	0.0	0.0	9.80836475274	9.80836475274	14.4824857621	15.0797774033	9.80836475274	15.0797774033	9.80836475274	14.4824857621	15.0797774033	0.0	0.0	9.72037693919	0.0	15.0797774033	14.4824857621	15.0797774033	10.7336604515	10.9094383474	10.7336604515	15.0797774033	15.0797774033	9.80836475274	14.4824857621	0.0	9.80836475274	15.0797774033	15.0797774033	15.0797774033	9.80836475274	15.0797774033	15.0797774033	10.7336604515	9.72037693919	10.7336604515	10.7336604515	14.4824857621	15.0797774033	15.0797774033	10.7336604515	10.9094383474	10.7336604515	9.80836475274
9.41924178994	0.0	0.0	0.0	0.0	0.0	0.0	9.80836475274	9.80836475274	0.0	0.0	13.1682102414	13.7654643068	0.0	13.7654643068	0.0	13.1682102414	13.7654643068	9.80836475274	9.80836475274	8.53138147421	9.80836475274	13.7654643068	13.1682102414	13.7654643068	9.41924178994	9.59500993343	9.41924178994	13.7654643068	13.7654643068	0.0	13.1682102414	9.80836475274	0.0	13.7654643068	13.7654643068	13.7654643068	0.0	13.7654643068	13.7654643068	9.41924178994	8.53138147421	9.41924178994	9.41924178994	13.1682102414	13.7654643068	13.7654643068	9.41924178994	9.59500993343	9.41924178994	0.0
12.2019265721	13.7654643068	13.7654643068	13.7654643068	13.7654643068	13.7654643068	13.7654643068	15.0797774033	15.0797774033	13.7654643068	13.7654643068	13.6263998116	0.0	13.7654643068	0.0	13.7654643068	13.6263998116	0.0	15.0797774033	15.0797774033	15.2668188757	15.0797774033	0.0	13.6263998116	0.0	12.2019265721	12.372747612	12.2019265721	0.0	0.0	13.7654643068	13.6263998116	15.0797774033	13.7654643068	0.0	0.0	0.0	13.7654643068	0.0	0.0	12.2019265721	15.2668188757	12.2019265721	12.2019265721	13.6263998116	0.0	0.0	12.2019265721	12.372747612	12.2019265721	13.7654643068
12.2019265721	13.7654643068	13.7654643068	13.7654643068	13.7654643068	13.7654643068	13.7654643068	15.0797774033	15.0797774033	13.7654643068	13.7654643068	13.6263998116	0.0	13.7654643068	0.0	13.7654643068	13.6263998116	0.0	15.0797774033	15.0797774033	15.2668188757	15.0797774033	0.0	13.6263998116	0.0	12.2019265721	12.372747612	12.2019265721	0.0	0.0	13.7654643068	13.6263998116	15.0797774033	13.7654643068	0.0	0.0	0.0	13.7654643068	0.0	0.0	12.2019265721	15.2668188757	12.2019265721	12.2019265721	13.6263998116	0.0	0.0	12.2019265721	12.372747612	12.2019265721	13.7654643068
12.2019265721	13.7654643068	13.7654643068	13.7654643068	13.7654643068	13.7654643068	13.7654643068	15.0797774033	15.0797774033	13.7654643068	13.7654643068	13.6263998116	0.0	13.7654643068	0.0	13.7654643068	13.6263998116	0.0	15.0797774033	15.0797774033	15.2668188757	15.0797774033	0.0	13.6263998116	0.0	12.2019265721	12.372747612	12.2019265721	0.0	0.0	13.7654643068	13.6263998116	15.0797774033	13.7654643068	0.0	0.0	0.0	13.7654643068	0.0	0.0	12.2019265721	15.2668188757	12.2019265721	12.2019265721	13.6263998116	0.0	0.0	12.2019265721	12.372747612	12.2019265721	13.7654643068
9.41924178994	0.0	0.0	0.0	0.0	0.0	0.0	9.80836475274	9.80836475274	0.0	0.0	13.1682102414	13.7654643068	0.0	13.7654643068	0.0	13.1682102414	13.7654643068	9.80836475274	9.80836475274	8.53138147421	9.80836475274	13.7654643068	13.1682102414	13.7654643068	9.41924178994	9.59500993343	9.41924178994	13.7654643068	13.7654643068	0.0	13.1682102414	9.80836475274	0.0	13.7654643068	13.7654643068	13.7654643068	0.0	13.7654643068	13.7654643068	9.41924178994	8.53138147421	9.41924178994	9.41924178994	13.1682102414	13.7654643068	13.7654643068	9.41924178994	9.59500993343	9.41924178994	0.0
12.2019265721	13.7654643068	13.7654643068	13.7654643068	13.7654643068	13.7654643068	13.7654643068	15.0797774033	15.0797774033	13.7654643068	13.7654643068	13.6263998116	0.0	13.7654643068	0.0	13.7654643068	13.6263998116	0.0	15.0797774033	15.0797774033	15.2668188757	15.0797774033	0.0	13.6263998116	0.0	12.2019265721	12.372747612	12.2019265721	0.0	0.0	13.7654643068	13.6263998116	15.0797774033	13.7654643068	0.0	0.0	0.0	13.7654643068	0.0	0.0	12.2019265721	15.2668188757	12.2019265721	12.2019265721	13.6263998116	0.0	0.0	12.2019265721	12.372747612	12.2019265721	13.7654643068
12.2019265721	13.7654643068	13.7654643068	13.7654643068	13.7654643068	13.7654643068	13.7654643068	15.0797774033	15.0797774033	13.7654643068	13.7654643068	13.6263998116	0.0	13.7654643068	0.0	13.7654643068	13.6263998116	0.0	15.0797774033	15.0797774033	15.2668188757	15.0797774033	0.0	13.6263998116	0.0	12.2019265721	12.372747612	12.2019265721	0.0	0.0	13.7654643068	13.6263998116	15.0797774033	13.7654643068	0.0	0.0	0.0	13.7654643068	0.0	0.0	12.2019265721	15.2668188757	12.2019265721	12.2019265721	13.6263998116	0.0	0.0	12.2019265721	12.372747612	12.2019265721	13.7654643068
0.0	9.41924178994	9.41924178994	9.41924178994	9.41924178994	9.41924178994	9.41924178994	10.7336604515	10.7336604515	9.41924178994	9.41924178994	11.6058715179	12.2019265721	9.41924178994	12.2019265721	9.41924178994	11.6058715179	12.2019265721	10.7336604515	10.7336604515	10.9208306281	10.7336604515	12.2019265721	11.6058715179	12.2019265721	0.0	5.63355600404	0.0	12.2019265721	12.2019265721	9.41924178994	11.6058715179	10.7336604515	9.41924178994	12.2019265721	12.2019265721	12.2019265721	9.41924178994	12.2019265721	12.2019265721	0.0	10.9208306281	0.0	0.0	11.6058715179	12.2019265721	12.2019265721	0.0	5.63355600404	0.0	9.41924178994
10.9208306281	8.53138147421	8.53138147421	8.53138147421	8.53138147421	8.53138147421	8.53138147421	9.72037693919	9.72037693919	8.53138147421	8.53138147421	14.6694434371	15.2668188757	8.53138147421	15.2668188757	8.53138147421	14.6694434371	15.2668188757	9.72037693919	9.72037693919	0.0	9.72037693919	15.2668188757	14.6694434371	15.2668188757	10.9208306281	11.096602582	10.9208306281	15.2668188757	15.2668188757	8.53138147421	14.6694434371	9.72037693919	8.53138147421	15.2668188757	15.2668188757	15.2668188757	8.53138147421	15.2668188757	15.2668188757	10.9208306281	0.0	10.9208306281	10.9208306281	14.6694434371	15.2668188757	15.2668188757	10.9208306281	11.096602582	10.9208306281	8.53138147421
0.0	9.41924178994	9.41924178994	9.41924178994	9.41924178994	9.41924178994	9.41924178994	10.7336604515	10.7336604515	9.41924178994	9.41924178994	11.6058715179	12.2019265721	9.41924178994	12.2019265721	9.41924178994	11.6058715179	12.2019265721	10.7336604515	10.7336604515	10.9208306281	10.7336604515	12.2019265721	11.6058715179	12.2019265721	0.0	5.63355600404	0.0	12.2019265721	12.2019265721	9.41924178994	11.6058715179	10.7336604515	9.41924178994	12.2019265721	12.2019265721	12.2019265721	9.41924178994	12.2019265721	12.2019265721	0.0	10.9208306281	0.0	0.0	11.6058715179	12.2019265721	12.2019265721	0.0	5.63355600404	0.0	9.41924178994
0.0	9.41924178994	9.41924178994	9.41924178994	9.41924178994	9.41924178994	9.41924178994	10.7336604515	10.7336604515	9.41924178994	9.41924178994	11.6058715179	12.2019265721	9.41924178994	12.2019265721	9.41924178994	11.6058715179	12.2019265721	10.7336604515	10.7336604515	10.9208306281	10.7336604515	12.2019265721	11.6058715179	12.2019265721	0.0	5.63355600404	0.0	12.2019265721	12.2019265721	9.41924178994	11.6058715179	10.7336604515	9.41924178994	12.2019265721	12.2019265721	12.2019265721	9.41924178994	12.2019265721	12.2019265721	0.0	10.9208306281	0.0	0.0	11.6058715179	12.2019265721	12.2019265721	0.0	5.63355600404	0.0	9.41924178994
11.6058715179	13.1682102414	13.1682102414	13.1682102414	13.1682102414	13.1682102414	13.1682102414	14.4824857621	14.4824857621	13.1682102414	13.1682102414	0.0	13.6263998116	13.1682102414	13.6263998116	13.1682102414	0.0	13.6263998116	14.4824857621	14.4824857621	14.6694434371	14.4824857621	13.6263998116	0.0	13.6263998116	11.6058715179	11.7769352585	11.6058715179	13.6263998116	13.6263998116	13.1682102414	0.0	14.4824857621	13.1682102414	13.6263998116	13.6263998116	13.6263998116	13.1682102414	13.6263998116	13.6263998116	11.6058715179	14.6694434371	11.6058715179	11.6058715179	0.0	13.6263998116	13.6263998116	11.6058715179	11.7769352585	11.6058715179	13.1682102414
12.2019265721	13.7654643068	13.7654643068	13.7654643068	13.7654643068	13.7654643068	13.7654643068	15.0797774033	15.0797774033	13.7654643068	13.7654643068	13.6263998116	0.0	13.7654643068	0.0	13.7654643068	13.6263998116	0.0	15.0797774033	15.0797774033	15.2668188757	15.0797774033	0.0	13.6263998116	0.0	12.2019265721	12.372747612	12.2019265721	0.0	0.0	13.7654643068	13.6263998116	15.0797774033	13.7654643068	0.0	0.0	0.0	13.7654643068	0.0	0.0	12.2019265721	15.2668188757	12.2019265721	12.2019265721	13.6263998116	0.0	0.0	12.2019265721	12.372747612	12.2019265721	13.7654643068
12.2019265721	13.7654643068	13.7654643068	13.7654643068	13.7654643068	13.7654643068	13.7654643068	15.0797774033	15.0797774033	13.7654643068	13.7654643068	13.6263998116	0.0	13.7654643068	0.0	13.7654643068	13.6263998116	0.0	15.0797774033	15.0797774033	15.2668188757	15.0797774033	0.0	13.6263998116	0.0	12.2019265721	12.372747612	12.2019265721	0.0	0.0	13.7654643068	13.6263998116	15.0797774033	13.7654643068	0.0	0.0	0.0	13.7654643068	0.0	0.0	12.2019265721	15.2668188757	12.2019265721	12.2019265721	13.6263998116	0.0	0.0	12.2019265721	12.372747612	12.2019265721	13.7654643068
0.0	9.41924178994	9.41924178994	9.41924178994	9.41924178994	9.41924178994	9.41924178994	10.7336604515	10.7336604515	9.41924178994	9.41924178994	11.6058715179	12.2019265721	9.41924178994	12.2019265721	9.41924178994	11.6058715179	12.2019265721	10.7336604515	10.7336604515	10.9208306281	10.7336604515	12.2019265721	11.6058715179	12.2019265721	0.0	5.63355600404	0.0	12.2019265721	12.2019265721	9.41924178994	11.6058715179	10.7336604515	9.41924178994	12.2019265721	12.2019265721	12.2019265721	9.41924178994	12.2019265721	12.2019265721	0.0	10.9208306281	0.0	0.0	11.6058715179	12.2019265721	12.2019265721	0.0	5.63355600404	0.0	9.41924178994
5.63355600404	9.59500993343	9.59500993343	9.59500993343	9.59500993343	9.59500993343	9.59500993343	10.9094383474	10.9094383474	9.59500993343	9.59500993343	11.7769352585	12.372747612	9.59500993343	12.372747612	9.59500993343	11.7769352585	12.372747612	10.9094383474	10.9094383474	11.096602582	10.9094383474	12.372747612	11.7769352585	12.372747612	5.63355600404	0.0	5.63355600404	12.372747612	12.372747612	9.59500993343	11.7769352585	10.9094383474	9.59500993343	12.372747612	12.372747612	12.372747612	9.59500993343	12.372747612	12.372747612	5.63355600404	11.096602582	5.63355600404	5.63355600404	11.7769352585	12.372747612	12.372747612	5.63355600404	0.0	5.63355600404	9.59500993343
0.0	9.41924178994	9.41924178994	9.41924178994	9.41924178994	9.41924178994	9.41924178994	10.7336604515	10.7336604515	9.41924178994	9.41924178994	11.6058715179	12.2019265721	9.41924178994	12.2019265721	9.41924178994	11.6058715179	12.2019265721	10.7336604515	10.7336604515	10.9208306281	10.7336604515	12.2019265721	11.6058715179	12.2019265721	0.0	5.63355600404	0.0	12.2019265721	12.2019265721	9.41924178994	11.6058715179	10.7336604515	9.41924178994	12.2019265721	12.2019265721	12.2019265721	9.41924178994	12.2019265721	12.2019265721	0.0	10.9208306281	0.0	0.0	11.6058715179	12.2019265721	12.2019265721	0.0	5.63355600404	0.0	9.41924178994
9.41924178994	0.0	0.0	0.0	0.0	0.0	0.0	9.80836475274	9.80836475274	0.0	0.0	13.1682102414	13.7654643068	0.0	13.7654643068	0.0	13.1682102414	13.7654643068	9.80836475274	9.80836475274	8.53138147421	9.80836475274	13.7654643068	13.1682102414	13.7654643068	9.41924178994	9.59500993343	9.41924178994	13.7654643068	13.7654643068	0.0	13.1682102414	9.80836475274	0.0	13.7654643068	13.7654643068	13.7654643068	0.0	13.7654643068	13.7654643068	9.41924178994	8.53138147421	9.41924178994	9.41924178994	13.1682102414	13.7654643068	13.7654643068	9.41924178994	9.59500993343	9.41924178994	0.0