0.0	8.47927052688	8.47927052688	8.47927052688	8.47927052688	8.47927052688	8.47927052688	10.0342339669	10.0342339669	8.47927052688	8.47927052688	10.2010291088	9.64425383035	8.47927052688	9.64425383035	8.47927052688	10.2010291088	9.64425383035	10.0342339669	10.0342339669	8.42427472085	10.0342339669	9.64425383035	10.2010291088	9.64425383035	0.0	5.66241315072	0.0	9.64425383035	9.64425383035	8.47927052688	10.2010291088	10.0342339669	8.47927052688	9.64425383035	9.64425383035	9.64425383035	8.47927052688	9.64425383035	9.64425383035	0.0	8.42427472085	0.0	0.0	10.2010291088	9.64425383035	9.64425383035	0.0	5.66241315072	0.0	8.47927052688
8.47927052688	0.0	0.0	0.0	0.0	0.0	0.0	8.52945751753	8.52945751753	0.0	0.0	11.280551977	10.724914541	0.0	10.724914541	0.0	11.280551977	10.724914541	8.52945751753	8.52945751753	5.79854866996	8.52945751753	10.724914541	11.280551977	10.724914541	8.47927052688	8.8653200535	8.47927052688	10.724914541	10.724914541	0.0	11.280551977	8.52945751753	0.0	10.724914541	10.724914541	10.724914541	0.0	10.724914541	10.724914541	8.47927052688	5.79854866996	8.47927052688	8.47927052688	11.280551977	10.724914541	10.724914541	8.47927052688	8.8653200535	8.47927052688	0.0
8.47927052688	0.0	0.0	0.0	0.0	0.0	0.0	8.52945751753	8.52945751753	0.0	0.0	11.280551977	10.724914541	0.0	10.724914541	0.0	11.280551977	10.724914541	8.52945751753	8.52945751753	5.79854866996	8.52945751753	10.724914541	11.280551977	10.724914541	8.47927052688	8.8653200535	8.47927052688	10.724914541	10.724914541	0.0	11.280551977	8.52945751753	0.0	10.724914541	10.724914541	10.724914541	0.0	10.724914541	10.724914541	8.47927052688	5.79854866996	8.47927052688	8.47927052688	11.280551977	10.724914541	10.724914541	8.47927052688	8.8653200535	8.47927052688	0.0
8.47927052688	0.0	0.0	0.0	0.0	0.0	0.0	8.52945751753	8.52945751753	0.0	0.0	11.280551977	10.724914541	0.0	10.724914541	0.0	11.280551977	10.724914541	8.52945751753	8.52945751753	5.79854866996	8.52945751753	10.724914541	11.280551977	10.724914541	8.47927052688	8.8653200535	8.47927052688	10.724914541	10.724914541	0.0	11.280551977	8.52945751753	0.0	10.724914541	10.724914541	10.724914541	0.0	10.724914541	10.724914541	8.47927052688	5.79854866996	8.47927052688	8.47927052688	11.280551977	10.724914541	10.724914541	8.47927052688	8.8653200535	8.47927052688	0.0
8.47927052688	0.0	0.0	0.0	0.0	0.0	0.0	8.52945751753	8.52945751753	0.0	0.0	11.280551977	10.724914541	0.0	10.724914541	0.0	11.280551977	10.724914541	8.52945751753	8.52945751753	5.79854866996	8.52945751753	10.724914541	11.280551977	10.724914541	8.47927052688	8.8653200535	8.47927052688	10.724914541	10.724914541	0.0	11.280551977	8.52945751753	0.0	10.724914541	10.724914541	10.724914541	0.0	10.724914541	10.724914541	8.47927052688	5.79854866996	8.47927052688	8.47927052688	11.280551977	10.724914541	10.724914541	8.47927052688	8.8653200535	8.47927052688	0.0
8.47927052688	0.0	0.0	0.0	0.0	0.0	0.0	8.52945751753	8.52945751753	0.0	0.0	11.280551977	10.724914541	0.0	10.724914541	0.0	11.280551977	10.724914541	8.52945751753	8.52945751753	5.79854866996	8.52945751753	10.724914541	11.280551977	10.724914541	8.47927052688	8.8653200535	8.47927052688	10.724914541	10.724914541	0.0	11.280551977	8.52945751753	0.0	10.724914541	10.724914541	10.724914541	0.0	10.724914541	10.724914541	8.47927052688	5.79854866996	8.47927052688	8.47927052688	11.280551977	10.724914541	10.724914541	8.47927052688	8.8653200535	8.47927052688	0.0
8.47927052688	0.0	0.0	0.0	0.0	0.0	0.0	8.52945751753	8.52945751753	0.0	0.0	11.280551977	10.724914541	0.0	10.724914541	0.0	11.280551977	10.724914541	8.52945751753	8.52945751753	5.79854866996	8.52945751753	10.724914541	11.280551977	10.724914541	8.47927052688	8.8653200535	8.47927052688	10.724914541	10.724914541	0.0	11.280551977	8.52945751753	0.0	10.724914541	10.724914541	10.724914541	0.0	10.724914541	10.724914541	8.47927052688	5.79854866996	8.47927052688	8.47927052688	11.280551977	10.724914541	10.724914541	8.47927052688	8.8653200535	8.47927052688	0.0
10.0342339669	8.52945751753	8.52945751753	8.52945751753	8.52945751753	8.52945751753	8.52945751753	0.0	0.0	8.52945751753	8.52945751753	12.8352467527	12.2796972233	8.52945751753	12.2796972233	8.52945751753	12.8352467527	12.2796972233	0.0	0.0	7.11233782208	0.0	12.2796972233	12.8352467527	12.2796972233	10.0342339669	10.4202849175	10.0342339669	12.2796972233	12.2796972233	8.52945751753	12.8352467527	0.0	8.52945751753	12.2796972233	12.2796972233	12.2796972233	8.52945751753	12.2796972233	12.2796972233	10.0342339669	7.11233782208	10.0342339669	10.0342339669	12.8352467527	12.2796972233	12.2796972233	10.0342339669	10.4202849175	10.0342339669	8.52945751753
10.0342339669	8.52945751753	8.52945751753	8.52945751753	8.52945751753	8.52945751753	8.52945751753	0.0	0.0	8.52945751753	8.52945751753	12.8352467527	12.2796972233	8.52945751753	12.2796972233	8.52945751753	12.8352467527	12.2796972233	0.0	0.0	7.11233782208	0.0	12.2796972233	12.8352467527	12.2796972233	10.0342339669	10.4202849175	10.0342339669	12.2796972233	12.2796972233	8.52945751753	12.8352467527	0.0	8.52945751753	12.2796972233	12.2796972233	12.2796972233	8.52945751753	12.2796972233	12.2796972233	10.0342339669	7.11233782208	10.0342339669	10.0342339669	12.8352467527	12.2796972233	12.2796972233	10.0342339669	10.4202849175	10.0342339669	8.52945751753
8.47927052688	0.0	0.0	0.0	0.0	0.0	0.0	8.52945751753	8.52945751753	0.0	0.0	11.280551977	10.724914541	0.0	10.724914541	0.0	11.280551977	10.724914541	8.52945751753	8.52945751753	5.79854866996	8.52945751753	10.724914541	11.280551977	10.724914541	8.47927052688	8.8653200535	8.47927052688	10.724914541	10.724914541	0.0	11.280551977	8.52945751753	0.0	10.724914541	10.724914541	10.724914541	0.0	10.724914541	10.724914541	8.47927052688	5.79854866996	8.47927052688	8.47927052688	11.280551977	10.724914541	10.724914541	8.47927052688	8.8653200535	8.47927052688	0.0
8.47927052688	0.0	0.0	0.0	0.0	0.0	0.0	8.52945751753	8.52945751753	0.0	0.0	11.280551977	10.724914541	0.0	10.724914541	0.0	11.280551977	10.724914541	8.52945751753	8.52945751753	5.79854866996	8.52945751753	10.724914541	11.280551977	10.724914541	8.47927052688	8.8653200535	8.47927052688	10.724914541	10.724914541	0.0	11.280551977	8.52945751753	0.0	10.724914541	10.724914541	10.724914541	0.0	10.724914541	10.724914541	8.47927052688	5.79854866996	8.47927052688	8.47927052688	11.280551977	10.724914541	10.724914541	8.47927052688	8.8653200535	8.47927052688	0.0
10.2010291088	11.280551977	11.280551977	11.280551977	11.280551977	11.280551977	11.280551977	12.8352467527	12.8352467527	11.280551977	11.280551977	0.0	10.064502903	11.280551977	10.064502903	11.280551977	0.0	10.064502903	12.8352467527	12.8352467527	11.2250907481	12.8352467527	10.064502903	0.0	10.064502903	10.2010291088	10.580346773	10.2010291088	10.064502903	10.064502903	11.280551977	0.0	12.8352467527	11.280551977	10.064502903	10.064502903	10.064502903	11.280551977	10.064502903	10.064502903	10.2010291088	11.2250907481	10.2010291088	10.2010291088	0.0	10.064502903	10.064502903	10.2010291088	10.580346773	10.2010291088	11.280551977
9.64425383035	10.724914541	10.724914541	10.724914541	10.724914541	10.724914541	10.724914541	12.2796972233	12.2796972233	10.724914541	10.724914541	10.064502903	0.0	10.724914541	0.0	10.724914541	10.064502903	0.0	12.2796972233	12.2796972233	10.6696133141	12.2796972233	0.0	10.064502903	0.0	9.64425383035	10.0232796508	9.64425383035	0.0	0.0	10.724914541	10.064502903	12.2796972233	10.724914541	0.0	0.0	0.0	10.724914541	0.0	0.0	9.64425383035	10.6696133141	9.64425383035	9.64425383035	10.064502903	0.0	0.0	9.64425383035	10.0232796508	9.64425383035	10.724914541
8.47927052688	0.0	0.0	0.0	0.0	0.0	0.0	8.52945751753	8.52945751753	0.0	0.0	11.280551977	10.724914541	0.0	10.724914541	0.0	11.280551977	10.724914541	8.52945751753	8.52945751753	5.79854866996	8.52945751753	10.724914541	11.280551977	10.724914541	8.47927052688	8.8653200535	8.47927052688	10.724914541	10.724914541	0.0	11.280551977	8.52945751753	0.0	10.724914541	10.724914541	10.724914541	0.0	10.724914541	10.724914541	8.47927052688	5.79854866996	8.47927052688	8.47927052688	11.280551977	10.724914541	10.724914541	8.47927052688	8.8653200535	8.47927052688	0.0
9.64425383035	10.724914541	10.724914541	10.724914541	10.724914541	10.724914541	10.724914541	12.2796972233	12.2796972233	10.724914541	10.724914541	10.064502903	0.0	10.724914541	0.0	10.724914541	10.064502903	0.0	12.2796972233	12.2796972233	10.6696133141	12.2796972233	0.0	10.064502903	0.0	9.64425383035	10.0232796508	9.64425383035	0.0	0.0	10.724914541	10.064502903	12.2796972233	10.724914541	0.0	0.0	0.0	10.724914541	0.0	0.0	9.64425383035	10.6696133141	9.64425383035	9.64425383035	10.064502903	0.0	0.0	9.64425383035	10.0232796508	9.64425383035	10.724914541
8.47927052688	0.0	0.0	0.0	0.0	0.0	0.0	8.52945751753	8.52945751753	0.0	0.0	11.280551977	10.724914541	0.0	10.724914541	0.0	11.280551977	10.724914541	8.52945751753	8.52945751753	5.79854866996	8.52945751753	10.724914541	11.280551977	10.724914541	8.47927052688	8.8653200535	8.47927052688	10.724914541	10.724914541	0.0	11.280551977	8.52945751753	0.0	10.724914541	10.724914541	10.724914541	0.0	10.724914541	10.724914541	8.47927052688	5.79854866996	8.47927052688	8.47927052688	11.280551977	10.724914541	10.724914541	8.47927052688	8.8653200535	8.47927052688	0.0
10.2010291088	11.280551977	11.280551977	11.280551977	11.280551977	11.280551977	11.280551977	12.8352467527	12.8352467527	11.280551977	11.280551977	0.0	10.064502903	11.280551977	10.064502903	11.280551977	0.0	10.064502903	12.8352467527	12.8352467527	11.2250907481	12.8352467527	10.064502903	0.0	10.064502903	10.2010291088	10.580346773	10.2010291088	10.064502903	10.064502903	11.280551977	0.0	12.8352467527	11.280551977	10.064502903	10.064502903	10.064502903	11.280551977	10.064502903	10.064502903	10.2010291088	11.2250907481	10.2010291088	10.2010291088	0.0	10.064502903	10.064502903	10.2010291088	10.580346773	10.2010291088	11.280551977
9.64425383035	10.724914541	10.724914541	10.724914541	10.724914541	10.724914541	10.724914541	12.2796972233	12.2796972233	10.724914541	10.724914541	10.064502903	0.0	10.724914541	0.0	10.724914541	10.064502903	0.0	12.2796972233	12.2796972233	10.6696133141	12.2796972233	0.0	10.064502903	0.0	9.64425383035	10.0232796508	9.64425383035	0.0	0.0	10.724914541	10.064502903	12.2796972233	10.724914541	0.0	0.0	0.0	10.724914541	0.0	0.0	9.64425383035	10.6696133141	9.64425383035	9.64425383035	10.064502903	0.0	0.0	9.64425383035	10.0232796508	9.64425383035	10.724914541
10.0342339669	8.52945751753	8.52945751753	8.52945751753	8.52945751753	8.52945751753	8.52945751753	0.0	0.0	8.52945751753	8.52945751753	12.8352467527	12.2796972233	8.52945751753	12.2796972233	8.52945751753	12.8352467527	12.2796972233	0.0	0.0	7.11233782208	0.0	12.2796972233	12.8352467527	12.2796972233	10.0342339669	10.4202849175	10.0342339669	12.2796972233	12.2796972233	8.52945751753	12.8352467527	0.0	8.52945751753	12.2796972233	12.2796972233	12.2796972233	8.52945751753	12.2796972233	12.2796972233	10.0342339669	7.11233782208	10.0342339669	10.0342339669	12.8352467527	12.2796972233	12.2796972233	10.0342339669	10.4202849175	10.0342339669	8.52945751753
10.0342339669	8.52945751753	8.52945751753	8.52945751753	8.52945751753	8.52945751753	8.52945751753	0.0	0.0	8.52945751753	8.52945751753	12.8352467527	12.2796972233	8.52945751753	12.2796972233	8.52945751753	12.8352467527	12.2796972233	0.0	0.0	7.11233782208	0.0	12.2796972233	12.8352467527	12.2796972233	10.0342339669	10.4202849175	10.0342339669	12.2796972233	12.2796972233	8.52945751753	12.8352467527	0.0	8.52945751753	12.2796972233	12.2796972233	12.2796972233	8.52945751753	12.2796972233	12.2796972233	10.0342339669	7.11233782208	10.0342339669	10.0342339669	12.8352467527	12.2796972233	12.2796972233	10.0342339669	10.4202849175	10.0342339669	8.52945751753
8.42427472085	5.79854866996	5.79854866996	5.79854866996	5.79854866996	5.79854866996	5.79854866996	7.11233782208	7.11233782208	5.79854866996	5.79854866996	11.2250907481	10.6696133141	5.79854866996	10.6696133141	5.79854866996	11.2250907481	10.6696133141	7.11233782208	7.11233782208	0.0	7.11233782208	10.6696133141	11.2250907481	10.6696133141	8.42427472085	8.8103179386	8.42427472085	10.6696133141	10.6696133141	5.79854866996	11.2250907481	7.11233782208	5.79854866996	10.6696133141	10.6696133141	10.6696133141	5.79854866996	10.6696133141	10.6696133141	8.42427472085	0.0	8.42427472085	8.42427472085	11.2250907481	10.6696133141	10.6696133141	8.42427472085	8.8103179386	8.42427472085	5.79854866996
10.0342339669	8.52945751753	8.52945751753	8.52945751753	8.52945751753	8.52945751753	8.52945751753	0.0	0.0	8.52945751753	8.52945751753	12.8352467527	12.2796972233	8.52945751753	12.2796972233	8.52945751753	12.8352467527	12.2796972233	0.0	0.0	7.11233782208	0.0	12.2796972233	12.8352467527	12.2796972233	10.0342339669	10.4202849175	10.0342339669	12.2796972233	12.2796972233	8.52945751753	12.8352467527	0.0	8.52945751753	12.2796972233	12.2796972233	12.2796972233	8.52945751753	12.2796972233	12.2796972233	10.0342339669	7.11233782208	10.0342339669	10.0342339669	12.8352467527	12.2796972233	12.2796972233	10.0342339669	10.4202849175	10.0342339669	8.52945751753
9.64425383035	10.724914541	10.724914541	10.724914541	10.724914541	10.724914541	10.724914541	12.2796972233	12.2796972233	10.724914541	10.724914541	10.064502903	0.0	10.724914541	0.0	10.724914541	10.064502903	0.0	12.2796972233	12.2796972233	10.6696133141	12.2796972233	0.0	10.064502903	0.0	9.64425383035	10.0232796508	9.64425383035	0.0	0.0	10.724914541	10.064502903	12.2796972233	10.724914541	0.0	0.0	0.0	10.724914541	0.0	0.0	9.64425383035	10.6696133141	9.64425383035	9.64425383035	10.064502903	0.0	0.0	9.64425383035	10.0232796508	9.64425383035	10.724914541
10.2010291088	11.280551977	11.280551977	11.280551977	11.280551977	11.280551977	11.280551977	12.8352467527	12.8352467527	11.280551977	11.280551977	0.0	10.064502903	11.280551977	10.064502903	11.280551977	0.0	10.064502903	12.8352467527	12.8352467527	11.2250907481	12.8352467527	10.064502903	0.0	10.064502903	10.2010291088	10.580346773	10.2010291088	10.064502903	10.064502903	11.280551977	0.0	12.8352467527	11.280551977	10.064502903	10.064502903	10.064502903	11.280551977	10.064502903	10.064502903	10.2010291088	11.2250907481	10.2010291088	10.2010291088	0.0	10.064502903	10.064502903	10.2010291088	10.580346773	10.2010291088	11.280551977
9.64425383035	10.724914541	10.724914541	10.724914541	10.724914541	10.724914541	10.724914541	12.2796972233	12.2796972233	10.724914541	10.724914541	10.064502903	0.0	10.724914541	0.0	10.724914541	10.064502903	0.0	12.2796972233	12.2796972233	10.6696133141	12.2796972233	0.0	10.064502903	0.0	9.64425383035	10.0232796508	9.64425383035	0.0	0.0	10.724914541	10.064502903	12.2796972233	10.724914541	0.0	0.0	0.0	10.724914541	0.0	0.0	9.64425383035	10.6696133141	9.64425383035	9.64425383035	10.064502903	0.0	0.0	9.64425383035	10.0232796508	9.64425383035	10.724914541
0.0	8.47927052688	8.47927052688	8.47927052688	8.47927052688	8.47927052688	8.47927052688	10.0342339669	10.0342339669	8.47927052688	8.47927052688	10.2010291088	9.64425383035	8.47927052688	9.64425383035	8.47927052688	10.2010291088	9.64425383035	10.0342339669	10.0342339669	8.42427472085	10.0342339669	9.64425383035	10.2010291088	9.64425383035	0.0	5.66241315072	0.0	9.64425383035	9.64425383035	8.47927052688	10.2010291088	10.0342339669	8.47927052688	9.64425383035	9.64425383035	9.64425383035	8.47927052688	9.64425383035	9.64425383035	0.0	8.42427472085	0.0	0.0	10.2010291088	9.64425383035	9.64425383035	0.0	5.66241315072	0.0	8.47927052688
5.66241315072	8.8653200535	8.8653200535	8.8653200535	8.8653200535	8.8653200535	8.8653200535	10.4202849175	10.4202849175	8.8653200535	8.8653200535	10.580346773	10.0232796508	8.8653200535	10.0232796508	8.8653200535	10.580346773	10.0232796508	10.4202849175	10.4202849175	8.8103179386	10.4202849175	10.0232796508	10.580346773	10.0232796508	5.66241315072	0.0	5.66241315072	10.0232796508	10.0232796508	8.8653200535	10.580346773	10.4202849175	8.8653200535	10.0232796508	10.0232796508	10.0232796508	8.8653200535	10.0232796508	10.0232796508	5.66241315072	8.8103179386	5.66241315072	5.66241315072	10.580346773	10.0232796508	10.0232796508	5.66241315072	0.0	5.66241315072	8.8653200535
0.0	8.47927052688	8.47927052688	8.47927052688	8.47927052688	8.47927052688	8.47927052688	10.0342339669	10.0342339669	8.47927052688	8.47927052688	10.2010291088	9.64425383035	8.47927052688	9.64425383035	8.47927052688	10.2010291088	9.64425383035	10.0342339669	10.0342339669	8.42427472085	10.0342339669	9.64425383035	10.2010291088	9.64425383035	0.0	5.66241315072	0.0	9.64425383035	9.64425383035	8.47927052688	10.2010291088	10.0342339669	8.47927052688	9.64425383035	9.64425383035	9.64425383035	8.47927052688	9.64425383035	9.64425383035	0.0	8.42427472085	0.0	0.0	10.2010291088	9.64425383035	9.64425383035	0.0	5.66241315072	0.0	8.47927052688
9.64425383035	10.724914541	10.724914541	10.724914541	10.724914541	10.724914541	10.724914541	12.2796972233	12.2796972233	10.724914541	10.724914541	10.064502903	0.0	10.724914541	0.0	10.724914541	10.064502903	0.0	12.2796972233	12.2796972233	10.6696133141	12.2796972233	0.0	10.064502903	0.0	9.64425383035	10.0232796508	9.64425383035	0.0	0.0	10.724914541	10.064502903	12.2796972233	10.724914541	0.0	0.0	0.0	10.724914541	0.0	0.0	9.64425383035	10.6696133141	9.64425383035	9.64425383035	10.064502903	0.0	0.0	9.64425383035	10.0232796508	9.64425383035	10.724914541
9.64425383035	10.724914541	10.724914541	10.724914541	10.724914541	10.724914541	10.724914541	12.2796972233	12.2796972233	10.724914541	10.724914541	10.064502903	0.0	10.724914541	0.0	10.724914541	10.064502903	0.0	12.2796972233	12.2796972233	10.6696133141	12.2796972233	0.0	10.064502903	0.0	9.64425383035	10.0232796508	9.64425383035	0.0	0.0	10.724914541	10.064502903	12.2796972233	10.724914541	0.0	0.0	0.0	10.724914541	0.0	0.0	9.64425383035	10.6696133141	9.64425383035	9.64425383035	10.064502903	0.0	0.0	9.64425383035	10.0232796508	9.64425383035	10.724914541
8.47927052688	0.0	0.0	0.0	0.0	0.0	0.0	8.52945751753	8.52945751753	0.0	0.0	11.280551977	10.724914541	0.0	10.724914541	0.0	11.280551977	10.724914541	8.52945751753	8.52945751753	5.79854866996	8.52945751753	10.724914541	11.280551977	10.724914541	8.47927052688	8.8653200535	8.47927052688	10.724914541	10.724914541	0.0	11.280551977	8.52945751753	0.0	10.724914541	10.724914541	10.724914541	0.0	10.724914541	10.724914541	8.47927052688	5.79854866996	8.47927052688	8.47927052688	11.280551977	10.724914541	10.724914541	8.47927052688	8.8653200535	8.47927052688	0.0
10.2010291088	11.280551977	11.280551977	11.280551977	11.280551977	11.280551977	11.280551977	12.8352467527	12.8352467527	11.280551977	11.280551977	0.0	10.064502903	11.280551977	10.064502903	11.280551977	0.0	10.064502903	12.8352467527	12.8352467527	11.2250907481	12.8352467527	10.064502903	0.0	10.064502903	10.2010291088	10.580346773	10.2010291088	10.064502903	10.064502903	11.280551977	0.0	12.8352467527	11.280551977	10.064502903	10.064502903	10.064502903	11.280551977	10.064502903	10.064502903	10.2010291088	11.2250907481	10.2010291088	10.2010291088	0.0	10.064502903	10.064502903	10.2010291088	10.580346773	10.2010291088	11.280551977
10.0342339669	8.52945751753	8.52945751753	8.52945751753	8.52945751753	8.52945751753	8.52945751753	0.0	0.0	8.52945751753	8.52945751753	12.8352467527	12.2796972233	8.52945751753	12.2796972233	8.52945751753	12.8352467527	12.2796972233	0.0	0.0	7.11233782208	0.0	12.2796972233	12.8352467527	12.2796972233	10.0342339669	10.4202849175	10.0342339669	12.2796972233	12.2796972233	8.52945751753	12.8352467527	0.0	8.52945751753	12.2796972233	12.2796972233	12.2796972233	8.52945751753	12.2796972233	12.2796972233	10.0342339669	7.11233782208	10.0342339669	10.0342339669	12.8352467527	12.2796972233	12.2796972233	10.0342339669	10.4202849175	10.0342339669	8.52945751753
8.47927052688	0.0	0.0	0.0	0.0	0.0	0.0	8.52945751753	8.52945751753	0.0	0.0	11.280551977	10.724914541	0.0	10.724914541	0.0	11.280551977	10.724914541	8.52945751753	8.52945751753	5.79854866996	8.52945751753	10.724914541	11.280551977	10.724914541	8.47927052688	8.8653200535	8.47927052688	10.724914541	10.724914541	0.0	11.280551977	8.52945751753	0.0	10.724914541	10.724914541	10.724914541	0.0	10.724914541	10.724914541	8.47927052688	5.79854866996	8.47927052688	8.47927052688	11.280551977	10.724914541	10.724914541	8.47927052688	8.8653200535	8.47927052688	0.0
9.64425383035	10.724914541	10.724914541	10.724914541	10.724914541	10.724914541	10.724914541	12.2796972233	12.2796972233	10.724914541	10.724914541	10.064502903	0.0	10.724914541	0.0	10.724914541	10.064502903	0.0	12.2796972233	12.2796972233	10.6696133141	12.2796972233	0.0	10.064502903	0.0	9.64425383035	10.0232796508	9.64425383035	0.0	0.0	10.724914541	10.064502903	12.2796972233	10.724914541	0.0	0.0	0.0	10.724914541	0.0	0.0	9.64425383035	10.6696133141	9.64425383035	9.64425383035	10.064502903	0.0	0.0	9.64425383035	10.0232796508	9.64425383035	10.724914541
9.64425383035	10.724914541	10.724914541	10.724914541	10.724914541	10.724914541	10.724914541	12.2796972233	12.2796972233	10.724914541	10.724914541	10.064502903	0.0	10.724914541	0.0	10.724914541	10.064502903	0.0	12.2796972233	12.2796972233	10.6696133141	12.2796972233	0.0	10.064502903	0.0	9.64425383035	10.0232796508	9.64425383035	0.0	0.0	10.724914541	10.064502903	12.2796972233	10.724914541	0.0	0.0	0.0	10.724914541	0.0	0.0	9.64425383035	10.6696133141	9.64425383035	9.64425383035	10.064502903	0.0	0.0	9.64425383035	10.0232796508	9.64425383035	10.724914541
9.64425383035	10.724914541	10.724914541	10.724914541	10.724914541	10.724914541	10.724914541	12.2796972233	12.2796972233	10.724914541	10.724914541	10.064502903	0.0	10.724914541	0.0	10.724914541	10.064502903	0.0	12.2796972233	12.2796972233	10.6696133141	12.2796972233	0.0	10.064502903	0.0	9.64425383035	10.0232796508	9.64425383035	0.0	0.0	10.724914541	10.064502903	12.2796972233	10.724914541	0.0	0.0	0.0	10.724914541	0.0	0.0	9.64425383035	10.6696133141	9.64425383035	9.64425383035	10.064502903	0.0	0.0	9.64425383035	10.0232796508	9.64425383035	10.724914541
8.47927052688	0.0	0.0	0.0	0.0	0.0	0.0	8.52945751753	8.52945751753	0.0	0.0	11.280551977	10.724914541	0.0	10.724914541	0.0	11.280551977	10.724914541	8.52945751753	8.52945751753	5.79854866996	8.52945751753	10.724914541	11.280551977	10.724914541	8.47927052688	8.8653200535	8.47927052688	10.724914541	10.724914541	0.0	11.280551977	8.52945751753	0.0	10.724914541	10.724914541	10.724914541	0.0	10.724914541	10.724914541	8.47927052688	5.79854866996	8.47927052688	8.47927052688	11.280551977	10.724914541	10.724914541	8.47927052688	8.8653200535	8.47927052688	0.0
9.64425383035	10.724914541	10.724914541	10.724914541	10.724914541	10.724914541	10.724914541	12.2796972233	12.2796972233	10.724914541	10.724914541	10.064502903	0.0	10.724914541	0.0	10.724914541	10.064502903	0.0	12.2796972233	12.2796972233	10.6696133141	12.2796972233	0.0	10.064502903	0.0	9.64425383035	10.0232796508	9.64425383035	0.0	0.0	10.724914541	10.064502903	12.2796972233	10.724914541	0.0	0.0	0.0	10.724914541	0.0	0.0	9.64425383035	10.6696133141	9.64425383035	9.64425383035	10.064502903	0.0	0.0	9.64425383035	10.0232796508	9.64425383035	10.724914541
9.64425383035	10.724914541	10.724914541	10.724914541	10.724914541	10.724914541	10.724914541	12.2796972233	12.2796972233	10.724914541	10.724914541	10.064502903	0.0	10.724914541	0.0	10.724914541	10.064502903	0.0	12.2796972233	12.2796972233	10.6696133141	12.2796972233	0.0	10.064502903	0.0	9.64425383035	10.0232796508	9.64425383035	0.0	0.0	10.724914541	10.064502903	12.2796972233	10.724914541	0.0	0.0	0.0	10.724914541	0.0	0.0	9.64425383035	10.6696133141	9.64425383035	9.64425383035	10.064502903	0.0	0.0	9.64425383035	10.0232796508	9.64425383035	10.724914541
0.0	8.47927052688	8.47927052688	8.47927052688	8.47927052688	8.47927052688	8.47927052688	10.0342339669	10.0342339669	8.47927052688	8.47927052688	10.2010291088	9.64425383035	8.47927052688	9.64425383035	8.47927052688	10.2010291088	9.64425383035	10.0342339669	10.0342339669	8.42427472085	10.0342339669	9.64425383035	10.2010291088	9.64425383035	0.0	5.66241315072	0.0	9.64425383035	9.64425383035	8.47927052688	10.2010291088	10.0342339669	8.47927052688	9.64425383035	9.64425383035	9.64425383035	8.47927052688	9.64425383035	9.64425383035	0.0	8.42427472085	0.0	0.0	10.2010291088	9.64425383035	9.64425383035	0.0	5.66241315072	0.0	8.47927052688
8.42427472085	5.79854866996	5.79854866996	5.79854866996	5.79854866996	5.79854866996	5.79854866996	7.11233782208	7.11233782208	5.79854866996	5.79854866996	11.2250907481	10.6696133141	5.79854866996	10.6696133141	5.79854866996	11.2250907481	10.6696133141	7.11233782208	7.11233782208	0.0	7.11233782208	10.6696133141	11.2250907481	10.6696133141	8.42427472085	8.8103179386	8.42427472085	10.6696133141	10.6696133141	5.79854866996	11.2250907481	7.11233782208	5.79854866996	10.6696133141	10.6696133141	10.6696133141	5.79854866996	10.6696133141	10.6696133141	8.42427472085	0.0	8.42427472085	8.42427472085	11.2250907481	10.6696133141	10.6696133141	8.42427472085	8.8103179386	8.42427472085	5.79854866996
0.0	8.47927052688	8.47927052688	8.47927052688	8.47927052688	8.47927052688	8.47927052688	10.0342339669	10.0342339669	8.47927052688	8.47927052688	10.2010291088	9.64425383035	8.47927052688	9.64425383035	8.47927052688	10.2010291088	9.64425383035	10.0342339669	10.0342339669	8.42427472085	10.0342339669	9.64425383035	10.2010291088	9.64425383035	0.0	5.66241315072	0.0	9.64425383035	9.64425383035	8.47927052688	10.2010291088	10.0342339669	8.47927052688	9.64425383035	9.64425383035	9.64425383035	8.47927052688	9.64425383035	9.64425383035	0.0	8.42427472085	0.0	0.0	10.2010291088	9.64425383035	9.64425383035	0.0	5.66241315072	0.0	8.47927052688
0.0	8.47927052688	8.47927052688	8.47927052688	8.47927052688	8.47927052688	8.47927052688	10.0342339669	10.0342339669	8.47927052688	8.47927052688	10.2010291088	9.64425383035	8.47927052688	9.64425383035	8.47927052688	10.2010291088	9.64425383035	10.0342339669	10.0342339669	8.42427472085	10.0342339669	9.64425383035	10.2010291088	9.64425383035	0.0	5.66241315072	0.0	9.64425383035	9.64425383035	8.47927052688	10.2010291088	10.0342339669	8.47927052688	9.64425383035	9.64425383035	9.64425383035	8.47927052688	9.64425383035	9.64425383035	0.0	8.42427472085	0.0	0.0	10.2010291088	9.64425383035	9.64425383035	0.0	5.66241315072	0.0	8.47927052688
10.2010291088	11.280551977	11.280551977	11.280551977	11.280551977	11.280551977	11.280551977	12.8352467527	12.8352467527	11.280551977	11.280551977	0.0	10.064502903	11.280551977	10.064502903	11.280551977	0.0	10.064502903	12.8352467527	12.8352467527	11.2250907481	12.8352467527	10.064502903	0.0	10.064502903	10.2010291088	10.580346773	10.2010291088	10.064502903	10.064502903	11.280551977	0.0	12.8352467527	11.280551977	10.064502903	10.064502903	10.064502903	11.280551977	10.064502903	10.064502903	10.2010291088	11.2250907481	10.2010291088	10.2010291088	0.0	10.064502903	10.064502903	10.2010291088	10.580346773	10.2010291088	11.280551977
9.64425383035	10.724914541	10.724914541	10.724914541	10.724914541	10.724914541	10.724914541	12.2796972233	12.2796972233	10.724914541	10.724914541	10.064502903	0.0	10.724914541	0.0	10.724914541	10.064502903	0.0	12.2796972233	12.2796972233	10.6696133141	12.2796972233	0.0	10.064502903	0.0	9.64425383035	10.0232796508	9.64425383035	0.0	0.0	10.724914541	10.064502903	12.2796972233	10.724914541	0.0	0.0	0.0	10.724914541	0.0	0.0	9.64425383035	10.6696133141	9.64425383035	9.64425383035	10.064502903	0.0	0.0	9.64425383035	10.0232796508	9.64425383035	10.724914541
9.64425383035	10.724914541	10.724914541	10.724914541	10.724914541	10.724914541	10.724914541	12.2796972233	12.2796972233	10.724914541	10.724914541	10.064502903	0.0	10.724914541	0.0	10.724914541	10.064502903	0.0	12.2796972233	12.2796972233	10.6696133141	12.2796972233	0.0	10.064502903	0.0	9.64425383035	10.0232796508	9.64425383035	0.0	0.0	10.724914541	10.064502903	12.2796972233	10.724914541	0.0	0.0	0.0	10.724914541	0.0	0.0	9.64425383035	10.6696133141	9.64425383035	9.64425383035	10.064502903	0.0	0.0	9.64425383035	10.0232796508	9.64425383035	10.724914541
0.0	8.47927052688	8.47927052688	8.47927052688	8.47927052688	8.47927052688	8.47927052688	10.0342339669	10.0342339669	8.47927052688	8.47927052688	10.2010291088	9.64425383035	8.47927052688	9.64425383035	8.47927052688	10.2010291088	9.64425383035	10.0342339669	10.0342339669	8.42427472085	10.0342339669	9.64425383035	10.2010291088	9.64425383035	0.0	5.66241315072	0.0	9.64425383035	9.64425383035	8.47927052688	10.2010291088	10.0342339669	8.47927052688	9.64425383035	9.64425383035	9.64425383035	8.47927052688	9.64425383035	9.64425383035	0.0	8.42427472085	0.0	0.0	10.2010291088	9.64425383035	9.64425383035	0.0	5.66241315072	0.0	8.47927052688
5.66241315072	8.8653200535	8.8653200535	8.8653200535	8.8653200535	8.8653200535	8.8653200535	10.4202849175	10.4202849175	8.8653200535	8.8653200535	10.580346773	10.0232796508	8.8653200535	10.0232796508	8.8653200535	10.580346773	10.0232796508	10.4202849175	10.4202849175	8.8103179386	10.4202849175	10.0232796508	10.580346773	10.0232796508	5.66241315072	0.0	5.66241315072	10.0232796508	10.0232796508	8.8653200535	10.580346773	10.4202849175	8.8653200535	10.0232796508	10.0232796508	10.0232796508	8.8653200535	10.0232796508	10.0232796508	5.66241315072	8.8103179386	5.66241315072	5.66241315072	10.580346773	10.0232796508	10.0232796508	5.66241315072	0.0	5.66241315072	8.8653200535
0.0	8.47927052688	8.47927052688	8.47927052688	8.47927052688	8.47927052688	8.47927052688	10.0342339669	10.0342339669	8.47927052688	8.47927052688	10.2010291088	9.64425383035	8.47927052688	9.64425383035	8.47927052688	10.2010291088	9.64425383035	10.0342339669	10.0342339669	8.42427472085	10.0342339669	9.64425383035	10.2010291088	9.64425383035	0.0	5.66241315072	0.0	9.64425383035	9.64425383035	8.47927052688	10.2010291088	10.0342339669	8.47927052688	9.64425383035	9.64425383035	9.64425383035	8.47927052688	9.64425383035	9.64425383035	0.0	8.42427472085	0.0	0.0	10.2010291088	9.64425383035	9.64425383035	0.0	5.66241315072	0.0	8.47927052688
8.47927052688	0.0	0.0	0.0	0.0	0.0	0.0	8.52945751753	8.52945751753	0.0	0.0	11.280551977	10.724914541	0.0	10.724914541	0.0	11.280551977	10.724914541	8.52945751753	8.52945751753	5.79854866996	8.52945751753	10.724914541	11.280551977	10.724914541	8.47927052688	8.8653200535	8.47927052688	10.724914541	10.724914541	0.0	11.280551977	8.52945751753	0.0	10.724914541	10.724914541	10.724914541	0.0	10.724914541	10.724914541	8.47927052688	5.79854866996	8.47927052688	8.47927052688	11.280551977	10.724914541	10.724914541	8.47927052688	8.8653200535	8.47927052688	0.0