0.0	11.2375335754	11.2375335754	11.2375335754	11.2375335754	11.2375335754	11.2375335754	12.4453387529	12.4453387529	11.2375335754	11.2375335754	12.9566118091	13.6578929783	11.2375335754	13.6578929783	11.2375335754	12.9566118091	13.6578929783	12.4453387529	12.4453387529	12.6640247306	12.4453387529	13.6578929783	12.9566118091	13.6578929783	0.0	6.22536122128	0.0	13.6578929783	13.6578929783	11.2375335754	12.9566118091	12.4453387529	11.2375335754	13.6578929783	13.6578929783	13.6578929783	11.2375335754	13.6578929783	13.6578929783	0.0	12.6640247306	0.0	0.0	12.9566118091	13.6578929783	13.6578929783	0.0	6.22536122128	0.0	11.2375335754
11.2375335754	0.0	0.0	0.0	0.0	0.0	0.0	10.4536481929	10.4536481929	0.0	0.0	15.7102845685	16.4338589646	0.0	16.4338589646	0.0	15.7102845685	16.4338589646	10.4536481929	10.4536481929	9.11204059823	10.4536481929	16.4338589646	15.7102845685	16.4338589646	11.2375335754	11.4879843442	11.2375335754	16.4338589646	16.4338589646	0.0	15.7102845685	10.4536481929	0.0	16.4338589646	16.4338589646	16.4338589646	0.0	16.4338589646	16.4338589646	11.2375335754	9.11204059823	11.2375335754	11.2375335754	15.7102845685	16.4338589646	16.4338589646	11.2375335754	11.4879843442	11.2375335754	0.0
11.2375335754	0.0	0.0	0.0	0.0	0.0	0.0	10.4536481929	10.4536481929	0.0	0.0	15.7102845685	16.4338589646	0.0	16.4338589646	0.0	15.7102845685	16.4338589646	10.4536481929	10.4536481929	9.11204059823	10.4536481929	16.4338589646	15.7102845685	16.4338589646	11.2375335754	11.4879843442	11.2375335754	16.4338589646	16.4338589646	0.0	15.7102845685	10.4536481929	0.0	16.4338589646	16.4338589646	16.4338589646	0.0	16.4338589646	16.4338589646	11.2375335754	9.11204059823	11.2375335754	11.2375335754	15.7102845685	16.4338589646	16.4338589646	11.2375335754	11.4879843442	11.2375335754	0.0
11.2375335754	0.0	0.0	0.0	0.0	0.0	0.0	10.4536481929	10.4536481929	0.0	0.0	15.7102845685	16.4338589646	0.0	16.4338589646	0.0	15.7102845685	16.4338589646	10.4536481929	10.4536481929	9.11204059823	10.4536481929	16.4338589646	15.7102845685	16.4338589646	11.2375335754	11.4879843442	11.2375335754	16.4338589646	16.4338589646	0.0	15.7102845685	10.4536481929	0.0	16.4338589646	16.4338589646	16.4338589646	0.0	16.4338589646	16.4338589646	11.2375335754	9.11204059823	11.2375335754	11.2375335754	15.7102845685	16.4338589646	16.4338589646	11.2375335754	11.4879843442	11.2375335754	0.0
11.2375335754	0.0	0.0	0.0	0.0	0.0	0.0	10.4536481929	10.4536481929	0.0	0.0	15.7102845685	16.4338589646	0.0	16.4338589646	0.0	15.7102845685	16.4338589646	10.4536481929	10.4536481929	9.11204059823	10.4536481929	16.4338589646	15.7102845685	16.4338589646	11.2375335754	11.4879843442	11.2375335754	16.4338589646	16.4338589646	0.0	15.7102845685	10.4536481929	0.0	16.4338589646	16.4338589646	16.4338589646	0.0	16.4338589646	16.4338589646	11.2375335754	9.11204059823	11.2375335754	11.2375335754	15.7102845685	16.4338589646	16.4338589646	11.2375335754	11.4879843442	11.2375335754	0.0
11.2375335754	0.0	0.0	0.0	0.0	0.0	0.0	10.4536481929	10.4536481929	0.0	0.0	15.7102845685	16.4338589646	0.0	16.4338589646	0.0	15.7102845685	16.4338589646	10.4536481929	10.4536481929	9.11204059823	10.4536481929	16.4338589646	15.7102845685	16.4338589646	11.2375335754	11.4879843442	11.2375335754	16.4338589646	16.4338589646	0.0	15.7102845685	10.4536481929	0.0	16.4338589646	16.4338589646	16.4338589646	0.0	16.4338589646	16.4338589646	11.2375335754	9.11204059823	11.2375335754	11.2375335754	15.7102845685	16.4338589646	16.4338589646	11.2375335754	11.4879843442	11.2375335754	0.0
11.2375335754	0.0	0.0	0.0	0.0	0.0	0.0	10.4536481929	10.4536481929	0.0	0.0	15.7102845685	16.4338589646	0.0	16.4338589646	0.0	15.7102845685	16.4338589646	10.4536481929	10.4536481929	9.11204059823	10.4536481929	16.4338589646	15.7102845685	16.4338589646	11.2375335754	11.4879843442	11.2375335754	16.4338589646	16.4338589646	0.0	15.7102845685	10.4536481929	0.0	16.4338589646	16.4338589646	16.4338589646	0.0	16.4338589646	16.4338589646	11.2375335754	9.11204059823	11.2375335754	11.2375335754	15.7102845685	16.4338589646	16.4338589646	11.2375335754	11.4879843442	11.2375335754	0.0
12.4453387529	10.4536481929	10.4536481929	10.4536481929	10.4536481929	10.4536481929	10.4536481929	0.0	0.0	10.4536481929	10.4536481929	16.9166605584	17.6403125222	10.4536481929	17.6403125222	10.4536481929	16.9166605584	17.6403125222	0.0	0.0	10.2295710146	0.0	17.6403125222	16.9166605584	17.6403125222	12.4453387529	12.6957945651	12.4453387529	17.6403125222	17.6403125222	10.4536481929	16.9166605584	0.0	10.4536481929	17.6403125222	17.6403125222	17.6403125222	10.4536481929	17.6403125222	17.6403125222	12.4453387529	10.2295710146	12.4453387529	12.4453387529	16.9166605584	17.6403125222	17.6403125222	12.4453387529	12.6957945651	12.4453387529	10.4536481929
12.4453387529	10.4536481929	10.4536481929	10.4536481929	10.4536481929	10.4536481929	10.4536481929	0.0	0.0	10.4536481929	10.4536481929	16.9166605584	17.6403125222	10.4536481929	17.6403125222	10.4536481929	16.9166605584	17.6403125222	0.0	0.0	10.2295710146	0.0	17.6403125222	16.9166605584	17.6403125222	12.4453387529	12.6957945651	12.4453387529	17.6403125222	17.6403125222	10.4536481929	16.9166605584	0.0	10.4536481929	17.6403125222	17.6403125222	17.6403125222	10.4536481929	17.6403125222	17.6403125222	12.4453387529	10.2295710146	12.4453387529	12.4453387529	16.9166605584	17.6403125222	17.6403125222	12.4453387529	12.6957945651	12.4453387529	10.4536481929
11.2375335754	0.0	0.0	0.0	0.0	0.0	0.0	10.4536481929	10.4536481929	0.0	0.0	15.7102845685	16.4338589646	0.0	16.4338589646	0.0	15.7102845685	16.4338589646	10.4536481929	10.4536481929	9.11204059823	10.4536481929	16.4338589646	15.7102845685	16.4338589646	11.2375335754	11.4879843442	11.2375335754	16.4338589646	16.4338589646	0.0	15.7102845685	10.4536481929	0.0	16.4338589646	16.4338589646	16.4338589646	0.0	16.4338589646	16.4338589646	11.2375335754	9.11204059823	11.2375335754	11.2375335754	15.7102845685	16.4338589646	16.4338589646	11.2375335754	11.4879843442	11.2375335754	0.0
11.2375335754	0.0	0.0	0.0	0.0	0.0	0.0	10.4536481929	10.4536481929	0.0	0.0	15.7102845685	16.4338589646	0.0	16.4338589646	0.0	15.7102845685	16.4338589646	10.4536481929	10.4536481929	9.11204059823	10.4536481929	16.4338589646	15.7102845685	16.4338589646	11.2375335754	11.4879843442	11.2375335754	16.4338589646	16.4338589646	0.0	15.7102845685	10.4536481929	0.0	16.4338589646	16.4338589646	16.4338589646	0.0	16.4338589646	16.4338589646	11.2375335754	9.11204059823	11.2375335754	11.2375335754	15.7102845685	16.4338589646	16.4338589646	11.2375335754	11.4879843442	11.2375335754	0.0
12.9566118091	15.7102845685	15.7102845685	15.7102845685	15.7102845685	15.7102845685	15.7102845685	16.9166605584	16.9166605584	15.7102845685	15.7102845685	0.0	14.4039333987	15.7102845685	14.4039333987	15.7102845685	0.0	14.4039333987	16.9166605584	16.9166605584	17.1341668825	16.9166605584	14.4039333987	0.0	14.4039333987	12.9566118091	13.0853434704	12.9566118091	14.4039333987	14.4039333987	15.7102845685	0.0	16.9166605584	15.7102845685	14.4039333987	14.4039333987	14.4039333987	15.7102845685	14.4039333987	14.4039333987	12.9566118091	17.1341668825	12.9566118091	12.9566118091	0.0	14.4039333987	14.4039333987	12.9566118091	13.0853434704	12.9566118091	15.7102845685
13.6578929783	16.4338589646	16.4338589646	16.4338589646	16.4338589646	16.4338589646	16.4338589646	17.6403125222	17.6403125222	16.4338589646	16.4338589646	14.4039333987	0.0	16.4338589646	0.0	16.4338589646	14.4039333987	0.0	17.6403125222	17.6403125222	17.8579351042	17.6403125222	0.0	14.4039333987	0.0	13.6578929783	13.7789078141	13.6578929783	0.0	0.0	16.4338589646	14.4039333987	17.6403125222	16.4338589646	0.0	0.0	0.0	16.4338589646	0.0	0.0	13.6578929783	17.8579351042	13.6578929783	13.6578929783	14.4039333987	0.0	0.0	13.6578929783	13.7789078141	13.6578929783	16.4338589646
11.2375335754	0.0	0.0	0.0	0.0	0.0	0.0	10.4536481929	10.4536481929	0.0	0.0	15.7102845685	16.4338589646	0.0	16.4338589646	0.0	15.7102845685	16.4338589646	10.4536481929	10.4536481929	9.11204059823	10.4536481929	16.4338589646	15.7102845685	16.4338589646	11.2375335754	11.4879843442	11.2375335754	16.4338589646	16.4338589646	0.0	15.7102845685	10.4536481929	0.0	16.4338589646	16.4338589646	16.4338589646	0.0	16.4338589646	16.4338589646	11.2375335754	9.11204059823	11.2375335754	11.2375335754	15.7102845685	16.4338589646	16.4338589646	11.2375335754	11.4879843442	11.2375335754	0.0
13.6578929783	16.4338589646	16.4338589646	16.4338589646	16.4338589646	16.4338589646	16.4338589646	17.6403125222	17.6403125222	16.4338589646	16.4338589646	14.4039333987	0.0	16.4338589646	0.0	16.4338589646	14.4039333987	0.0	17.6403125222	17.6403125222	17.8579351042	17.6403125222	0.0	14.4039333987	0.0	13.6578929783	13.7789078141	13.6578929783	0.0	0.0	16.4338589646	14.4039333987	17.6403125222	16.4338589646	0.0	0.0	0.0	16.4338589646	0.0	0.0	13.6578929783	17.8579351042	13.6578929783	13.6578929783	14.4039333987	0.0	0.0	13.6578929783	13.7789078141	13.6578929783	16.4338589646
11.2375335754	0.0	0.0	0.0	0.0	0.0	0.0	10.4536481929	10.4536481929	0.0	0.0	15.7102845685	16.4338589646	0.0	16.4338589646	0.0	15.7102845685	16.4338589646	10.4536481929	10.4536481929	9.11204059823	10.4536481929	16.4338589646	15.7102845685	16.4338589646	11.2375335754	11.4879843442	11.2375335754	16.4338589646	16.4338589646	0.0	15.7102845685	10.4536481929	0.0	16.4338589646	16.4338589646	16.4338589646	0.0	16.4338589646	16.4338589646	11.2375335754	9.11204059823	11.2375335754	11.2375335754	15.7102845685	16.4338589646	16.4338589646	11.2375335754	11.4879843442	11.2375335754	0.0
12.9566118091	15.7102845685	15.7102845685	15.7102845685	15.7102845685	15.7102845685	15.7102845685	16.9166605584	16.9166605584	15.7102845685	15.7102845685	0.0	14.4039333987	15.7102845685	14.4039333987	15.7102845685	0.0	14.4039333987	16.9166605584	16.9166605584	17.1341668825	16.9166605584	14.4039333987	0.0	14.4039333987	12.9566118091	13.0853434704	12.9566118091	14.4039333987	14.4039333987	15.7102845685	0.0	16.9166605584	15.7102845685	14.4039333987	14.4039333987	14.4039333987	15.7102845685	14.4039333987	14.4039333987	12.9566118091	17.1341668825	12.9566118091	12.9566118091	0.0	14.4039333987	14.4039333987	12.9566118091	13.0853434704	12.9566118091	15.7102845685
13.6578929783	16.4338589646	16.4338589646	16.4338589646	16.4338589646	16.4338589646	16.4338589646	17.6403125222	17.6403125222	16.4338589646	16.4338589646	14.4039333987	0.0	16.4338589646	0.0	16.4338589646	14.4039333987	0.0	17.6403125222	17.6403125222	17.8579351042	17.6403125222	0.0	14.4039333987	0.0	13.6578929783	13.7789078141	13.6578929783	0.0	0.0	16.4338589646	14.4039333987	17.6403125222	16.4338589646	0.0	0.0	0.0	16.4338589646	0.0	0.0	13.6578929783	17.8579351042	13.6578929783	13.6578929783	14.4039333987	0.0	0.0	13.6578929783	13.7789078141	13.6578929783	16.4338589646
12.4453387529	10.4536481929	10.4536481929	10.4536481929	10.4536481929	10.4536481929	10.4536481929	0.0	0.0	10.4536481929	10.4536481929	16.9166605584	17.6403125222	10.4536481929	17.6403125222	10.4536481929	16.9166605584	17.6403125222	0.0	0.0	10.2295710146	0.0	17.6403125222	16.9166605584	17.6403125222	12.4453387529	12.6957945651	12.4453387529	17.6403125222	17.6403125222	10.4536481929	16.9166605584	0.0	10.4536481929	17.6403125222	17.6403125222	17.6403125222	10.4536481929	17.6403125222	17.6403125222	12.4453387529	10.2295710146	12.4453387529	12.4453387529	16.9166605584	17.6403125222	17.6403125222	12.4453387529	12.6957945651	12.4453387529	10.4536481929
12.4453387529	10.4536481929	10.4536481929	10.4536481929	10.4536481929	10.4536481929	10.4536481929	0.0	0.0	10.4536481929	10.4536481929	16.9166605584	17.6403125222	10.4536481929	17.6403125222	10.4536481929	16.9166605584	17.6403125222	0.0	0.0	10.2295710146	0.0	17.6403125222	16.9166605584	17.6403125222	12.4453387529	12.6957945651	12.4453387529	17.6403125222	17.6403125222	10.4536481929	16.9166605584	0.0	10.4536481929	17.6403125222	17.6403125222	17.6403125222	10.4536481929	17.6403125222	17.6403125222	12.4453387529	10.2295710146	12.4453387529	12.4453387529	16.9166605584	17.6403125222	17.6403125222	12.4453387529	12.6957945651	12.4453387529	10.4536481929
12.6640247306	9.11204059823	9.11204059823	9.11204059823	9.11204059823	9.11204059823	9.11204059823	10.2295710146	10.2295710146	9.11204059823	9.11204059823	17.1341668825	17.8579351042	9.11204059823	17.8579351042	9.11204059823	17.1341668825	17.8579351042	10.2295710146	10.2295710146	0.0	10.2295710146	17.8579351042	17.1341668825	17.8579351042	12.6640247306	12.9143546199	12.6640247306	17.8579351042	17.8579351042	9.11204059823	17.1341668825	10.2295710146	9.11204059823	17.8579351042	17.8579351042	17.8579351042	9.11204059823	17.8579351042	17.8579351042	12.6640247306	0.0	12.6640247306	12.6640247306	17.1341668825	17.8579351042	17.8579351042	12.6640247306	12.9143546199	12.6640247306	9.11204059823
12.4453387529	10.4536481929	10.4536481929	10.4536481929	10.4536481929	10.4536481929	10.4536481929	0.0	0.0	10.4536481929	10.4536481929	16.9166605584	17.6403125222	10.4536481929	17.6403125222	10.4536481929	16.9166605584	17.6403125222	0.0	0.0	10.2295710146	0.0	17.6403125222	16.9166605584	17.6403125222	12.4453387529	12.6957945651	12.4453387529	17.6403125222	17.6403125222	10.4536481929	16.9166605584	0.0	10.4536481929	17.6403125222	17.6403125222	17.6403125222	10.4536481929	17.6403125222	17.6403125222	12.4453387529	10.2295710146	12.4453387529	12.4453387529	16.9166605584	17.6403125222	17.6403125222	12.4453387529	12.6957945651	12.4453387529	10.4536481929
13.6578929783	16.4338589646	16.4338589646	16.4338589646	16.4338589646	16.4338589646	16.4338589646	17.6403125222	17.6403125222	16.4338589646	16.4338589646	14.4039333987	0.0	16.4338589646	0.0	16.4338589646	14.4039333987	0.0	17.6403125222	17.6403125222	17.8579351042	17.6403125222	0.0	14.4039333987	0.0	13.6578929783	13.7789078141	13.6578929783	0.0	0.0	16.4338589646	14.4039333987	17.6403125222	16.4338589646	0.0	0.0	0.0	16.4338589646	0.0	0.0	13.6578929783	17.8579351042	13.6578929783	13.6578929783	14.4039333987	0.0	0.0	13.6578929783	13.7789078141	13.6578929783	16.4338589646
12.9566118091	15.7102845685	15.7102845685	15.7102845685	15.7102845685	15.7102845685	15.7102845685	16.9166605584	16.9166605584	15.7102845685	15.7102845685	0.0	14.4039333987	15.7102845685	14.4039333987	15.7102845685	0.0	14.4039333987	16.9166605584	16.9166605584	17.1341668825	16.9166605584	14.4039333987	0.0	14.4039333987	12.9566118091	13.0853434704	12.9566118091	14.4039333987	14.4039333987	15.7102845685	0.0	16.9166605584	15.7102845685	14.4039333987	14.4039333987	14.4039333987	15.7102845685	14.4039333987	14.4039333987	12.9566118091	17.1341668825	12.9566118091	12.9566118091	0.0	14.4039333987	14.4039333987	12.9566118091	13.0853434704	12.9566118091	15.7102845685
13.6578929783	16.4338589646	16.4338589646	16.4338589646	16.4338589646	16.4338589646	16.4338589646	17.6403125222	17.6403125222	16.4338589646	16.4338589646	14.4039333987	0.0	16.4338589646	0.0	16.4338589646	14.4039333987	0.0	17.6403125222	17.6403125222	17.8579351042	17.6403125222	0.0	14.4039333987	0.0	13.6578929783	13.7789078141	13.6578929783	0.0	0.0	16.4338589646	14.4039333987	17.6403125222	16.4338589646	0.0	0.0	0.0	16.4338589646	0.0	0.0	13.6578929783	17.8579351042	13.6578929783	13.6578929783	14.4039333987	0.0	0.0	13.6578929783	13.7789078141	13.6578929783	16.4338589646
0.0	11.2375335754	11.2375335754	11.2375335754	11.2375335754	11.2375335754	11.2375335754	12.4453387529	12.4453387529	11.2375335754	11.2375335754	12.9566118091	13.6578929783	11.2375335754	13.6578929783	11.2375335754	12.9566118091	13.6578929783	12.4453387529	12.4453387529	12.6640247306	12.4453387529	13.6578929783	12.9566118091	13.6578929783	0.0	6.22536122128	0.0	13.6578929783	13.6578929783	11.2375335754	12.9566118091	12.4453387529	11.2375335754	13.6578929783	13.6578929783	13.6578929783	11.2375335754	13.6578929783	13.6578929783	0.0	12.6640247306	0.0	0.0	12.9566118091	13.6578929783	13.6578929783	0.0	6.22536122128	0.0	11.2375335754
6.22536122128	11.4879843442	11.4879843442	11.4879843442	11.4879843442	11.4879843442	11.4879843442	12.6957945651	12.6957945651	11.4879843442	11.4879843442	13.0853434704	13.7789078141	11.4879843442	13.7789078141	11.4879843442	13.0853434704	13.7789078141	12.6957945651	12.6957945651	12.9143546199	12.6957945651	13.7789078141	13.0853434704	13.7789078141	6.22536122128	0.0	6.22536122128	13.7789078141	13.7789078141	11.4879843442	13.0853434704	12.6957945651	11.4879843442	13.7789078141	13.7789078141	13.7789078141	11.4879843442	13.7789078141	13.7789078141	6.22536122128	12.9143546199	6.22536122128	6.22536122128	13.0853434704	13.7789078141	13.7789078141	6.22536122128	0.0	6.22536122128	11.4879843442
0.0	11.2375335754	11.2375335754	11.2375335754	11.2375335754	11.2375335754	11.2375335754	12.4453387529	12.4453387529	11.2375335754	11.2375335754	12.9566118091	13.6578929783	11.2375335754	13.6578929783	11.2375335754	12.9566118091	13.6578929783	12.4453387529	12.4453387529	12.6640247306	12.4453387529	13.6578929783	12.9566118091	13.6578929783	0.0	6.22536122128	0.0	13.6578929783	13.6578929783	11.2375335754	12.9566118091	12.4453387529	11.2375335754	13.6578929783	13.6578929783	13.6578929783	11.2375335754	13.6578929783	13.6578929783	0.0	12.6640247306	0.0	0.0	12.9566118091	13.6578929783	13.6578929783	0.0	6.22536122128	0.0	11.2375335754
13.6578929783	16.4338589646	16.4338589646	16.4338589646	16.4338589646	16.4338589646	16.4338589646	17.6403125222	17.6403125222	16.4338589646	16.4338589646	14.4039333987	0.0	16.4338589646	0.0	16.4338589646	14.4039333987	0.0	17.6403125222	17.6403125222	17.8579351042	17.6403125222	0.0	14.4039333987	0.0	13.6578929783	13.7789078141	13.6578929783	0.0	0.0	16.4338589646	14.4039333987	17.6403125222	16.4338589646	0.0	0.0	0.0	16.4338589646	0.0	0.0	13.6578929783	17.8579351042	13.6578929783	13.6578929783	14.4039333987	0.0	0.0	13.6578929783	13.7789078141	13.6578929783	16.4338589646
13.6578929783	16.4338589646	16.4338589646	16.4338589646	16.4338589646	16.4338589646	16.4338589646	17.6403125222	17.6403125222	16.4338589646	16.4338589646	14.4039333987	0.0	16.4338589646	0.0	16.4338589646	14.4039333987	0.0	17.6403125222	17.6403125222	17.8579351042	17.6403125222	0.0	14.4039333987	0.0	13.6578929783	13.7789078141	13.6578929783	0.0	0.0	16.4338589646	14.4039333987	17.6403125222	16.4338589646	0.0	0.0	0.0	16.4338589646	0.0	0.0	13.6578929783	17.8579351042	13.6578929783	13.6578929783	14.4039333987	0.0	0.0	13.6578929783	13.7789078141	13.6578929783	16.4338589646
11.2375335754	0.0	0.0	0.0	0.0	0.0	0.0	10.4536481929	10.4536481929	0.0	0.0	15.7102845685	16.4338589646	0.0	16.4338589646	0.0	15.7102845685	16.4338589646	10.4536481929	10.4536481929	9.11204059823	10.4536481929	16.4338589646	15.7102845685	16.4338589646	11.2375335754	11.4879843442	11.2375335754	16.4338589646	16.4338589646	0.0	15.7102845685	10.4536481929	0.0	16.4338589646	16.4338589646	16.4338589646	0.0	16.4338589646	16.4338589646	11.2375335754	9.11204059823	11.2375335754	11.2375335754	15.7102845685	16.4338589646	16.4338589646	11.2375335754	11.4879843442	11.2375335754	0.0
12.9566118091	15.7102845685	15.7102845685	15.7102845685	15.7102845685	15.7102845685	15.7102845685	16.9166605584	16.9166605584	15.7102845685	15.7102845685	0.0	14.4039333987	15.7102845685	14.4039333987	15.7102845685	0.0	14.4039333987	16.9166605584	16.9166605584	17.1341668825	16.9166605584	14.4039333987	0.0	14.4039333987	12.9566118091	13.0853434704	12.9566118091	14.4039333987	14.4039333987	15.7102845685	0.0	16.9166605584	15.7102845685	14.4039333987	14.4039333987	14.4039333987	15.7102845685	14.4039333987	14.4039333987	12.9566118091	17.1341668825	12.9566118091	12.9566118091	0.0	14.4039333987	14.4039333987	12.9566118091	13.0853434704	12.9566118091	15.7102845685
12.4453387529	10.4536481929	10.4536481929	10.4536481929	10.4536481929	10.4536481929	10.4536481929	0.0	0.0	10.4536481929	10.4536481929	16.9166605584	17.6403125222	10.4536481929	17.6403125222	10.4536481929	16.9166605584	17.6403125222	0.0	0.0	10.2295710146	0.0	17.6403125222	16.9166605584	17.6403125222	12.4453387529	12.6957945651	12.4453387529	17.6403125222	17.6403125222	10.4536481929	16.9166605584	0.0	10.4536481929	17.6403125222	17.6403125222	17.6403125222	10.4536481929	17.6403125222	17.6403125222	12.4453387529	10.2295710146	12.4453387529	12.4453387529	16.9166605584	17.6403125222	17.6403125222	12.4453387529	12.6957945651	12.4453387529	10.4536481929
11.2375335754	0.0	0.0	0.0	0.0	0.0	0.0	10.4536481929	10.4536481929	0.0	0.0	15.7102845685	16.4338589646	0.0	16.4338589646	0.0	15.7102845685	16.4338589646	10.4536481929	10.4536481929	9.11204059823	10.4536481929	16.4338589646	15.7102845685	16.4338589646	11.2375335754	11.4879843442	11.2375335754	16.4338589646	16.4338589646	0.0	15.7102845685	10.4536481929	0.0	16.4338589646	16.4338589646	16.4338589646	0.0	16.4338589646	16.4338589646	11.2375335754	9.11204059823	11.2375335754	11.2375335754	15.7102845685	16.4338589646	16.4338589646	11.2375335754	11.4879843442	11.2375335754	0.0
13.6578929783	16.4338589646	16.4338589646	16.4338589646	16.4338589646	16.4338589646	16.4338589646	17.6403125222	17.6403125222	16.4338589646	16.4338589646	14.4039333987	0.0	16.4338589646	0.0	16.4338589646	14.4039333987	0.0	17.6403125222	17.6403125222	17.8579351042	17.6403125222	0.0	14.4039333987	0.0	13.6578929783	13.7789078141	13.6578929783	0.0	0.0	16.4338589646	14.4039333987	17.6403125222	16.4338589646	0.0	0.0	0.0	16.4338589646	0.0	0.0	13.6578929783	17.8579351042	13.6578929783	13.6578929783	14.4039333987	0.0	0.0	13.6578929783	13.7789078141	13.6578929783	16.4338589646
13.6578929783	16.4338589646	16.4338589646	16.4338589646	16.4338589646	16.4338589646	16.4338589646	17.6403125222	17.6403125222	16.4338589646	16.4338589646	14.4039333987	0.0	16.4338589646	0.0	16.4338589646	14.4039333987	0.0	17.6403125222	17.6403125222	17.8579351042	17.6403125222	0.0	14.4039333987	0.0	13.6578929783	13.7789078141	13.6578929783	0.0	0.0	16.4338589646	14.4039333987	17.6403125222	16.4338589646	0.0	0.0	0.0	16.4338589646	0.0	0.0	13.6578929783	17.8579351042	13.6578929783	13.6578929783	14.4039333987	0.0	0.0	13.6578929783	13.7789078141	13.6578929783	16.4338589646
13.6578929783	16.4338589646	16.4338589646	16.4338589646	16.4338589646	16.4338589646	16.4338589646	17.6403125222	17.6403125222	16.4338589646	16.4338589646	14.4039333987	0.0	16.4338589646	0.0	16.4338589646	14.4039333987	0.0	17.6403125222	17.6403125222	17.8579351042	17.6403125222	0.0	14.4039333987	0.0	13.6578929783	13.7789078141	13.6578929783	0.0	0.0	16.4338589646	14.4039333987	17.6403125222	16.4338589646	0.0	0.0	0.0	16.4338589646	0.0	0.0	13.6578929783	17.8579351042	13.6578929783	13.6578929783	14.4039333987	0.0	0.0	13.6578929783	13.7789078141	13.6578929783	16.4338589646
11.2375335754	0.0	0.0	0.0	0.0	0.0	0.0	10.4536481929	10.4536481929	0.0	0.0	15.7102845685	16.4338589646	0.0	16.4338589646	0.0	15.7102845685	16.4338589646	10.4536481929	10.4536481929	9.11204059823	10.4536481929	16.4338589646	15.7102845685	16.4338589646	11.2375335754	11.4879843442	11.2375335754	16.4338589646	16.4338589646	0.0	15.7102845685	10.4536481929	0.0	16.4338589646	16.4338589646	16.4338589646	0.0	16.4338589646	16.4338589646	11.2375335754	9.11204059823	11.2375335754	11.2375335754	15.7102845685	16.4338589646	16.4338589646	11.2375335754	11.4879843442	11.2375335754	0.0
13.6578929783	16.4338589646	16.4338589646	16.4338589646	16.4338589646	16.4338589646	16.4338589646	17.6403125222	17.6403125222	16.4338589646	16.4338589646	14.4039333987	0.0	16.4338589646	0.0	16.4338589646	14.4039333987	0.0	17.6403125222	17.6403125222	17.8579351042	17.6403125222	0.0	14.4039333987	0.0	13.6578929783	13.7789078141	13.6578929783	0.0	0.0	16.4338589646	14.4039333987	17.6403125222	16.4338589646	0.0	0.0	0.0	16.4338589646	0.0	0.0	13.6578929783	17.8579351042	13.6578929783	13.6578929783	14.4039333987	0.0	0.0	13.6578929783	13.7789078141	13.6578929783	16.4338589646
13.6578929783	16.4338589646	16.4338589646	16.4338589646	16.4338589646	16.4338589646	16.4338589646	17.6403125222	17.6403125222	16.4338589646	16.4338589646	14.4039333987	0.0	16.4338589646	0.0	16.4338589646	14.4039333987	0.0	17.6403125222	17.6403125222	17.8579351042	17.6403125222	0.0	14.4039333987	0.0	13.6578929783	13.7789078141	13.6578929783	0.0	0.0	16.4338589646	14.4039333987	17.6403125222	16.4338589646	0.0	0.0	0.0	16.4338589646	0.0	0.0	13.6578929783	17.8579351042	13.6578929783	13.6578929783	14.4039333987	0.0	0.0	13.6578929783	13.7789078141	13.6578929783	16.4338589646
0.0	11.2375335754	11.2375335754	11.2375335754	11.2375335754	11.2375335754	11.2375335754	12.4453387529	12.4453387529	11.2375335754	11.2375335754	12.9566118091	13.6578929783	11.2375335754	13.6578929783	11.2375335754	12.9566118091	13.6578929783	12.4453387529	12.4453387529	12.6640247306	12.4453387529	13.6578929783	12.9566118091	13.6578929783	0.0	6.22536122128	0.0	13.6578929783	13.6578929783	11.2375335754	12.9566118091	12.4453387529	11.2375335754	13.6578929783	13.6578929783	13.6578929783	11.2375335754	13.6578929783	13.6578929783	0.0	12.6640247306	0.0	0.0	12.9566118091	13.6578929783	13.6578929783	0.0	6.22536122128	0.0	11.2375335754
12.6640247306	9.11204059823	9.11204059823	9.11204059823	9.11204059823	9.11204059823	9.11204059823	10.2295710146	10.2295710146	9.11204059823	9.11204059823	17.1341668825	17.8579351042	9.11204059823	17.8579351042	9.11204059823	17.1341668825	17.8579351042	10.2295710146	10.2295710146	0.0	10.2295710146	17.8579351042	17.1341668825	17.8579351042	12.6640247306	12.9143546199	12.6640247306	17.8579351042	17.8579351042	9.11204059823	17.1341668825	10.2295710146	9.11204059823	17.8579351042	17.8579351042	17.8579351042	9.11204059823	17.8579351042	17.8579351042	12.6640247306	0.0	12.6640247306	12.6640247306	17.1341668825	17.8579351042	17.8579351042	12.6640247306	12.9143546199	12.6640247306	9.11204059823
0.0	11.2375335754	11.2375335754	11.2375335754	11.2375335754	11.2375335754	11.2375335754	12.4453387529	12.4453387529	11.2375335754	11.2375335754	12.9566118091	13.6578929783	11.2375335754	13.6578929783	11.2375335754	12.9566118091	13.6578929783	12.4453387529	12.4453387529	12.6640247306	12.4453387529	13.6578929783	12.9566118091	13.6578929783	0.0	6.22536122128	0.0	13.6578929783	13.6578929783	11.2375335754	12.9566118091	12.4453387529	11.2375335754	13.6578929783	13.6578929783	13.6578929783	11.2375335754	13.6578929783	13.6578929783	0.0	12.6640247306	0.0	0.0	12.9566118091	13.6578929783	13.6578929783	0.0	6.22536122128	0.0	11.2375335754
0.0	11.2375335754	11.2375335754	11.2375335754	11.2375335754	11.2375335754	11.2375335754	12.4453387529	12.4453387529	11.2375335754	11.2375335754	12.9566118091	13.6578929783	11.2375335754	13.6578929783	11.2375335754	12.9566118091	13.6578929783	12.4453387529	12.4453387529	12.6640247306	12.4453387529	13.6578929783	12.9566118091	13.6578929783	0.0	6.22536122128	0.0	13.6578929783	13.6578929783	11.2375335754	12.9566118091	12.4453387529	11.2375335754	13.6578929783	13.6578929783	13.6578929783	11.2375335754	13.6578929783	13.6578929783	0.0	12.6640247306	0.0	0.0	12.9566118091	13.6578929783	13.6578929783	0.0	6.22536122128	0.0	11.2375335754
12.9566118091	15.7102845685	15.7102845685	15.7102845685	15.7102845685	15.7102845685	15.7102845685	16.9166605584	16.9166605584	15.7102845685	15.7102845685	0.0	14.4039333987	15.7102845685	14.4039333987	15.7102845685	0.0	14.4039333987	16.9166605584	16.9166605584	17.1341668825	16.9166605584	14.4039333987	0.0	14.4039333987	12.9566118091	13.0853434704	12.9566118091	14.4039333987	14.4039333987	15.7102845685	0.0	16.9166605584	15.7102845685	14.4039333987	14.4039333987	14.4039333987	15.7102845685	14.4039333987	14.4039333987	12.9566118091	17.1341668825	12.9566118091	12.9566118091	0.0	14.4039333987	14.4039333987	12.9566118091	13.0853434704	12.9566118091	15.7102845685
13.6578929783	16.4338589646	16.4338589646	16.4338589646	16.4338589646	16.4338589646	16.4338589646	17.6403125222	17.6403125222	16.4338589646	16.4338589646	14.4039333987	0.0	16.4338589646	0.0	16.4338589646	14.4039333987	0.0	17.6403125222	17.6403125222	17.8579351042	17.6403125222	0.0	14.4039333987	0.0	13.6578929783	13.7789078141	13.6578929783	0.0	0.0	16.4338589646	14.4039333987	17.6403125222	16.4338589646	0.0	0.0	0.0	16.4338589646	0.0	0.0	13.6578929783	17.8579351042	13.6578929783	13.6578929783	14.4039333987	0.0	0.0	13.6578929783	13.7789078141	13.6578929783	16.4338589646
13.6578929783	16.4338589646	16.4338589646	16.4338589646	16.4338589646	16.4338589646	16.4338589646	17.6403125222	17.6403125222	16.4338589646	16.4338589646	14.4039333987	0.0	16.4338589646	0.0	16.4338589646	14.4039333987	0.0	17.6403125222	17.6403125222	17.8579351042	17.6403125222	0.0	14.4039333987	0.0	13.6578929783	13.7789078141	13.6578929783	0.0	0.0	16.4338589646	14.4039333987	17.6403125222	16.4338589646	0.0	0.0	0.0	16.4338589646	0.0	0.0	13.6578929783	17.8579351042	13.6578929783	13.6578929783	14.4039333987	0.0	0.0	13.6578929783	13.7789078141	13.6578929783	16.4338589646
0.0	11.2375335754	11.2375335754	11.2375335754	11.2375335754	11.2375335754	11.2375335754	12.4453387529	12.4453387529	11.2375335754	11.2375335754	12.9566118091	13.6578929783	11.2375335754	13.6578929783	11.2375335754	12.9566118091	13.6578929783	12.4453387529	12.4453387529	12.6640247306	12.4453387529	13.6578929783	12.9566118091	13.6578929783	0.0	6.22536122128	0.0	13.6578929783	13.6578929783	11.2375335754	12.9566118091	12.4453387529	11.2375335754	13.6578929783	13.6578929783	13.6578929783	11.2375335754	13.6578929783	13.6578929783	0.0	12.6640247306	0.0	0.0	12.9566118091	13.6578929783	13.6578929783	0.0	6.22536122128	0.0	11.2375335754
6.22536122128	11.4879843442	11.4879843442	11.4879843442	11.4879843442	11.4879843442	11.4879843442	12.6957945651	12.6957945651	11.4879843442	11.4879843442	13.0853434704	13.7789078141	11.4879843442	13.7789078141	11.4879843442	13.0853434704	13.7789078141	12.6957945651	12.6957945651	12.9143546199	12.6957945651	13.7789078141	13.0853434704	13.7789078141	6.22536122128	0.0	6.22536122128	13.7789078141	13.7789078141	11.4879843442	13.0853434704	12.6957945651	11.4879843442	13.7789078141	13.7789078141	13.7789078141	11.4879843442	13.7789078141	13.7789078141	6.22536122128	12.9143546199	6.22536122128	6.22536122128	13.0853434704	13.7789078141	13.7789078141	6.22536122128	0.0	6.22536122128	11.4879843442
0.0	11.2375335754	11.2375335754	11.2375335754	11.2375335754	11.2375335754	11.2375335754	12.4453387529	12.4453387529	11.2375335754	11.2375335754	12.9566118091	13.6578929783	11.2375335754	13.6578929783	11.2375335754	12.9566118091	13.6578929783	12.4453387529	12.4453387529	12.6640247306	12.4453387529	13.6578929783	12.9566118091	13.6578929783	0.0	6.22536122128	0.0	13.6578929783	13.6578929783	11.2375335754	12.9566118091	12.4453387529	11.2375335754	13.6578929783	13.6578929783	13.6578929783	11.2375335754	13.6578929783	13.6578929783	0.0	12.6640247306	0.0	0.0	12.9566118091	13.6578929783	13.6578929783	0.0	6.22536122128	0.0	11.2375335754
11.2375335754	0.0	0.0	0.0	0.0	0.0	0.0	10.4536481929	10.4536481929	0.0	0.0	15.7102845685	16.4338589646	0.0	16.4338589646	0.0	15.7102845685	16.4338589646	10.4536481929	10.4536481929	9.11204059823	10.4536481929	16.4338589646	15.7102845685	16.4338589646	11.2375335754	11.4879843442	11.2375335754	16.4338589646	16.4338589646	0.0	15.7102845685	10.4536481929	0.0	16.4338589646	16.4338589646	16.4338589646	0.0	16.4338589646	16.4338589646	11.2375335754	9.11204059823	11.2375335754	11.2375335754	15.7102845685	16.4338589646	16.4338589646	11.2375335754	11.4879843442	11.2375335754	0.0