0.0	8.91535471433	8.91535471433	8.91535471433	8.91535471433	8.91535471433	8.91535471433	8.51379382876	8.51379382876	8.91535471433	8.91535471433	8.72600709647	9.20100832482	8.91535471433	9.20100832482	8.91535471433	8.72600709647	9.20100832482	8.51379382876	8.51379382876	8.86438507625	8.51379382876	9.20100832482	8.72600709647	9.20100832482	0.0	6.13213771112	0.0	9.20100832482	9.20100832482	8.91535471433	8.72600709647	8.51379382876	8.91535471433	9.20100832482	9.20100832482	9.20100832482	8.91535471433	9.20100832482	9.20100832482	0.0	8.86438507625	0.0	0.0	8.72600709647	9.20100832482	9.20100832482	0.0	6.13213771112	0.0	8.91535471433
8.91535471433	0.0	0.0	0.0	0.0	0.0	0.0	6.59284669854	6.59284669854	0.0	0.0	10.0365246107	10.5223359669	0.0	10.5223359669	0.0	10.0365246107	10.5223359669	6.59284669854	6.59284669854	6.02286117803	6.59284669854	10.5223359669	10.0365246107	10.5223359669	8.91535471433	9.1908224859	8.91535471433	10.5223359669	10.5223359669	0.0	10.0365246107	6.59284669854	0.0	10.5223359669	10.5223359669	10.5223359669	0.0	10.5223359669	10.5223359669	8.91535471433	6.02286117803	8.91535471433	8.91535471433	10.0365246107	10.5223359669	10.5223359669	8.91535471433	9.1908224859	8.91535471433	0.0
8.91535471433	0.0	0.0	0.0	0.0	0.0	0.0	6.59284669854	6.59284669854	0.0	0.0	10.0365246107	10.5223359669	0.0	10.5223359669	0.0	10.0365246107	10.5223359669	6.59284669854	6.59284669854	6.02286117803	6.59284669854	10.5223359669	10.0365246107	10.5223359669	8.91535471433	9.1908224859	8.91535471433	10.5223359669	10.5223359669	0.0	10.0365246107	6.59284669854	0.0	10.5223359669	10.5223359669	10.5223359669	0.0	10.5223359669	10.5223359669	8.91535471433	6.02286117803	8.91535471433	8.91535471433	10.0365246107	10.5223359669	10.5223359669	8.91535471433	9.1908224859	8.91535471433	0.0
8.91535471433	0.0	0.0	0.0	0.0	0.0	0.0	6.59284669854	6.59284669854	0.0	0.0	10.0365246107	10.5223359669	0.0	10.5223359669	0.0	10.0365246107	10.5223359669	6.59284669854	6.59284669854	6.02286117803	6.59284669854	10.5223359669	10.0365246107	10.5223359669	8.91535471433	9.1908224859	8.91535471433	10.5223359669	10.5223359669	0.0	10.0365246107	6.59284669854	0.0	10.5223359669	10.5223359669	10.5223359669	0.0	10.5223359669	10.5223359669	8.91535471433	6.02286117803	8.91535471433	8.91535471433	10.0365246107	10.5223359669	10.5223359669	8.91535471433	9.1908224859	8.91535471433	0.0
8.91535471433	0.0	0.0	0.0	0.0	0.0	0.0	6.59284669854	6.59284669854	0.0	0.0	10.0365246107	10.5223359669	0.0	10.5223359669	0.0	10.0365246107	10.5223359669	6.59284669854	6.59284669854	6.02286117803	6.59284669854	10.5223359669	10.0365246107	10.5223359669	8.91535471433	9.1908224859	8.91535471433	10.5223359669	10.5223359669	0.0	10.0365246107	6.59284669854	0.0	10.5223359669	10.5223359669	10.5223359669	0.0	10.5223359669	10.5223359669	8.91535471433	6.02286117803	8.91535471433	8.91535471433	10.0365246107	10.5223359669	10.5223359669	8.91535471433	9.1908224859	8.91535471433	0.0
8.91535471433	0.0	0.0	0.0	0.0	0.0	0.0	6.59284669854	6.59284669854	0.0	0.0	10.0365246107	10.5223359669	0.0	10.5223359669	0.0	10.0365246107	10.5223359669	6.59284669854	6.59284669854	6.02286117803	6.59284669854	10.5223359669	10.0365246107	10.5223359669	8.91535471433	9.1908224859	8.91535471433	10.5223359669	10.5223359669	0.0	10.0365246107	6.59284669854	0.0	10.5223359669	10.5223359669	10.5223359669	0.0	10.5223359669	10.5223359669	8.91535471433	6.02286117803	8.91535471433	8.91535471433	10.0365246107	10.5223359669	10.5223359669	8.91535471433	9.1908224859	8.91535471433	0.0
8.91535471433	0.0	0.0	0.0	0.0	0.0	0.0	6.59284669854	6.59284669854	0.0	0.0	10.0365246107	10.5223359669	0.0	10.5223359669	0.0	10.0365246107	10.5223359669	6.59284669854	6.59284669854	6.02286117803	6.59284669854	10.5223359669	10.0365246107	10.5223359669	8.91535471433	9.1908224859	8.91535471433	10.5223359669	10.5223359669	0.0	10.0365246107	6.59284669854	0.0	10.5223359669	10.5223359669	10.5223359669	0.0	10.5223359669	10.5223359669	8.91535471433	6.02286117803	8.91535471433	8.91535471433	10.0365246107	10.5223359669	10.5223359669	8.91535471433	9.1908224859	8.91535471433	0.0
8.51379382876	6.59284669854	6.59284669854	6.59284669854	6.59284669854	6.59284669854	6.59284669854	0.0	0.0	6.59284669854	6.59284669854	9.63392622645	10.1197752309	6.59284669854	10.1197752309	6.59284669854	9.63392622645	10.1197752309	0.0	0.0	5.49610513837	0.0	10.1197752309	9.63392622645	10.1197752309	8.51379382876	8.78924209427	8.51379382876	10.1197752309	10.1197752309	6.59284669854	9.63392622645	0.0	6.59284669854	10.1197752309	10.1197752309	10.1197752309	6.59284669854	10.1197752309	10.1197752309	8.51379382876	5.49610513837	8.51379382876	8.51379382876	9.63392622645	10.1197752309	10.1197752309	8.51379382876	8.78924209427	8.51379382876	6.59284669854
8.51379382876	6.59284669854	6.59284669854	6.59284669854	6.59284669854	6.59284669854	6.59284669854	0.0	0.0	6.59284669854	6.59284669854	9.63392622645	10.1197752309	6.59284669854	10.1197752309	6.59284669854	9.63392622645	10.1197752309	0.0	0.0	5.49610513837	0.0	10.1197752309	9.63392622645	10.1197752309	8.51379382876	8.78924209427	8.51379382876	10.1197752309	10.1197752309	6.59284669854	9.63392622645	0.0	6.59284669854	10.1197752309	10.1197752309	10.1197752309	6.59284669854	10.1197752309	10.1197752309	8.51379382876	5.49610513837	8.51379382876	8.51379382876	9.63392622645	10.1197752309	10.1197752309	8.51379382876	8.78924209427	8.51379382876	6.59284669854
8.91535471433	0.0	0.0	0.0	0.0	0.0	0.0	6.59284669854	6.59284669854	0.0	0.0	10.0365246107	10.5223359669	0.0	10.5223359669	0.0	10.0365246107	10.5223359669	6.59284669854	6.59284669854	6.02286117803	6.59284669854	10.5223359669	10.0365246107	10.5223359669	8.91535471433	9.1908224859	8.91535471433	10.5223359669	10.5223359669	0.0	10.0365246107	6.59284669854	0.0	10.5223359669	10.5223359669	10.5223359669	0.0	10.5223359669	10.5223359669	8.91535471433	6.02286117803	8.91535471433	8.91535471433	10.0365246107	10.5223359669	10.5223359669	8.91535471433	9.1908224859	8.91535471433	0.0
8.91535471433	0.0	0.0	0.0	0.0	0.0	0.0	6.59284669854	6.59284669854	0.0	0.0	10.0365246107	10.5223359669	0.0	10.5223359669	0.0	10.0365246107	10.5223359669	6.59284669854	6.59284669854	6.02286117803	6.59284669854	10.5223359669	10.0365246107	10.5223359669	8.91535471433	9.1908224859	8.91535471433	10.5223359669	10.5223359669	0.0	10.0365246107	6.59284669854	0.0	10.5223359669	10.5223359669	10.5223359669	0.0	10.5223359669	10.5223359669	8.91535471433	6.02286117803	8.91535471433	8.91535471433	10.0365246107	10.5223359669	10.5223359669	8.91535471433	9.1908224859	8.91535471433	0.0
8.72600709647	10.0365246107	10.0365246107	10.0365246107	10.0365246107	10.0365246107	10.0365246107	9.63392622645	9.63392622645	10.0365246107	10.0365246107	0.0	7.78812524264	10.0365246107	7.78812524264	10.0365246107	0.0	7.78812524264	9.63392622645	9.63392622645	9.98426528652	9.63392622645	7.78812524264	0.0	7.78812524264	8.72600709647	8.89325150764	8.72600709647	7.78812524264	7.78812524264	10.0365246107	0.0	9.63392622645	10.0365246107	7.78812524264	7.78812524264	7.78812524264	10.0365246107	7.78812524264	7.78812524264	8.72600709647	9.98426528652	8.72600709647	8.72600709647	0.0	7.78812524264	7.78812524264	8.72600709647	8.89325150764	8.72600709647	10.0365246107
9.20100832482	10.5223359669	10.5223359669	10.5223359669	10.5223359669	10.5223359669	10.5223359669	10.1197752309	10.1197752309	10.5223359669	10.5223359669	7.78812524264	0.0	10.5223359669	0.0	10.5223359669	7.78812524264	0.0	10.1197752309	10.1197752309	10.4701285957	10.1197752309	0.0	7.78812524264	0.0	9.20100832482	9.36271206456	9.20100832482	0.0	0.0	10.5223359669	7.78812524264	10.1197752309	10.5223359669	0.0	0.0	0.0	10.5223359669	0.0	0.0	9.20100832482	10.4701285957	9.20100832482	9.20100832482	7.78812524264	0.0	0.0	9.20100832482	9.36271206456	9.20100832482	10.5223359669
8.91535471433	0.0	0.0	0.0	0.0	0.0	0.0	6.59284669854	6.59284669854	0.0	0.0	10.0365246107	10.5223359669	0.0	10.5223359669	0.0	10.0365246107	10.5223359669	6.59284669854	6.59284669854	6.02286117803	6.59284669854	10.5223359669	10.0365246107	10.5223359669	8.91535471433	9.1908224859	8.91535471433	10.5223359669	10.5223359669	0.0	10.0365246107	6.59284669854	0.0	10.5223359669	10.5223359669	10.5223359669	0.0	10.5223359669	10.5223359669	8.91535471433	6.02286117803	8.91535471433	8.91535471433	10.0365246107	10.5223359669	10.5223359669	8.91535471433	9.1908224859	8.91535471433	0.0
9.20100832482	10.5223359669	10.5223359669	10.5223359669	10.5223359669	10.5223359669	10.5223359669	10.1197752309	10.1197752309	10.5223359669	10.5223359669	7.78812524264	0.0	10.5223359669	0.0	10.5223359669	7.78812524264	0.0	10.1197752309	10.1197752309	10.4701285957	10.1197752309	0.0	7.78812524264	0.0	9.20100832482	9.36271206456	9.20100832482	0.0	0.0	10.5223359669	7.78812524264	10.1197752309	10.5223359669	0.0	0.0	0.0	10.5223359669	0.0	0.0	9.20100832482	10.4701285957	9.20100832482	9.20100832482	7.78812524264	0.0	0.0	9.20100832482	9.36271206456	9.20100832482	10.5223359669
8.91535471433	0.0	0.0	0.0	0.0	0.0	0.0	6.59284669854	6.59284669854	0.0	0.0	10.0365246107	10.5223359669	0.0	10.5223359669	0.0	10.0365246107	10.5223359669	6.59284669854	6.59284669854	6.02286117803	6.59284669854	10.5223359669	10.0365246107	10.5223359669	8.91535471433	9.1908224859	8.91535471433	10.5223359669	10.5223359669	0.0	10.0365246107	6.59284669854	0.0	10.5223359669	10.5223359669	10.5223359669	0.0	10.5223359669	10.5223359669	8.91535471433	6.02286117803	8.91535471433	8.91535471433	10.0365246107	10.5223359669	10.5223359669	8.91535471433	9.1908224859	8.91535471433	0.0
8.72600709647	10.0365246107	10.0365246107	10.0365246107	10.0365246107	10.0365246107	10.0365246107	9.63392622645	9.63392622645	10.0365246107	10.0365246107	0.0	7.78812524264	10.0365246107	7.78812524264	10.0365246107	0.0	7.78812524264	9.63392622645	9.63392622645	9.98426528652	9.63392622645	7.78812524264	0.0	7.78812524264	8.72600709647	8.89325150764	8.72600709647	7.78812524264	7.78812524264	10.0365246107	0.0	9.63392622645	10.0365246107	7.78812524264	7.78812524264	7.78812524264	10.0365246107	7.78812524264	7.78812524264	8.72600709647	9.98426528652	8.72600709647	8.72600709647	0.0	7.78812524264	7.78812524264	8.72600709647	8.89325150764	8.72600709647	10.0365246107
9.20100832482	10.5223359669	10.5223359669	10.5223359669	10.5223359669	10.5223359669	10.5223359669	10.1197752309	10.1197752309	10.5223359669	10.5223359669	7.78812524264	0.0	10.5223359669	0.0	10.5223359669	7.78812524264	0.0	10.1197752309	10.1197752309	10.4701285957	10.1197752309	0.0	7.78812524264	0.0	9.20100832482	9.36271206456	9.20100832482	0.0	0.0	10.5223359669	7.78812524264	10.1197752309	10.5223359669	0.0	0.0	0.0	10.5223359669	0.0	0.0	9.20100832482	10.4701285957	9.20100832482	9.20100832482	7.78812524264	0.0	0.0	9.20100832482	9.36271206456	9.20100832482	10.5223359669
8.51379382876	6.59284669854	6.59284669854	6.59284669854	6.59284669854	6.59284669854	6.59284669854	0.0	0.0	6.59284669854	6.59284669854	9.63392622645	10.1197752309	6.59284669854	10.1197752309	6.59284669854	9.63392622645	10.1197752309	0.0	0.0	5.49610513837	0.0	10.1197752309	9.63392622645	10.1197752309	8.51379382876	8.78924209427	8.51379382876	10.1197752309	10.1197752309	6.59284669854	9.63392622645	0.0	6.59284669854	10.1197752309	10.1197752309	10.1197752309	6.59284669854	10.1197752309	10.1197752309	8.51379382876	5.49610513837	8.51379382876	8.51379382876	9.63392622645	10.1197752309	10.1197752309	8.51379382876	8.78924209427	8.51379382876	6.59284669854
8.51379382876	6.59284669854	6.59284669854	6.59284669854	6.59284669854	6.59284669854	6.59284669854	0.0	0.0	6.59284669854	6.59284669854	9.63392622645	10.1197752309	6.59284669854	10.1197752309	6.59284669854	9.63392622645	10.1197752309	0.0	0.0	5.49610513837	0.0	10.1197752309	9.63392622645	10.1197752309	8.51379382876	8.78924209427	8.51379382876	10.1197752309	10.1197752309	6.59284669854	9.63392622645	0.0	6.59284669854	10.1197752309	10.1197752309	10.1197752309	6.59284669854	10.1197752309	10.1197752309	8.51379382876	5.49610513837	8.51379382876	8.51379382876	9.63392622645	10.1197752309	10.1197752309	8.51379382876	8.78924209427	8.51379382876	6.59284669854
8.86438507625	6.02286117803	6.02286117803	6.02286117803	6.02286117803	6.02286117803	6.02286117803	5.49610513837	5.49610513837	6.02286117803	6.02286117803	9.98426528652	10.4701285957	6.02286117803	10.4701285957	6.02286117803	9.98426528652	10.4701285957	5.49610513837	5.49610513837	0.0	5.49610513837	10.4701285957	9.98426528652	10.4701285957	8.86438507625	9.13979121771	8.86438507625	10.4701285957	10.4701285957	6.02286117803	9.98426528652	5.49610513837	6.02286117803	10.4701285957	10.4701285957	10.4701285957	6.02286117803	10.4701285957	10.4701285957	8.86438507625	0.0	8.86438507625	8.86438507625	9.98426528652	10.4701285957	10.4701285957	8.86438507625	9.13979121771	8.86438507625	6.02286117803
8.51379382876	6.59284669854	6.59284669854	6.59284669854	6.59284669854	6.59284669854	6.59284669854	0.0	0.0	6.59284669854	6.59284669854	9.63392622645	10.1197752309	6.59284669854	10.1197752309	6.59284669854	9.63392622645	10.1197752309	0.0	0.0	5.49610513837	0.0	10.1197752309	9.63392622645	10.1197752309	8.51379382876	8.78924209427	8.51379382876	10.1197752309	10.1197752309	6.59284669854	9.63392622645	0.0	6.59284669854	10.1197752309	10.1197752309	10.1197752309	6.59284669854	10.1197752309	10.1197752309	8.51379382876	5.49610513837	8.51379382876	8.51379382876	9.63392622645	10.1197752309	10.1197752309	8.51379382876	8.78924209427	8.51379382876	6.59284669854
9.20100832482	10.5223359669	10.5223359669	10.5223359669	10.5223359669	10.5223359669	10.5223359669	10.1197752309	10.1197752309	10.5223359669	10.5223359669	7.78812524264	0.0	10.5223359669	0.0	10.5223359669	7.78812524264	0.0	10.1197752309	10.1197752309	10.4701285957	10.1197752309	0.0	7.78812524264	0.0	9.20100832482	9.36271206456	9.20100832482	0.0	0.0	10.5223359669	7.78812524264	10.1197752309	10.5223359669	0.0	0.0	0.0	10.5223359669	0.0	0.0	9.20100832482	10.4701285957	9.20100832482	9.20100832482	7.78812524264	0.0	0.0	9.20100832482	9.36271206456	9.20100832482	10.5223359669
8.72600709647	10.0365246107	10.0365246107	10.0365246107	10.0365246107	10.0365246107	10.0365246107	9.63392622645	9.63392622645	10.0365246107	10.0365246107	0.0	7.78812524264	10.0365246107	7.78812524264	10.0365246107	0.0	7.78812524264	9.63392622645	9.63392622645	9.98426528652	9.63392622645	7.78812524264	0.0	7.78812524264	8.72600709647	8.89325150764	8.72600709647	7.78812524264	7.78812524264	10.0365246107	0.0	9.63392622645	10.0365246107	7.78812524264	7.78812524264	7.78812524264	10.0365246107	7.78812524264	7.78812524264	8.72600709647	9.98426528652	8.72600709647	8.72600709647	0.0	7.78812524264	7.78812524264	8.72600709647	8.89325150764	8.72600709647	10.0365246107
9.20100832482	10.5223359669	10.5223359669	10.5223359669	10.5223359669	10.5223359669	10.5223359669	10.1197752309	10.1197752309	10.5223359669	10.5223359669	7.78812524264	0.0	10.5223359669	0.0	10.5223359669	7.78812524264	0.0	10.1197752309	10.1197752309	10.4701285957	10.1197752309	0.0	7.78812524264	0.0	9.20100832482	9.36271206456	9.20100832482	0.0	0.0	10.5223359669	7.78812524264	10.1197752309	10.5223359669	0.0	0.0	0.0	10.5223359669	0.0	0.0	9.20100832482	10.4701285957	9.20100832482	9.20100832482	7.78812524264	0.0	0.0	9.20100832482	9.36271206456	9.20100832482	10.5223359669
0.0	8.91535471433	8.91535471433	8.91535471433	8.91535471433	8.91535471433	8.91535471433	8.51379382876	8.51379382876	8.91535471433	8.91535471433	8.72600709647	9.20100832482	8.91535471433	9.20100832482	8.91535471433	8.72600709647	9.20100832482	8.51379382876	8.51379382876	8.86438507625	8.51379382876	9.20100832482	8.72600709647	9.20100832482	0.0	6.13213771112	0.0	9.20100832482	9.20100832482	8.91535471433	8.72600709647	8.51379382876	8.91535471433	9.20100832482	9.20100832482	9.20100832482	8.91535471433	9.20100832482	9.20100832482	0.0	8.86438507625	0.0	0.0	8.72600709647	9.20100832482	9.20100832482	0.0	6.13213771112	0.0	8.91535471433
6.13213771112	9.1908224859	9.1908224859	9.1908224859	9.1908224859	9.1908224859	9.1908224859	8.78924209427	8.78924209427	9.1908224859	9.1908224859	8.89325150764	9.36271206456	9.1908224859	9.36271206456	9.1908224859	8.89325150764	9.36271206456	8.78924209427	8.78924209427	9.13979121771	8.78924209427	9.36271206456	8.89325150764	9.36271206456	6.13213771112	0.0	6.13213771112	9.36271206456	9.36271206456	9.1908224859	8.89325150764	8.78924209427	9.1908224859	9.36271206456	9.36271206456	9.36271206456	9.1908224859	9.36271206456	9.36271206456	6.13213771112	9.13979121771	6.13213771112	6.13213771112	8.89325150764	9.36271206456	9.36271206456	6.13213771112	0.0	6.13213771112	9.1908224859
0.0	8.91535471433	8.91535471433	8.91535471433	8.91535471433	8.91535471433	8.91535471433	8.51379382876	8.51379382876	8.91535471433	8.91535471433	8.72600709647	9.20100832482	8.91535471433	9.20100832482	8.91535471433	8.72600709647	9.20100832482	8.51379382876	8.51379382876	8.86438507625	8.51379382876	9.20100832482	8.72600709647	9.20100832482	0.0	6.13213771112	0.0	9.20100832482	9.20100832482	8.91535471433	8.72600709647	8.51379382876	8.91535471433	9.20100832482	9.20100832482	9.20100832482	8.91535471433	9.20100832482	9.20100832482	0.0	8.86438507625	0.0	0.0	8.72600709647	9.20100832482	9.20100832482	0.0	6.13213771112	0.0	8.91535471433
9.20100832482	10.5223359669	10.5223359669	10.5223359669	10.5223359669	10.5223359669	10.5223359669	10.1197752309	10.1197752309	10.5223359669	10.5223359669	7.78812524264	0.0	10.5223359669	0.0	10.5223359669	7.78812524264	0.0	10.1197752309	10.1197752309	10.4701285957	10.1197752309	0.0	7.78812524264	0.0	9.20100832482	9.36271206456	9.20100832482	0.0	0.0	10.5223359669	7.78812524264	10.1197752309	10.5223359669	0.0	0.0	0.0	10.5223359669	0.0	0.0	9.20100832482	10.4701285957	9.20100832482	9.20100832482	7.78812524264	0.0	0.0	9.20100832482	9.36271206456	9.20100832482	10.5223359669
9.20100832482	10.5223359669	10.5223359669	10.5223359669	10.5223359669	10.5223359669	10.5223359669	10.1197752309	10.1197752309	10.5223359669	10.5223359669	7.78812524264	0.0	10.5223359669	0.0	10.5223359669	7.78812524264	0.0	10.1197752309	10.1197752309	10.4701285957	10.1197752309	0.0	7.78812524264	0.0	9.20100832482	9.36271206456	9.20100832482	0.0	0.0	10.5223359669	7.78812524264	10.1197752309	10.5223359669	0.0	0.0	0.0	10.5223359669	0.0	0.0	9.20100832482	10.4701285957	9.20100832482	9.20100832482	7.78812524264	0.0	0.0	9.20100832482	9.36271206456	9.20100832482	10.5223359669
8.91535471433	0.0	0.0	0.0	0.0	0.0	0.0	6.59284669854	6.59284669854	0.0	0.0	10.0365246107	10.5223359669	0.0	10.5223359669	0.0	10.0365246107	10.5223359669	6.59284669854	6.59284669854	6.02286117803	6.59284669854	10.5223359669	10.0365246107	10.5223359669	8.91535471433	9.1908224859	8.91535471433	10.5223359669	10.5223359669	0.0	10.0365246107	6.59284669854	0.0	10.5223359669	10.5223359669	10.5223359669	0.0	10.5223359669	10.5223359669	8.91535471433	6.02286117803	8.91535471433	8.91535471433	10.0365246107	10.5223359669	10.5223359669	8.91535471433	9.1908224859	8.91535471433	0.0
8.72600709647	10.0365246107	10.0365246107	10.0365246107	10.0365246107	10.0365246107	10.0365246107	9.63392622645	9.63392622645	10.0365246107	10.0365246107	0.0	7.78812524264	10.0365246107	7.78812524264	10.0365246107	0.0	7.78812524264	9.63392622645	9.63392622645	9.98426528652	9.63392622645	7.78812524264	0.0	7.78812524264	8.72600709647	8.89325150764	8.72600709647	7.78812524264	7.78812524264	10.0365246107	0.0	9.63392622645	10.0365246107	7.78812524264	7.78812524264	7.78812524264	10.0365246107	7.78812524264	7.78812524264	8.72600709647	9.98426528652	8.72600709647	8.72600709647	0.0	7.78812524264	7.78812524264	8.72600709647	8.89325150764	8.72600709647	10.0365246107
8.51379382876	6.59284669854	6.59284669854	6.59284669854	6.59284669854	6.59284669854	6.59284669854	0.0	0.0	6.59284669854	6.59284669854	9.63392622645	10.1197752309	6.59284669854	10.1197752309	6.59284669854	9.63392622645	10.1197752309	0.0	0.0	5.49610513837	0.0	10.1197752309	9.63392622645	10.1197752309	8.51379382876	8.78924209427	8.51379382876	10.1197752309	10.1197752309	6.59284669854	9.63392622645	0.0	6.59284669854	10.1197752309	10.1197752309	10.1197752309	6.59284669854	10.1197752309	10.1197752309	8.51379382876	5.49610513837	8.51379382876	8.51379382876	9.63392622645	10.1197752309	10.1197752309	8.51379382876	8.78924209427	8.51379382876	6.59284669854
8.91535471433	0.0	0.0	0.0	0.0	0.0	0.0	6.59284669854	6.59284669854	0.0	0.0	10.0365246107	10.5223359669	0.0	10.5223359669	0.0	10.0365246107	10.5223359669	6.59284669854	6.59284669854	6.02286117803	6.59284669854	10.5223359669	10.0365246107	10.5223359669	8.91535471433	9.1908224859	8.91535471433	10.5223359669	10.5223359669	0.0	10.0365246107	6.59284669854	0.0	10.5223359669	10.5223359669	10.5223359669	0.0	10.5223359669	10.5223359669	8.91535471433	6.02286117803	8.91535471433	8.91535471433	10.0365246107	10.5223359669	10.5223359669	8.91535471433	9.1908224859	8.91535471433	0.0
9.20100832482	10.5223359669	10.5223359669	10.5223359669	10.5223359669	10.5223359669	10.5223359669	10.1197752309	10.1197752309	10.5223359669	10.5223359669	7.78812524264	0.0	10.5223359669	0.0	10.5223359669	7.78812524264	0.0	10.1197752309	10.1197752309	10.4701285957	10.1197752309	0.0	7.78812524264	0.0	9.20100832482	9.36271206456	9.20100832482	0.0	0.0	10.5223359669	7.78812524264	10.1197752309	10.5223359669	0.0	0.0	0.0	10.5223359669	0.0	0.0	9.20100832482	10.4701285957	9.20100832482	9.20100832482	7.78812524264	0.0	0.0	9.20100832482	9.36271206456	9.20100832482	10.5223359669
9.20100832482	10.5223359669	10.5223359669	10.5223359669	10.5223359669	10.5223359669	10.5223359669	10.1197752309	10.1197752309	10.5223359669	10.5223359669	7.78812524264	0.0	10.5223359669	0.0	10.5223359669	7.78812524264	0.0	10.1197752309	10.1197752309	10.4701285957	10.1197752309	0.0	7.78812524264	0.0	9.20100832482	9.36271206456	9.20100832482	0.0	0.0	10.5223359669	7.78812524264	10.1197752309	10.5223359669	0.0	0.0	0.0	10.5223359669	0.0	0.0	9.20100832482	10.4701285957	9.20100832482	9.20100832482	7.78812524264	0.0	0.0	9.20100832482	9.36271206456	9.20100832482	10.5223359669
9.20100832482	10.5223359669	10.5223359669	10.5223359669	10.5223359669	10.5223359669	10.5223359669	10.1197752309	10.1197752309	10.5223359669	10.5223359669	7.78812524264	0.0	10.5223359669	0.0	10.5223359669	7.78812524264	0.0	10.1197752309	10.1197752309	10.4701285957	10.1197752309	0.0	7.78812524264	0.0	9.20100832482	9.36271206456	9.20100832482	0.0	0.0	10.5223359669	7.78812524264	10.1197752309	10.5223359669	0.0	0.0	0.0	10.5223359669	0.0	0.0	9.20100832482	10.4701285957	9.20100832482	9.20100832482	7.78812524264	0.0	0.0	9.20100832482	9.36271206456	9.20100832482	10.5223359669
8.91535471433	0.0	0.0	0.0	0.0	0.0	0.0	6.59284669854	6.59284669854	0.0	0.0	10.0365246107	10.5223359669	0.0	10.5223359669	0.0	10.0365246107	10.5223359669	6.59284669854	6.59284669854	6.02286117803	6.59284669854	10.5223359669	10.0365246107	10.5223359669	8.91535471433	9.1908224859	8.91535471433	10.5223359669	10.5223359669	0.0	10.0365246107	6.59284669854	0.0	10.5223359669	10.5223359669	10.5223359669	0.0	10.5223359669	10.5223359669	8.91535471433	6.02286117803	8.91535471433	8.91535471433	10.0365246107	10.5223359669	10.5223359669	8.91535471433	9.1908224859	8.91535471433	0.0
9.20100832482	10.5223359669	10.5223359669	10.5223359669	10.5223359669	10.5223359669	10.5223359669	10.1197752309	10.1197752309	10.5223359669	10.5223359669	7.78812524264	0.0	10.5223359669	0.0	10.5223359669	7.78812524264	0.0	10.1197752309	10.1197752309	10.4701285957	10.1197752309	0.0	7.78812524264	0.0	9.20100832482	9.36271206456	9.20100832482	0.0	0.0	10.5223359669	7.78812524264	10.1197752309	10.5223359669	0.0	0.0	0.0	10.5223359669	0.0	0.0	9.20100832482	10.4701285957	9.20100832482	9.20100832482	7.78812524264	0.0	0.0	9.20100832482	9.36271206456	9.20100832482	10.5223359669
9.20100832482	10.5223359669	10.5223359669	10.5223359669	10.5223359669	10.5223359669	10.5223359669	10.1197752309	10.1197752309	10.5223359669	10.5223359669	7.78812524264	0.0	10.5223359669	0.0	10.5223359669	7.78812524264	0.0	10.1197752309	10.1197752309	10.4701285957	10.1197752309	0.0	7.78812524264	0.0	9.20100832482	9.36271206456	9.20100832482	0.0	0.0	10.5223359669	7.78812524264	10.1197752309	10.5223359669	0.0	0.0	0.0	10.5223359669	0.0	0.0	9.20100832482	10.4701285957	9.20100832482	9.20100832482	7.78812524264	0.0	0.0	9.20100832482	9.36271206456	9.20100832482	10.5223359669
0.0	8.91535471433	8.91535471433	8.91535471433	8.91535471433	8.91535471433	8.91535471433	8.51379382876	8.51379382876	8.91535471433	8.91535471433	8.72600709647	9.20100832482	8.91535471433	9.20100832482	8.91535471433	8.72600709647	9.20100832482	8.51379382876	8.51379382876	8.86438507625	8.51379382876	9.20100832482	8.72600709647	9.20100832482	0.0	6.13213771112	0.0	9.20100832482	9.20100832482	8.91535471433	8.72600709647	8.51379382876	8.91535471433	9.20100832482	9.20100832482	9.20100832482	8.91535471433	9.20100832482	9.20100832482	0.0	8.86438507625	0.0	0.0	8.72600709647	9.20100832482	9.20100832482	0.0	6.13213771112	0.0	8.91535471433
8.86438507625	6.02286117803	6.02286117803	6.02286117803	6.02286117803	6.02286117803	6.02286117803	5.49610513837	5.49610513837	6.02286117803	6.02286117803	9.98426528652	10.4701285957	6.02286117803	10.4701285957	6.02286117803	9.98426528652	10.4701285957	5.49610513837	5.49610513837	0.0	5.49610513837	10.4701285957	9.98426528652	10.4701285957	8.86438507625	9.13979121771	8.86438507625	10.4701285957	10.4701285957	6.02286117803	9.98426528652	5.49610513837	6.02286117803	10.4701285957	10.4701285957	10.4701285957	6.02286117803	10.4701285957	10.4701285957	8.86438507625	0.0	8.86438507625	8.86438507625	9.98426528652	10.4701285957	10.4701285957	8.86438507625	9.13979121771	8.86438507625	6.02286117803
0.0	8.91535471433	8.91535471433	8.91535471433	8.91535471433	8.91535471433	8.91535471433	8.51379382876	8.51379382876	8.91535471433	8.91535471433	8.72600709647	9.20100832482	8.91535471433	9.20100832482	8.91535471433	8.72600709647	9.20100832482	8.51379382876	8.51379382876	8.86438507625	8.51379382876	9.20100832482	8.72600709647	9.20100832482	0.0	6.13213771112	0.0	9.20100832482	9.20100832482	8.91535471433	8.72600709647	8.51379382876	8.91535471433	9.20100832482	9.20100832482	9.20100832482	8.91535471433	9.20100832482	9.20100832482	0.0	8.86438507625	0.0	0.0	8.72600709647	9.20100832482	9.20100832482	0.0	6.13213771112	0.0	8.91535471433
0.0	8.91535471433	8.91535471433	8.91535471433	8.91535471433	8.91535471433	8.91535471433	8.51379382876	8.51379382876	8.91535471433	8.91535471433	8.72600709647	9.20100832482	8.91535471433	9.20100832482	8.91535471433	8.72600709647	9.20100832482	8.51379382876	8.51379382876	8.86438507625	8.51379382876	9.20100832482	8.72600709647	9.20100832482	0.0	6.13213771112	0.0	9.20100832482	9.20100832482	8.91535471433	8.72600709647	8.51379382876	8.91535471433	9.20100832482	9.20100832482	9.20100832482	8.91535471433	9.20100832482	9.20100832482	0.0	8.86438507625	0.0	0.0	8.72600709647	9.20100832482	9.20100832482	0.0	6.13213771112	0.0	8.91535471433
8.72600709647	10.0365246107	10.0365246107	10.0365246107	10.0365246107	10.0365246107	10.0365246107	9.63392622645	9.63392622645	10.0365246107	10.0365246107	0.0	7.78812524264	10.0365246107	7.78812524264	10.0365246107	0.0	7.78812524264	9.63392622645	9.63392622645	9.98426528652	9.63392622645	7.78812524264	0.0	7.78812524264	8.72600709647	8.89325150764	8.72600709647	7.78812524264	7.78812524264	10.0365246107	0.0	9.63392622645	10.0365246107	7.78812524264	7.78812524264	7.78812524264	10.0365246107	7.78812524264	7.78812524264	8.72600709647	9.98426528652	8.72600709647	8.72600709647	0.0	7.78812524264	7.78812524264	8.72600709647	8.89325150764	8.72600709647	10.0365246107
9.20100832482	10.5223359669	10.5223359669	10.5223359669	10.5223359669	10.5223359669	10.5223359669	10.1197752309	10.1197752309	10.5223359669	10.5223359669	7.78812524264	0.0	10.5223359669	0.0	10.5223359669	7.78812524264	0.0	10.1197752309	10.1197752309	10.4701285957	10.1197752309	0.0	7.78812524264	0.0	9.20100832482	9.36271206456	9.20100832482	0.0	0.0	10.5223359669	7.78812524264	10.1197752309	10.5223359669	0.0	0.0	0.0	10.5223359669	0.0	0.0	9.20100832482	10.4701285957	9.20100832482	9.20100832482	7.78812524264	0.0	0.0	9.20100832482	9.36271206456	9.20100832482	10.5223359669
9.20100832482	10.5223359669	10.5223359669	10.5223359669	10.5223359669	10.5223359669	10.5223359669	10.1197752309	10.1197752309	10.5223359669	10.5223359669	7.78812524264	0.0	10.5223359669	0.0	10.5223359669	7.78812524264	0.0	10.1197752309	10.1197752309	10.4701285957	10.1197752309	0.0	7.78812524264	0.0	9.20100832482	9.36271206456	9.20100832482	0.0	0.0	10.5223359669	7.78812524264	10.1197752309	10.5223359669	0.0	0.0	0.0	10.5223359669	0.0	0.0	9.20100832482	10.4701285957	9.20100832482	9.20100832482	7.78812524264	0.0	0.0	9.20100832482	9.36271206456	9.20100832482	10.5223359669
0.0	8.91535471433	8.91535471433	8.91535471433	8.91535471433	8.91535471433	8.91535471433	8.51379382876	8.51379382876	8.91535471433	8.91535471433	8.72600709647	9.20100832482	8.91535471433	9.20100832482	8.91535471433	8.72600709647	9.20100832482	8.51379382876	8.51379382876	8.86438507625	8.51379382876	9.20100832482	8.72600709647	9.20100832482	0.0	6.13213771112	0.0	9.20100832482	9.20100832482	8.91535471433	8.72600709647	8.51379382876	8.91535471433	9.20100832482	9.20100832482	9.20100832482	8.91535471433	9.20100832482	9.20100832482	0.0	8.86438507625	0.0	0.0	8.72600709647	9.20100832482	9.20100832482	0.0	6.13213771112	0.0	8.91535471433
6.13213771112	9.1908224859	9.1908224859	9.1908224859	9.1908224859	9.1908224859	9.1908224859	8.78924209427	8.78924209427	9.1908224859	9.1908224859	8.89325150764	9.36271206456	9.1908224859	9.36271206456	9.1908224859	8.89325150764	9.36271206456	8.78924209427	8.78924209427	9.13979121771	8.78924209427	9.36271206456	8.89325150764	9.36271206456	6.13213771112	0.0	6.13213771112	9.36271206456	9.36271206456	9.1908224859	8.89325150764	8.78924209427	9.1908224859	9.36271206456	9.36271206456	9.36271206456	9.1908224859	9.36271206456	9.36271206456	6.13213771112	9.13979121771	6.13213771112	6.13213771112	8.89325150764	9.36271206456	9.36271206456	6.13213771112	0.0	6.13213771112	9.1908224859
0.0	8.91535471433	8.91535471433	8.91535471433	8.91535471433	8.91535471433	8.91535471433	8.51379382876	8.51379382876	8.91535471433	8.91535471433	8.72600709647	9.20100832482	8.91535471433	9.20100832482	8.91535471433	8.72600709647	9.20100832482	8.51379382876	8.51379382876	8.86438507625	8.51379382876	9.20100832482	8.72600709647	9.20100832482	0.0	6.13213771112	0.0	9.20100832482	9.20100832482	8.91535471433	8.72600709647	8.51379382876	8.91535471433	9.20100832482	9.20100832482	9.20100832482	8.91535471433	9.20100832482	9.20100832482	0.0	8.86438507625	0.0	0.0	8.72600709647	9.20100832482	9.20100832482	0.0	6.13213771112	0.0	8.91535471433
8.91535471433	0.0	0.0	0.0	0.0	0.0	0.0	6.59284669854	6.59284669854	0.0	0.0	10.0365246107	10.5223359669	0.0	10.5223359669	0.0	10.0365246107	10.5223359669	6.59284669854	6.59284669854	6.02286117803	6.59284669854	10.5223359669	10.0365246107	10.5223359669	8.91535471433	9.1908224859	8.91535471433	10.5223359669	10.5223359669	0.0	10.0365246107	6.59284669854	0.0	10.5223359669	10.5223359669	10.5223359669	0.0	10.5223359669	10.5223359669	8.91535471433	6.02286117803	8.91535471433	8.91535471433	10.0365246107	10.5223359669	10.5223359669	8.91535471433	9.1908224859	8.91535471433	0.0