0.0	10.5613450378	10.5613450378	10.5613450378	10.5613450378	10.5613450378	10.5613450378	13.7980632358	13.7980632358	10.5613450378	10.5613450378	14.4052520814	14.1275124584	10.5613450378	14.1275124584	10.5613450378	14.4052520814	14.1275124584	13.7980632358	13.7980632358	12.0071057411	13.7980632358	14.1275124584	14.4052520814	14.1275124584	0.0	5.74244339527	0.0	14.1275124584	14.1275124584	10.5613450378	14.4052520814	13.7980632358	10.5613450378	14.1275124584	14.1275124584	14.1275124584	10.5613450378	14.1275124584	14.1275124584	0.0	12.0071057411	0.0	0.0	14.4052520814	14.1275124584	14.1275124584	0.0	5.74244339527	0.0	10.5613450378
10.5613450378	0.0	0.0	0.0	0.0	0.0	0.0	12.356233765	12.356233765	0.0	0.0	16.5720547916	16.2975351828	0.0	16.2975351828	0.0	16.5720547916	16.2975351828	12.356233765	12.356233765	8.82545364145	12.356233765	16.2975351828	16.5720547916	16.2975351828	10.5613450378	10.8983663494	10.5613450378	16.2975351828	16.2975351828	0.0	16.5720547916	12.356233765	0.0	16.2975351828	16.2975351828	16.2975351828	0.0	16.2975351828	16.2975351828	10.5613450378	8.82545364145	10.5613450378	10.5613450378	16.5720547916	16.2975351828	16.2975351828	10.5613450378	10.8983663494	10.5613450378	0.0
10.5613450378	0.0	0.0	0.0	0.0	0.0	0.0	12.356233765	12.356233765	0.0	0.0	16.5720547916	16.2975351828	0.0	16.2975351828	0.0	16.5720547916	16.2975351828	12.356233765	12.356233765	8.82545364145	12.356233765	16.2975351828	16.5720547916	16.2975351828	10.5613450378	10.8983663494	10.5613450378	16.2975351828	16.2975351828	0.0	16.5720547916	12.356233765	0.0	16.2975351828	16.2975351828	16.2975351828	0.0	16.2975351828	16.2975351828	10.5613450378	8.82545364145	10.5613450378	10.5613450378	16.5720547916	16.2975351828	16.2975351828	10.5613450378	10.8983663494	10.5613450378	0.0
10.5613450378	0.0	0.0	0.0	0.0	0.0	0.0	12.356233765	12.356233765	0.0	0.0	16.5720547916	16.2975351828	0.0	16.2975351828	0.0	16.5720547916	16.2975351828	12.356233765	12.356233765	8.82545364145	12.356233765	16.2975351828	16.5720547916	16.2975351828	10.5613450378	10.8983663494	10.5613450378	16.2975351828	16.2975351828	0.0	16.5720547916	12.356233765	0.0	16.2975351828	16.2975351828	16.2975351828	0.0	16.2975351828	16.2975351828	10.5613450378	8.82545364145	10.5613450378	10.5613450378	16.5720547916	16.2975351828	16.2975351828	10.5613450378	10.8983663494	10.5613450378	0.0
10.5613450378	0.0	0.0	0.0	0.0	0.0	0.0	12.356233765	12.356233765	0.0	0.0	16.5720547916	16.2975351828	0.0	16.2975351828	0.0	16.5720547916	16.2975351828	12.356233765	12.356233765	8.82545364145	12.356233765	16.2975351828	16.5720547916	16.2975351828	10.5613450378	10.8983663494	10.5613450378	16.2975351828	16.2975351828	0.0	16.5720547916	12.356233765	0.0	16.2975351828	16.2975351828	16.2975351828	0.0	16.2975351828	16.2975351828	10.5613450378	8.82545364145	10.5613450378	10.5613450378	16.5720547916	16.2975351828	16.2975351828	10.5613450378	10.8983663494	10.5613450378	0.0
10.5613450378	0.0	0.0	0.0	0.0	0.0	0.0	12.356233765	12.356233765	0.0	0.0	16.5720547916	16.2975351828	0.0	16.2975351828	0.0	16.5720547916	16.2975351828	12.356233765	12.356233765	8.82545364145	12.356233765	16.2975351828	16.5720547916	16.2975351828	10.5613450378	10.8983663494	10.5613450378	16.2975351828	16.2975351828	0.0	16.5720547916	12.356233765	0.0	16.2975351828	16.2975351828	16.2975351828	0.0	16.2975351828	16.2975351828	10.5613450378	8.82545364145	10.5613450378	10.5613450378	16.5720547916	16.2975351828	16.2975351828	10.5613450378	10.8983663494	10.5613450378	0.0
10.5613450378	0.0	0.0	0.0	0.0	0.0	0.0	12.356233765	12.356233765	0.0	0.0	16.5720547916	16.2975351828	0.0	16.2975351828	0.0	16.5720547916	16.2975351828	12.356233765	12.356233765	8.82545364145	12.356233765	16.2975351828	16.5720547916	16.2975351828	10.5613450378	10.8983663494	10.5613450378	16.2975351828	16.2975351828	0.0	16.5720547916	12.356233765	0.0	16.2975351828	16.2975351828	16.2975351828	0.0	16.2975351828	16.2975351828	10.5613450378	8.82545364145	10.5613450378	10.5613450378	16.5720547916	16.2975351828	16.2975351828	10.5613450378	10.8983663494	10.5613450378	0.0
13.7980632358	12.356233765	12.356233765	12.356233765	12.356233765	12.356233765	12.356233765	0.0	0.0	12.356233765	12.356233765	19.8084056421	19.534014684	12.356233765	19.534014684	12.356233765	19.8084056421	19.534014684	0.0	0.0	11.8698832924	0.0	19.534014684	19.8084056421	19.534014684	13.7980632358	14.1350931554	13.7980632358	19.534014684	19.534014684	12.356233765	19.8084056421	0.0	12.356233765	19.534014684	19.534014684	19.534014684	12.356233765	19.534014684	19.534014684	13.7980632358	11.8698832924	13.7980632358	13.7980632358	19.8084056421	19.534014684	19.534014684	13.7980632358	14.1350931554	13.7980632358	12.356233765
13.7980632358	12.356233765	12.356233765	12.356233765	12.356233765	12.356233765	12.356233765	0.0	0.0	12.356233765	12.356233765	19.8084056421	19.534014684	12.356233765	19.534014684	12.356233765	19.8084056421	19.534014684	0.0	0.0	11.8698832924	0.0	19.534014684	19.8084056421	19.534014684	13.7980632358	14.1350931554	13.7980632358	19.534014684	19.534014684	12.356233765	19.8084056421	0.0	12.356233765	19.534014684	19.534014684	19.534014684	12.356233765	19.534014684	19.534014684	13.7980632358	11.8698832924	13.7980632358	13.7980632358	19.8084056421	19.534014684	19.534014684	13.7980632358	14.1350931554	13.7980632358	12.356233765
10.5613450378	0.0	0.0	0.0	0.0	0.0	0.0	12.356233765	12.356233765	0.0	0.0	16.5720547916	16.2975351828	0.0	16.2975351828	0.0	16.5720547916	16.2975351828	12.356233765	12.356233765	8.82545364145	12.356233765	16.2975351828	16.5720547916	16.2975351828	10.5613450378	10.8983663494	10.5613450378	16.2975351828	16.2975351828	0.0	16.5720547916	12.356233765	0.0	16.2975351828	16.2975351828	16.2975351828	0.0	16.2975351828	16.2975351828	10.5613450378	8.82545364145	10.5613450378	10.5613450378	16.5720547916	16.2975351828	16.2975351828	10.5613450378	10.8983663494	10.5613450378	0.0
10.5613450378	0.0	0.0	0.0	0.0	0.0	0.0	12.356233765	12.356233765	0.0	0.0	16.5720547916	16.2975351828	0.0	16.2975351828	0.0	16.5720547916	16.2975351828	12.356233765	12.356233765	8.82545364145	12.356233765	16.2975351828	16.5720547916	16.2975351828	10.5613450378	10.8983663494	10.5613450378	16.2975351828	16.2975351828	0.0	16.5720547916	12.356233765	0.0	16.2975351828	16.2975351828	16.2975351828	0.0	16.2975351828	16.2975351828	10.5613450378	8.82545364145	10.5613450378	10.5613450378	16.5720547916	16.2975351828	16.2975351828	10.5613450378	10.8983663494	10.5613450378	0.0
14.4052520814	16.5720547916	16.5720547916	16.5720547916	16.5720547916	16.5720547916	16.5720547916	19.8084056421	19.8084056421	16.5720547916	16.5720547916	0.0	16.8400109389	16.5720547916	16.8400109389	16.5720547916	0.0	16.8400109389	19.8084056421	19.8084056421	18.0167177657	19.8084056421	16.8400109389	0.0	16.8400109389	14.4052520814	14.7346002998	14.4052520814	16.8400109389	16.8400109389	16.5720547916	0.0	19.8084056421	16.5720547916	16.8400109389	16.8400109389	16.8400109389	16.5720547916	16.8400109389	16.8400109389	14.4052520814	18.0167177657	14.4052520814	14.4052520814	0.0	16.8400109389	16.8400109389	14.4052520814	14.7346002998	14.4052520814	16.5720547916
14.1275124584	16.2975351828	16.2975351828	16.2975351828	16.2975351828	16.2975351828	16.2975351828	19.534014684	19.534014684	16.2975351828	16.2975351828	16.8400109389	0.0	16.2975351828	0.0	16.2975351828	16.8400109389	0.0	19.534014684	19.534014684	17.7426444899	19.534014684	0.0	16.8400109389	0.0	14.1275124584	14.4564042656	14.1275124584	0.0	0.0	16.2975351828	16.8400109389	19.534014684	16.2975351828	0.0	0.0	0.0	16.2975351828	0.0	0.0	14.1275124584	17.7426444899	14.1275124584	14.1275124584	16.8400109389	0.0	0.0	14.1275124584	14.4564042656	14.1275124584	16.2975351828
10.5613450378	0.0	0.0	0.0	0.0	0.0	0.0	12.356233765	12.356233765	0.0	0.0	16.5720547916	16.2975351828	0.0	16.2975351828	0.0	16.5720547916	16.2975351828	12.356233765	12.356233765	8.82545364145	12.356233765	16.2975351828	16.5720547916	16.2975351828	10.5613450378	10.8983663494	10.5613450378	16.2975351828	16.2975351828	0.0	16.5720547916	12.356233765	0.0	16.2975351828	16.2975351828	16.2975351828	0.0	16.2975351828	16.2975351828	10.5613450378	8.82545364145	10.5613450378	10.5613450378	16.5720547916	16.2975351828	16.2975351828	10.5613450378	10.8983663494	10.5613450378	0.0
14.1275124584	16.2975351828	16.2975351828	16.2975351828	16.2975351828	16.2975351828	16.2975351828	19.534014684	19.534014684	16.2975351828	16.2975351828	16.8400109389	0.0	16.2975351828	0.0	16.2975351828	16.8400109389	0.0	19.534014684	19.534014684	17.7426444899	19.534014684	0.0	16.8400109389	0.0	14.1275124584	14.4564042656	14.1275124584	0.0	0.0	16.2975351828	16.8400109389	19.534014684	16.2975351828	0.0	0.0	0.0	16.2975351828	0.0	0.0	14.1275124584	17.7426444899	14.1275124584	14.1275124584	16.8400109389	0.0	0.0	14.1275124584	14.4564042656	14.1275124584	16.2975351828
10.5613450378	0.0	0.0	0.0	0.0	0.0	0.0	12.356233765	12.356233765	0.0	0.0	16.5720547916	16.2975351828	0.0	16.2975351828	0.0	16.5720547916	16.2975351828	12.356233765	12.356233765	8.82545364145	12.356233765	16.2975351828	16.5720547916	16.2975351828	10.5613450378	10.8983663494	10.5613450378	16.2975351828	16.2975351828	0.0	16.5720547916	12.356233765	0.0	16.2975351828	16.2975351828	16.2975351828	0.0	16.2975351828	16.2975351828	10.5613450378	8.82545364145	10.5613450378	10.5613450378	16.5720547916	16.2975351828	16.2975351828	10.5613450378	10.8983663494	10.5613450378	0.0
14.4052520814	16.5720547916	16.5720547916	16.5720547916	16.5720547916	16.5720547916	16.5720547916	19.8084056421	19.8084056421	16.5720547916	16.5720547916	0.0	16.8400109389	16.5720547916	16.8400109389	16.5720547916	0.0	16.8400109389	19.8084056421	19.8084056421	18.0167177657	19.8084056421	16.8400109389	0.0	16.8400109389	14.4052520814	14.7346002998	14.4052520814	16.8400109389	16.8400109389	16.5720547916	0.0	19.8084056421	16.5720547916	16.8400109389	16.8400109389	16.8400109389	16.5720547916	16.8400109389	16.8400109389	14.4052520814	18.0167177657	14.4052520814	14.4052520814	0.0	16.8400109389	16.8400109389	14.4052520814	14.7346002998	14.4052520814	16.5720547916
14.1275124584	16.2975351828	16.2975351828	16.2975351828	16.2975351828	16.2975351828	16.2975351828	19.534014684	19.534014684	16.2975351828	16.2975351828	16.8400109389	0.0	16.2975351828	0.0	16.2975351828	16.8400109389	0.0	19.534014684	19.534014684	17.7426444899	19.534014684	0.0	16.8400109389	0.0	14.1275124584	14.4564042656	14.1275124584	0.0	0.0	16.2975351828	16.8400109389	19.534014684	16.2975351828	0.0	0.0	0.0	16.2975351828	0.0	0.0	14.1275124584	17.7426444899	14.1275124584	14.1275124584	16.8400109389	0.0	0.0	14.1275124584	14.4564042656	14.1275124584	16.2975351828
13.7980632358	12.356233765	12.356233765	12.356233765	12.356233765	12.356233765	12.356233765	0.0	0.0	12.356233765	12.356233765	19.8084056421	19.534014684	12.356233765	19.534014684	12.356233765	19.8084056421	19.534014684	0.0	0.0	11.8698832924	0.0	19.534014684	19.8084056421	19.534014684	13.7980632358	14.1350931554	13.7980632358	19.534014684	19.534014684	12.356233765	19.8084056421	0.0	12.356233765	19.534014684	19.534014684	19.534014684	12.356233765	19.534014684	19.534014684	13.7980632358	11.8698832924	13.7980632358	13.7980632358	19.8084056421	19.534014684	19.534014684	13.7980632358	14.1350931554	13.7980632358	12.356233765
13.7980632358	12.356233765	12.356233765	12.356233765	12.356233765	12.356233765	12.356233765	0.0	0.0	12.356233765	12.356233765	19.8084056421	19.534014684	12.356233765	19.534014684	12.356233765	19.8084056421	19.534014684	0.0	0.0	11.8698832924	0.0	19.534014684	19.8084056421	19.534014684	13.7980632358	14.1350931554	13.7980632358	19.534014684	19.534014684	12.356233765	19.8084056421	0.0	12.356233765	19.534014684	19.534014684	19.534014684	12.356233765	19.534014684	19.534014684	13.7980632358	11.8698832924	13.7980632358	13.7980632358	19.8084056421	19.534014684	19.534014684	13.7980632358	14.1350931554	13.7980632358	12.356233765
12.0071057411	8.82545364145	8.82545364145	8.82545364145	8.82545364145	8.82545364145	8.82545364145	11.8698832924	11.8698832924	8.82545364145	8.82545364145	18.0167177657	17.7426444899	8.82545364145	17.7426444899	8.82545364145	18.0167177657	17.7426444899	11.8698832924	11.8698832924	0.0	11.8698832924	17.7426444899	18.0167177657	17.7426444899	12.0071057411	12.3441199891	12.0071057411	17.7426444899	17.7426444899	8.82545364145	18.0167177657	11.8698832924	8.82545364145	17.7426444899	17.7426444899	17.7426444899	8.82545364145	17.7426444899	17.7426444899	12.0071057411	0.0	12.0071057411	12.0071057411	18.0167177657	17.7426444899	17.7426444899	12.0071057411	12.3441199891	12.0071057411	8.82545364145
13.7980632358	12.356233765	12.356233765	12.356233765	12.356233765	12.356233765	12.356233765	0.0	0.0	12.356233765	12.356233765	19.8084056421	19.534014684	12.356233765	19.534014684	12.356233765	19.8084056421	19.534014684	0.0	0.0	11.8698832924	0.0	19.534014684	19.8084056421	19.534014684	13.7980632358	14.1350931554	13.7980632358	19.534014684	19.534014684	12.356233765	19.8084056421	0.0	12.356233765	19.534014684	19.534014684	19.534014684	12.356233765	19.534014684	19.534014684	13.7980632358	11.8698832924	13.7980632358	13.7980632358	19.8084056421	19.534014684	19.534014684	13.7980632358	14.1350931554	13.7980632358	12.356233765
14.1275124584	16.2975351828	16.2975351828	16.2975351828	16.2975351828	16.2975351828	16.2975351828	19.534014684	19.534014684	16.2975351828	16.2975351828	16.8400109389	0.0	16.2975351828	0.0	16.2975351828	16.8400109389	0.0	19.534014684	19.534014684	17.7426444899	19.534014684	0.0	16.8400109389	0.0	14.1275124584	14.4564042656	14.1275124584	0.0	0.0	16.2975351828	16.8400109389	19.534014684	16.2975351828	0.0	0.0	0.0	16.2975351828	0.0	0.0	14.1275124584	17.7426444899	14.1275124584	14.1275124584	16.8400109389	0.0	0.0	14.1275124584	14.4564042656	14.1275124584	16.2975351828
14.4052520814	16.5720547916	16.5720547916	16.5720547916	16.5720547916	16.5720547916	16.5720547916	19.8084056421	19.8084056421	16.5720547916	16.5720547916	0.0	16.8400109389	16.5720547916	16.8400109389	16.5720547916	0.0	16.8400109389	19.8084056421	19.8084056421	18.0167177657	19.8084056421	16.8400109389	0.0	16.8400109389	14.4052520814	14.7346002998	14.4052520814	16.8400109389	16.8400109389	16.5720547916	0.0	19.8084056421	16.5720547916	16.8400109389	16.8400109389	16.8400109389	16.5720547916	16.8400109389	16.8400109389	14.4052520814	18.0167177657	14.4052520814	14.4052520814	0.0	16.8400109389	16.8400109389	14.4052520814	14.7346002998	14.4052520814	16.5720547916
14.1275124584	16.2975351828	16.2975351828	16.2975351828	16.2975351828	16.2975351828	16.2975351828	19.534014684	19.534014684	16.2975351828	16.2975351828	16.8400109389	0.0	16.2975351828	0.0	16.2975351828	16.8400109389	0.0	19.534014684	19.534014684	17.7426444899	19.534014684	0.0	16.8400109389	0.0	14.1275124584	14.4564042656	14.1275124584	0.0	0.0	16.2975351828	16.8400109389	19.534014684	16.2975351828	0.0	0.0	0.0	16.2975351828	0.0	0.0	14.1275124584	17.7426444899	14.1275124584	14.1275124584	16.8400109389	0.0	0.0	14.1275124584	14.4564042656	14.1275124584	16.2975351828
0.0	10.5613450378	10.5613450378	10.5613450378	10.5613450378	10.5613450378	10.5613450378	13.7980632358	13.7980632358	10.5613450378	10.5613450378	14.4052520814	14.1275124584	10.5613450378	14.1275124584	10.5613450378	14.4052520814	14.1275124584	13.7980632358	13.7980632358	12.0071057411	13.7980632358	14.1275124584	14.4052520814	14.1275124584	0.0	5.74244339527	0.0	14.1275124584	14.1275124584	10.5613450378	14.4052520814	13.7980632358	10.5613450378	14.1275124584	14.1275124584	14.1275124584	10.5613450378	14.1275124584	14.1275124584	0.0	12.0071057411	0.0	0.0	14.4052520814	14.1275124584	14.1275124584	0.0	5.74244339527	0.0	10.5613450378
5.74244339527	10.8983663494	10.8983663494	10.8983663494	10.8983663494	10.8983663494	10.8983663494	14.1350931554	14.1350931554	10.8983663494	10.8983663494	14.7346002998	14.4564042656	10.8983663494	14.4564042656	10.8983663494	14.7346002998	14.4564042656	14.1350931554	14.1350931554	12.3441199891	14.1350931554	14.4564042656	14.7346002998	14.4564042656	5.74244339527	0.0	5.74244339527	14.4564042656	14.4564042656	10.8983663494	14.7346002998	14.1350931554	10.8983663494	14.4564042656	14.4564042656	14.4564042656	10.8983663494	14.4564042656	14.4564042656	5.74244339527	12.3441199891	5.74244339527	5.74244339527	14.7346002998	14.4564042656	14.4564042656	5.74244339527	0.0	5.74244339527	10.8983663494
0.0	10.5613450378	10.5613450378	10.5613450378	10.5613450378	10.5613450378	10.5613450378	13.7980632358	13.7980632358	10.5613450378	10.5613450378	14.4052520814	14.1275124584	10.5613450378	14.1275124584	10.5613450378	14.4052520814	14.1275124584	13.7980632358	13.7980632358	12.0071057411	13.7980632358	14.1275124584	14.4052520814	14.1275124584	0.0	5.74244339527	0.0	14.1275124584	14.1275124584	10.5613450378	14.4052520814	13.7980632358	10.5613450378	14.1275124584	14.1275124584	14.1275124584	10.5613450378	14.1275124584	14.1275124584	0.0	12.0071057411	0.0	0.0	14.4052520814	14.1275124584	14.1275124584	0.0	5.74244339527	0.0	10.5613450378
14.1275124584	16.2975351828	16.2975351828	16.2975351828	16.2975351828	16.2975351828	16.2975351828	19.534014684	19.534014684	16.2975351828	16.2975351828	16.8400109389	0.0	16.2975351828	0.0	16.2975351828	16.8400109389	0.0	19.534014684	19.534014684	17.7426444899	19.534014684	0.0	16.8400109389	0.0	14.1275124584	14.4564042656	14.1275124584	0.0	0.0	16.2975351828	16.8400109389	19.534014684	16.2975351828	0.0	0.0	0.0	16.2975351828	0.0	0.0	14.1275124584	17.7426444899	14.1275124584	14.1275124584	16.8400109389	0.0	0.0	14.1275124584	14.4564042656	14.1275124584	16.2975351828
14.1275124584	16.2975351828	16.2975351828	16.2975351828	16.2975351828	16.2975351828	16.2975351828	19.534014684	19.534014684	16.2975351828	16.2975351828	16.8400109389	0.0	16.2975351828	0.0	16.2975351828	16.8400109389	0.0	19.534014684	19.534014684	17.7426444899	19.534014684	0.0	16.8400109389	0.0	14.1275124584	14.4564042656	14.1275124584	0.0	0.0	16.2975351828	16.8400109389	19.534014684	16.2975351828	0.0	0.0	0.0	16.2975351828	0.0	0.0	14.1275124584	17.7426444899	14.1275124584	14.1275124584	16.8400109389	0.0	0.0	14.1275124584	14.4564042656	14.1275124584	16.2975351828
10.5613450378	0.0	0.0	0.0	0.0	0.0	0.0	12.356233765	12.356233765	0.0	0.0	16.5720547916	16.2975351828	0.0	16.2975351828	0.0	16.5720547916	16.2975351828	12.356233765	12.356233765	8.82545364145	12.356233765	16.2975351828	16.5720547916	16.2975351828	10.5613450378	10.8983663494	10.5613450378	16.2975351828	16.2975351828	0.0	16.5720547916	12.356233765	0.0	16.2975351828	16.2975351828	16.2975351828	0.0	16.2975351828	16.2975351828	10.5613450378	8.82545364145	10.5613450378	10.5613450378	16.5720547916	16.2975351828	16.2975351828	10.5613450378	10.8983663494	10.5613450378	0.0
14.4052520814	16.5720547916	16.5720547916	16.5720547916	16.5720547916	16.5720547916	16.5720547916	19.8084056421	19.8084056421	16.5720547916	16.5720547916	0.0	16.8400109389	16.5720547916	16.8400109389	16.5720547916	0.0	16.8400109389	19.8084056421	19.8084056421	18.0167177657	19.8084056421	16.8400109389	0.0	16.8400109389	14.4052520814	14.7346002998	14.4052520814	16.8400109389	16.8400109389	16.5720547916	0.0	19.8084056421	16.5720547916	16.8400109389	16.8400109389	16.8400109389	16.5720547916	16.8400109389	16.8400109389	14.4052520814	18.0167177657	14.4052520814	14.4052520814	0.0	16.8400109389	16.8400109389	14.4052520814	14.7346002998	14.4052520814	16.5720547916
13.7980632358	12.356233765	12.356233765	12.356233765	12.356233765	12.356233765	12.356233765	0.0	0.0	12.356233765	12.356233765	19.8084056421	19.534014684	12.356233765	19.534014684	12.356233765	19.8084056421	19.534014684	0.0	0.0	11.8698832924	0.0	19.534014684	19.8084056421	19.534014684	13.7980632358	14.1350931554	13.7980632358	19.534014684	19.534014684	12.356233765	19.8084056421	0.0	12.356233765	19.534014684	19.534014684	19.534014684	12.356233765	19.534014684	19.534014684	13.7980632358	11.8698832924	13.7980632358	13.7980632358	19.8084056421	19.534014684	19.534014684	13.7980632358	14.1350931554	13.7980632358	12.356233765
10.5613450378	0.0	0.0	0.0	0.0	0.0	0.0	12.356233765	12.356233765	0.0	0.0	16.5720547916	16.2975351828	0.0	16.2975351828	0.0	16.5720547916	16.2975351828	12.356233765	12.356233765	8.82545364145	12.356233765	16.2975351828	16.5720547916	16.2975351828	10.5613450378	10.8983663494	10.5613450378	16.2975351828	16.2975351828	0.0	16.5720547916	12.356233765	0.0	16.2975351828	16.2975351828	16.2975351828	0.0	16.2975351828	16.2975351828	10.5613450378	8.82545364145	10.5613450378	10.5613450378	16.5720547916	16.2975351828	16.2975351828	10.5613450378	10.8983663494	10.5613450378	0.0
14.1275124584	16.2975351828	16.2975351828	16.2975351828	16.2975351828	16.2975351828	16.2975351828	19.534014684	19.534014684	16.2975351828	16.2975351828	16.8400109389	0.0	16.2975351828	0.0	16.2975351828	16.8400109389	0.0	19.534014684	19.534014684	17.7426444899	19.534014684	0.0	16.8400109389	0.0	14.1275124584	14.4564042656	14.1275124584	0.0	0.0	16.2975351828	16.8400109389	19.534014684	16.2975351828	0.0	0.0	0.0	16.2975351828	0.0	0.0	14.1275124584	17.7426444899	14.1275124584	14.1275124584	16.8400109389	0.0	0.0	14.1275124584	14.4564042656	14.1275124584	16.2975351828
14.1275124584	16.2975351828	16.2975351828	16.2975351828	16.2975351828	16.2975351828	16.2975351828	19.534014684	19.534014684	16.2975351828	16.2975351828	16.8400109389	0.0	16.2975351828	0.0	16.2975351828	16.8400109389	0.0	19.534014684	19.534014684	17.7426444899	19.534014684	0.0	16.8400109389	0.0	14.1275124584	14.4564042656	14.1275124584	0.0	0.0	16.2975351828	16.8400109389	19.534014684	16.2975351828	0.0	0.0	0.0	16.2975351828	0.0	0.0	14.1275124584	17.7426444899	14.1275124584	14.1275124584	16.8400109389	0.0	0.0	14.1275124584	14.4564042656	14.1275124584	16.2975351828
14.1275124584	16.2975351828	16.2975351828	16.2975351828	16.2975351828	16.2975351828	16.2975351828	19.534014684	19.534014684	16.2975351828	16.2975351828	16.8400109389	0.0	16.2975351828	0.0	16.2975351828	16.8400109389	0.0	19.534014684	19.534014684	17.7426444899	19.534014684	0.0	16.8400109389	0.0	14.1275124584	14.4564042656	14.1275124584	0.0	0.0	16.2975351828	16.8400109389	19.534014684	16.2975351828	0.0	0.0	0.0	16.2975351828	0.0	0.0	14.1275124584	17.7426444899	14.1275124584	14.1275124584	16.8400109389	0.0	0.0	14.1275124584	14.4564042656	14.1275124584	16.2975351828
10.5613450378	0.0	0.0	0.0	0.0	0.0	0.0	12.356233765	12.356233765	0.0	0.0	16.5720547916	16.2975351828	0.0	16.2975351828	0.0	16.5720547916	16.2975351828	12.356233765	12.356233765	8.82545364145	12.356233765	16.2975351828	16.5720547916	16.2975351828	10.5613450378	10.8983663494	10.5613450378	16.2975351828	16.2975351828	0.0	16.5720547916	12.356233765	0.0	16.2975351828	16.2975351828	16.2975351828	0.0	16.2975351828	16.2975351828	10.5613450378	8.82545364145	10.5613450378	10.5613450378	16.5720547916	16.2975351828	16.2975351828	10.5613450378	10.8983663494	10.5613450378	0.0
14.1275124584	16.2975351828	16.2975351828	16.2975351828	16.2975351828	16.2975351828	16.2975351828	19.534014684	19.534014684	16.2975351828	16.2975351828	16.8400109389	0.0	16.2975351828	0.0	16.2975351828	16.8400109389	0.0	19.534014684	19.534014684	17.7426444899	19.534014684	0.0	16.8400109389	0.0	14.1275124584	14.4564042656	14.1275124584	0.0	0.0	16.2975351828	16.8400109389	19.534014684	16.2975351828	0.0	0.0	0.0	16.2975351828	0.0	0.0	14.1275124584	17.7426444899	14.1275124584	14.1275124584	16.8400109389	0.0	0.0	14.1275124584	14.4564042656	14.1275124584	16.2975351828
14.1275124584	16.2975351828	16.2975351828	16.2975351828	16.2975351828	16.2975351828	16.2975351828	19.534014684	19.534014684	16.2975351828	16.2975351828	16.8400109389	0.0	16.2975351828	0.0	16.2975351828	16.8400109389	0.0	19.534014684	19.534014684	17.7426444899	19.534014684	0.0	16.8400109389	0.0	14.1275124584	14.4564042656	14.1275124584	0.0	0.0	16.2975351828	16.8400109389	19.534014684	16.2975351828	0.0	0.0	0.0	16.2975351828	0.0	0.0	14.1275124584	17.7426444899	14.1275124584	14.1275124584	16.8400109389	0.0	0.0	14.1275124584	14.4564042656	14.1275124584	16.2975351828
0.0	10.5613450378	10.5613450378	10.5613450378	10.5613450378	10.5613450378	10.5613450378	13.7980632358	13.7980632358	10.5613450378	10.5613450378	14.4052520814	14.1275124584	10.5613450378	14.1275124584	10.5613450378	14.4052520814	14.1275124584	13.7980632358	13.7980632358	12.0071057411	13.7980632358	14.1275124584	14.4052520814	14.1275124584	0.0	5.74244339527	0.0	14.1275124584	14.1275124584	10.5613450378	14.4052520814	13.7980632358	10.5613450378	14.1275124584	14.1275124584	14.1275124584	10.5613450378	14.1275124584	14.1275124584	0.0	12.0071057411	0.0	0.0	14.4052520814	14.1275124584	14.1275124584	0.0	5.74244339527	0.0	10.5613450378
12.0071057411	8.82545364145	8.82545364145	8.82545364145	8.82545364145	8.82545364145	8.82545364145	11.8698832924	11.8698832924	8.82545364145	8.82545364145	18.0167177657	17.7426444899	8.82545364145	17.7426444899	8.82545364145	18.0167177657	17.7426444899	11.8698832924	11.8698832924	0.0	11.8698832924	17.7426444899	18.0167177657	17.7426444899	12.0071057411	12.3441199891	12.0071057411	17.7426444899	17.7426444899	8.82545364145	18.0167177657	11.8698832924	8.82545364145	17.7426444899	17.7426444899	17.7426444899	8.82545364145	17.7426444899	17.7426444899	12.0071057411	0.0	12.0071057411	12.0071057411	18.0167177657	17.7426444899	17.7426444899	12.0071057411	12.3441199891	12.0071057411	8.82545364145
0.0	10.5613450378	10.5613450378	10.5613450378	10.5613450378	10.5613450378	10.5613450378	13.7980632358	13.7980632358	10.5613450378	10.5613450378	14.4052520814	14.1275124584	10.5613450378	14.1275124584	10.5613450378	14.4052520814	14.1275124584	13.7980632358	13.7980632358	12.0071057411	13.7980632358	14.1275124584	14.4052520814	14.1275124584	0.0	5.74244339527	0.0	14.1275124584	14.1275124584	10.5613450378	14.4052520814	13.7980632358	10.5613450378	14.1275124584	14.1275124584	14.1275124584	10.5613450378	14.1275124584	14.1275124584	0.0	12.0071057411	0.0	0.0	14.4052520814	14.1275124584	14.1275124584	0.0	5.74244339527	0.0	10.5613450378
0.0	10.5613450378	10.5613450378	10.5613450378	10.5613450378	10.5613450378	10.5613450378	13.7980632358	13.7980632358	10.5613450378	10.5613450378	14.4052520814	14.1275124584	10.5613450378	14.1275124584	10.5613450378	14.4052520814	14.1275124584	13.7980632358	13.7980632358	12.0071057411	13.7980632358	14.1275124584	14.4052520814	14.1275124584	0.0	5.74244339527	0.0	14.1275124584	14.1275124584	10.5613450378	14.4052520814	13.7980632358	10.5613450378	14.1275124584	14.1275124584	14.1275124584	10.5613450378	14.1275124584	14.1275124584	0.0	12.0071057411	0.0	0.0	14.4052520814	14.1275124584	14.1275124584	0.0	5.74244339527	0.0	10.5613450378
14.4052520814	16.5720547916	16.5720547916	16.5720547916	16.5720547916	16.5720547916	16.5720547916	19.8084056421	19.8084056421	16.5720547916	16.5720547916	0.0	16.8400109389	16.5720547916	16.8400109389	16.5720547916	0.0	16.8400109389	19.8084056421	19.8084056421	18.0167177657	19.8084056421	16.8400109389	0.0	16.8400109389	14.4052520814	14.7346002998	14.4052520814	16.8400109389	16.8400109389	16.5720547916	0.0	19.8084056421	16.5720547916	16.8400109389	16.8400109389	16.8400109389	16.5720547916	16.8400109389	16.8400109389	14.4052520814	18.0167177657	14.4052520814	14.4052520814	0.0	16.8400109389	16.8400109389	14.4052520814	14.7346002998	14.4052520814	16.5720547916
14.1275124584	16.2975351828	16.2975351828	16.2975351828	16.2975351828	16.2975351828	16.2975351828	19.534014684	19.534014684	16.2975351828	16.2975351828	16.8400109389	0.0	16.2975351828	0.0	16.2975351828	16.8400109389	0.0	19.534014684	19.534014684	17.7426444899	19.534014684	0.0	16.8400109389	0.0	14.1275124584	14.4564042656	14.1275124584	0.0	0.0	16.2975351828	16.8400109389	19.534014684	16.2975351828	0.0	0.0	0.0	16.2975351828	0.0	0.0	14.1275124584	17.7426444899	14.1275124584	14.1275124584	16.8400109389	0.0	0.0	14.1275124584	14.4564042656	14.1275124584	16.2975351828
14.1275124584	16.2975351828	16.2975351828	16.2975351828	16.2975351828	16.2975351828	16.2975351828	19.534014684	19.534014684	16.2975351828	16.2975351828	16.8400109389	0.0	16.2975351828	0.0	16.2975351828	16.8400109389	0.0	19.534014684	19.534014684	17.7426444899	19.534014684	0.0	16.8400109389	0.0	14.1275124584	14.4564042656	14.1275124584	0.0	0.0	16.2975351828	16.8400109389	19.534014684	16.2975351828	0.0	0.0	0.0	16.2975351828	0.0	0.0	14.1275124584	17.7426444899	14.1275124584	14.1275124584	16.8400109389	0.0	0.0	14.1275124584	14.4564042656	14.1275124584	16.2975351828
0.0	10.5613450378	10.5613450378	10.5613450378	10.5613450378	10.5613450378	10.5613450378	13.7980632358	13.7980632358	10.5613450378	10.5613450378	14.4052520814	14.1275124584	10.5613450378	14.1275124584	10.5613450378	14.4052520814	14.1275124584	13.7980632358	13.7980632358	12.0071057411	13.7980632358	14.1275124584	14.4052520814	14.1275124584	0.0	5.74244339527	0.0	14.1275124584	14.1275124584	10.5613450378	14.4052520814	13.7980632358	10.5613450378	14.1275124584	14.1275124584	14.1275124584	10.5613450378	14.1275124584	14.1275124584	0.0	12.0071057411	0.0	0.0	14.4052520814	14.1275124584	14.1275124584	0.0	5.74244339527	0.0	10.5613450378
5.74244339527	10.8983663494	10.8983663494	10.8983663494	10.8983663494	10.8983663494	10.8983663494	14.1350931554	14.1350931554	10.8983663494	10.8983663494	14.7346002998	14.4564042656	10.8983663494	14.4564042656	10.8983663494	14.7346002998	14.4564042656	14.1350931554	14.1350931554	12.3441199891	14.1350931554	14.4564042656	14.7346002998	14.4564042656	5.74244339527	0.0	5.74244339527	14.4564042656	14.4564042656	10.8983663494	14.7346002998	14.1350931554	10.8983663494	14.4564042656	14.4564042656	14.4564042656	10.8983663494	14.4564042656	14.4564042656	5.74244339527	12.3441199891	5.74244339527	5.74244339527	14.7346002998	14.4564042656	14.4564042656	5.74244339527	0.0	5.74244339527	10.8983663494
0.0	10.5613450378	10.5613450378	10.5613450378	10.5613450378	10.5613450378	10.5613450378	13.7980632358	13.7980632358	10.5613450378	10.5613450378	14.4052520814	14.1275124584	10.5613450378	14.1275124584	10.5613450378	14.4052520814	14.1275124584	13.7980632358	13.7980632358	12.0071057411	13.7980632358	14.1275124584	14.4052520814	14.1275124584	0.0	5.74244339527	0.0	14.1275124584	14.1275124584	10.5613450378	14.4052520814	13.7980632358	10.5613450378	14.1275124584	14.1275124584	14.1275124584	10.5613450378	14.1275124584	14.1275124584	0.0	12.0071057411	0.0	0.0	14.4052520814	14.1275124584	14.1275124584	0.0	5.74244339527	0.0	10.5613450378
10.5613450378	0.0	0.0	0.0	0.0	0.0	0.0	12.356233765	12.356233765	0.0	0.0	16.5720547916	16.2975351828	0.0	16.2975351828	0.0	16.5720547916	16.2975351828	12.356233765	12.356233765	8.82545364145	12.356233765	16.2975351828	16.5720547916	16.2975351828	10.5613450378	10.8983663494	10.5613450378	16.2975351828	16.2975351828	0.0	16.5720547916	12.356233765	0.0	16.2975351828	16.2975351828	16.2975351828	0.0	16.2975351828	16.2975351828	10.5613450378	8.82545364145	10.5613450378	10.5613450378	16.5720547916	16.2975351828	16.2975351828	10.5613450378	10.8983663494	10.5613450378	0.0