0.0	2.24452954381	2.24452954381	2.24452954381	2.24452954381	2.24452954381	2.24452954381	4.50422536463	4.50422536463	2.24452954381	2.24452954381	4.60207045019	4.95502195836	2.24452954381	4.95502195836	2.24452954381	4.60207045019	4.95502195836	4.50422536463	4.50422536463	4.06223083231	4.50422536463	4.95502195836	4.60207045019	4.95502195836	0.0	0.594193073983	0.0	4.95502195836	4.95502195836	2.24452954381	4.60207045019	4.50422536463	2.24452954381	4.95502195836	4.95502195836	4.95502195836	2.24452954381	4.95502195836	4.95502195836	0.0	4.06223083231	0.0	0.0	4.60207045019	4.95502195836	4.95502195836	0.0	0.594193073983	0.0	2.24452954381
2.24452954381	0.0	0.0	0.0	0.0	0.0	0.0	3.83463401106	3.83463401106	0.0	0.0	5.79763194526	6.18617697617	0.0	6.18617697617	0.0	5.79763194526	6.18617697617	3.83463401106	3.83463401106	2.9306658309	3.83463401106	6.18617697617	5.79763194526	6.18617697617	2.24452954381	2.2779140879	2.24452954381	6.18617697617	6.18617697617	0.0	5.79763194526	3.83463401106	0.0	6.18617697617	6.18617697617	6.18617697617	0.0	6.18617697617	6.18617697617	2.24452954381	2.9306658309	2.24452954381	2.24452954381	5.79763194526	6.18617697617	6.18617697617	2.24452954381	2.2779140879	2.24452954381	0.0
2.24452954381	0.0	0.0	0.0	0.0	0.0	0.0	3.83463401106	3.83463401106	0.0	0.0	5.79763194526	6.18617697617	0.0	6.18617697617	0.0	5.79763194526	6.18617697617	3.83463401106	3.83463401106	2.9306658309	3.83463401106	6.18617697617	5.79763194526	6.18617697617	2.24452954381	2.2779140879	2.24452954381	6.18617697617	6.18617697617	0.0	5.79763194526	3.83463401106	0.0	6.18617697617	6.18617697617	6.18617697617	0.0	6.18617697617	6.18617697617	2.24452954381	2.9306658309	2.24452954381	2.24452954381	5.79763194526	6.18617697617	6.18617697617	2.24452954381	2.2779140879	2.24452954381	0.0
2.24452954381	0.0	0.0	0.0	0.0	0.0	0.0	3.83463401106	3.83463401106	0.0	0.0	5.79763194526	6.18617697617	0.0	6.18617697617	0.0	5.79763194526	6.18617697617	3.83463401106	3.83463401106	2.9306658309	3.83463401106	6.18617697617	5.79763194526	6.18617697617	2.24452954381	2.2779140879	2.24452954381	6.18617697617	6.18617697617	0.0	5.79763194526	3.83463401106	0.0	6.18617697617	6.18617697617	6.18617697617	0.0	6.18617697617	6.18617697617	2.24452954381	2.9306658309	2.24452954381	2.24452954381	5.79763194526	6.18617697617	6.18617697617	2.24452954381	2.2779140879	2.24452954381	0.0
2.24452954381	0.0	0.0	0.0	0.0	0.0	0.0	3.83463401106	3.83463401106	0.0	0.0	5.79763194526	6.18617697617	0.0	6.18617697617	0.0	5.79763194526	6.18617697617	3.83463401106	3.83463401106	2.9306658309	3.83463401106	6.18617697617	5.79763194526	6.18617697617	2.24452954381	2.2779140879	2.24452954381	6.18617697617	6.18617697617	0.0	5.79763194526	3.83463401106	0.0	6.18617697617	6.18617697617	6.18617697617	0.0	6.18617697617	6.18617697617	2.24452954381	2.9306658309	2.24452954381	2.24452954381	5.79763194526	6.18617697617	6.18617697617	2.24452954381	2.2779140879	2.24452954381	0.0
2.24452954381	0.0	0.0	0.0	0.0	0.0	0.0	3.83463401106	3.83463401106	0.0	0.0	5.79763194526	6.18617697617	0.0	6.18617697617	0.0	5.79763194526	6.18617697617	3.83463401106	3.83463401106	2.9306658309	3.83463401106	6.18617697617	5.79763194526	6.18617697617	2.24452954381	2.2779140879	2.24452954381	6.18617697617	6.18617697617	0.0	5.79763194526	3.83463401106	0.0	6.18617697617	6.18617697617	6.18617697617	0.0	6.18617697617	6.18617697617	2.24452954381	2.9306658309	2.24452954381	2.24452954381	5.79763194526	6.18617697617	6.18617697617	2.24452954381	2.2779140879	2.24452954381	0.0
2.24452954381	0.0	0.0	0.0	0.0	0.0	0.0	3.83463401106	3.83463401106	0.0	0.0	5.79763194526	6.18617697617	0.0	6.18617697617	0.0	5.79763194526	6.18617697617	3.83463401106	3.83463401106	2.9306658309	3.83463401106	6.18617697617	5.79763194526	6.18617697617	2.24452954381	2.2779140879	2.24452954381	6.18617697617	6.18617697617	0.0	5.79763194526	3.83463401106	0.0	6.18617697617	6.18617697617	6.18617697617	0.0	6.18617697617	6.18617697617	2.24452954381	2.9306658309	2.24452954381	2.24452954381	5.79763194526	6.18617697617	6.18617697617	2.24452954381	2.2779140879	2.24452954381	0.0
4.50422536463	3.83463401106	3.83463401106	3.83463401106	3.83463401106	3.83463401106	3.83463401106	0.0	0.0	3.83463401106	3.83463401106	8.06134655079	8.44896637256	3.83463401106	8.44896637256	3.83463401106	8.06134655079	8.44896637256	0.0	0.0	5.09861807619	0.0	8.44896637256	8.06134655079	8.44896637256	4.50422536463	4.53787916593	4.50422536463	8.44896637256	8.44896637256	3.83463401106	8.06134655079	0.0	3.83463401106	8.44896637256	8.44896637256	8.44896637256	3.83463401106	8.44896637256	8.44896637256	4.50422536463	5.09861807619	4.50422536463	4.50422536463	8.06134655079	8.44896637256	8.44896637256	4.50422536463	4.53787916593	4.50422536463	3.83463401106
4.50422536463	3.83463401106	3.83463401106	3.83463401106	3.83463401106	3.83463401106	3.83463401106	0.0	0.0	3.83463401106	3.83463401106	8.06134655079	8.44896637256	3.83463401106	8.44896637256	3.83463401106	8.06134655079	8.44896637256	0.0	0.0	5.09861807619	0.0	8.44896637256	8.06134655079	8.44896637256	4.50422536463	4.53787916593	4.50422536463	8.44896637256	8.44896637256	3.83463401106	8.06134655079	0.0	3.83463401106	8.44896637256	8.44896637256	8.44896637256	3.83463401106	8.44896637256	8.44896637256	4.50422536463	5.09861807619	4.50422536463	4.50422536463	8.06134655079	8.44896637256	8.44896637256	4.50422536463	4.53787916593	4.50422536463	3.83463401106
2.24452954381	0.0	0.0	0.0	0.0	0.0	0.0	3.83463401106	3.83463401106	0.0	0.0	5.79763194526	6.18617697617	0.0	6.18617697617	0.0	5.79763194526	6.18617697617	3.83463401106	3.83463401106	2.9306658309	3.83463401106	6.18617697617	5.79763194526	6.18617697617	2.24452954381	2.2779140879	2.24452954381	6.18617697617	6.18617697617	0.0	5.79763194526	3.83463401106	0.0	6.18617697617	6.18617697617	6.18617697617	0.0	6.18617697617	6.18617697617	2.24452954381	2.9306658309	2.24452954381	2.24452954381	5.79763194526	6.18617697617	6.18617697617	2.24452954381	2.2779140879	2.24452954381	0.0
2.24452954381	0.0	0.0	0.0	0.0	0.0	0.0	3.83463401106	3.83463401106	0.0	0.0	5.79763194526	6.18617697617	0.0	6.18617697617	0.0	5.79763194526	6.18617697617	3.83463401106	3.83463401106	2.9306658309	3.83463401106	6.18617697617	5.79763194526	6.18617697617	2.24452954381	2.2779140879	2.24452954381	6.18617697617	6.18617697617	0.0	5.79763194526	3.83463401106	0.0	6.18617697617	6.18617697617	6.18617697617	0.0	6.18617697617	6.18617697617	2.24452954381	2.9306658309	2.24452954381	2.24452954381	5.79763194526	6.18617697617	6.18617697617	2.24452954381	2.2779140879	2.24452954381	0.0
4.60207045019	5.79763194526	5.79763194526	5.79763194526	5.79763194526	5.79763194526	5.79763194526	8.06134655079	8.06134655079	5.79763194526	5.79763194526	0.0	7.0608460296	5.79763194526	7.0608460296	5.79763194526	0.0	7.0608460296	8.06134655079	8.06134655079	7.61235644014	8.06134655079	7.0608460296	0.0	7.0608460296	4.60207045019	4.59433005383	4.60207045019	7.0608460296	7.0608460296	5.79763194526	0.0	8.06134655079	5.79763194526	7.0608460296	7.0608460296	7.0608460296	5.79763194526	7.0608460296	7.0608460296	4.60207045019	7.61235644014	4.60207045019	4.60207045019	0.0	7.0608460296	7.0608460296	4.60207045019	4.59433005383	4.60207045019	5.79763194526
4.95502195836	6.18617697617	6.18617697617	6.18617697617	6.18617697617	6.18617697617	6.18617697617	8.44896637256	8.44896637256	6.18617697617	6.18617697617	7.0608460296	0.0	6.18617697617	0.0	6.18617697617	7.0608460296	0.0	8.44896637256	8.44896637256	8.00154048884	8.44896637256	0.0	7.0608460296	0.0	4.95502195836	4.94085730709	4.95502195836	0.0	0.0	6.18617697617	7.0608460296	8.44896637256	6.18617697617	0.0	0.0	0.0	6.18617697617	0.0	0.0	4.95502195836	8.00154048884	4.95502195836	4.95502195836	7.0608460296	0.0	0.0	4.95502195836	4.94085730709	4.95502195836	6.18617697617
2.24452954381	0.0	0.0	0.0	0.0	0.0	0.0	3.83463401106	3.83463401106	0.0	0.0	5.79763194526	6.18617697617	0.0	6.18617697617	0.0	5.79763194526	6.18617697617	3.83463401106	3.83463401106	2.9306658309	3.83463401106	6.18617697617	5.79763194526	6.18617697617	2.24452954381	2.2779140879	2.24452954381	6.18617697617	6.18617697617	0.0	5.79763194526	3.83463401106	0.0	6.18617697617	6.18617697617	6.18617697617	0.0	6.18617697617	6.18617697617	2.24452954381	2.9306658309	2.24452954381	2.24452954381	5.79763194526	6.18617697617	6.18617697617	2.24452954381	2.2779140879	2.24452954381	0.0
4.95502195836	6.18617697617	6.18617697617	6.18617697617	6.18617697617	6.18617697617	6.18617697617	8.44896637256	8.44896637256	6.18617697617	6.18617697617	7.0608460296	0.0	6.18617697617	0.0	6.18617697617	7.0608460296	0.0	8.44896637256	8.44896637256	8.00154048884	8.44896637256	0.0	7.0608460296	0.0	4.95502195836	4.94085730709	4.95502195836	0.0	0.0	6.18617697617	7.0608460296	8.44896637256	6.18617697617	0.0	0.0	0.0	6.18617697617	0.0	0.0	4.95502195836	8.00154048884	4.95502195836	4.95502195836	7.0608460296	0.0	0.0	4.95502195836	4.94085730709	4.95502195836	6.18617697617
2.24452954381	0.0	0.0	0.0	0.0	0.0	0.0	3.83463401106	3.83463401106	0.0	0.0	5.79763194526	6.18617697617	0.0	6.18617697617	0.0	5.79763194526	6.18617697617	3.83463401106	3.83463401106	2.9306658309	3.83463401106	6.18617697617	5.79763194526	6.18617697617	2.24452954381	2.2779140879	2.24452954381	6.18617697617	6.18617697617	0.0	5.79763194526	3.83463401106	0.0	6.18617697617	6.18617697617	6.18617697617	0.0	6.18617697617	6.18617697617	2.24452954381	2.9306658309	2.24452954381	2.24452954381	5.79763194526	6.18617697617	6.18617697617	2.24452954381	2.2779140879	2.24452954381	0.0
4.60207045019	5.79763194526	5.79763194526	5.79763194526	5.79763194526	5.79763194526	5.79763194526	8.06134655079	8.06134655079	5.79763194526	5.79763194526	0.0	7.0608460296	5.79763194526	7.0608460296	5.79763194526	0.0	7.0608460296	8.06134655079	8.06134655079	7.61235644014	8.06134655079	7.0608460296	0.0	7.0608460296	4.60207045019	4.59433005383	4.60207045019	7.0608460296	7.0608460296	5.79763194526	0.0	8.06134655079	5.79763194526	7.0608460296	7.0608460296	7.0608460296	5.79763194526	7.0608460296	7.0608460296	4.60207045019	7.61235644014	4.60207045019	4.60207045019	0.0	7.0608460296	7.0608460296	4.60207045019	4.59433005383	4.60207045019	5.79763194526
4.95502195836	6.18617697617	6.18617697617	6.18617697617	6.18617697617	6.18617697617	6.18617697617	8.44896637256	8.44896637256	6.18617697617	6.18617697617	7.0608460296	0.0	6.18617697617	0.0	6.18617697617	7.0608460296	0.0	8.44896637256	8.44896637256	8.00154048884	8.44896637256	0.0	7.0608460296	0.0	4.95502195836	4.94085730709	4.95502195836	0.0	0.0	6.18617697617	7.0608460296	8.44896637256	6.18617697617	0.0	0.0	0.0	6.18617697617	0.0	0.0	4.95502195836	8.00154048884	4.95502195836	4.95502195836	7.0608460296	0.0	0.0	4.95502195836	4.94085730709	4.95502195836	6.18617697617
4.50422536463	3.83463401106	3.83463401106	3.83463401106	3.83463401106	3.83463401106	3.83463401106	0.0	0.0	3.83463401106	3.83463401106	8.06134655079	8.44896637256	3.83463401106	8.44896637256	3.83463401106	8.06134655079	8.44896637256	0.0	0.0	5.09861807619	0.0	8.44896637256	8.06134655079	8.44896637256	4.50422536463	4.53787916593	4.50422536463	8.44896637256	8.44896637256	3.83463401106	8.06134655079	0.0	3.83463401106	8.44896637256	8.44896637256	8.44896637256	3.83463401106	8.44896637256	8.44896637256	4.50422536463	5.09861807619	4.50422536463	4.50422536463	8.06134655079	8.44896637256	8.44896637256	4.50422536463	4.53787916593	4.50422536463	3.83463401106
4.50422536463	3.83463401106	3.83463401106	3.83463401106	3.83463401106	3.83463401106	3.83463401106	0.0	0.0	3.83463401106	3.83463401106	8.06134655079	8.44896637256	3.83463401106	8.44896637256	3.83463401106	8.06134655079	8.44896637256	0.0	0.0	5.09861807619	0.0	8.44896637256	8.06134655079	8.44896637256	4.50422536463	4.53787916593	4.50422536463	8.44896637256	8.44896637256	3.83463401106	8.06134655079	0.0	3.83463401106	8.44896637256	8.44896637256	8.44896637256	3.83463401106	8.44896637256	8.44896637256	4.50422536463	5.09861807619	4.50422536463	4.50422536463	8.06134655079	8.44896637256	8.44896637256	4.50422536463	4.53787916593	4.50422536463	3.83463401106
4.06223083231	2.9306658309	2.9306658309	2.9306658309	2.9306658309	2.9306658309	2.9306658309	5.09861807619	5.09861807619	2.9306658309	2.9306658309	7.61235644014	8.00154048884	2.9306658309	8.00154048884	2.9306658309	7.61235644014	8.00154048884	5.09861807619	5.09861807619	0.0	5.09861807619	8.00154048884	7.61235644014	8.00154048884	4.06223083231	4.09552409293	4.06223083231	8.00154048884	8.00154048884	2.9306658309	7.61235644014	5.09861807619	2.9306658309	8.00154048884	8.00154048884	8.00154048884	2.9306658309	8.00154048884	8.00154048884	4.06223083231	0.0	4.06223083231	4.06223083231	7.61235644014	8.00154048884	8.00154048884	4.06223083231	4.09552409293	4.06223083231	2.9306658309
4.50422536463	3.83463401106	3.83463401106	3.83463401106	3.83463401106	3.83463401106	3.83463401106	0.0	0.0	3.83463401106	3.83463401106	8.06134655079	8.44896637256	3.83463401106	8.44896637256	3.83463401106	8.06134655079	8.44896637256	0.0	0.0	5.09861807619	0.0	8.44896637256	8.06134655079	8.44896637256	4.50422536463	4.53787916593	4.50422536463	8.44896637256	8.44896637256	3.83463401106	8.06134655079	0.0	3.83463401106	8.44896637256	8.44896637256	8.44896637256	3.83463401106	8.44896637256	8.44896637256	4.50422536463	5.09861807619	4.50422536463	4.50422536463	8.06134655079	8.44896637256	8.44896637256	4.50422536463	4.53787916593	4.50422536463	3.83463401106
4.95502195836	6.18617697617	6.18617697617	6.18617697617	6.18617697617	6.18617697617	6.18617697617	8.44896637256	8.44896637256	6.18617697617	6.18617697617	7.0608460296	0.0	6.18617697617	0.0	6.18617697617	7.0608460296	0.0	8.44896637256	8.44896637256	8.00154048884	8.44896637256	0.0	7.0608460296	0.0	4.95502195836	4.94085730709	4.95502195836	0.0	0.0	6.18617697617	7.0608460296	8.44896637256	6.18617697617	0.0	0.0	0.0	6.18617697617	0.0	0.0	4.95502195836	8.00154048884	4.95502195836	4.95502195836	7.0608460296	0.0	0.0	4.95502195836	4.94085730709	4.95502195836	6.18617697617
4.60207045019	5.79763194526	5.79763194526	5.79763194526	5.79763194526	5.79763194526	5.79763194526	8.06134655079	8.06134655079	5.79763194526	5.79763194526	0.0	7.0608460296	5.79763194526	7.0608460296	5.79763194526	0.0	7.0608460296	8.06134655079	8.06134655079	7.61235644014	8.06134655079	7.0608460296	0.0	7.0608460296	4.60207045019	4.59433005383	4.60207045019	7.0608460296	7.0608460296	5.79763194526	0.0	8.06134655079	5.79763194526	7.0608460296	7.0608460296	7.0608460296	5.79763194526	7.0608460296	7.0608460296	4.60207045019	7.61235644014	4.60207045019	4.60207045019	0.0	7.0608460296	7.0608460296	4.60207045019	4.59433005383	4.60207045019	5.79763194526
4.95502195836	6.18617697617	6.18617697617	6.18617697617	6.18617697617	6.18617697617	6.18617697617	8.44896637256	8.44896637256	6.18617697617	6.18617697617	7.0608460296	0.0	6.18617697617	0.0	6.18617697617	7.0608460296	0.0	8.44896637256	8.44896637256	8.00154048884	8.44896637256	0.0	7.0608460296	0.0	4.95502195836	4.94085730709	4.95502195836	0.0	0.0	6.18617697617	7.0608460296	8.44896637256	6.18617697617	0.0	0.0	0.0	6.18617697617	0.0	0.0	4.95502195836	8.00154048884	4.95502195836	4.95502195836	7.0608460296	0.0	0.0	4.95502195836	4.94085730709	4.95502195836	6.18617697617
0.0	2.24452954381	2.24452954381	2.24452954381	2.24452954381	2.24452954381	2.24452954381	4.50422536463	4.50422536463	2.24452954381	2.24452954381	4.60207045019	4.95502195836	2.24452954381	4.95502195836	2.24452954381	4.60207045019	4.95502195836	4.50422536463	4.50422536463	4.06223083231	4.50422536463	4.95502195836	4.60207045019	4.95502195836	0.0	0.594193073983	0.0	4.95502195836	4.95502195836	2.24452954381	4.60207045019	4.50422536463	2.24452954381	4.95502195836	4.95502195836	4.95502195836	2.24452954381	4.95502195836	4.95502195836	0.0	4.06223083231	0.0	0.0	4.60207045019	4.95502195836	4.95502195836	0.0	0.594193073983	0.0	2.24452954381
0.594193073983	2.2779140879	2.2779140879	2.2779140879	2.2779140879	2.2779140879	2.2779140879	4.53787916593	4.53787916593	2.2779140879	2.2779140879	4.59433005383	4.94085730709	2.2779140879	4.94085730709	2.2779140879	4.59433005383	4.94085730709	4.53787916593	4.53787916593	4.09552409293	4.53787916593	4.94085730709	4.59433005383	4.94085730709	0.594193073983	0.0	0.594193073983	4.94085730709	4.94085730709	2.2779140879	4.59433005383	4.53787916593	2.2779140879	4.94085730709	4.94085730709	4.94085730709	2.2779140879	4.94085730709	4.94085730709	0.594193073983	4.09552409293	0.594193073983	0.594193073983	4.59433005383	4.94085730709	4.94085730709	0.594193073983	0.0	0.594193073983	2.2779140879
0.0	2.24452954381	2.24452954381	2.24452954381	2.24452954381	2.24452954381	2.24452954381	4.50422536463	4.50422536463	2.24452954381	2.24452954381	4.60207045019	4.95502195836	2.24452954381	4.95502195836	2.24452954381	4.60207045019	4.95502195836	4.50422536463	4.50422536463	4.06223083231	4.50422536463	4.95502195836	4.60207045019	4.95502195836	0.0	0.594193073983	0.0	4.95502195836	4.95502195836	2.24452954381	4.60207045019	4.50422536463	2.24452954381	4.95502195836	4.95502195836	4.95502195836	2.24452954381	4.95502195836	4.95502195836	0.0	4.06223083231	0.0	0.0	4.60207045019	4.95502195836	4.95502195836	0.0	0.594193073983	0.0	2.24452954381
4.95502195836	6.18617697617	6.18617697617	6.18617697617	6.18617697617	6.18617697617	6.18617697617	8.44896637256	8.44896637256	6.18617697617	6.18617697617	7.0608460296	0.0	6.18617697617	0.0	6.18617697617	7.0608460296	0.0	8.44896637256	8.44896637256	8.00154048884	8.44896637256	0.0	7.0608460296	0.0	4.95502195836	4.94085730709	4.95502195836	0.0	0.0	6.18617697617	7.0608460296	8.44896637256	6.18617697617	0.0	0.0	0.0	6.18617697617	0.0	0.0	4.95502195836	8.00154048884	4.95502195836	4.95502195836	7.0608460296	0.0	0.0	4.95502195836	4.94085730709	4.95502195836	6.18617697617
4.95502195836	6.18617697617	6.18617697617	6.18617697617	6.18617697617	6.18617697617	6.18617697617	8.44896637256	8.44896637256	6.18617697617	6.18617697617	7.0608460296	0.0	6.18617697617	0.0	6.18617697617	7.0608460296	0.0	8.44896637256	8.44896637256	8.00154048884	8.44896637256	0.0	7.0608460296	0.0	4.95502195836	4.94085730709	4.95502195836	0.0	0.0	6.18617697617	7.0608460296	8.44896637256	6.18617697617	0.0	0.0	0.0	6.18617697617	0.0	0.0	4.95502195836	8.00154048884	4.95502195836	4.95502195836	7.0608460296	0.0	0.0	4.95502195836	4.94085730709	4.95502195836	6.18617697617
2.24452954381	0.0	0.0	0.0	0.0	0.0	0.0	3.83463401106	3.83463401106	0.0	0.0	5.79763194526	6.18617697617	0.0	6.18617697617	0.0	5.79763194526	6.18617697617	3.83463401106	3.83463401106	2.9306658309	3.83463401106	6.18617697617	5.79763194526	6.18617697617	2.24452954381	2.2779140879	2.24452954381	6.18617697617	6.18617697617	0.0	5.79763194526	3.83463401106	0.0	6.18617697617	6.18617697617	6.18617697617	0.0	6.18617697617	6.18617697617	2.24452954381	2.9306658309	2.24452954381	2.24452954381	5.79763194526	6.18617697617	6.18617697617	2.24452954381	2.2779140879	2.24452954381	0.0
4.60207045019	5.79763194526	5.79763194526	5.79763194526	5.79763194526	5.79763194526	5.79763194526	8.06134655079	8.06134655079	5.79763194526	5.79763194526	0.0	7.0608460296	5.79763194526	7.0608460296	5.79763194526	0.0	7.0608460296	8.06134655079	8.06134655079	7.61235644014	8.06134655079	7.0608460296	0.0	7.0608460296	4.60207045019	4.59433005383	4.60207045019	7.0608460296	7.0608460296	5.79763194526	0.0	8.06134655079	5.79763194526	7.0608460296	7.0608460296	7.0608460296	5.79763194526	7.0608460296	7.0608460296	4.60207045019	7.61235644014	4.60207045019	4.60207045019	0.0	7.0608460296	7.0608460296	4.60207045019	4.59433005383	4.60207045019	5.79763194526
4.50422536463	3.83463401106	3.83463401106	3.83463401106	3.83463401106	3.83463401106	3.83463401106	0.0	0.0	3.83463401106	3.83463401106	8.06134655079	8.44896637256	3.83463401106	8.44896637256	3.83463401106	8.06134655079	8.44896637256	0.0	0.0	5.09861807619	0.0	8.44896637256	8.06134655079	8.44896637256	4.50422536463	4.53787916593	4.50422536463	8.44896637256	8.44896637256	3.83463401106	8.06134655079	0.0	3.83463401106	8.44896637256	8.44896637256	8.44896637256	3.83463401106	8.44896637256	8.44896637256	4.50422536463	5.09861807619	4.50422536463	4.50422536463	8.06134655079	8.44896637256	8.44896637256	4.50422536463	4.53787916593	4.50422536463	3.83463401106
2.24452954381	0.0	0.0	0.0	0.0	0.0	0.0	3.83463401106	3.83463401106	0.0	0.0	5.79763194526	6.18617697617	0.0	6.18617697617	0.0	5.79763194526	6.18617697617	3.83463401106	3.83463401106	2.9306658309	3.83463401106	6.18617697617	5.79763194526	6.18617697617	2.24452954381	2.2779140879	2.24452954381	6.18617697617	6.18617697617	0.0	5.79763194526	3.83463401106	0.0	6.18617697617	6.18617697617	6.18617697617	0.0	6.18617697617	6.18617697617	2.24452954381	2.9306658309	2.24452954381	2.24452954381	5.79763194526	6.18617697617	6.18617697617	2.24452954381	2.2779140879	2.24452954381	0.0
4.95502195836	6.18617697617	6.18617697617	6.18617697617	6.18617697617	6.18617697617	6.18617697617	8.44896637256	8.44896637256	6.18617697617	6.18617697617	7.0608460296	0.0	6.18617697617	0.0	6.18617697617	7.0608460296	0.0	8.44896637256	8.44896637256	8.00154048884	8.44896637256	0.0	7.0608460296	0.0	4.95502195836	4.94085730709	4.95502195836	0.0	0.0	6.18617697617	7.0608460296	8.44896637256	6.18617697617	0.0	0.0	0.0	6.18617697617	0.0	0.0	4.95502195836	8.00154048884	4.95502195836	4.95502195836	7.0608460296	0.0	0.0	4.95502195836	4.94085730709	4.95502195836	6.18617697617
4.95502195836	6.18617697617	6.18617697617	6.18617697617	6.18617697617	6.18617697617	6.18617697617	8.44896637256	8.44896637256	6.18617697617	6.18617697617	7.0608460296	0.0	6.18617697617	0.0	6.18617697617	7.0608460296	0.0	8.44896637256	8.44896637256	8.00154048884	8.44896637256	0.0	7.0608460296	0.0	4.95502195836	4.94085730709	4.95502195836	0.0	0.0	6.18617697617	7.0608460296	8.44896637256	6.18617697617	0.0	0.0	0.0	6.18617697617	0.0	0.0	4.95502195836	8.00154048884	4.95502195836	4.95502195836	7.0608460296	0.0	0.0	4.95502195836	4.94085730709	4.95502195836	6.18617697617
4.95502195836	6.18617697617	6.18617697617	6.18617697617	6.18617697617	6.18617697617	6.18617697617	8.44896637256	8.44896637256	6.18617697617	6.18617697617	7.0608460296	0.0	6.18617697617	0.0	6.18617697617	7.0608460296	0.0	8.44896637256	8.44896637256	8.00154048884	8.44896637256	0.0	7.0608460296	0.0	4.95502195836	4.94085730709	4.95502195836	0.0	0.0	6.18617697617	7.0608460296	8.44896637256	6.18617697617	0.0	0.0	0.0	6.18617697617	0.0	0.0	4.95502195836	8.00154048884	4.95502195836	4.95502195836	7.0608460296	0.0	0.0	4.95502195836	4.94085730709	4.95502195836	6.18617697617
2.24452954381	0.0	0.0	0.0	0.0	0.0	0.0	3.83463401106	3.83463401106	0.0	0.0	5.79763194526	6.18617697617	0.0	6.18617697617	0.0	5.79763194526	6.18617697617	3.83463401106	3.83463401106	2.9306658309	3.83463401106	6.18617697617	5.79763194526	6.18617697617	2.24452954381	2.2779140879	2.24452954381	6.18617697617	6.18617697617	0.0	5.79763194526	3.83463401106	0.0	6.18617697617	6.18617697617	6.18617697617	0.0	6.18617697617	6.18617697617	2.24452954381	2.9306658309	2.24452954381	2.24452954381	5.79763194526	6.18617697617	6.18617697617	2.24452954381	2.2779140879	2.24452954381	0.0
4.95502195836	6.18617697617	6.18617697617	6.18617697617	6.18617697617	6.18617697617	6.18617697617	8.44896637256	8.44896637256	6.18617697617	6.18617697617	7.0608460296	0.0	6.18617697617	0.0	6.18617697617	7.0608460296	0.0	8.44896637256	8.44896637256	8.00154048884	8.44896637256	0.0	7.0608460296	0.0	4.95502195836	4.94085730709	4.95502195836	0.0	0.0	6.18617697617	7.0608460296	8.44896637256	6.18617697617	0.0	0.0	0.0	6.18617697617	0.0	0.0	4.95502195836	8.00154048884	4.95502195836	4.95502195836	7.0608460296	0.0	0.0	4.95502195836	4.94085730709	4.95502195836	6.18617697617
4.95502195836	6.18617697617	6.18617697617	6.18617697617	6.18617697617	6.18617697617	6.18617697617	8.44896637256	8.44896637256	6.18617697617	6.18617697617	7.0608460296	0.0	6.18617697617	0.0	6.18617697617	7.0608460296	0.0	8.44896637256	8.44896637256	8.00154048884	8.44896637256	0.0	7.0608460296	0.0	4.95502195836	4.94085730709	4.95502195836	0.0	0.0	6.18617697617	7.0608460296	8.44896637256	6.18617697617	0.0	0.0	0.0	6.18617697617	0.0	0.0	4.95502195836	8.00154048884	4.95502195836	4.95502195836	7.0608460296	0.0	0.0	4.95502195836	4.94085730709	4.95502195836	6.18617697617
0.0	2.24452954381	2.24452954381	2.24452954381	2.24452954381	2.24452954381	2.24452954381	4.50422536463	4.50422536463	2.24452954381	2.24452954381	4.60207045019	4.95502195836	2.24452954381	4.95502195836	2.24452954381	4.60207045019	4.95502195836	4.50422536463	4.50422536463	4.06223083231	4.50422536463	4.95502195836	4.60207045019	4.95502195836	0.0	0.594193073983	0.0	4.95502195836	4.95502195836	2.24452954381	4.60207045019	4.50422536463	2.24452954381	4.95502195836	4.95502195836	4.95502195836	2.24452954381	4.95502195836	4.95502195836	0.0	4.06223083231	0.0	0.0	4.60207045019	4.95502195836	4.95502195836	0.0	0.594193073983	0.0	2.24452954381
4.06223083231	2.9306658309	2.9306658309	2.9306658309	2.9306658309	2.9306658309	2.9306658309	5.09861807619	5.09861807619	2.9306658309	2.9306658309	7.61235644014	8.00154048884	2.9306658309	8.00154048884	2.9306658309	7.61235644014	8.00154048884	5.09861807619	5.09861807619	0.0	5.09861807619	8.00154048884	7.61235644014	8.00154048884	4.06223083231	4.09552409293	4.06223083231	8.00154048884	8.00154048884	2.9306658309	7.61235644014	5.09861807619	2.9306658309	8.00154048884	8.00154048884	8.00154048884	2.9306658309	8.00154048884	8.00154048884	4.06223083231	0.0	4.06223083231	4.06223083231	7.61235644014	8.00154048884	8.00154048884	4.06223083231	4.09552409293	4.06223083231	2.9306658309
0.0	2.24452954381	2.24452954381	2.24452954381	2.24452954381	2.24452954381	2.24452954381	4.50422536463	4.50422536463	2.24452954381	2.24452954381	4.60207045019	4.95502195836	2.24452954381	4.95502195836	2.24452954381	4.60207045019	4.95502195836	4.50422536463	4.50422536463	4.06223083231	4.50422536463	4.95502195836	4.60207045019	4.95502195836	0.0	0.594193073983	0.0	4.95502195836	4.95502195836	2.24452954381	4.60207045019	4.50422536463	2.24452954381	4.95502195836	4.95502195836	4.95502195836	2.24452954381	4.95502195836	4.95502195836	0.0	4.06223083231	0.0	0.0	4.60207045019	4.95502195836	4.95502195836	0.0	0.594193073983	0.0	2.24452954381
0.0	2.24452954381	2.24452954381	2.24452954381	2.24452954381	2.24452954381	2.24452954381	4.50422536463	4.50422536463	2.24452954381	2.24452954381	4.60207045019	4.95502195836	2.24452954381	4.95502195836	2.24452954381	4.60207045019	4.95502195836	4.50422536463	4.50422536463	4.06223083231	4.50422536463	4.95502195836	4.60207045019	4.95502195836	0.0	0.594193073983	0.0	4.95502195836	4.95502195836	2.24452954381	4.60207045019	4.50422536463	2.24452954381	4.95502195836	4.95502195836	4.95502195836	2.24452954381	4.95502195836	4.95502195836	0.0	4.06223083231	0.0	0.0	4.60207045019	4.95502195836	4.95502195836	0.0	0.594193073983	0.0	2.24452954381
4.60207045019	5.79763194526	5.79763194526	5.79763194526	5.79763194526	5.79763194526	5.79763194526	8.06134655079	8.06134655079	5.79763194526	5.79763194526	0.0	7.0608460296	5.79763194526	7.0608460296	5.79763194526	0.0	7.0608460296	8.06134655079	8.06134655079	7.61235644014	8.06134655079	7.0608460296	0.0	7.0608460296	4.60207045019	4.59433005383	4.60207045019	7.0608460296	7.0608460296	5.79763194526	0.0	8.06134655079	5.79763194526	7.0608460296	7.0608460296	7.0608460296	5.79763194526	7.0608460296	7.0608460296	4.60207045019	7.61235644014	4.60207045019	4.60207045019	0.0	7.0608460296	7.0608460296	4.60207045019	4.59433005383	4.60207045019	5.79763194526
4.95502195836	6.18617697617	6.18617697617	6.18617697617	6.18617697617	6.18617697617	6.18617697617	8.44896637256	8.44896637256	6.18617697617	6.18617697617	7.0608460296	0.0	6.18617697617	0.0	6.18617697617	7.0608460296	0.0	8.44896637256	8.44896637256	8.00154048884	8.44896637256	0.0	7.0608460296	0.0	4.95502195836	4.94085730709	4.95502195836	0.0	0.0	6.18617697617	7.0608460296	8.44896637256	6.18617697617	0.0	0.0	0.0	6.18617697617	0.0	0.0	4.95502195836	8.00154048884	4.95502195836	4.95502195836	7.0608460296	0.0	0.0	4.95502195836	4.94085730709	4.95502195836	6.18617697617
4.95502195836	6.18617697617	6.18617697617	6.18617697617	6.18617697617	6.18617697617	6.18617697617	8.44896637256	8.44896637256	6.18617697617	6.18617697617	7.0608460296	0.0	6.18617697617	0.0	6.18617697617	7.0608460296	0.0	8.44896637256	8.44896637256	8.00154048884	8.44896637256	0.0	7.0608460296	0.0	4.95502195836	4.94085730709	4.95502195836	0.0	0.0	6.18617697617	7.0608460296	8.44896637256	6.18617697617	0.0	0.0	0.0	6.18617697617	0.0	0.0	4.95502195836	8.00154048884	4.95502195836	4.95502195836	7.0608460296	0.0	0.0	4.95502195836	4.94085730709	4.95502195836	6.18617697617
0.0	2.24452954381	2.24452954381	2.24452954381	2.24452954381	2.24452954381	2.24452954381	4.50422536463	4.50422536463	2.24452954381	2.24452954381	4.60207045019	4.95502195836	2.24452954381	4.95502195836	2.24452954381	4.60207045019	4.95502195836	4.50422536463	4.50422536463	4.06223083231	4.50422536463	4.95502195836	4.60207045019	4.95502195836	0.0	0.594193073983	0.0	4.95502195836	4.95502195836	2.24452954381	4.60207045019	4.50422536463	2.24452954381	4.95502195836	4.95502195836	4.95502195836	2.24452954381	4.95502195836	4.95502195836	0.0	4.06223083231	0.0	0.0	4.60207045019	4.95502195836	4.95502195836	0.0	0.594193073983	0.0	2.24452954381
0.594193073983	2.2779140879	2.2779140879	2.2779140879	2.2779140879	2.2779140879	2.2779140879	4.53787916593	4.53787916593	2.2779140879	2.2779140879	4.59433005383	4.94085730709	2.2779140879	4.94085730709	2.2779140879	4.59433005383	4.94085730709	4.53787916593	4.53787916593	4.09552409293	4.53787916593	4.94085730709	4.59433005383	4.94085730709	0.594193073983	0.0	0.594193073983	4.94085730709	4.94085730709	2.2779140879	4.59433005383	4.53787916593	2.2779140879	4.94085730709	4.94085730709	4.94085730709	2.2779140879	4.94085730709	4.94085730709	0.594193073983	4.09552409293	0.594193073983	0.594193073983	4.59433005383	4.94085730709	4.94085730709	0.594193073983	0.0	0.594193073983	2.2779140879
0.0	2.24452954381	2.24452954381	2.24452954381	2.24452954381	2.24452954381	2.24452954381	4.50422536463	4.50422536463	2.24452954381	2.24452954381	4.60207045019	4.95502195836	2.24452954381	4.95502195836	2.24452954381	4.60207045019	4.95502195836	4.50422536463	4.50422536463	4.06223083231	4.50422536463	4.95502195836	4.60207045019	4.95502195836	0.0	0.594193073983	0.0	4.95502195836	4.95502195836	2.24452954381	4.60207045019	4.50422536463	2.24452954381	4.95502195836	4.95502195836	4.95502195836	2.24452954381	4.95502195836	4.95502195836	0.0	4.06223083231	0.0	0.0	4.60207045019	4.95502195836	4.95502195836	0.0	0.594193073983	0.0	2.24452954381
2.24452954381	0.0	0.0	0.0	0.0	0.0	0.0	3.83463401106	3.83463401106	0.0	0.0	5.79763194526	6.18617697617	0.0	6.18617697617	0.0	5.79763194526	6.18617697617	3.83463401106	3.83463401106	2.9306658309	3.83463401106	6.18617697617	5.79763194526	6.18617697617	2.24452954381	2.2779140879	2.24452954381	6.18617697617	6.18617697617	0.0	5.79763194526	3.83463401106	0.0	6.18617697617	6.18617697617	6.18617697617	0.0	6.18617697617	6.18617697617	2.24452954381	2.9306658309	2.24452954381	2.24452954381	5.79763194526	6.18617697617	6.18617697617	2.24452954381	2.2779140879	2.24452954381	0.0