0.0	9.47075563879	9.47075563879	9.47075563879	9.47075563879	9.47075563879	9.47075563879	10.7851554746	10.7851554746	9.47075563879	9.47075563879	11.6555128497	12.2536741137	9.47075563879	12.2536741137	9.47075563879	11.6555128497	12.2536741137	10.7851554746	10.7851554746	10.9723236495	10.7851554746	12.2536741137	11.6555128497	12.2536741137	0.0	5.67124826867	0.0	12.2536741137	12.2536741137	9.47075563879	11.6555128497	10.7851554746	9.47075563879	12.2536741137	12.2536741137	12.2536741137	9.47075563879	12.2536741137	12.2536741137	0.0	10.9723236495	0.0	0.0	11.6555128497	12.2536741137	12.2536741137	0.0	5.67124826867	0.0	9.47075563879
9.47075563879	0.0	0.0	0.0	0.0	0.0	0.0	9.80836476484	9.80836476484	0.0	0.0	13.168671047	13.7680651375	0.0	13.7680651375	0.0	13.168671047	13.7680651375	9.80836476484	9.80836476484	8.53138148478	9.80836476484	13.7680651375	13.168671047	13.7680651375	9.47075563879	9.69595438898	9.47075563879	13.7680651375	13.7680651375	0.0	13.168671047	9.80836476484	0.0	13.7680651375	13.7680651375	13.7680651375	0.0	13.7680651375	13.7680651375	9.47075563879	8.53138148478	9.47075563879	9.47075563879	13.168671047	13.7680651375	13.7680651375	9.47075563879	9.69595438898	9.47075563879	0.0
9.47075563879	0.0	0.0	0.0	0.0	0.0	0.0	9.80836476484	9.80836476484	0.0	0.0	13.168671047	13.7680651375	0.0	13.7680651375	0.0	13.168671047	13.7680651375	9.80836476484	9.80836476484	8.53138148478	9.80836476484	13.7680651375	13.168671047	13.7680651375	9.47075563879	9.69595438898	9.47075563879	13.7680651375	13.7680651375	0.0	13.168671047	9.80836476484	0.0	13.7680651375	13.7680651375	13.7680651375	0.0	13.7680651375	13.7680651375	9.47075563879	8.53138148478	9.47075563879	9.47075563879	13.168671047	13.7680651375	13.7680651375	9.47075563879	9.69595438898	9.47075563879	0.0
9.47075563879	0.0	0.0	0.0	0.0	0.0	0.0	9.80836476484	9.80836476484	0.0	0.0	13.168671047	13.7680651375	0.0	13.7680651375	0.0	13.168671047	13.7680651375	9.80836476484	9.80836476484	8.53138148478	9.80836476484	13.7680651375	13.168671047	13.7680651375	9.47075563879	9.69595438898	9.47075563879	13.7680651375	13.7680651375	0.0	13.168671047	9.80836476484	0.0	13.7680651375	13.7680651375	13.7680651375	0.0	13.7680651375	13.7680651375	9.47075563879	8.53138148478	9.47075563879	9.47075563879	13.168671047	13.7680651375	13.7680651375	9.47075563879	9.69595438898	9.47075563879	0.0
9.47075563879	0.0	0.0	0.0	0.0	0.0	0.0	9.80836476484	9.80836476484	0.0	0.0	13.168671047	13.7680651375	0.0	13.7680651375	0.0	13.168671047	13.7680651375	9.80836476484	9.80836476484	8.53138148478	9.80836476484	13.7680651375	13.168671047	13.7680651375	9.47075563879	9.69595438898	9.47075563879	13.7680651375	13.7680651375	0.0	13.168671047	9.80836476484	0.0	13.7680651375	13.7680651375	13.7680651375	0.0	13.7680651375	13.7680651375	9.47075563879	8.53138148478	9.47075563879	9.47075563879	13.168671047	13.7680651375	13.7680651375	9.47075563879	9.69595438898	9.47075563879	0.0
9.47075563879	0.0	0.0	0.0	0.0	0.0	0.0	9.80836476484	9.80836476484	0.0	0.0	13.168671047	13.7680651375	0.0	13.7680651375	0.0	13.168671047	13.7680651375	9.80836476484	9.80836476484	8.53138148478	9.80836476484	13.7680651375	13.168671047	13.7680651375	9.47075563879	9.69595438898	9.47075563879	13.7680651375	13.7680651375	0.0	13.168671047	9.80836476484	0.0	13.7680651375	13.7680651375	13.7680651375	0.0	13.7680651375	13.7680651375	9.47075563879	8.53138148478	9.47075563879	9.47075563879	13.168671047	13.7680651375	13.7680651375	9.47075563879	9.69595438898	9.47075563879	0.0
9.47075563879	0.0	0.0	0.0	0.0	0.0	0.0	9.80836476484	9.80836476484	0.0	0.0	13.168671047	13.7680651375	0.0	13.7680651375	0.0	13.168671047	13.7680651375	9.80836476484	9.80836476484	8.53138148478	9.80836476484	13.7680651375	13.168671047	13.7680651375	9.47075563879	9.69595438898	9.47075563879	13.7680651375	13.7680651375	0.0	13.168671047	9.80836476484	0.0	13.7680651375	13.7680651375	13.7680651375	0.0	13.7680651375	13.7680651375	9.47075563879	8.53138148478	9.47075563879	9.47075563879	13.168671047	13.7680651375	13.7680651375	9.47075563879	9.69595438898	9.47075563879	0.0
10.7851554746	9.80836476484	9.80836476484	9.80836476484	9.80836476484	9.80836476484	9.80836476484	0.0	0.0	9.80836476484	9.80836476484	14.4829450088	15.0823760802	9.80836476484	15.0823760802	9.80836476484	14.4829450088	15.0823760802	0.0	0.0	9.72037753846	0.0	15.0823760802	14.4829450088	15.0823760802	10.7851554746	11.0103455544	10.7851554746	15.0823760802	15.0823760802	9.80836476484	14.4829450088	0.0	9.80836476484	15.0823760802	15.0823760802	15.0823760802	9.80836476484	15.0823760802	15.0823760802	10.7851554746	9.72037753846	10.7851554746	10.7851554746	14.4829450088	15.0823760802	15.0823760802	10.7851554746	11.0103455544	10.7851554746	9.80836476484
10.7851554746	9.80836476484	9.80836476484	9.80836476484	9.80836476484	9.80836476484	9.80836476484	0.0	0.0	9.80836476484	9.80836476484	14.4829450088	15.0823760802	9.80836476484	15.0823760802	9.80836476484	14.4829450088	15.0823760802	0.0	0.0	9.72037753846	0.0	15.0823760802	14.4829450088	15.0823760802	10.7851554746	11.0103455544	10.7851554746	15.0823760802	15.0823760802	9.80836476484	14.4829450088	0.0	9.80836476484	15.0823760802	15.0823760802	15.0823760802	9.80836476484	15.0823760802	15.0823760802	10.7851554746	9.72037753846	10.7851554746	10.7851554746	14.4829450088	15.0823760802	15.0823760802	10.7851554746	11.0103455544	10.7851554746	9.80836476484
9.47075563879	0.0	0.0	0.0	0.0	0.0	0.0	9.80836476484	9.80836476484	0.0	0.0	13.168671047	13.7680651375	0.0	13.7680651375	0.0	13.168671047	13.7680651375	9.80836476484	9.80836476484	8.53138148478	9.80836476484	13.7680651375	13.168671047	13.7680651375	9.47075563879	9.69595438898	9.47075563879	13.7680651375	13.7680651375	0.0	13.168671047	9.80836476484	0.0	13.7680651375	13.7680651375	13.7680651375	0.0	13.7680651375	13.7680651375	9.47075563879	8.53138148478	9.47075563879	9.47075563879	13.168671047	13.7680651375	13.7680651375	9.47075563879	9.69595438898	9.47075563879	0.0
9.47075563879	0.0	0.0	0.0	0.0	0.0	0.0	9.80836476484	9.80836476484	0.0	0.0	13.168671047	13.7680651375	0.0	13.7680651375	0.0	13.168671047	13.7680651375	9.80836476484	9.80836476484	8.53138148478	9.80836476484	13.7680651375	13.168671047	13.7680651375	9.47075563879	9.69595438898	9.47075563879	13.7680651375	13.7680651375	0.0	13.168671047	9.80836476484	0.0	13.7680651375	13.7680651375	13.7680651375	0.0	13.7680651375	13.7680651375	9.47075563879	8.53138148478	9.47075563879	9.47075563879	13.168671047	13.7680651375	13.7680651375	9.47075563879	9.69595438898	9.47075563879	0.0
11.6555128497	13.168671047	13.168671047	13.168671047	13.168671047	13.168671047	13.168671047	14.4829450088	14.4829450088	13.168671047	13.168671047	0.0	13.6274447232	13.168671047	13.6274447232	13.168671047	0.0	13.6274447232	14.4829450088	14.4829450088	14.6699023614	14.4829450088	13.6274447232	0.0	13.6274447232	11.6555128497	11.8712785067	11.6555128497	13.6274447232	13.6274447232	13.168671047	0.0	14.4829450088	13.168671047	13.6274447232	13.6274447232	13.6274447232	13.168671047	13.6274447232	13.6274447232	11.6555128497	14.6699023614	11.6555128497	11.6555128497	0.0	13.6274447232	13.6274447232	11.6555128497	11.8712785067	11.6555128497	13.168671047
12.2536741137	13.7680651375	13.7680651375	13.7680651375	13.7680651375	13.7680651375	13.7680651375	15.0823760802	15.0823760802	13.7680651375	13.7680651375	13.6274447232	0.0	13.7680651375	0.0	13.7680651375	13.6274447232	0.0	15.0823760802	15.0823760802	15.2694168175	15.0823760802	0.0	13.6274447232	0.0	12.2536741137	12.4690362482	12.2536741137	0.0	0.0	13.7680651375	13.6274447232	15.0823760802	13.7680651375	0.0	0.0	0.0	13.7680651375	0.0	0.0	12.2536741137	15.2694168175	12.2536741137	12.2536741137	13.6274447232	0.0	0.0	12.2536741137	12.4690362482	12.2536741137	13.7680651375
9.47075563879	0.0	0.0	0.0	0.0	0.0	0.0	9.80836476484	9.80836476484	0.0	0.0	13.168671047	13.7680651375	0.0	13.7680651375	0.0	13.168671047	13.7680651375	9.80836476484	9.80836476484	8.53138148478	9.80836476484	13.7680651375	13.168671047	13.7680651375	9.47075563879	9.69595438898	9.47075563879	13.7680651375	13.7680651375	0.0	13.168671047	9.80836476484	0.0	13.7680651375	13.7680651375	13.7680651375	0.0	13.7680651375	13.7680651375	9.47075563879	8.53138148478	9.47075563879	9.47075563879	13.168671047	13.7680651375	13.7680651375	9.47075563879	9.69595438898	9.47075563879	0.0
12.2536741137	13.7680651375	13.7680651375	13.7680651375	13.7680651375	13.7680651375	13.7680651375	15.0823760802	15.0823760802	13.7680651375	13.7680651375	13.6274447232	0.0	13.7680651375	0.0	13.7680651375	13.6274447232	0.0	15.0823760802	15.0823760802	15.2694168175	15.0823760802	0.0	13.6274447232	0.0	12.2536741137	12.4690362482	12.2536741137	0.0	0.0	13.7680651375	13.6274447232	15.0823760802	13.7680651375	0.0	0.0	0.0	13.7680651375	0.0	0.0	12.2536741137	15.2694168175	12.2536741137	12.2536741137	13.6274447232	0.0	0.0	12.2536741137	12.4690362482	12.2536741137	13.7680651375
9.47075563879	0.0	0.0	0.0	0.0	0.0	0.0	9.80836476484	9.80836476484	0.0	0.0	13.168671047	13.7680651375	0.0	13.7680651375	0.0	13.168671047	13.7680651375	9.80836476484	9.80836476484	8.53138148478	9.80836476484	13.7680651375	13.168671047	13.7680651375	9.47075563879	9.69595438898	9.47075563879	13.7680651375	13.7680651375	0.0	13.168671047	9.80836476484	0.0	13.7680651375	13.7680651375	13.7680651375	0.0	13.7680651375	13.7680651375	9.47075563879	8.53138148478	9.47075563879	9.47075563879	13.168671047	13.7680651375	13.7680651375	9.47075563879	9.69595438898	9.47075563879	0.0
11.6555128497	13.168671047	13.168671047	13.168671047	13.168671047	13.168671047	13.168671047	14.4829450088	14.4829450088	13.168671047	13.168671047	0.0	13.6274447232	13.168671047	13.6274447232	13.168671047	0.0	13.6274447232	14.4829450088	14.4829450088	14.6699023614	14.4829450088	13.6274447232	0.0	13.6274447232	11.6555128497	11.8712785067	11.6555128497	13.6274447232	13.6274447232	13.168671047	0.0	14.4829450088	13.168671047	13.6274447232	13.6274447232	13.6274447232	13.168671047	13.6274447232	13.6274447232	11.6555128497	14.6699023614	11.6555128497	11.6555128497	0.0	13.6274447232	13.6274447232	11.6555128497	11.8712785067	11.6555128497	13.168671047
12.2536741137	13.7680651375	13.7680651375	13.7680651375	13.7680651375	13.7680651375	13.7680651375	15.0823760802	15.0823760802	13.7680651375	13.7680651375	13.6274447232	0.0	13.7680651375	0.0	13.7680651375	13.6274447232	0.0	15.0823760802	15.0823760802	15.2694168175	15.0823760802	0.0	13.6274447232	0.0	12.2536741137	12.4690362482	12.2536741137	0.0	0.0	13.7680651375	13.6274447232	15.0823760802	13.7680651375	0.0	0.0	0.0	13.7680651375	0.0	0.0	12.2536741137	15.2694168175	12.2536741137	12.2536741137	13.6274447232	0.0	0.0	12.2536741137	12.4690362482	12.2536741137	13.7680651375
10.7851554746	9.80836476484	9.80836476484	9.80836476484	9.80836476484	9.80836476484	9.80836476484	0.0	0.0	9.80836476484	9.80836476484	14.4829450088	15.0823760802	9.80836476484	15.0823760802	9.80836476484	14.4829450088	15.0823760802	0.0	0.0	9.72037753846	0.0	15.0823760802	14.4829450088	15.0823760802	10.7851554746	11.0103455544	10.7851554746	15.0823760802	15.0823760802	9.80836476484	14.4829450088	0.0	9.80836476484	15.0823760802	15.0823760802	15.0823760802	9.80836476484	15.0823760802	15.0823760802	10.7851554746	9.72037753846	10.7851554746	10.7851554746	14.4829450088	15.0823760802	15.0823760802	10.7851554746	11.0103455544	10.7851554746	9.80836476484
10.7851554746	9.80836476484	9.80836476484	9.80836476484	9.80836476484	9.80836476484	9.80836476484	0.0	0.0	9.80836476484	9.80836476484	14.4829450088	15.0823760802	9.80836476484	15.0823760802	9.80836476484	14.4829450088	15.0823760802	0.0	0.0	9.72037753846	0.0	15.0823760802	14.4829450088	15.0823760802	10.7851554746	11.0103455544	10.7851554746	15.0823760802	15.0823760802	9.80836476484	14.4829450088	0.0	9.80836476484	15.0823760802	15.0823760802	15.0823760802	9.80836476484	15.0823760802	15.0823760802	10.7851554746	9.72037753846	10.7851554746	10.7851554746	14.4829450088	15.0823760802	15.0823760802	10.7851554746	11.0103455544	10.7851554746	9.80836476484
10.9723236495	8.53138148478	8.53138148478	8.53138148478	8.53138148478	8.53138148478	8.53138148478	9.72037753846	9.72037753846	8.53138148478	8.53138148478	14.6699023614	15.2694168175	8.53138148478	15.2694168175	8.53138148478	14.6699023614	15.2694168175	9.72037753846	9.72037753846	0.0	9.72037753846	15.2694168175	14.6699023614	15.2694168175	10.9723236495	11.1975007108	10.9723236495	15.2694168175	15.2694168175	8.53138148478	14.6699023614	9.72037753846	8.53138148478	15.2694168175	15.2694168175	15.2694168175	8.53138148478	15.2694168175	15.2694168175	10.9723236495	0.0	10.9723236495	10.9723236495	14.6699023614	15.2694168175	15.2694168175	10.9723236495	11.1975007108	10.9723236495	8.53138148478
10.7851554746	9.80836476484	9.80836476484	9.80836476484	9.80836476484	9.80836476484	9.80836476484	0.0	0.0	9.80836476484	9.80836476484	14.4829450088	15.0823760802	9.80836476484	15.0823760802	9.80836476484	14.4829450088	15.0823760802	0.0	0.0	9.72037753846	0.0	15.0823760802	14.4829450088	15.0823760802	10.7851554746	11.0103455544	10.7851554746	15.0823760802	15.0823760802	9.80836476484	14.4829450088	0.0	9.80836476484	15.0823760802	15.0823760802	15.0823760802	9.80836476484	15.0823760802	15.0823760802	10.7851554746	9.72037753846	10.7851554746	10.7851554746	14.4829450088	15.0823760802	15.0823760802	10.7851554746	11.0103455544	10.7851554746	9.80836476484
12.2536741137	13.7680651375	13.7680651375	13.7680651375	13.7680651375	13.7680651375	13.7680651375	15.0823760802	15.0823760802	13.7680651375	13.7680651375	13.6274447232	0.0	13.7680651375	0.0	13.7680651375	13.6274447232	0.0	15.0823760802	15.0823760802	15.2694168175	15.0823760802	0.0	13.6274447232	0.0	12.2536741137	12.4690362482	12.2536741137	0.0	0.0	13.7680651375	13.6274447232	15.0823760802	13.7680651375	0.0	0.0	0.0	13.7680651375	0.0	0.0	12.2536741137	15.2694168175	12.2536741137	12.2536741137	13.6274447232	0.0	0.0	12.2536741137	12.4690362482	12.2536741137	13.7680651375
11.6555128497	13.168671047	13.168671047	13.168671047	13.168671047	13.168671047	13.168671047	14.4829450088	14.4829450088	13.168671047	13.168671047	0.0	13.6274447232	13.168671047	13.6274447232	13.168671047	0.0	13.6274447232	14.4829450088	14.4829450088	14.6699023614	14.4829450088	13.6274447232	0.0	13.6274447232	11.6555128497	11.8712785067	11.6555128497	13.6274447232	13.6274447232	13.168671047	0.0	14.4829450088	13.168671047	13.6274447232	13.6274447232	13.6274447232	13.168671047	13.6274447232	13.6274447232	11.6555128497	14.6699023614	11.6555128497	11.6555128497	0.0	13.6274447232	13.6274447232	11.6555128497	11.8712785067	11.6555128497	13.168671047
12.2536741137	13.7680651375	13.7680651375	13.7680651375	13.7680651375	13.7680651375	13.7680651375	15.0823760802	15.0823760802	13.7680651375	13.7680651375	13.6274447232	0.0	13.7680651375	0.0	13.7680651375	13.6274447232	0.0	15.0823760802	15.0823760802	15.2694168175	15.0823760802	0.0	13.6274447232	0.0	12.2536741137	12.4690362482	12.2536741137	0.0	0.0	13.7680651375	13.6274447232	15.0823760802	13.7680651375	0.0	0.0	0.0	13.7680651375	0.0	0.0	12.2536741137	15.2694168175	12.2536741137	12.2536741137	13.6274447232	0.0	0.0	12.2536741137	12.4690362482	12.2536741137	13.7680651375
0.0	9.47075563879	9.47075563879	9.47075563879	9.47075563879	9.47075563879	9.47075563879	10.7851554746	10.7851554746	9.47075563879	9.47075563879	11.6555128497	12.2536741137	9.47075563879	12.2536741137	9.47075563879	11.6555128497	12.2536741137	10.7851554746	10.7851554746	10.9723236495	10.7851554746	12.2536741137	11.6555128497	12.2536741137	0.0	5.67124826867	0.0	12.2536741137	12.2536741137	9.47075563879	11.6555128497	10.7851554746	9.47075563879	12.2536741137	12.2536741137	12.2536741137	9.47075563879	12.2536741137	12.2536741137	0.0	10.9723236495	0.0	0.0	11.6555128497	12.2536741137	12.2536741137	0.0	5.67124826867	0.0	9.47075563879
5.67124826867	9.69595438898	9.69595438898	9.69595438898	9.69595438898	9.69595438898	9.69595438898	11.0103455544	11.0103455544	9.69595438898	9.69595438898	11.8712785067	12.4690362482	9.69595438898	12.4690362482	9.69595438898	11.8712785067	12.4690362482	11.0103455544	11.0103455544	11.1975007108	11.0103455544	12.4690362482	11.8712785067	12.4690362482	5.67124826867	0.0	5.67124826867	12.4690362482	12.4690362482	9.69595438898	11.8712785067	11.0103455544	9.69595438898	12.4690362482	12.4690362482	12.4690362482	9.69595438898	12.4690362482	12.4690362482	5.67124826867	11.1975007108	5.67124826867	5.67124826867	11.8712785067	12.4690362482	12.4690362482	5.67124826867	0.0	5.67124826867	9.69595438898
0.0	9.47075563879	9.47075563879	9.47075563879	9.47075563879	9.47075563879	9.47075563879	10.7851554746	10.7851554746	9.47075563879	9.47075563879	11.6555128497	12.2536741137	9.47075563879	12.2536741137	9.47075563879	11.6555128497	12.2536741137	10.7851554746	10.7851554746	10.9723236495	10.7851554746	12.2536741137	11.6555128497	12.2536741137	0.0	5.67124826867	0.0	12.2536741137	12.2536741137	9.47075563879	11.6555128497	10.7851554746	9.47075563879	12.2536741137	12.2536741137	12.2536741137	9.47075563879	12.2536741137	12.2536741137	0.0	10.9723236495	0.0	0.0	11.6555128497	12.2536741137	12.2536741137	0.0	5.67124826867	0.0	9.47075563879
12.2536741137	13.7680651375	13.7680651375	13.7680651375	13.7680651375	13.7680651375	13.7680651375	15.0823760802	15.0823760802	13.7680651375	13.7680651375	13.6274447232	0.0	13.7680651375	0.0	13.7680651375	13.6274447232	0.0	15.0823760802	15.0823760802	15.2694168175	15.0823760802	0.0	13.6274447232	0.0	12.2536741137	12.4690362482	12.2536741137	0.0	0.0	13.7680651375	13.6274447232	15.0823760802	13.7680651375	0.0	0.0	0.0	13.7680651375	0.0	0.0	12.2536741137	15.2694168175	12.2536741137	12.2536741137	13.6274447232	0.0	0.0	12.2536741137	12.4690362482	12.2536741137	13.7680651375
12.2536741137	13.7680651375	13.7680651375	13.7680651375	13.7680651375	13.7680651375	13.7680651375	15.0823760802	15.0823760802	13.7680651375	13.7680651375	13.6274447232	0.0	13.7680651375	0.0	13.7680651375	13.6274447232	0.0	15.0823760802	15.0823760802	15.2694168175	15.0823760802	0.0	13.6274447232	0.0	12.2536741137	12.4690362482	12.2536741137	0.0	0.0	13.7680651375	13.6274447232	15.0823760802	13.7680651375	0.0	0.0	0.0	13.7680651375	0.0	0.0	12.2536741137	15.2694168175	12.2536741137	12.2536741137	13.6274447232	0.0	0.0	12.2536741137	12.4690362482	12.2536741137	13.7680651375
9.47075563879	0.0	0.0	0.0	0.0	0.0	0.0	9.80836476484	9.80836476484	0.0	0.0	13.168671047	13.7680651375	0.0	13.7680651375	0.0	13.168671047	13.7680651375	9.80836476484	9.80836476484	8.53138148478	9.80836476484	13.7680651375	13.168671047	13.7680651375	9.47075563879	9.69595438898	9.47075563879	13.7680651375	13.7680651375	0.0	13.168671047	9.80836476484	0.0	13.7680651375	13.7680651375	13.7680651375	0.0	13.7680651375	13.7680651375	9.47075563879	8.53138148478	9.47075563879	9.47075563879	13.168671047	13.7680651375	13.7680651375	9.47075563879	9.69595438898	9.47075563879	0.0
11.6555128497	13.168671047	13.168671047	13.168671047	13.168671047	13.168671047	13.168671047	14.4829450088	14.4829450088	13.168671047	13.168671047	0.0	13.6274447232	13.168671047	13.6274447232	13.168671047	0.0	13.6274447232	14.4829450088	14.4829450088	14.6699023614	14.4829450088	13.6274447232	0.0	13.6274447232	11.6555128497	11.8712785067	11.6555128497	13.6274447232	13.6274447232	13.168671047	0.0	14.4829450088	13.168671047	13.6274447232	13.6274447232	13.6274447232	13.168671047	13.6274447232	13.6274447232	11.6555128497	14.6699023614	11.6555128497	11.6555128497	0.0	13.6274447232	13.6274447232	11.6555128497	11.8712785067	11.6555128497	13.168671047
10.7851554746	9.80836476484	9.80836476484	9.80836476484	9.80836476484	9.80836476484	9.80836476484	0.0	0.0	9.80836476484	9.80836476484	14.4829450088	15.0823760802	9.80836476484	15.0823760802	9.80836476484	14.4829450088	15.0823760802	0.0	0.0	9.72037753846	0.0	15.0823760802	14.4829450088	15.0823760802	10.7851554746	11.0103455544	10.7851554746	15.0823760802	15.0823760802	9.80836476484	14.4829450088	0.0	9.80836476484	15.0823760802	15.0823760802	15.0823760802	9.80836476484	15.0823760802	15.0823760802	10.7851554746	9.72037753846	10.7851554746	10.7851554746	14.4829450088	15.0823760802	15.0823760802	10.7851554746	11.0103455544	10.7851554746	9.80836476484
9.47075563879	0.0	0.0	0.0	0.0	0.0	0.0	9.80836476484	9.80836476484	0.0	0.0	13.168671047	13.7680651375	0.0	13.7680651375	0.0	13.168671047	13.7680651375	9.80836476484	9.80836476484	8.53138148478	9.80836476484	13.7680651375	13.168671047	13.7680651375	9.47075563879	9.69595438898	9.47075563879	13.7680651375	13.7680651375	0.0	13.168671047	9.80836476484	0.0	13.7680651375	13.7680651375	13.7680651375	0.0	13.7680651375	13.7680651375	9.47075563879	8.53138148478	9.47075563879	9.47075563879	13.168671047	13.7680651375	13.7680651375	9.47075563879	9.69595438898	9.47075563879	0.0
12.2536741137	13.7680651375	13.7680651375	13.7680651375	13.7680651375	13.7680651375	13.7680651375	15.0823760802	15.0823760802	13.7680651375	13.7680651375	13.6274447232	0.0	13.7680651375	0.0	13.7680651375	13.6274447232	0.0	15.0823760802	15.0823760802	15.2694168175	15.0823760802	0.0	13.6274447232	0.0	12.2536741137	12.4690362482	12.2536741137	0.0	0.0	13.7680651375	13.6274447232	15.0823760802	13.7680651375	0.0	0.0	0.0	13.7680651375	0.0	0.0	12.2536741137	15.2694168175	12.2536741137	12.2536741137	13.6274447232	0.0	0.0	12.2536741137	12.4690362482	12.2536741137	13.7680651375
12.2536741137	13.7680651375	13.7680651375	13.7680651375	13.7680651375	13.7680651375	13.7680651375	15.0823760802	15.0823760802	13.7680651375	13.7680651375	13.6274447232	0.0	13.7680651375	0.0	13.7680651375	13.6274447232	0.0	15.0823760802	15.0823760802	15.2694168175	15.0823760802	0.0	13.6274447232	0.0	12.2536741137	12.4690362482	12.2536741137	0.0	0.0	13.7680651375	13.6274447232	15.0823760802	13.7680651375	0.0	0.0	0.0	13.7680651375	0.0	0.0	12.2536741137	15.2694168175	12.2536741137	12.2536741137	13.6274447232	0.0	0.0	12.2536741137	12.4690362482	12.2536741137	13.7680651375
12.2536741137	13.7680651375	13.7680651375	13.7680651375	13.7680651375	13.7680651375	13.7680651375	15.0823760802	15.0823760802	13.7680651375	13.7680651375	13.6274447232	0.0	13.7680651375	0.0	13.7680651375	13.6274447232	0.0	15.0823760802	15.0823760802	15.2694168175	15.0823760802	0.0	13.6274447232	0.0	12.2536741137	12.4690362482	12.2536741137	0.0	0.0	13.7680651375	13.6274447232	15.0823760802	13.7680651375	0.0	0.0	0.0	13.7680651375	0.0	0.0	12.2536741137	15.2694168175	12.2536741137	12.2536741137	13.6274447232	0.0	0.0	12.2536741137	12.4690362482	12.2536741137	13.7680651375
9.47075563879	0.0	0.0	0.0	0.0	0.0	0.0	9.80836476484	9.80836476484	0.0	0.0	13.168671047	13.7680651375	0.0	13.7680651375	0.0	13.168671047	13.7680651375	9.80836476484	9.80836476484	8.53138148478	9.80836476484	13.7680651375	13.168671047	13.7680651375	9.47075563879	9.69595438898	9.47075563879	13.7680651375	13.7680651375	0.0	13.168671047	9.80836476484	0.0	13.7680651375	13.7680651375	13.7680651375	0.0	13.7680651375	13.7680651375	9.47075563879	8.53138148478	9.47075563879	9.47075563879	13.168671047	13.7680651375	13.7680651375	9.47075563879	9.69595438898	9.47075563879	0.0
12.2536741137	13.7680651375	13.7680651375	13.7680651375	13.7680651375	13.7680651375	13.7680651375	15.0823760802	15.0823760802	13.7680651375	13.7680651375	13.6274447232	0.0	13.7680651375	0.0	13.7680651375	13.6274447232	0.0	15.0823760802	15.0823760802	15.2694168175	15.0823760802	0.0	13.6274447232	0.0	12.2536741137	12.4690362482	12.2536741137	0.0	0.0	13.7680651375	13.6274447232	15.0823760802	13.7680651375	0.0	0.0	0.0	13.7680651375	0.0	0.0	12.2536741137	15.2694168175	12.2536741137	12.2536741137	13.6274447232	0.0	0.0	12.2536741137	12.4690362482	12.2536741137	13.7680651375
12.2536741137	13.7680651375	13.7680651375	13.7680651375	13.7680651375	13.7680651375	13.7680651375	15.0823760802	15.0823760802	13.7680651375	13.7680651375	13.6274447232	0.0	13.7680651375	0.0	13.7680651375	13.6274447232	0.0	15.0823760802	15.0823760802	15.2694168175	15.0823760802	0.0	13.6274447232	0.0	12.2536741137	12.4690362482	12.2536741137	0.0	0.0	13.7680651375	13.6274447232	15.0823760802	13.7680651375	0.0	0.0	0.0	13.7680651375	0.0	0.0	12.2536741137	15.2694168175	12.2536741137	12.2536741137	13.6274447232	0.0	0.0	12.2536741137	12.4690362482	12.2536741137	13.7680651375
0.0	9.47075563879	9.47075563879	9.47075563879	9.47075563879	9.47075563879	9.47075563879	10.7851554746	10.7851554746	9.47075563879	9.47075563879	11.6555128497	12.2536741137	9.47075563879	12.2536741137	9.47075563879	11.6555128497	12.2536741137	10.7851554746	10.7851554746	10.9723236495	10.7851554746	12.2536741137	11.6555128497	12.2536741137	0.0	5.67124826867	0.0	12.2536741137	12.2536741137	9.47075563879	11.6555128497	10.7851554746	9.47075563879	12.2536741137	12.2536741137	12.2536741137	9.47075563879	12.2536741137	12.2536741137	0.0	10.9723236495	0.0	0.0	11.6555128497	12.2536741137	12.2536741137	0.0	5.67124826867	0.0	9.47075563879
10.9723236495	8.53138148478	8.53138148478	8.53138148478	8.53138148478	8.53138148478	8.53138148478	9.72037753846	9.72037753846	8.53138148478	8.53138148478	14.6699023614	15.2694168175	8.53138148478	15.2694168175	8.53138148478	14.6699023614	15.2694168175	9.72037753846	9.72037753846	0.0	9.72037753846	15.2694168175	14.6699023614	15.2694168175	10.9723236495	11.1975007108	10.9723236495	15.2694168175	15.2694168175	8.53138148478	14.6699023614	9.72037753846	8.53138148478	15.2694168175	15.2694168175	15.2694168175	8.53138148478	15.2694168175	15.2694168175	10.9723236495	0.0	10.9723236495	10.9723236495	14.6699023614	15.2694168175	15.2694168175	10.9723236495	11.1975007108	10.9723236495	8.53138148478
0.0	9.47075563879	9.47075563879	9.47075563879	9.47075563879	9.47075563879	9.47075563879	10.7851554746	10.7851554746	9.47075563879	9.47075563879	11.6555128497	12.2536741137	9.47075563879	12.2536741137	9.47075563879	11.6555128497	12.2536741137	10.7851554746	10.7851554746	10.9723236495	10.7851554746	12.2536741137	11.6555128497	12.2536741137	0.0	5.67124826867	0.0	12.2536741137	12.2536741137	9.47075563879	11.6555128497	10.7851554746	9.47075563879	12.2536741137	12.2536741137	12.2536741137	9.47075563879	12.2536741137	12.2536741137	0.0	10.9723236495	0.0	0.0	11.6555128497	12.2536741137	12.2536741137	0.0	5.67124826867	0.0	9.47075563879
0.0	9.47075563879	9.47075563879	9.47075563879	9.47075563879	9.47075563879	9.47075563879	10.7851554746	10.7851554746	9.47075563879	9.47075563879	11.6555128497	12.2536741137	9.47075563879	12.2536741137	9.47075563879	11.6555128497	12.2536741137	10.7851554746	10.7851554746	10.9723236495	10.7851554746	12.2536741137	11.6555128497	12.2536741137	0.0	5.67124826867	0.0	12.2536741137	12.2536741137	9.47075563879	11.6555128497	10.7851554746	9.47075563879	12.2536741137	12.2536741137	12.2536741137	9.47075563879	12.2536741137	12.2536741137	0.0	10.9723236495	0.0	0.0	11.6555128497	12.2536741137	12.2536741137	0.0	5.67124826867	0.0	9.47075563879
11.6555128497	13.168671047	13.168671047	13.168671047	13.168671047	13.168671047	13.168671047	14.4829450088	14.4829450088	13.168671047	13.168671047	0.0	13.6274447232	13.168671047	13.6274447232	13.168671047	0.0	13.6274447232	14.4829450088	14.4829450088	14.6699023614	14.4829450088	13.6274447232	0.0	13.6274447232	11.6555128497	11.8712785067	11.6555128497	13.6274447232	13.6274447232	13.168671047	0.0	14.4829450088	13.168671047	13.6274447232	13.6274447232	13.6274447232	13.168671047	13.6274447232	13.6274447232	11.6555128497	14.6699023614	11.6555128497	11.6555128497	0.0	13.6274447232	13.6274447232	11.6555128497	11.8712785067	11.6555128497	13.168671047
12.2536741137	13.7680651375	13.7680651375	13.7680651375	13.7680651375	13.7680651375	13.7680651375	15.0823760802	15.0823760802	13.7680651375	13.7680651375	13.6274447232	0.0	13.7680651375	0.0	13.7680651375	13.6274447232	0.0	15.0823760802	15.0823760802	15.2694168175	15.0823760802	0.0	13.6274447232	0.0	12.2536741137	12.4690362482	12.2536741137	0.0	0.0	13.7680651375	13.6274447232	15.0823760802	13.7680651375	0.0	0.0	0.0	13.7680651375	0.0	0.0	12.2536741137	15.2694168175	12.2536741137	12.2536741137	13.6274447232	0.0	0.0	12.2536741137	12.4690362482	12.2536741137	13.7680651375
12.2536741137	13.7680651375	13.7680651375	13.7680651375	13.7680651375	13.7680651375	13.7680651375	15.0823760802	15.0823760802	13.7680651375	13.7680651375	13.6274447232	0.0	13.7680651375	0.0	13.7680651375	13.6274447232	0.0	15.0823760802	15.0823760802	15.2694168175	15.0823760802	0.0	13.6274447232	0.0	12.2536741137	12.4690362482	12.2536741137	0.0	0.0	13.7680651375	13.6274447232	15.0823760802	13.7680651375	0.0	0.0	0.0	13.7680651375	0.0	0.0	12.2536741137	15.2694168175	12.2536741137	12.2536741137	13.6274447232	0.0	0.0	12.2536741137	12.4690362482	12.2536741137	13.7680651375
0.0	9.47075563879	9.47075563879	9.47075563879	9.47075563879	9.47075563879	9.47075563879	10.7851554746	10.7851554746	9.47075563879	9.47075563879	11.6555128497	12.2536741137	9.47075563879	12.2536741137	9.47075563879	11.6555128497	12.2536741137	10.7851554746	10.7851554746	10.9723236495	10.7851554746	12.2536741137	11.6555128497	12.2536741137	0.0	5.67124826867	0.0	12.2536741137	12.2536741137	9.47075563879	11.6555128497	10.7851554746	9.47075563879	12.2536741137	12.2536741137	12.2536741137	9.47075563879	12.2536741137	12.2536741137	0.0	10.9723236495	0.0	0.0	11.6555128497	12.2536741137	12.2536741137	0.0	5.67124826867	0.0	9.47075563879
5.67124826867	9.69595438898	9.69595438898	9.69595438898	9.69595438898	9.69595438898	9.69595438898	11.0103455544	11.0103455544	9.69595438898	9.69595438898	11.8712785067	12.4690362482	9.69595438898	12.4690362482	9.69595438898	11.8712785067	12.4690362482	11.0103455544	11.0103455544	11.1975007108	11.0103455544	12.4690362482	11.8712785067	12.4690362482	5.67124826867	0.0	5.67124826867	12.4690362482	12.4690362482	9.69595438898	11.8712785067	11.0103455544	9.69595438898	12.4690362482	12.4690362482	12.4690362482	9.69595438898	12.4690362482	12.4690362482	5.67124826867	11.1975007108	5.67124826867	5.67124826867	11.8712785067	12.4690362482	12.4690362482	5.67124826867	0.0	5.67124826867	9.69595438898
0.0	9.47075563879	9.47075563879	9.47075563879	9.47075563879	9.47075563879	9.47075563879	10.7851554746	10.7851554746	9.47075563879	9.47075563879	11.6555128497	12.2536741137	9.47075563879	12.2536741137	9.47075563879	11.6555128497	12.2536741137	10.7851554746	10.7851554746	10.9723236495	10.7851554746	12.2536741137	11.6555128497	12.2536741137	0.0	5.67124826867	0.0	12.2536741137	12.2536741137	9.47075563879	11.6555128497	10.7851554746	9.47075563879	12.2536741137	12.2536741137	12.2536741137	9.47075563879	12.2536741137	12.2536741137	0.0	10.9723236495	0.0	0.0	11.6555128497	12.2536741137	12.2536741137	0.0	5.67124826867	0.0	9.47075563879
9.47075563879	0.0	0.0	0.0	0.0	0.0	0.0	9.80836476484	9.80836476484	0.0	0.0	13.168671047	13.7680651375	0.0	13.7680651375	0.0	13.168671047	13.7680651375	9.80836476484	9.80836476484	8.53138148478	9.80836476484	13.7680651375	13.168671047	13.7680651375	9.47075563879	9.69595438898	9.47075563879	13.7680651375	13.7680651375	0.0	13.168671047	9.80836476484	0.0	13.7680651375	13.7680651375	13.7680651375	0.0	13.7680651375	13.7680651375	9.47075563879	8.53138148478	9.47075563879	9.47075563879	13.168671047	13.7680651375	13.7680651375	9.47075563879	9.69595438898	9.47075563879	0.0