0.0	2.05596295384	2.05596295384	2.05596295384	2.05596295384	2.05596295384	2.05596295384	3.91231065865	3.91231065865	2.05596295384	2.05596295384	3.00746074039	2.01229547849	2.05596295384	2.01229547849	2.05596295384	3.00746074039	2.01229547849	3.91231065865	3.91231065865	2.02919025619	3.91231065865	2.01229547849	3.00746074039	2.01229547849	0.0	0.599898526586	0.0	2.01229547849	2.01229547849	2.05596295384	3.00746074039	3.91231065865	2.05596295384	2.01229547849	2.01229547849	2.01229547849	2.05596295384	2.01229547849	2.01229547849	0.0	2.02919025619	0.0	0.0	3.00746074039	2.01229547849	2.01229547849	0.0	0.599898526586	0.0	2.05596295384
2.05596295384	0.0	0.0	0.0	0.0	0.0	0.0	2.75841399959	2.75841399959	0.0	0.0	4.01933942056	3.05208445845	0.0	3.05208445845	0.0	4.01933942056	3.05208445845	2.75841399959	2.75841399959	0.660800482778	2.75841399959	3.05208445845	4.01933942056	3.05208445845	2.05596295384	2.13510435618	2.05596295384	3.05208445845	3.05208445845	0.0	4.01933942056	2.75841399959	0.0	3.05208445845	3.05208445845	3.05208445845	0.0	3.05208445845	3.05208445845	2.05596295384	0.660800482778	2.05596295384	2.05596295384	4.01933942056	3.05208445845	3.05208445845	2.05596295384	2.13510435618	2.05596295384	0.0
2.05596295384	0.0	0.0	0.0	0.0	0.0	0.0	2.75841399959	2.75841399959	0.0	0.0	4.01933942056	3.05208445845	0.0	3.05208445845	0.0	4.01933942056	3.05208445845	2.75841399959	2.75841399959	0.660800482778	2.75841399959	3.05208445845	4.01933942056	3.05208445845	2.05596295384	2.13510435618	2.05596295384	3.05208445845	3.05208445845	0.0	4.01933942056	2.75841399959	0.0	3.05208445845	3.05208445845	3.05208445845	0.0	3.05208445845	3.05208445845	2.05596295384	0.660800482778	2.05596295384	2.05596295384	4.01933942056	3.05208445845	3.05208445845	2.05596295384	2.13510435618	2.05596295384	0.0
2.05596295384	0.0	0.0	0.0	0.0	0.0	0.0	2.75841399959	2.75841399959	0.0	0.0	4.01933942056	3.05208445845	0.0	3.05208445845	0.0	4.01933942056	3.05208445845	2.75841399959	2.75841399959	0.660800482778	2.75841399959	3.05208445845	4.01933942056	3.05208445845	2.05596295384	2.13510435618	2.05596295384	3.05208445845	3.05208445845	0.0	4.01933942056	2.75841399959	0.0	3.05208445845	3.05208445845	3.05208445845	0.0	3.05208445845	3.05208445845	2.05596295384	0.660800482778	2.05596295384	2.05596295384	4.01933942056	3.05208445845	3.05208445845	2.05596295384	2.13510435618	2.05596295384	0.0
2.05596295384	0.0	0.0	0.0	0.0	0.0	0.0	2.75841399959	2.75841399959	0.0	0.0	4.01933942056	3.05208445845	0.0	3.05208445845	0.0	4.01933942056	3.05208445845	2.75841399959	2.75841399959	0.660800482778	2.75841399959	3.05208445845	4.01933942056	3.05208445845	2.05596295384	2.13510435618	2.05596295384	3.05208445845	3.05208445845	0.0	4.01933942056	2.75841399959	0.0	3.05208445845	3.05208445845	3.05208445845	0.0	3.05208445845	3.05208445845	2.05596295384	0.660800482778	2.05596295384	2.05596295384	4.01933942056	3.05208445845	3.05208445845	2.05596295384	2.13510435618	2.05596295384	0.0
2.05596295384	0.0	0.0	0.0	0.0	0.0	0.0	2.75841399959	2.75841399959	0.0	0.0	4.01933942056	3.05208445845	0.0	3.05208445845	0.0	4.01933942056	3.05208445845	2.75841399959	2.75841399959	0.660800482778	2.75841399959	3.05208445845	4.01933942056	3.05208445845	2.05596295384	2.13510435618	2.05596295384	3.05208445845	3.05208445845	0.0	4.01933942056	2.75841399959	0.0	3.05208445845	3.05208445845	3.05208445845	0.0	3.05208445845	3.05208445845	2.05596295384	0.660800482778	2.05596295384	2.05596295384	4.01933942056	3.05208445845	3.05208445845	2.05596295384	2.13510435618	2.05596295384	0.0
2.05596295384	0.0	0.0	0.0	0.0	0.0	0.0	2.75841399959	2.75841399959	0.0	0.0	4.01933942056	3.05208445845	0.0	3.05208445845	0.0	4.01933942056	3.05208445845	2.75841399959	2.75841399959	0.660800482778	2.75841399959	3.05208445845	4.01933942056	3.05208445845	2.05596295384	2.13510435618	2.05596295384	3.05208445845	3.05208445845	0.0	4.01933942056	2.75841399959	0.0	3.05208445845	3.05208445845	3.05208445845	0.0	3.05208445845	3.05208445845	2.05596295384	0.660800482778	2.05596295384	2.05596295384	4.01933942056	3.05208445845	3.05208445845	2.05596295384	2.13510435618	2.05596295384	0.0
3.91231065865	2.75841399959	2.75841399959	2.75841399959	2.75841399959	2.75841399959	2.75841399959	0.0	0.0	2.75841399959	2.75841399959	5.8751737473	4.90798014898	2.75841399959	4.90798014898	2.75841399959	5.8751737473	4.90798014898	0.0	0.0	2.52153155926	0.0	4.90798014898	5.8751737473	4.90798014898	3.91231065865	3.99145863366	3.91231065865	4.90798014898	4.90798014898	2.75841399959	5.8751737473	0.0	2.75841399959	4.90798014898	4.90798014898	4.90798014898	2.75841399959	4.90798014898	4.90798014898	3.91231065865	2.52153155926	3.91231065865	3.91231065865	5.8751737473	4.90798014898	4.90798014898	3.91231065865	3.99145863366	3.91231065865	2.75841399959
3.91231065865	2.75841399959	2.75841399959	2.75841399959	2.75841399959	2.75841399959	2.75841399959	0.0	0.0	2.75841399959	2.75841399959	5.8751737473	4.90798014898	2.75841399959	4.90798014898	2.75841399959	5.8751737473	4.90798014898	0.0	0.0	2.52153155926	0.0	4.90798014898	5.8751737473	4.90798014898	3.91231065865	3.99145863366	3.91231065865	4.90798014898	4.90798014898	2.75841399959	5.8751737473	0.0	2.75841399959	4.90798014898	4.90798014898	4.90798014898	2.75841399959	4.90798014898	4.90798014898	3.91231065865	2.52153155926	3.91231065865	3.91231065865	5.8751737473	4.90798014898	4.90798014898	3.91231065865	3.99145863366	3.91231065865	2.75841399959
2.05596295384	0.0	0.0	0.0	0.0	0.0	0.0	2.75841399959	2.75841399959	0.0	0.0	4.01933942056	3.05208445845	0.0	3.05208445845	0.0	4.01933942056	3.05208445845	2.75841399959	2.75841399959	0.660800482778	2.75841399959	3.05208445845	4.01933942056	3.05208445845	2.05596295384	2.13510435618	2.05596295384	3.05208445845	3.05208445845	0.0	4.01933942056	2.75841399959	0.0	3.05208445845	3.05208445845	3.05208445845	0.0	3.05208445845	3.05208445845	2.05596295384	0.660800482778	2.05596295384	2.05596295384	4.01933942056	3.05208445845	3.05208445845	2.05596295384	2.13510435618	2.05596295384	0.0
2.05596295384	0.0	0.0	0.0	0.0	0.0	0.0	2.75841399959	2.75841399959	0.0	0.0	4.01933942056	3.05208445845	0.0	3.05208445845	0.0	4.01933942056	3.05208445845	2.75841399959	2.75841399959	0.660800482778	2.75841399959	3.05208445845	4.01933942056	3.05208445845	2.05596295384	2.13510435618	2.05596295384	3.05208445845	3.05208445845	0.0	4.01933942056	2.75841399959	0.0	3.05208445845	3.05208445845	3.05208445845	0.0	3.05208445845	3.05208445845	2.05596295384	0.660800482778	2.05596295384	2.05596295384	4.01933942056	3.05208445845	3.05208445845	2.05596295384	2.13510435618	2.05596295384	0.0
3.00746074039	4.01933942056	4.01933942056	4.01933942056	4.01933942056	4.01933942056	4.01933942056	5.8751737473	5.8751737473	4.01933942056	4.01933942056	0.0	2.56383129612	4.01933942056	2.56383129612	4.01933942056	0.0	2.56383129612	5.8751737473	5.8751737473	3.98761351971	5.8751737473	2.56383129612	0.0	2.56383129612	3.00746074039	3.05522949924	3.00746074039	2.56383129612	2.56383129612	4.01933942056	0.0	5.8751737473	4.01933942056	2.56383129612	2.56383129612	2.56383129612	4.01933942056	2.56383129612	2.56383129612	3.00746074039	3.98761351971	3.00746074039	3.00746074039	0.0	2.56383129612	2.56383129612	3.00746074039	3.05522949924	3.00746074039	4.01933942056
2.01229547849	3.05208445845	3.05208445845	3.05208445845	3.05208445845	3.05208445845	3.05208445845	4.90798014898	4.90798014898	3.05208445845	3.05208445845	2.56383129612	0.0	3.05208445845	0.0	3.05208445845	2.56383129612	0.0	4.90798014898	4.90798014898	3.02105220248	4.90798014898	0.0	2.56383129612	0.0	2.01229547849	2.05632709859	2.01229547849	0.0	0.0	3.05208445845	2.56383129612	4.90798014898	3.05208445845	0.0	0.0	0.0	3.05208445845	0.0	0.0	2.01229547849	3.02105220248	2.01229547849	2.01229547849	2.56383129612	0.0	0.0	2.01229547849	2.05632709859	2.01229547849	3.05208445845
2.05596295384	0.0	0.0	0.0	0.0	0.0	0.0	2.75841399959	2.75841399959	0.0	0.0	4.01933942056	3.05208445845	0.0	3.05208445845	0.0	4.01933942056	3.05208445845	2.75841399959	2.75841399959	0.660800482778	2.75841399959	3.05208445845	4.01933942056	3.05208445845	2.05596295384	2.13510435618	2.05596295384	3.05208445845	3.05208445845	0.0	4.01933942056	2.75841399959	0.0	3.05208445845	3.05208445845	3.05208445845	0.0	3.05208445845	3.05208445845	2.05596295384	0.660800482778	2.05596295384	2.05596295384	4.01933942056	3.05208445845	3.05208445845	2.05596295384	2.13510435618	2.05596295384	0.0
2.01229547849	3.05208445845	3.05208445845	3.05208445845	3.05208445845	3.05208445845	3.05208445845	4.90798014898	4.90798014898	3.05208445845	3.05208445845	2.56383129612	0.0	3.05208445845	0.0	3.05208445845	2.56383129612	0.0	4.90798014898	4.90798014898	3.02105220248	4.90798014898	0.0	2.56383129612	0.0	2.01229547849	2.05632709859	2.01229547849	0.0	0.0	3.05208445845	2.56383129612	4.90798014898	3.05208445845	0.0	0.0	0.0	3.05208445845	0.0	0.0	2.01229547849	3.02105220248	2.01229547849	2.01229547849	2.56383129612	0.0	0.0	2.01229547849	2.05632709859	2.01229547849	3.05208445845
2.05596295384	0.0	0.0	0.0	0.0	0.0	0.0	2.75841399959	2.75841399959	0.0	0.0	4.01933942056	3.05208445845	0.0	3.05208445845	0.0	4.01933942056	3.05208445845	2.75841399959	2.75841399959	0.660800482778	2.75841399959	3.05208445845	4.01933942056	3.05208445845	2.05596295384	2.13510435618	2.05596295384	3.05208445845	3.05208445845	0.0	4.01933942056	2.75841399959	0.0	3.05208445845	3.05208445845	3.05208445845	0.0	3.05208445845	3.05208445845	2.05596295384	0.660800482778	2.05596295384	2.05596295384	4.01933942056	3.05208445845	3.05208445845	2.05596295384	2.13510435618	2.05596295384	0.0
3.00746074039	4.01933942056	4.01933942056	4.01933942056	4.01933942056	4.01933942056	4.01933942056	5.8751737473	5.8751737473	4.01933942056	4.01933942056	0.0	2.56383129612	4.01933942056	2.56383129612	4.01933942056	0.0	2.56383129612	5.8751737473	5.8751737473	3.98761351971	5.8751737473	2.56383129612	0.0	2.56383129612	3.00746074039	3.05522949924	3.00746074039	2.56383129612	2.56383129612	4.01933942056	0.0	5.8751737473	4.01933942056	2.56383129612	2.56383129612	2.56383129612	4.01933942056	2.56383129612	2.56383129612	3.00746074039	3.98761351971	3.00746074039	3.00746074039	0.0	2.56383129612	2.56383129612	3.00746074039	3.05522949924	3.00746074039	4.01933942056
2.01229547849	3.05208445845	3.05208445845	3.05208445845	3.05208445845	3.05208445845	3.05208445845	4.90798014898	4.90798014898	3.05208445845	3.05208445845	2.56383129612	0.0	3.05208445845	0.0	3.05208445845	2.56383129612	0.0	4.90798014898	4.90798014898	3.02105220248	4.90798014898	0.0	2.56383129612	0.0	2.01229547849	2.05632709859	2.01229547849	0.0	0.0	3.05208445845	2.56383129612	4.90798014898	3.05208445845	0.0	0.0	0.0	3.05208445845	0.0	0.0	2.01229547849	3.02105220248	2.01229547849	2.01229547849	2.56383129612	0.0	0.0	2.01229547849	2.05632709859	2.01229547849	3.05208445845
3.91231065865	2.75841399959	2.75841399959	2.75841399959	2.75841399959	2.75841399959	2.75841399959	0.0	0.0	2.75841399959	2.75841399959	5.8751737473	4.90798014898	2.75841399959	4.90798014898	2.75841399959	5.8751737473	4.90798014898	0.0	0.0	2.52153155926	0.0	4.90798014898	5.8751737473	4.90798014898	3.91231065865	3.99145863366	3.91231065865	4.90798014898	4.90798014898	2.75841399959	5.8751737473	0.0	2.75841399959	4.90798014898	4.90798014898	4.90798014898	2.75841399959	4.90798014898	4.90798014898	3.91231065865	2.52153155926	3.91231065865	3.91231065865	5.8751737473	4.90798014898	4.90798014898	3.91231065865	3.99145863366	3.91231065865	2.75841399959
3.91231065865	2.75841399959	2.75841399959	2.75841399959	2.75841399959	2.75841399959	2.75841399959	0.0	0.0	2.75841399959	2.75841399959	5.8751737473	4.90798014898	2.75841399959	4.90798014898	2.75841399959	5.8751737473	4.90798014898	0.0	0.0	2.52153155926	0.0	4.90798014898	5.8751737473	4.90798014898	3.91231065865	3.99145863366	3.91231065865	4.90798014898	4.90798014898	2.75841399959	5.8751737473	0.0	2.75841399959	4.90798014898	4.90798014898	4.90798014898	2.75841399959	4.90798014898	4.90798014898	3.91231065865	2.52153155926	3.91231065865	3.91231065865	5.8751737473	4.90798014898	4.90798014898	3.91231065865	3.99145863366	3.91231065865	2.75841399959
2.02919025619	0.660800482778	0.660800482778	0.660800482778	0.660800482778	0.660800482778	0.660800482778	2.52153155926	2.52153155926	0.660800482778	0.660800482778	3.98761351971	3.02105220248	0.660800482778	3.02105220248	0.660800482778	3.98761351971	3.02105220248	2.52153155926	2.52153155926	0.0	2.52153155926	3.02105220248	3.98761351971	3.02105220248	2.02919025619	2.10816525527	2.02919025619	3.02105220248	3.02105220248	0.660800482778	3.98761351971	2.52153155926	0.660800482778	3.02105220248	3.02105220248	3.02105220248	0.660800482778	3.02105220248	3.02105220248	2.02919025619	0.0	2.02919025619	2.02919025619	3.98761351971	3.02105220248	3.02105220248	2.02919025619	2.10816525527	2.02919025619	0.660800482778
3.91231065865	2.75841399959	2.75841399959	2.75841399959	2.75841399959	2.75841399959	2.75841399959	0.0	0.0	2.75841399959	2.75841399959	5.8751737473	4.90798014898	2.75841399959	4.90798014898	2.75841399959	5.8751737473	4.90798014898	0.0	0.0	2.52153155926	0.0	4.90798014898	5.8751737473	4.90798014898	3.91231065865	3.99145863366	3.91231065865	4.90798014898	4.90798014898	2.75841399959	5.8751737473	0.0	2.75841399959	4.90798014898	4.90798014898	4.90798014898	2.75841399959	4.90798014898	4.90798014898	3.91231065865	2.52153155926	3.91231065865	3.91231065865	5.8751737473	4.90798014898	4.90798014898	3.91231065865	3.99145863366	3.91231065865	2.75841399959
2.01229547849	3.05208445845	3.05208445845	3.05208445845	3.05208445845	3.05208445845	3.05208445845	4.90798014898	4.90798014898	3.05208445845	3.05208445845	2.56383129612	0.0	3.05208445845	0.0	3.05208445845	2.56383129612	0.0	4.90798014898	4.90798014898	3.02105220248	4.90798014898	0.0	2.56383129612	0.0	2.01229547849	2.05632709859	2.01229547849	0.0	0.0	3.05208445845	2.56383129612	4.90798014898	3.05208445845	0.0	0.0	0.0	3.05208445845	0.0	0.0	2.01229547849	3.02105220248	2.01229547849	2.01229547849	2.56383129612	0.0	0.0	2.01229547849	2.05632709859	2.01229547849	3.05208445845
3.00746074039	4.01933942056	4.01933942056	4.01933942056	4.01933942056	4.01933942056	4.01933942056	5.8751737473	5.8751737473	4.01933942056	4.01933942056	0.0	2.56383129612	4.01933942056	2.56383129612	4.01933942056	0.0	2.56383129612	5.8751737473	5.8751737473	3.98761351971	5.8751737473	2.56383129612	0.0	2.56383129612	3.00746074039	3.05522949924	3.00746074039	2.56383129612	2.56383129612	4.01933942056	0.0	5.8751737473	4.01933942056	2.56383129612	2.56383129612	2.56383129612	4.01933942056	2.56383129612	2.56383129612	3.00746074039	3.98761351971	3.00746074039	3.00746074039	0.0	2.56383129612	2.56383129612	3.00746074039	3.05522949924	3.00746074039	4.01933942056
2.01229547849	3.05208445845	3.05208445845	3.05208445845	3.05208445845	3.05208445845	3.05208445845	4.90798014898	4.90798014898	3.05208445845	3.05208445845	2.56383129612	0.0	3.05208445845	0.0	3.05208445845	2.56383129612	0.0	4.90798014898	4.90798014898	3.02105220248	4.90798014898	0.0	2.56383129612	0.0	2.01229547849	2.05632709859	2.01229547849	0.0	0.0	3.05208445845	2.56383129612	4.90798014898	3.05208445845	0.0	0.0	0.0	3.05208445845	0.0	0.0	2.01229547849	3.02105220248	2.01229547849	2.01229547849	2.56383129612	0.0	0.0	2.01229547849	2.05632709859	2.01229547849	3.05208445845
0.0	2.05596295384	2.05596295384	2.05596295384	2.05596295384	2.05596295384	2.05596295384	3.91231065865	3.91231065865	2.05596295384	2.05596295384	3.00746074039	2.01229547849	2.05596295384	2.01229547849	2.05596295384	3.00746074039	2.01229547849	3.91231065865	3.91231065865	2.02919025619	3.91231065865	2.01229547849	3.00746074039	2.01229547849	0.0	0.599898526586	0.0	2.01229547849	2.01229547849	2.05596295384	3.00746074039	3.91231065865	2.05596295384	2.01229547849	2.01229547849	2.01229547849	2.05596295384	2.01229547849	2.01229547849	0.0	2.02919025619	0.0	0.0	3.00746074039	2.01229547849	2.01229547849	0.0	0.599898526586	0.0	2.05596295384
0.599898526586	2.13510435618	2.13510435618	2.13510435618	2.13510435618	2.13510435618	2.13510435618	3.99145863366	3.99145863366	2.13510435618	2.13510435618	3.05522949924	2.05632709859	2.13510435618	2.05632709859	2.13510435618	3.05522949924	2.05632709859	3.99145863366	3.99145863366	2.10816525527	3.99145863366	2.05632709859	3.05522949924	2.05632709859	0.599898526586	0.0	0.599898526586	2.05632709859	2.05632709859	2.13510435618	3.05522949924	3.99145863366	2.13510435618	2.05632709859	2.05632709859	2.05632709859	2.13510435618	2.05632709859	2.05632709859	0.599898526586	2.10816525527	0.599898526586	0.599898526586	3.05522949924	2.05632709859	2.05632709859	0.599898526586	0.0	0.599898526586	2.13510435618
0.0	2.05596295384	2.05596295384	2.05596295384	2.05596295384	2.05596295384	2.05596295384	3.91231065865	3.91231065865	2.05596295384	2.05596295384	3.00746074039	2.01229547849	2.05596295384	2.01229547849	2.05596295384	3.00746074039	2.01229547849	3.91231065865	3.91231065865	2.02919025619	3.91231065865	2.01229547849	3.00746074039	2.01229547849	0.0	0.599898526586	0.0	2.01229547849	2.01229547849	2.05596295384	3.00746074039	3.91231065865	2.05596295384	2.01229547849	2.01229547849	2.01229547849	2.05596295384	2.01229547849	2.01229547849	0.0	2.02919025619	0.0	0.0	3.00746074039	2.01229547849	2.01229547849	0.0	0.599898526586	0.0	2.05596295384
2.01229547849	3.05208445845	3.05208445845	3.05208445845	3.05208445845	3.05208445845	3.05208445845	4.90798014898	4.90798014898	3.05208445845	3.05208445845	2.56383129612	0.0	3.05208445845	0.0	3.05208445845	2.56383129612	0.0	4.90798014898	4.90798014898	3.02105220248	4.90798014898	0.0	2.56383129612	0.0	2.01229547849	2.05632709859	2.01229547849	0.0	0.0	3.05208445845	2.56383129612	4.90798014898	3.05208445845	0.0	0.0	0.0	3.05208445845	0.0	0.0	2.01229547849	3.02105220248	2.01229547849	2.01229547849	2.56383129612	0.0	0.0	2.01229547849	2.05632709859	2.01229547849	3.05208445845
2.01229547849	3.05208445845	3.05208445845	3.05208445845	3.05208445845	3.05208445845	3.05208445845	4.90798014898	4.90798014898	3.05208445845	3.05208445845	2.56383129612	0.0	3.05208445845	0.0	3.05208445845	2.56383129612	0.0	4.90798014898	4.90798014898	3.02105220248	4.90798014898	0.0	2.56383129612	0.0	2.01229547849	2.05632709859	2.01229547849	0.0	0.0	3.05208445845	2.56383129612	4.90798014898	3.05208445845	0.0	0.0	0.0	3.05208445845	0.0	0.0	2.01229547849	3.02105220248	2.01229547849	2.01229547849	2.56383129612	0.0	0.0	2.01229547849	2.05632709859	2.01229547849	3.05208445845
2.05596295384	0.0	0.0	0.0	0.0	0.0	0.0	2.75841399959	2.75841399959	0.0	0.0	4.01933942056	3.05208445845	0.0	3.05208445845	0.0	4.01933942056	3.05208445845	2.75841399959	2.75841399959	0.660800482778	2.75841399959	3.05208445845	4.01933942056	3.05208445845	2.05596295384	2.13510435618	2.05596295384	3.05208445845	3.05208445845	0.0	4.01933942056	2.75841399959	0.0	3.05208445845	3.05208445845	3.05208445845	0.0	3.05208445845	3.05208445845	2.05596295384	0.660800482778	2.05596295384	2.05596295384	4.01933942056	3.05208445845	3.05208445845	2.05596295384	2.13510435618	2.05596295384	0.0
3.00746074039	4.01933942056	4.01933942056	4.01933942056	4.01933942056	4.01933942056	4.01933942056	5.8751737473	5.8751737473	4.01933942056	4.01933942056	0.0	2.56383129612	4.01933942056	2.56383129612	4.01933942056	0.0	2.56383129612	5.8751737473	5.8751737473	3.98761351971	5.8751737473	2.56383129612	0.0	2.56383129612	3.00746074039	3.05522949924	3.00746074039	2.56383129612	2.56383129612	4.01933942056	0.0	5.8751737473	4.01933942056	2.56383129612	2.56383129612	2.56383129612	4.01933942056	2.56383129612	2.56383129612	3.00746074039	3.98761351971	3.00746074039	3.00746074039	0.0	2.56383129612	2.56383129612	3.00746074039	3.05522949924	3.00746074039	4.01933942056
3.91231065865	2.75841399959	2.75841399959	2.75841399959	2.75841399959	2.75841399959	2.75841399959	0.0	0.0	2.75841399959	2.75841399959	5.8751737473	4.90798014898	2.75841399959	4.90798014898	2.75841399959	5.8751737473	4.90798014898	0.0	0.0	2.52153155926	0.0	4.90798014898	5.8751737473	4.90798014898	3.91231065865	3.99145863366	3.91231065865	4.90798014898	4.90798014898	2.75841399959	5.8751737473	0.0	2.75841399959	4.90798014898	4.90798014898	4.90798014898	2.75841399959	4.90798014898	4.90798014898	3.91231065865	2.52153155926	3.91231065865	3.91231065865	5.8751737473	4.90798014898	4.90798014898	3.91231065865	3.99145863366	3.91231065865	2.75841399959
2.05596295384	0.0	0.0	0.0	0.0	0.0	0.0	2.75841399959	2.75841399959	0.0	0.0	4.01933942056	3.05208445845	0.0	3.05208445845	0.0	4.01933942056	3.05208445845	2.75841399959	2.75841399959	0.660800482778	2.75841399959	3.05208445845	4.01933942056	3.05208445845	2.05596295384	2.13510435618	2.05596295384	3.05208445845	3.05208445845	0.0	4.01933942056	2.75841399959	0.0	3.05208445845	3.05208445845	3.05208445845	0.0	3.05208445845	3.05208445845	2.05596295384	0.660800482778	2.05596295384	2.05596295384	4.01933942056	3.05208445845	3.05208445845	2.05596295384	2.13510435618	2.05596295384	0.0
2.01229547849	3.05208445845	3.05208445845	3.05208445845	3.05208445845	3.05208445845	3.05208445845	4.90798014898	4.90798014898	3.05208445845	3.05208445845	2.56383129612	0.0	3.05208445845	0.0	3.05208445845	2.56383129612	0.0	4.90798014898	4.90798014898	3.02105220248	4.90798014898	0.0	2.56383129612	0.0	2.01229547849	2.05632709859	2.01229547849	0.0	0.0	3.05208445845	2.56383129612	4.90798014898	3.05208445845	0.0	0.0	0.0	3.05208445845	0.0	0.0	2.01229547849	3.02105220248	2.01229547849	2.01229547849	2.56383129612	0.0	0.0	2.01229547849	2.05632709859	2.01229547849	3.05208445845
2.01229547849	3.05208445845	3.05208445845	3.05208445845	3.05208445845	3.05208445845	3.05208445845	4.90798014898	4.90798014898	3.05208445845	3.05208445845	2.56383129612	0.0	3.05208445845	0.0	3.05208445845	2.56383129612	0.0	4.90798014898	4.90798014898	3.02105220248	4.90798014898	0.0	2.56383129612	0.0	2.01229547849	2.05632709859	2.01229547849	0.0	0.0	3.05208445845	2.56383129612	4.90798014898	3.05208445845	0.0	0.0	0.0	3.05208445845	0.0	0.0	2.01229547849	3.02105220248	2.01229547849	2.01229547849	2.56383129612	0.0	0.0	2.01229547849	2.05632709859	2.01229547849	3.05208445845
2.01229547849	3.05208445845	3.05208445845	3.05208445845	3.05208445845	3.05208445845	3.05208445845	4.90798014898	4.90798014898	3.05208445845	3.05208445845	2.56383129612	0.0	3.05208445845	0.0	3.05208445845	2.56383129612	0.0	4.90798014898	4.90798014898	3.02105220248	4.90798014898	0.0	2.56383129612	0.0	2.01229547849	2.05632709859	2.01229547849	0.0	0.0	3.05208445845	2.56383129612	4.90798014898	3.05208445845	0.0	0.0	0.0	3.05208445845	0.0	0.0	2.01229547849	3.02105220248	2.01229547849	2.01229547849	2.56383129612	0.0	0.0	2.01229547849	2.05632709859	2.01229547849	3.05208445845
2.05596295384	0.0	0.0	0.0	0.0	0.0	0.0	2.75841399959	2.75841399959	0.0	0.0	4.01933942056	3.05208445845	0.0	3.05208445845	0.0	4.01933942056	3.05208445845	2.75841399959	2.75841399959	0.660800482778	2.75841399959	3.05208445845	4.01933942056	3.05208445845	2.05596295384	2.13510435618	2.05596295384	3.05208445845	3.05208445845	0.0	4.01933942056	2.75841399959	0.0	3.05208445845	3.05208445845	3.05208445845	0.0	3.05208445845	3.05208445845	2.05596295384	0.660800482778	2.05596295384	2.05596295384	4.01933942056	3.05208445845	3.05208445845	2.05596295384	2.13510435618	2.05596295384	0.0
2.01229547849	3.05208445845	3.05208445845	3.05208445845	3.05208445845	3.05208445845	3.05208445845	4.90798014898	4.90798014898	3.05208445845	3.05208445845	2.56383129612	0.0	3.05208445845	0.0	3.05208445845	2.56383129612	0.0	4.90798014898	4.90798014898	3.02105220248	4.90798014898	0.0	2.56383129612	0.0	2.01229547849	2.05632709859	2.01229547849	0.0	0.0	3.05208445845	2.56383129612	4.90798014898	3.05208445845	0.0	0.0	0.0	3.05208445845	0.0	0.0	2.01229547849	3.02105220248	2.01229547849	2.01229547849	2.56383129612	0.0	0.0	2.01229547849	2.05632709859	2.01229547849	3.05208445845
2.01229547849	3.05208445845	3.05208445845	3.05208445845	3.05208445845	3.05208445845	3.05208445845	4.90798014898	4.90798014898	3.05208445845	3.05208445845	2.56383129612	0.0	3.05208445845	0.0	3.05208445845	2.56383129612	0.0	4.90798014898	4.90798014898	3.02105220248	4.90798014898	0.0	2.56383129612	0.0	2.01229547849	2.05632709859	2.01229547849	0.0	0.0	3.05208445845	2.56383129612	4.90798014898	3.05208445845	0.0	0.0	0.0	3.05208445845	0.0	0.0	2.01229547849	3.02105220248	2.01229547849	2.01229547849	2.56383129612	0.0	0.0	2.01229547849	2.05632709859	2.01229547849	3.05208445845
0.0	2.05596295384	2.05596295384	2.05596295384	2.05596295384	2.05596295384	2.05596295384	3.91231065865	3.91231065865	2.05596295384	2.05596295384	3.00746074039	2.01229547849	2.05596295384	2.01229547849	2.05596295384	3.00746074039	2.01229547849	3.91231065865	3.91231065865	2.02919025619	3.91231065865	2.01229547849	3.00746074039	2.01229547849	0.0	0.599898526586	0.0	2.01229547849	2.01229547849	2.05596295384	3.00746074039	3.91231065865	2.05596295384	2.01229547849	2.01229547849	2.01229547849	2.05596295384	2.01229547849	2.01229547849	0.0	2.02919025619	0.0	0.0	3.00746074039	2.01229547849	2.01229547849	0.0	0.599898526586	0.0	2.05596295384
2.02919025619	0.660800482778	0.660800482778	0.660800482778	0.660800482778	0.660800482778	0.660800482778	2.52153155926	2.52153155926	0.660800482778	0.660800482778	3.98761351971	3.02105220248	0.660800482778	3.02105220248	0.660800482778	3.98761351971	3.02105220248	2.52153155926	2.52153155926	0.0	2.52153155926	3.02105220248	3.98761351971	3.02105220248	2.02919025619	2.10816525527	2.02919025619	3.02105220248	3.02105220248	0.660800482778	3.98761351971	2.52153155926	0.660800482778	3.02105220248	3.02105220248	3.02105220248	0.660800482778	3.02105220248	3.02105220248	2.02919025619	0.0	2.02919025619	2.02919025619	3.98761351971	3.02105220248	3.02105220248	2.02919025619	2.10816525527	2.02919025619	0.660800482778
0.0	2.05596295384	2.05596295384	2.05596295384	2.05596295384	2.05596295384	2.05596295384	3.91231065865	3.91231065865	2.05596295384	2.05596295384	3.00746074039	2.01229547849	2.05596295384	2.01229547849	2.05596295384	3.00746074039	2.01229547849	3.91231065865	3.91231065865	2.02919025619	3.91231065865	2.01229547849	3.00746074039	2.01229547849	0.0	0.599898526586	0.0	2.01229547849	2.01229547849	2.05596295384	3.00746074039	3.91231065865	2.05596295384	2.01229547849	2.01229547849	2.01229547849	2.05596295384	2.01229547849	2.01229547849	0.0	2.02919025619	0.0	0.0	3.00746074039	2.01229547849	2.01229547849	0.0	0.599898526586	0.0	2.05596295384
0.0	2.05596295384	2.05596295384	2.05596295384	2.05596295384	2.05596295384	2.05596295384	3.91231065865	3.91231065865	2.05596295384	2.05596295384	3.00746074039	2.01229547849	2.05596295384	2.01229547849	2.05596295384	3.00746074039	2.01229547849	3.91231065865	3.91231065865	2.02919025619	3.91231065865	2.01229547849	3.00746074039	2.01229547849	0.0	0.599898526586	0.0	2.01229547849	2.01229547849	2.05596295384	3.00746074039	3.91231065865	2.05596295384	2.01229547849	2.01229547849	2.01229547849	2.05596295384	2.01229547849	2.01229547849	0.0	2.02919025619	0.0	0.0	3.00746074039	2.01229547849	2.01229547849	0.0	0.599898526586	0.0	2.05596295384
3.00746074039	4.01933942056	4.01933942056	4.01933942056	4.01933942056	4.01933942056	4.01933942056	5.8751737473	5.8751737473	4.01933942056	4.01933942056	0.0	2.56383129612	4.01933942056	2.56383129612	4.01933942056	0.0	2.56383129612	5.8751737473	5.8751737473	3.98761351971	5.8751737473	2.56383129612	0.0	2.56383129612	3.00746074039	3.05522949924	3.00746074039	2.56383129612	2.56383129612	4.01933942056	0.0	5.8751737473	4.01933942056	2.56383129612	2.56383129612	2.56383129612	4.01933942056	2.56383129612	2.56383129612	3.00746074039	3.98761351971	3.00746074039	3.00746074039	0.0	2.56383129612	2.56383129612	3.00746074039	3.05522949924	3.00746074039	4.01933942056
2.01229547849	3.05208445845	3.05208445845	3.05208445845	3.05208445845	3.05208445845	3.05208445845	4.90798014898	4.90798014898	3.05208445845	3.05208445845	2.56383129612	0.0	3.05208445845	0.0	3.05208445845	2.56383129612	0.0	4.90798014898	4.90798014898	3.02105220248	4.90798014898	0.0	2.56383129612	0.0	2.01229547849	2.05632709859	2.01229547849	0.0	0.0	3.05208445845	2.56383129612	4.90798014898	3.05208445845	0.0	0.0	0.0	3.05208445845	0.0	0.0	2.01229547849	3.02105220248	2.01229547849	2.01229547849	2.56383129612	0.0	0.0	2.01229547849	2.05632709859	2.01229547849	3.05208445845
2.01229547849	3.05208445845	3.05208445845	3.05208445845	3.05208445845	3.05208445845	3.05208445845	4.90798014898	4.90798014898	3.05208445845	3.05208445845	2.56383129612	0.0	3.05208445845	0.0	3.05208445845	2.56383129612	0.0	4.90798014898	4.90798014898	3.02105220248	4.90798014898	0.0	2.56383129612	0.0	2.01229547849	2.05632709859	2.01229547849	0.0	0.0	3.05208445845	2.56383129612	4.90798014898	3.05208445845	0.0	0.0	0.0	3.05208445845	0.0	0.0	2.01229547849	3.02105220248	2.01229547849	2.01229547849	2.56383129612	0.0	0.0	2.01229547849	2.05632709859	2.01229547849	3.05208445845
0.0	2.05596295384	2.05596295384	2.05596295384	2.05596295384	2.05596295384	2.05596295384	3.91231065865	3.91231065865	2.05596295384	2.05596295384	3.00746074039	2.01229547849	2.05596295384	2.01229547849	2.05596295384	3.00746074039	2.01229547849	3.91231065865	3.91231065865	2.02919025619	3.91231065865	2.01229547849	3.00746074039	2.01229547849	0.0	0.599898526586	0.0	2.01229547849	2.01229547849	2.05596295384	3.00746074039	3.91231065865	2.05596295384	2.01229547849	2.01229547849	2.01229547849	2.05596295384	2.01229547849	2.01229547849	0.0	2.02919025619	0.0	0.0	3.00746074039	2.01229547849	2.01229547849	0.0	0.599898526586	0.0	2.05596295384
0.599898526586	2.13510435618	2.13510435618	2.13510435618	2.13510435618	2.13510435618	2.13510435618	3.99145863366	3.99145863366	2.13510435618	2.13510435618	3.05522949924	2.05632709859	2.13510435618	2.05632709859	2.13510435618	3.05522949924	2.05632709859	3.99145863366	3.99145863366	2.10816525527	3.99145863366	2.05632709859	3.05522949924	2.05632709859	0.599898526586	0.0	0.599898526586	2.05632709859	2.05632709859	2.13510435618	3.05522949924	3.99145863366	2.13510435618	2.05632709859	2.05632709859	2.05632709859	2.13510435618	2.05632709859	2.05632709859	0.599898526586	2.10816525527	0.599898526586	0.599898526586	3.05522949924	2.05632709859	2.05632709859	0.599898526586	0.0	0.599898526586	2.13510435618
0.0	2.05596295384	2.05596295384	2.05596295384	2.05596295384	2.05596295384	2.05596295384	3.91231065865	3.91231065865	2.05596295384	2.05596295384	3.00746074039	2.01229547849	2.05596295384	2.01229547849	2.05596295384	3.00746074039	2.01229547849	3.91231065865	3.91231065865	2.02919025619	3.91231065865	2.01229547849	3.00746074039	2.01229547849	0.0	0.599898526586	0.0	2.01229547849	2.01229547849	2.05596295384	3.00746074039	3.91231065865	2.05596295384	2.01229547849	2.01229547849	2.01229547849	2.05596295384	2.01229547849	2.01229547849	0.0	2.02919025619	0.0	0.0	3.00746074039	2.01229547849	2.01229547849	0.0	0.599898526586	0.0	2.05596295384
2.05596295384	0.0	0.0	0.0	0.0	0.0	0.0	2.75841399959	2.75841399959	0.0	0.0	4.01933942056	3.05208445845	0.0	3.05208445845	0.0	4.01933942056	3.05208445845	2.75841399959	2.75841399959	0.660800482778	2.75841399959	3.05208445845	4.01933942056	3.05208445845	2.05596295384	2.13510435618	2.05596295384	3.05208445845	3.05208445845	0.0	4.01933942056	2.75841399959	0.0	3.05208445845	3.05208445845	3.05208445845	0.0	3.05208445845	3.05208445845	2.05596295384	0.660800482778	2.05596295384	2.05596295384	4.01933942056	3.05208445845	3.05208445845	2.05596295384	2.13510435618	2.05596295384	0.0