0.0	8.51911577062	8.51911577062	8.51911577062	8.51911577062	8.51911577062	8.51911577062	10.0740600335	10.0740600335	8.51911577062	8.51911577062	10.2406524486	9.69350301332	8.51911577062	9.69350301332	8.51911577062	10.2406524486	9.69350301332	10.0740600335	10.0740600335	8.46409855234	10.0740600335	9.69350301332	10.2406524486	9.69350301332	0.0	5.67912226394	0.0	9.69350301332	9.69350301332	8.51911577062	10.2406524486	10.0740600335	8.51911577062	9.69350301332	9.69350301332	9.69350301332	8.51911577062	9.69350301332	9.69350301332	0.0	8.46409855234	0.0	0.0	10.2406524486	9.69350301332	9.69350301332	0.0	5.67912226394	0.0	8.51911577062
8.51911577062	0.0	0.0	0.0	0.0	0.0	0.0	8.52945752285	8.52945752285	0.0	0.0	11.2823231351	10.736330334	0.0	10.736330334	0.0	11.2823231351	10.736330334	8.52945752285	8.52945752285	5.79854867813	8.52945752285	10.736330334	11.2823231351	10.736330334	8.51911577062	8.94924296941	8.51911577062	10.736330334	10.736330334	0.0	11.2823231351	8.52945752285	0.0	10.736330334	10.736330334	10.736330334	0.0	10.736330334	10.736330334	8.51911577062	5.79854867813	8.51911577062	8.51911577062	11.2823231351	10.736330334	10.736330334	8.51911577062	8.94924296941	8.51911577062	0.0
8.51911577062	0.0	0.0	0.0	0.0	0.0	0.0	8.52945752285	8.52945752285	0.0	0.0	11.2823231351	10.736330334	0.0	10.736330334	0.0	11.2823231351	10.736330334	8.52945752285	8.52945752285	5.79854867813	8.52945752285	10.736330334	11.2823231351	10.736330334	8.51911577062	8.94924296941	8.51911577062	10.736330334	10.736330334	0.0	11.2823231351	8.52945752285	0.0	10.736330334	10.736330334	10.736330334	0.0	10.736330334	10.736330334	8.51911577062	5.79854867813	8.51911577062	8.51911577062	11.2823231351	10.736330334	10.736330334	8.51911577062	8.94924296941	8.51911577062	0.0
8.51911577062	0.0	0.0	0.0	0.0	0.0	0.0	8.52945752285	8.52945752285	0.0	0.0	11.2823231351	10.736330334	0.0	10.736330334	0.0	11.2823231351	10.736330334	8.52945752285	8.52945752285	5.79854867813	8.52945752285	10.736330334	11.2823231351	10.736330334	8.51911577062	8.94924296941	8.51911577062	10.736330334	10.736330334	0.0	11.2823231351	8.52945752285	0.0	10.736330334	10.736330334	10.736330334	0.0	10.736330334	10.736330334	8.51911577062	5.79854867813	8.51911577062	8.51911577062	11.2823231351	10.736330334	10.736330334	8.51911577062	8.94924296941	8.51911577062	0.0
8.51911577062	0.0	0.0	0.0	0.0	0.0	0.0	8.52945752285	8.52945752285	0.0	0.0	11.2823231351	10.736330334	0.0	10.736330334	0.0	11.2823231351	10.736330334	8.52945752285	8.52945752285	5.79854867813	8.52945752285	10.736330334	11.2823231351	10.736330334	8.51911577062	8.94924296941	8.51911577062	10.736330334	10.736330334	0.0	11.2823231351	8.52945752285	0.0	10.736330334	10.736330334	10.736330334	0.0	10.736330334	10.736330334	8.51911577062	5.79854867813	8.51911577062	8.51911577062	11.2823231351	10.736330334	10.736330334	8.51911577062	8.94924296941	8.51911577062	0.0
8.51911577062	0.0	0.0	0.0	0.0	0.0	0.0	8.52945752285	8.52945752285	0.0	0.0	11.2823231351	10.736330334	0.0	10.736330334	0.0	11.2823231351	10.736330334	8.52945752285	8.52945752285	5.79854867813	8.52945752285	10.736330334	11.2823231351	10.736330334	8.51911577062	8.94924296941	8.51911577062	10.736330334	10.736330334	0.0	11.2823231351	8.52945752285	0.0	10.736330334	10.736330334	10.736330334	0.0	10.736330334	10.736330334	8.51911577062	5.79854867813	8.51911577062	8.51911577062	11.2823231351	10.736330334	10.736330334	8.51911577062	8.94924296941	8.51911577062	0.0
8.51911577062	0.0	0.0	0.0	0.0	0.0	0.0	8.52945752285	8.52945752285	0.0	0.0	11.2823231351	10.736330334	0.0	10.736330334	0.0	11.2823231351	10.736330334	8.52945752285	8.52945752285	5.79854867813	8.52945752285	10.736330334	11.2823231351	10.736330334	8.51911577062	8.94924296941	8.51911577062	10.736330334	10.736330334	0.0	11.2823231351	8.52945752285	0.0	10.736330334	10.736330334	10.736330334	0.0	10.736330334	10.736330334	8.51911577062	5.79854867813	8.51911577062	8.51911577062	11.2823231351	10.736330334	10.736330334	8.51911577062	8.94924296941	8.51911577062	0.0
10.0740600335	8.52945752285	8.52945752285	8.52945752285	8.52945752285	8.52945752285	8.52945752285	0.0	0.0	8.52945752285	8.52945752285	12.8370161357	12.2911109231	8.52945752285	12.2911109231	8.52945752285	12.8370161357	12.2911109231	0.0	0.0	7.11233782586	0.0	12.2911109231	12.8370161357	12.2911109231	10.0740600335	10.5041750247	10.0740600335	12.2911109231	12.2911109231	8.52945752285	12.8370161357	0.0	8.52945752285	12.2911109231	12.2911109231	12.2911109231	8.52945752285	12.2911109231	12.2911109231	10.0740600335	7.11233782586	10.0740600335	10.0740600335	12.8370161357	12.2911109231	12.2911109231	10.0740600335	10.5041750247	10.0740600335	8.52945752285
10.0740600335	8.52945752285	8.52945752285	8.52945752285	8.52945752285	8.52945752285	8.52945752285	0.0	0.0	8.52945752285	8.52945752285	12.8370161357	12.2911109231	8.52945752285	12.2911109231	8.52945752285	12.8370161357	12.2911109231	0.0	0.0	7.11233782586	0.0	12.2911109231	12.8370161357	12.2911109231	10.0740600335	10.5041750247	10.0740600335	12.2911109231	12.2911109231	8.52945752285	12.8370161357	0.0	8.52945752285	12.2911109231	12.2911109231	12.2911109231	8.52945752285	12.2911109231	12.2911109231	10.0740600335	7.11233782586	10.0740600335	10.0740600335	12.8370161357	12.2911109231	12.2911109231	10.0740600335	10.5041750247	10.0740600335	8.52945752285
8.51911577062	0.0	0.0	0.0	0.0	0.0	0.0	8.52945752285	8.52945752285	0.0	0.0	11.2823231351	10.736330334	0.0	10.736330334	0.0	11.2823231351	10.736330334	8.52945752285	8.52945752285	5.79854867813	8.52945752285	10.736330334	11.2823231351	10.736330334	8.51911577062	8.94924296941	8.51911577062	10.736330334	10.736330334	0.0	11.2823231351	8.52945752285	0.0	10.736330334	10.736330334	10.736330334	0.0	10.736330334	10.736330334	8.51911577062	5.79854867813	8.51911577062	8.51911577062	11.2823231351	10.736330334	10.736330334	8.51911577062	8.94924296941	8.51911577062	0.0
8.51911577062	0.0	0.0	0.0	0.0	0.0	0.0	8.52945752285	8.52945752285	0.0	0.0	11.2823231351	10.736330334	0.0	10.736330334	0.0	11.2823231351	10.736330334	8.52945752285	8.52945752285	5.79854867813	8.52945752285	10.736330334	11.2823231351	10.736330334	8.51911577062	8.94924296941	8.51911577062	10.736330334	10.736330334	0.0	11.2823231351	8.52945752285	0.0	10.736330334	10.736330334	10.736330334	0.0	10.736330334	10.736330334	8.51911577062	5.79854867813	8.51911577062	8.51911577062	11.2823231351	10.736330334	10.736330334	8.51911577062	8.94924296941	8.51911577062	0.0
10.2406524486	11.2823231351	11.2823231351	11.2823231351	11.2823231351	11.2823231351	11.2823231351	12.8370161357	12.8370161357	11.2823231351	11.2823231351	0.0	10.0688417414	11.2823231351	10.0688417414	11.2823231351	0.0	10.0688417414	12.8370161357	12.8370161357	11.2268598522	12.8370161357	10.0688417414	0.0	10.0688417414	10.2406524486	10.6612053258	10.2406524486	10.0688417414	10.0688417414	11.2823231351	0.0	12.8370161357	11.2823231351	10.0688417414	10.0688417414	10.0688417414	11.2823231351	10.0688417414	10.0688417414	10.2406524486	11.2268598522	10.2406524486	10.2406524486	0.0	10.0688417414	10.0688417414	10.2406524486	10.6612053258	10.2406524486	11.2823231351
9.69350301332	10.736330334	10.736330334	10.736330334	10.736330334	10.736330334	10.736330334	12.2911109231	12.2911109231	10.736330334	10.736330334	10.0688417414	0.0	10.736330334	0.0	10.736330334	10.0688417414	0.0	12.2911109231	12.2911109231	10.6810267214	12.2911109231	0.0	10.0688417414	0.0	9.69350301332	10.1136594755	9.69350301332	0.0	0.0	10.736330334	10.0688417414	12.2911109231	10.736330334	0.0	0.0	0.0	10.736330334	0.0	0.0	9.69350301332	10.6810267214	9.69350301332	9.69350301332	10.0688417414	0.0	0.0	9.69350301332	10.1136594755	9.69350301332	10.736330334
8.51911577062	0.0	0.0	0.0	0.0	0.0	0.0	8.52945752285	8.52945752285	0.0	0.0	11.2823231351	10.736330334	0.0	10.736330334	0.0	11.2823231351	10.736330334	8.52945752285	8.52945752285	5.79854867813	8.52945752285	10.736330334	11.2823231351	10.736330334	8.51911577062	8.94924296941	8.51911577062	10.736330334	10.736330334	0.0	11.2823231351	8.52945752285	0.0	10.736330334	10.736330334	10.736330334	0.0	10.736330334	10.736330334	8.51911577062	5.79854867813	8.51911577062	8.51911577062	11.2823231351	10.736330334	10.736330334	8.51911577062	8.94924296941	8.51911577062	0.0
9.69350301332	10.736330334	10.736330334	10.736330334	10.736330334	10.736330334	10.736330334	12.2911109231	12.2911109231	10.736330334	10.736330334	10.0688417414	0.0	10.736330334	0.0	10.736330334	10.0688417414	0.0	12.2911109231	12.2911109231	10.6810267214	12.2911109231	0.0	10.0688417414	0.0	9.69350301332	10.1136594755	9.69350301332	0.0	0.0	10.736330334	10.0688417414	12.2911109231	10.736330334	0.0	0.0	0.0	10.736330334	0.0	0.0	9.69350301332	10.6810267214	9.69350301332	9.69350301332	10.0688417414	0.0	0.0	9.69350301332	10.1136594755	9.69350301332	10.736330334
8.51911577062	0.0	0.0	0.0	0.0	0.0	0.0	8.52945752285	8.52945752285	0.0	0.0	11.2823231351	10.736330334	0.0	10.736330334	0.0	11.2823231351	10.736330334	8.52945752285	8.52945752285	5.79854867813	8.52945752285	10.736330334	11.2823231351	10.736330334	8.51911577062	8.94924296941	8.51911577062	10.736330334	10.736330334	0.0	11.2823231351	8.52945752285	0.0	10.736330334	10.736330334	10.736330334	0.0	10.736330334	10.736330334	8.51911577062	5.79854867813	8.51911577062	8.51911577062	11.2823231351	10.736330334	10.736330334	8.51911577062	8.94924296941	8.51911577062	0.0
10.2406524486	11.2823231351	11.2823231351	11.2823231351	11.2823231351	11.2823231351	11.2823231351	12.8370161357	12.8370161357	11.2823231351	11.2823231351	0.0	10.0688417414	11.2823231351	10.0688417414	11.2823231351	0.0	10.0688417414	12.8370161357	12.8370161357	11.2268598522	12.8370161357	10.0688417414	0.0	10.0688417414	10.2406524486	10.6612053258	10.2406524486	10.0688417414	10.0688417414	11.2823231351	0.0	12.8370161357	11.2823231351	10.0688417414	10.0688417414	10.0688417414	11.2823231351	10.0688417414	10.0688417414	10.2406524486	11.2268598522	10.2406524486	10.2406524486	0.0	10.0688417414	10.0688417414	10.2406524486	10.6612053258	10.2406524486	11.2823231351
9.69350301332	10.736330334	10.736330334	10.736330334	10.736330334	10.736330334	10.736330334	12.2911109231	12.2911109231	10.736330334	10.736330334	10.0688417414	0.0	10.736330334	0.0	10.736330334	10.0688417414	0.0	12.2911109231	12.2911109231	10.6810267214	12.2911109231	0.0	10.0688417414	0.0	9.69350301332	10.1136594755	9.69350301332	0.0	0.0	10.736330334	10.0688417414	12.2911109231	10.736330334	0.0	0.0	0.0	10.736330334	0.0	0.0	9.69350301332	10.6810267214	9.69350301332	9.69350301332	10.0688417414	0.0	0.0	9.69350301332	10.1136594755	9.69350301332	10.736330334
10.0740600335	8.52945752285	8.52945752285	8.52945752285	8.52945752285	8.52945752285	8.52945752285	0.0	0.0	8.52945752285	8.52945752285	12.8370161357	12.2911109231	8.52945752285	12.2911109231	8.52945752285	12.8370161357	12.2911109231	0.0	0.0	7.11233782586	0.0	12.2911109231	12.8370161357	12.2911109231	10.0740600335	10.5041750247	10.0740600335	12.2911109231	12.2911109231	8.52945752285	12.8370161357	0.0	8.52945752285	12.2911109231	12.2911109231	12.2911109231	8.52945752285	12.2911109231	12.2911109231	10.0740600335	7.11233782586	10.0740600335	10.0740600335	12.8370161357	12.2911109231	12.2911109231	10.0740600335	10.5041750247	10.0740600335	8.52945752285
10.0740600335	8.52945752285	8.52945752285	8.52945752285	8.52945752285	8.52945752285	8.52945752285	0.0	0.0	8.52945752285	8.52945752285	12.8370161357	12.2911109231	8.52945752285	12.2911109231	8.52945752285	12.8370161357	12.2911109231	0.0	0.0	7.11233782586	0.0	12.2911109231	12.8370161357	12.2911109231	10.0740600335	10.5041750247	10.0740600335	12.2911109231	12.2911109231	8.52945752285	12.8370161357	0.0	8.52945752285	12.2911109231	12.2911109231	12.2911109231	8.52945752285	12.2911109231	12.2911109231	10.0740600335	7.11233782586	10.0740600335	10.0740600335	12.8370161357	12.2911109231	12.2911109231	10.0740600335	10.5041750247	10.0740600335	8.52945752285
8.46409855234	5.79854867813	5.79854867813	5.79854867813	5.79854867813	5.79854867813	5.79854867813	7.11233782586	7.11233782586	5.79854867813	5.79854867813	11.2268598522	10.6810267214	5.79854867813	10.6810267214	5.79854867813	11.2268598522	10.6810267214	7.11233782586	7.11233782586	0.0	7.11233782586	10.6810267214	11.2268598522	10.6810267214	8.46409855234	8.89420277684	8.46409855234	10.6810267214	10.6810267214	5.79854867813	11.2268598522	7.11233782586	5.79854867813	10.6810267214	10.6810267214	10.6810267214	5.79854867813	10.6810267214	10.6810267214	8.46409855234	0.0	8.46409855234	8.46409855234	11.2268598522	10.6810267214	10.6810267214	8.46409855234	8.89420277684	8.46409855234	5.79854867813
10.0740600335	8.52945752285	8.52945752285	8.52945752285	8.52945752285	8.52945752285	8.52945752285	0.0	0.0	8.52945752285	8.52945752285	12.8370161357	12.2911109231	8.52945752285	12.2911109231	8.52945752285	12.8370161357	12.2911109231	0.0	0.0	7.11233782586	0.0	12.2911109231	12.8370161357	12.2911109231	10.0740600335	10.5041750247	10.0740600335	12.2911109231	12.2911109231	8.52945752285	12.8370161357	0.0	8.52945752285	12.2911109231	12.2911109231	12.2911109231	8.52945752285	12.2911109231	12.2911109231	10.0740600335	7.11233782586	10.0740600335	10.0740600335	12.8370161357	12.2911109231	12.2911109231	10.0740600335	10.5041750247	10.0740600335	8.52945752285
9.69350301332	10.736330334	10.736330334	10.736330334	10.736330334	10.736330334	10.736330334	12.2911109231	12.2911109231	10.736330334	10.736330334	10.0688417414	0.0	10.736330334	0.0	10.736330334	10.0688417414	0.0	12.2911109231	12.2911109231	10.6810267214	12.2911109231	0.0	10.0688417414	0.0	9.69350301332	10.1136594755	9.69350301332	0.0	0.0	10.736330334	10.0688417414	12.2911109231	10.736330334	0.0	0.0	0.0	10.736330334	0.0	0.0	9.69350301332	10.6810267214	9.69350301332	9.69350301332	10.0688417414	0.0	0.0	9.69350301332	10.1136594755	9.69350301332	10.736330334
10.2406524486	11.2823231351	11.2823231351	11.2823231351	11.2823231351	11.2823231351	11.2823231351	12.8370161357	12.8370161357	11.2823231351	11.2823231351	0.0	10.0688417414	11.2823231351	10.0688417414	11.2823231351	0.0	10.0688417414	12.8370161357	12.8370161357	11.2268598522	12.8370161357	10.0688417414	0.0	10.0688417414	10.2406524486	10.6612053258	10.2406524486	10.0688417414	10.0688417414	11.2823231351	0.0	12.8370161357	11.2823231351	10.0688417414	10.0688417414	10.0688417414	11.2823231351	10.0688417414	10.0688417414	10.2406524486	11.2268598522	10.2406524486	10.2406524486	0.0	10.0688417414	10.0688417414	10.2406524486	10.6612053258	10.2406524486	11.2823231351
9.69350301332	10.736330334	10.736330334	10.736330334	10.736330334	10.736330334	10.736330334	12.2911109231	12.2911109231	10.736330334	10.736330334	10.0688417414	0.0	10.736330334	0.0	10.736330334	10.0688417414	0.0	12.2911109231	12.2911109231	10.6810267214	12.2911109231	0.0	10.0688417414	0.0	9.69350301332	10.1136594755	9.69350301332	0.0	0.0	10.736330334	10.0688417414	12.2911109231	10.736330334	0.0	0.0	0.0	10.736330334	0.0	0.0	9.69350301332	10.6810267214	9.69350301332	9.69350301332	10.0688417414	0.0	0.0	9.69350301332	10.1136594755	9.69350301332	10.736330334
0.0	8.51911577062	8.51911577062	8.51911577062	8.51911577062	8.51911577062	8.51911577062	10.0740600335	10.0740600335	8.51911577062	8.51911577062	10.2406524486	9.69350301332	8.51911577062	9.69350301332	8.51911577062	10.2406524486	9.69350301332	10.0740600335	10.0740600335	8.46409855234	10.0740600335	9.69350301332	10.2406524486	9.69350301332	0.0	5.67912226394	0.0	9.69350301332	9.69350301332	8.51911577062	10.2406524486	10.0740600335	8.51911577062	9.69350301332	9.69350301332	9.69350301332	8.51911577062	9.69350301332	9.69350301332	0.0	8.46409855234	0.0	0.0	10.2406524486	9.69350301332	9.69350301332	0.0	5.67912226394	0.0	8.51911577062
5.67912226394	8.94924296941	8.94924296941	8.94924296941	8.94924296941	8.94924296941	8.94924296941	10.5041750247	10.5041750247	8.94924296941	8.94924296941	10.6612053258	10.1136594755	8.94924296941	10.1136594755	8.94924296941	10.6612053258	10.1136594755	10.5041750247	10.5041750247	8.89420277684	10.5041750247	10.1136594755	10.6612053258	10.1136594755	5.67912226394	0.0	5.67912226394	10.1136594755	10.1136594755	8.94924296941	10.6612053258	10.5041750247	8.94924296941	10.1136594755	10.1136594755	10.1136594755	8.94924296941	10.1136594755	10.1136594755	5.67912226394	8.89420277684	5.67912226394	5.67912226394	10.6612053258	10.1136594755	10.1136594755	5.67912226394	0.0	5.67912226394	8.94924296941
0.0	8.51911577062	8.51911577062	8.51911577062	8.51911577062	8.51911577062	8.51911577062	10.0740600335	10.0740600335	8.51911577062	8.51911577062	10.2406524486	9.69350301332	8.51911577062	9.69350301332	8.51911577062	10.2406524486	9.69350301332	10.0740600335	10.0740600335	8.46409855234	10.0740600335	9.69350301332	10.2406524486	9.69350301332	0.0	5.67912226394	0.0	9.69350301332	9.69350301332	8.51911577062	10.2406524486	10.0740600335	8.51911577062	9.69350301332	9.69350301332	9.69350301332	8.51911577062	9.69350301332	9.69350301332	0.0	8.46409855234	0.0	0.0	10.2406524486	9.69350301332	9.69350301332	0.0	5.67912226394	0.0	8.51911577062
9.69350301332	10.736330334	10.736330334	10.736330334	10.736330334	10.736330334	10.736330334	12.2911109231	12.2911109231	10.736330334	10.736330334	10.0688417414	0.0	10.736330334	0.0	10.736330334	10.0688417414	0.0	12.2911109231	12.2911109231	10.6810267214	12.2911109231	0.0	10.0688417414	0.0	9.69350301332	10.1136594755	9.69350301332	0.0	0.0	10.736330334	10.0688417414	12.2911109231	10.736330334	0.0	0.0	0.0	10.736330334	0.0	0.0	9.69350301332	10.6810267214	9.69350301332	9.69350301332	10.0688417414	0.0	0.0	9.69350301332	10.1136594755	9.69350301332	10.736330334
9.69350301332	10.736330334	10.736330334	10.736330334	10.736330334	10.736330334	10.736330334	12.2911109231	12.2911109231	10.736330334	10.736330334	10.0688417414	0.0	10.736330334	0.0	10.736330334	10.0688417414	0.0	12.2911109231	12.2911109231	10.6810267214	12.2911109231	0.0	10.0688417414	0.0	9.69350301332	10.1136594755	9.69350301332	0.0	0.0	10.736330334	10.0688417414	12.2911109231	10.736330334	0.0	0.0	0.0	10.736330334	0.0	0.0	9.69350301332	10.6810267214	9.69350301332	9.69350301332	10.0688417414	0.0	0.0	9.69350301332	10.1136594755	9.69350301332	10.736330334
8.51911577062	0.0	0.0	0.0	0.0	0.0	0.0	8.52945752285	8.52945752285	0.0	0.0	11.2823231351	10.736330334	0.0	10.736330334	0.0	11.2823231351	10.736330334	8.52945752285	8.52945752285	5.79854867813	8.52945752285	10.736330334	11.2823231351	10.736330334	8.51911577062	8.94924296941	8.51911577062	10.736330334	10.736330334	0.0	11.2823231351	8.52945752285	0.0	10.736330334	10.736330334	10.736330334	0.0	10.736330334	10.736330334	8.51911577062	5.79854867813	8.51911577062	8.51911577062	11.2823231351	10.736330334	10.736330334	8.51911577062	8.94924296941	8.51911577062	0.0
10.2406524486	11.2823231351	11.2823231351	11.2823231351	11.2823231351	11.2823231351	11.2823231351	12.8370161357	12.8370161357	11.2823231351	11.2823231351	0.0	10.0688417414	11.2823231351	10.0688417414	11.2823231351	0.0	10.0688417414	12.8370161357	12.8370161357	11.2268598522	12.8370161357	10.0688417414	0.0	10.0688417414	10.2406524486	10.6612053258	10.2406524486	10.0688417414	10.0688417414	11.2823231351	0.0	12.8370161357	11.2823231351	10.0688417414	10.0688417414	10.0688417414	11.2823231351	10.0688417414	10.0688417414	10.2406524486	11.2268598522	10.2406524486	10.2406524486	0.0	10.0688417414	10.0688417414	10.2406524486	10.6612053258	10.2406524486	11.2823231351
10.0740600335	8.52945752285	8.52945752285	8.52945752285	8.52945752285	8.52945752285	8.52945752285	0.0	0.0	8.52945752285	8.52945752285	12.8370161357	12.2911109231	8.52945752285	12.2911109231	8.52945752285	12.8370161357	12.2911109231	0.0	0.0	7.11233782586	0.0	12.2911109231	12.8370161357	12.2911109231	10.0740600335	10.5041750247	10.0740600335	12.2911109231	12.2911109231	8.52945752285	12.8370161357	0.0	8.52945752285	12.2911109231	12.2911109231	12.2911109231	8.52945752285	12.2911109231	12.2911109231	10.0740600335	7.11233782586	10.0740600335	10.0740600335	12.8370161357	12.2911109231	12.2911109231	10.0740600335	10.5041750247	10.0740600335	8.52945752285
8.51911577062	0.0	0.0	0.0	0.0	0.0	0.0	8.52945752285	8.52945752285	0.0	0.0	11.2823231351	10.736330334	0.0	10.736330334	0.0	11.2823231351	10.736330334	8.52945752285	8.52945752285	5.79854867813	8.52945752285	10.736330334	11.2823231351	10.736330334	8.51911577062	8.94924296941	8.51911577062	10.736330334	10.736330334	0.0	11.2823231351	8.52945752285	0.0	10.736330334	10.736330334	10.736330334	0.0	10.736330334	10.736330334	8.51911577062	5.79854867813	8.51911577062	8.51911577062	11.2823231351	10.736330334	10.736330334	8.51911577062	8.94924296941	8.51911577062	0.0
9.69350301332	10.736330334	10.736330334	10.736330334	10.736330334	10.736330334	10.736330334	12.2911109231	12.2911109231	10.736330334	10.736330334	10.0688417414	0.0	10.736330334	0.0	10.736330334	10.0688417414	0.0	12.2911109231	12.2911109231	10.6810267214	12.2911109231	0.0	10.0688417414	0.0	9.69350301332	10.1136594755	9.69350301332	0.0	0.0	10.736330334	10.0688417414	12.2911109231	10.736330334	0.0	0.0	0.0	10.736330334	0.0	0.0	9.69350301332	10.6810267214	9.69350301332	9.69350301332	10.0688417414	0.0	0.0	9.69350301332	10.1136594755	9.69350301332	10.736330334
9.69350301332	10.736330334	10.736330334	10.736330334	10.736330334	10.736330334	10.736330334	12.2911109231	12.2911109231	10.736330334	10.736330334	10.0688417414	0.0	10.736330334	0.0	10.736330334	10.0688417414	0.0	12.2911109231	12.2911109231	10.6810267214	12.2911109231	0.0	10.0688417414	0.0	9.69350301332	10.1136594755	9.69350301332	0.0	0.0	10.736330334	10.0688417414	12.2911109231	10.736330334	0.0	0.0	0.0	10.736330334	0.0	0.0	9.69350301332	10.6810267214	9.69350301332	9.69350301332	10.0688417414	0.0	0.0	9.69350301332	10.1136594755	9.69350301332	10.736330334
9.69350301332	10.736330334	10.736330334	10.736330334	10.736330334	10.736330334	10.736330334	12.2911109231	12.2911109231	10.736330334	10.736330334	10.0688417414	0.0	10.736330334	0.0	10.736330334	10.0688417414	0.0	12.2911109231	12.2911109231	10.6810267214	12.2911109231	0.0	10.0688417414	0.0	9.69350301332	10.1136594755	9.69350301332	0.0	0.0	10.736330334	10.0688417414	12.2911109231	10.736330334	0.0	0.0	0.0	10.736330334	0.0	0.0	9.69350301332	10.6810267214	9.69350301332	9.69350301332	10.0688417414	0.0	0.0	9.69350301332	10.1136594755	9.69350301332	10.736330334
8.51911577062	0.0	0.0	0.0	0.0	0.0	0.0	8.52945752285	8.52945752285	0.0	0.0	11.2823231351	10.736330334	0.0	10.736330334	0.0	11.2823231351	10.736330334	8.52945752285	8.52945752285	5.79854867813	8.52945752285	10.736330334	11.2823231351	10.736330334	8.51911577062	8.94924296941	8.51911577062	10.736330334	10.736330334	0.0	11.2823231351	8.52945752285	0.0	10.736330334	10.736330334	10.736330334	0.0	10.736330334	10.736330334	8.51911577062	5.79854867813	8.51911577062	8.51911577062	11.2823231351	10.736330334	10.736330334	8.51911577062	8.94924296941	8.51911577062	0.0
9.69350301332	10.736330334	10.736330334	10.736330334	10.736330334	10.736330334	10.736330334	12.2911109231	12.2911109231	10.736330334	10.736330334	10.0688417414	0.0	10.736330334	0.0	10.736330334	10.0688417414	0.0	12.2911109231	12.2911109231	10.6810267214	12.2911109231	0.0	10.0688417414	0.0	9.69350301332	10.1136594755	9.69350301332	0.0	0.0	10.736330334	10.0688417414	12.2911109231	10.736330334	0.0	0.0	0.0	10.736330334	0.0	0.0	9.69350301332	10.6810267214	9.69350301332	9.69350301332	10.0688417414	0.0	0.0	9.69350301332	10.1136594755	9.69350301332	10.736330334
9.69350301332	10.736330334	10.736330334	10.736330334	10.736330334	10.736330334	10.736330334	12.2911109231	12.2911109231	10.736330334	10.736330334	10.0688417414	0.0	10.736330334	0.0	10.736330334	10.0688417414	0.0	12.2911109231	12.2911109231	10.6810267214	12.2911109231	0.0	10.0688417414	0.0	9.69350301332	10.1136594755	9.69350301332	0.0	0.0	10.736330334	10.0688417414	12.2911109231	10.736330334	0.0	0.0	0.0	10.736330334	0.0	0.0	9.69350301332	10.6810267214	9.69350301332	9.69350301332	10.0688417414	0.0	0.0	9.69350301332	10.1136594755	9.69350301332	10.736330334
0.0	8.51911577062	8.51911577062	8.51911577062	8.51911577062	8.51911577062	8.51911577062	10.0740600335	10.0740600335	8.51911577062	8.51911577062	10.2406524486	9.69350301332	8.51911577062	9.69350301332	8.51911577062	10.2406524486	9.69350301332	10.0740600335	10.0740600335	8.46409855234	10.0740600335	9.69350301332	10.2406524486	9.69350301332	0.0	5.67912226394	0.0	9.69350301332	9.69350301332	8.51911577062	10.2406524486	10.0740600335	8.51911577062	9.69350301332	9.69350301332	9.69350301332	8.51911577062	9.69350301332	9.69350301332	0.0	8.46409855234	0.0	0.0	10.2406524486	9.69350301332	9.69350301332	0.0	5.67912226394	0.0	8.51911577062
8.46409855234	5.79854867813	5.79854867813	5.79854867813	5.79854867813	5.79854867813	5.79854867813	7.11233782586	7.11233782586	5.79854867813	5.79854867813	11.2268598522	10.6810267214	5.79854867813	10.6810267214	5.79854867813	11.2268598522	10.6810267214	7.11233782586	7.11233782586	0.0	7.11233782586	10.6810267214	11.2268598522	10.6810267214	8.46409855234	8.89420277684	8.46409855234	10.6810267214	10.6810267214	5.79854867813	11.2268598522	7.11233782586	5.79854867813	10.6810267214	10.6810267214	10.6810267214	5.79854867813	10.6810267214	10.6810267214	8.46409855234	0.0	8.46409855234	8.46409855234	11.2268598522	10.6810267214	10.6810267214	8.46409855234	8.89420277684	8.46409855234	5.79854867813
0.0	8.51911577062	8.51911577062	8.51911577062	8.51911577062	8.51911577062	8.51911577062	10.0740600335	10.0740600335	8.51911577062	8.51911577062	10.2406524486	9.69350301332	8.51911577062	9.69350301332	8.51911577062	10.2406524486	9.69350301332	10.0740600335	10.0740600335	8.46409855234	10.0740600335	9.69350301332	10.2406524486	9.69350301332	0.0	5.67912226394	0.0	9.69350301332	9.69350301332	8.51911577062	10.2406524486	10.0740600335	8.51911577062	9.69350301332	9.69350301332	9.69350301332	8.51911577062	9.69350301332	9.69350301332	0.0	8.46409855234	0.0	0.0	10.2406524486	9.69350301332	9.69350301332	0.0	5.67912226394	0.0	8.51911577062
0.0	8.51911577062	8.51911577062	8.51911577062	8.51911577062	8.51911577062	8.51911577062	10.0740600335	10.0740600335	8.51911577062	8.51911577062	10.2406524486	9.69350301332	8.51911577062	9.69350301332	8.51911577062	10.2406524486	9.69350301332	10.0740600335	10.0740600335	8.46409855234	10.0740600335	9.69350301332	10.2406524486	9.69350301332	0.0	5.67912226394	0.0	9.69350301332	9.69350301332	8.51911577062	10.2406524486	10.0740600335	8.51911577062	9.69350301332	9.69350301332	9.69350301332	8.51911577062	9.69350301332	9.69350301332	0.0	8.46409855234	0.0	0.0	10.2406524486	9.69350301332	9.69350301332	0.0	5.67912226394	0.0	8.51911577062
10.2406524486	11.2823231351	11.2823231351	11.2823231351	11.2823231351	11.2823231351	11.2823231351	12.8370161357	12.8370161357	11.2823231351	11.2823231351	0.0	10.0688417414	11.2823231351	10.0688417414	11.2823231351	0.0	10.0688417414	12.8370161357	12.8370161357	11.2268598522	12.8370161357	10.0688417414	0.0	10.0688417414	10.2406524486	10.6612053258	10.2406524486	10.0688417414	10.0688417414	11.2823231351	0.0	12.8370161357	11.2823231351	10.0688417414	10.0688417414	10.0688417414	11.2823231351	10.0688417414	10.0688417414	10.2406524486	11.2268598522	10.2406524486	10.2406524486	0.0	10.0688417414	10.0688417414	10.2406524486	10.6612053258	10.2406524486	11.2823231351
9.69350301332	10.736330334	10.736330334	10.736330334	10.736330334	10.736330334	10.736330334	12.2911109231	12.2911109231	10.736330334	10.736330334	10.0688417414	0.0	10.736330334	0.0	10.736330334	10.0688417414	0.0	12.2911109231	12.2911109231	10.6810267214	12.2911109231	0.0	10.0688417414	0.0	9.69350301332	10.1136594755	9.69350301332	0.0	0.0	10.736330334	10.0688417414	12.2911109231	10.736330334	0.0	0.0	0.0	10.736330334	0.0	0.0	9.69350301332	10.6810267214	9.69350301332	9.69350301332	10.0688417414	0.0	0.0	9.69350301332	10.1136594755	9.69350301332	10.736330334
9.69350301332	10.736330334	10.736330334	10.736330334	10.736330334	10.736330334	10.736330334	12.2911109231	12.2911109231	10.736330334	10.736330334	10.0688417414	0.0	10.736330334	0.0	10.736330334	10.0688417414	0.0	12.2911109231	12.2911109231	10.6810267214	12.2911109231	0.0	10.0688417414	0.0	9.69350301332	10.1136594755	9.69350301332	0.0	0.0	10.736330334	10.0688417414	12.2911109231	10.736330334	0.0	0.0	0.0	10.736330334	0.0	0.0	9.69350301332	10.6810267214	9.69350301332	9.69350301332	10.0688417414	0.0	0.0	9.69350301332	10.1136594755	9.69350301332	10.736330334
0.0	8.51911577062	8.51911577062	8.51911577062	8.51911577062	8.51911577062	8.51911577062	10.0740600335	10.0740600335	8.51911577062	8.51911577062	10.2406524486	9.69350301332	8.51911577062	9.69350301332	8.51911577062	10.2406524486	9.69350301332	10.0740600335	10.0740600335	8.46409855234	10.0740600335	9.69350301332	10.2406524486	9.69350301332	0.0	5.67912226394	0.0	9.69350301332	9.69350301332	8.51911577062	10.2406524486	10.0740600335	8.51911577062	9.69350301332	9.69350301332	9.69350301332	8.51911577062	9.69350301332	9.69350301332	0.0	8.46409855234	0.0	0.0	10.2406524486	9.69350301332	9.69350301332	0.0	5.67912226394	0.0	8.51911577062
5.67912226394	8.94924296941	8.94924296941	8.94924296941	8.94924296941	8.94924296941	8.94924296941	10.5041750247	10.5041750247	8.94924296941	8.94924296941	10.6612053258	10.1136594755	8.94924296941	10.1136594755	8.94924296941	10.6612053258	10.1136594755	10.5041750247	10.5041750247	8.89420277684	10.5041750247	10.1136594755	10.6612053258	10.1136594755	5.67912226394	0.0	5.67912226394	10.1136594755	10.1136594755	8.94924296941	10.6612053258	10.5041750247	8.94924296941	10.1136594755	10.1136594755	10.1136594755	8.94924296941	10.1136594755	10.1136594755	5.67912226394	8.89420277684	5.67912226394	5.67912226394	10.6612053258	10.1136594755	10.1136594755	5.67912226394	0.0	5.67912226394	8.94924296941
0.0	8.51911577062	8.51911577062	8.51911577062	8.51911577062	8.51911577062	8.51911577062	10.0740600335	10.0740600335	8.51911577062	8.51911577062	10.2406524486	9.69350301332	8.51911577062	9.69350301332	8.51911577062	10.2406524486	9.69350301332	10.0740600335	10.0740600335	8.46409855234	10.0740600335	9.69350301332	10.2406524486	9.69350301332	0.0	5.67912226394	0.0	9.69350301332	9.69350301332	8.51911577062	10.2406524486	10.0740600335	8.51911577062	9.69350301332	9.69350301332	9.69350301332	8.51911577062	9.69350301332	9.69350301332	0.0	8.46409855234	0.0	0.0	10.2406524486	9.69350301332	9.69350301332	0.0	5.67912226394	0.0	8.51911577062
8.51911577062	0.0	0.0	0.0	0.0	0.0	0.0	8.52945752285	8.52945752285	0.0	0.0	11.2823231351	10.736330334	0.0	10.736330334	0.0	11.2823231351	10.736330334	8.52945752285	8.52945752285	5.79854867813	8.52945752285	10.736330334	11.2823231351	10.736330334	8.51911577062	8.94924296941	8.51911577062	10.736330334	10.736330334	0.0	11.2823231351	8.52945752285	0.0	10.736330334	10.736330334	10.736330334	0.0	10.736330334	10.736330334	8.51911577062	5.79854867813	8.51911577062	8.51911577062	11.2823231351	10.736330334	10.736330334	8.51911577062	8.94924296941	8.51911577062	0.0