0.0	10.6214519103	10.6214519103	10.6214519103	10.6214519103	10.6214519103	10.6214519103	13.8581401088	13.8581401088	10.6214519103	10.6214519103	14.4634040299	14.1906753171	10.6214519103	14.1906753171	10.6214519103	14.4634040299	14.1906753171	13.8581401088	13.8581401088	12.0671741464	13.8581401088	14.1906753171	14.4634040299	14.1906753171	0.0	5.76299497141	0.0	14.1906753171	14.1906753171	10.6214519103	14.4634040299	13.8581401088	10.6214519103	14.1906753171	14.1906753171	14.1906753171	10.6214519103	14.1906753171	14.1906753171	0.0	12.0671741464	0.0	0.0	14.4634040299	14.1906753171	14.1906753171	0.0	5.76299497141	0.0	10.6214519103
10.6214519103	0.0	0.0	0.0	0.0	0.0	0.0	12.356233802	12.356233802	0.0	0.0	16.5730711652	16.3035914875	0.0	16.3035914875	0.0	16.5730711652	16.3035914875	12.356233802	12.356233802	8.82545365975	12.356233802	16.3035914875	16.5730711652	16.3035914875	10.6214519103	10.9964746136	10.6214519103	16.3035914875	16.3035914875	0.0	16.5730711652	12.356233802	0.0	16.3035914875	16.3035914875	16.3035914875	0.0	16.3035914875	16.3035914875	10.6214519103	8.82545365975	10.6214519103	10.6214519103	16.5730711652	16.3035914875	16.3035914875	10.6214519103	10.9964746136	10.6214519103	0.0
10.6214519103	0.0	0.0	0.0	0.0	0.0	0.0	12.356233802	12.356233802	0.0	0.0	16.5730711652	16.3035914875	0.0	16.3035914875	0.0	16.5730711652	16.3035914875	12.356233802	12.356233802	8.82545365975	12.356233802	16.3035914875	16.5730711652	16.3035914875	10.6214519103	10.9964746136	10.6214519103	16.3035914875	16.3035914875	0.0	16.5730711652	12.356233802	0.0	16.3035914875	16.3035914875	16.3035914875	0.0	16.3035914875	16.3035914875	10.6214519103	8.82545365975	10.6214519103	10.6214519103	16.5730711652	16.3035914875	16.3035914875	10.6214519103	10.9964746136	10.6214519103	0.0
10.6214519103	0.0	0.0	0.0	0.0	0.0	0.0	12.356233802	12.356233802	0.0	0.0	16.5730711652	16.3035914875	0.0	16.3035914875	0.0	16.5730711652	16.3035914875	12.356233802	12.356233802	8.82545365975	12.356233802	16.3035914875	16.5730711652	16.3035914875	10.6214519103	10.9964746136	10.6214519103	16.3035914875	16.3035914875	0.0	16.5730711652	12.356233802	0.0	16.3035914875	16.3035914875	16.3035914875	0.0	16.3035914875	16.3035914875	10.6214519103	8.82545365975	10.6214519103	10.6214519103	16.5730711652	16.3035914875	16.3035914875	10.6214519103	10.9964746136	10.6214519103	0.0
10.6214519103	0.0	0.0	0.0	0.0	0.0	0.0	12.356233802	12.356233802	0.0	0.0	16.5730711652	16.3035914875	0.0	16.3035914875	0.0	16.5730711652	16.3035914875	12.356233802	12.356233802	8.82545365975	12.356233802	16.3035914875	16.5730711652	16.3035914875	10.6214519103	10.9964746136	10.6214519103	16.3035914875	16.3035914875	0.0	16.5730711652	12.356233802	0.0	16.3035914875	16.3035914875	16.3035914875	0.0	16.3035914875	16.3035914875	10.6214519103	8.82545365975	10.6214519103	10.6214519103	16.5730711652	16.3035914875	16.3035914875	10.6214519103	10.9964746136	10.6214519103	0.0
10.6214519103	0.0	0.0	0.0	0.0	0.0	0.0	12.356233802	12.356233802	0.0	0.0	16.5730711652	16.3035914875	0.0	16.3035914875	0.0	16.5730711652	16.3035914875	12.356233802	12.356233802	8.82545365975	12.356233802	16.3035914875	16.5730711652	16.3035914875	10.6214519103	10.9964746136	10.6214519103	16.3035914875	16.3035914875	0.0	16.5730711652	12.356233802	0.0	16.3035914875	16.3035914875	16.3035914875	0.0	16.3035914875	16.3035914875	10.6214519103	8.82545365975	10.6214519103	10.6214519103	16.5730711652	16.3035914875	16.3035914875	10.6214519103	10.9964746136	10.6214519103	0.0
10.6214519103	0.0	0.0	0.0	0.0	0.0	0.0	12.356233802	12.356233802	0.0	0.0	16.5730711652	16.3035914875	0.0	16.3035914875	0.0	16.5730711652	16.3035914875	12.356233802	12.356233802	8.82545365975	12.356233802	16.3035914875	16.5730711652	16.3035914875	10.6214519103	10.9964746136	10.6214519103	16.3035914875	16.3035914875	0.0	16.5730711652	12.356233802	0.0	16.3035914875	16.3035914875	16.3035914875	0.0	16.3035914875	16.3035914875	10.6214519103	8.82545365975	10.6214519103	10.6214519103	16.5730711652	16.3035914875	16.3035914875	10.6214519103	10.9964746136	10.6214519103	0.0
13.8581401088	12.356233802	12.356233802	12.356233802	12.356233802	12.356233802	12.356233802	0.0	0.0	12.356233802	12.356233802	19.809418213	19.5400667302	12.356233802	19.5400667302	12.356233802	19.809418213	19.5400667302	0.0	0.0	11.8698830941	0.0	19.5400667302	19.809418213	19.5400667302	13.8581401088	14.2331503424	13.8581401088	19.5400667302	19.5400667302	12.356233802	19.809418213	0.0	12.356233802	19.5400667302	19.5400667302	19.5400667302	12.356233802	19.5400667302	19.5400667302	13.8581401088	11.8698830941	13.8581401088	13.8581401088	19.809418213	19.5400667302	19.5400667302	13.8581401088	14.2331503424	13.8581401088	12.356233802
13.8581401088	12.356233802	12.356233802	12.356233802	12.356233802	12.356233802	12.356233802	0.0	0.0	12.356233802	12.356233802	19.809418213	19.5400667302	12.356233802	19.5400667302	12.356233802	19.809418213	19.5400667302	0.0	0.0	11.8698830941	0.0	19.5400667302	19.809418213	19.5400667302	13.8581401088	14.2331503424	13.8581401088	19.5400667302	19.5400667302	12.356233802	19.809418213	0.0	12.356233802	19.5400667302	19.5400667302	19.5400667302	12.356233802	19.5400667302	19.5400667302	13.8581401088	11.8698830941	13.8581401088	13.8581401088	19.809418213	19.5400667302	19.5400667302	13.8581401088	14.2331503424	13.8581401088	12.356233802
10.6214519103	0.0	0.0	0.0	0.0	0.0	0.0	12.356233802	12.356233802	0.0	0.0	16.5730711652	16.3035914875	0.0	16.3035914875	0.0	16.5730711652	16.3035914875	12.356233802	12.356233802	8.82545365975	12.356233802	16.3035914875	16.5730711652	16.3035914875	10.6214519103	10.9964746136	10.6214519103	16.3035914875	16.3035914875	0.0	16.5730711652	12.356233802	0.0	16.3035914875	16.3035914875	16.3035914875	0.0	16.3035914875	16.3035914875	10.6214519103	8.82545365975	10.6214519103	10.6214519103	16.5730711652	16.3035914875	16.3035914875	10.6214519103	10.9964746136	10.6214519103	0.0
10.6214519103	0.0	0.0	0.0	0.0	0.0	0.0	12.356233802	12.356233802	0.0	0.0	16.5730711652	16.3035914875	0.0	16.3035914875	0.0	16.5730711652	16.3035914875	12.356233802	12.356233802	8.82545365975	12.356233802	16.3035914875	16.5730711652	16.3035914875	10.6214519103	10.9964746136	10.6214519103	16.3035914875	16.3035914875	0.0	16.5730711652	12.356233802	0.0	16.3035914875	16.3035914875	16.3035914875	0.0	16.3035914875	16.3035914875	10.6214519103	8.82545365975	10.6214519103	10.6214519103	16.5730711652	16.3035914875	16.3035914875	10.6214519103	10.9964746136	10.6214519103	0.0
14.4634040299	16.5730711652	16.5730711652	16.5730711652	16.5730711652	16.5730711652	16.5730711652	19.809418213	19.809418213	16.5730711652	16.5730711652	0.0	16.8423853201	16.5730711652	16.8423853201	16.5730711652	0.0	16.8423853201	19.809418213	19.809418213	18.0177290672	19.809418213	16.8423853201	0.0	16.8423853201	14.4634040299	14.8264434462	14.4634040299	16.8423853201	16.8423853201	16.5730711652	0.0	19.809418213	16.5730711652	16.8423853201	16.8423853201	16.8423853201	16.5730711652	16.8423853201	16.8423853201	14.4634040299	18.0177290672	14.4634040299	14.4634040299	0.0	16.8423853201	16.8423853201	14.4634040299	14.8264434462	14.4634040299	16.5730711652
14.1906753171	16.3035914875	16.3035914875	16.3035914875	16.3035914875	16.3035914875	16.3035914875	19.5400667302	19.5400667302	16.3035914875	16.3035914875	16.8423853201	0.0	16.3035914875	0.0	16.3035914875	16.8423853201	0.0	19.5400667302	19.5400667302	17.7486949165	19.5400667302	0.0	16.8423853201	0.0	14.1906753171	14.553046275	14.1906753171	0.0	0.0	16.3035914875	16.8423853201	19.5400667302	16.3035914875	0.0	0.0	0.0	16.3035914875	0.0	0.0	14.1906753171	17.7486949165	14.1906753171	14.1906753171	16.8423853201	0.0	0.0	14.1906753171	14.553046275	14.1906753171	16.3035914875
10.6214519103	0.0	0.0	0.0	0.0	0.0	0.0	12.356233802	12.356233802	0.0	0.0	16.5730711652	16.3035914875	0.0	16.3035914875	0.0	16.5730711652	16.3035914875	12.356233802	12.356233802	8.82545365975	12.356233802	16.3035914875	16.5730711652	16.3035914875	10.6214519103	10.9964746136	10.6214519103	16.3035914875	16.3035914875	0.0	16.5730711652	12.356233802	0.0	16.3035914875	16.3035914875	16.3035914875	0.0	16.3035914875	16.3035914875	10.6214519103	8.82545365975	10.6214519103	10.6214519103	16.5730711652	16.3035914875	16.3035914875	10.6214519103	10.9964746136	10.6214519103	0.0
14.1906753171	16.3035914875	16.3035914875	16.3035914875	16.3035914875	16.3035914875	16.3035914875	19.5400667302	19.5400667302	16.3035914875	16.3035914875	16.8423853201	0.0	16.3035914875	0.0	16.3035914875	16.8423853201	0.0	19.5400667302	19.5400667302	17.7486949165	19.5400667302	0.0	16.8423853201	0.0	14.1906753171	14.553046275	14.1906753171	0.0	0.0	16.3035914875	16.8423853201	19.5400667302	16.3035914875	0.0	0.0	0.0	16.3035914875	0.0	0.0	14.1906753171	17.7486949165	14.1906753171	14.1906753171	16.8423853201	0.0	0.0	14.1906753171	14.553046275	14.1906753171	16.3035914875
10.6214519103	0.0	0.0	0.0	0.0	0.0	0.0	12.356233802	12.356233802	0.0	0.0	16.5730711652	16.3035914875	0.0	16.3035914875	0.0	16.5730711652	16.3035914875	12.356233802	12.356233802	8.82545365975	12.356233802	16.3035914875	16.5730711652	16.3035914875	10.6214519103	10.9964746136	10.6214519103	16.3035914875	16.3035914875	0.0	16.5730711652	12.356233802	0.0	16.3035914875	16.3035914875	16.3035914875	0.0	16.3035914875	16.3035914875	10.6214519103	8.82545365975	10.6214519103	10.6214519103	16.5730711652	16.3035914875	16.3035914875	10.6214519103	10.9964746136	10.6214519103	0.0
14.4634040299	16.5730711652	16.5730711652	16.5730711652	16.5730711652	16.5730711652	16.5730711652	19.809418213	19.809418213	16.5730711652	16.5730711652	0.0	16.8423853201	16.5730711652	16.8423853201	16.5730711652	0.0	16.8423853201	19.809418213	19.809418213	18.0177290672	19.809418213	16.8423853201	0.0	16.8423853201	14.4634040299	14.8264434462	14.4634040299	16.8423853201	16.8423853201	16.5730711652	0.0	19.809418213	16.5730711652	16.8423853201	16.8423853201	16.8423853201	16.5730711652	16.8423853201	16.8423853201	14.4634040299	18.0177290672	14.4634040299	14.4634040299	0.0	16.8423853201	16.8423853201	14.4634040299	14.8264434462	14.4634040299	16.5730711652
14.1906753171	16.3035914875	16.3035914875	16.3035914875	16.3035914875	16.3035914875	16.3035914875	19.5400667302	19.5400667302	16.3035914875	16.3035914875	16.8423853201	0.0	16.3035914875	0.0	16.3035914875	16.8423853201	0.0	19.5400667302	19.5400667302	17.7486949165	19.5400667302	0.0	16.8423853201	0.0	14.1906753171	14.553046275	14.1906753171	0.0	0.0	16.3035914875	16.8423853201	19.5400667302	16.3035914875	0.0	0.0	0.0	16.3035914875	0.0	0.0	14.1906753171	17.7486949165	14.1906753171	14.1906753171	16.8423853201	0.0	0.0	14.1906753171	14.553046275	14.1906753171	16.3035914875
13.8581401088	12.356233802	12.356233802	12.356233802	12.356233802	12.356233802	12.356233802	0.0	0.0	12.356233802	12.356233802	19.809418213	19.5400667302	12.356233802	19.5400667302	12.356233802	19.809418213	19.5400667302	0.0	0.0	11.8698830941	0.0	19.5400667302	19.809418213	19.5400667302	13.8581401088	14.2331503424	13.8581401088	19.5400667302	19.5400667302	12.356233802	19.809418213	0.0	12.356233802	19.5400667302	19.5400667302	19.5400667302	12.356233802	19.5400667302	19.5400667302	13.8581401088	11.8698830941	13.8581401088	13.8581401088	19.809418213	19.5400667302	19.5400667302	13.8581401088	14.2331503424	13.8581401088	12.356233802
13.8581401088	12.356233802	12.356233802	12.356233802	12.356233802	12.356233802	12.356233802	0.0	0.0	12.356233802	12.356233802	19.809418213	19.5400667302	12.356233802	19.5400667302	12.356233802	19.809418213	19.5400667302	0.0	0.0	11.8698830941	0.0	19.5400667302	19.809418213	19.5400667302	13.8581401088	14.2331503424	13.8581401088	19.5400667302	19.5400667302	12.356233802	19.809418213	0.0	12.356233802	19.5400667302	19.5400667302	19.5400667302	12.356233802	19.5400667302	19.5400667302	13.8581401088	11.8698830941	13.8581401088	13.8581401088	19.809418213	19.5400667302	19.5400667302	13.8581401088	14.2331503424	13.8581401088	12.356233802
12.0671741464	8.82545365975	8.82545365975	8.82545365975	8.82545365975	8.82545365975	8.82545365975	11.8698830941	11.8698830941	8.82545365975	8.82545365975	18.0177290672	17.7486949165	8.82545365975	17.7486949165	8.82545365975	18.0177290672	17.7486949165	11.8698830941	11.8698830941	0.0	11.8698830941	17.7486949165	18.0177290672	17.7486949165	12.0671741464	12.442159264	12.0671741464	17.7486949165	17.7486949165	8.82545365975	18.0177290672	11.8698830941	8.82545365975	17.7486949165	17.7486949165	17.7486949165	8.82545365975	17.7486949165	17.7486949165	12.0671741464	0.0	12.0671741464	12.0671741464	18.0177290672	17.7486949165	17.7486949165	12.0671741464	12.442159264	12.0671741464	8.82545365975
13.8581401088	12.356233802	12.356233802	12.356233802	12.356233802	12.356233802	12.356233802	0.0	0.0	12.356233802	12.356233802	19.809418213	19.5400667302	12.356233802	19.5400667302	12.356233802	19.809418213	19.5400667302	0.0	0.0	11.8698830941	0.0	19.5400667302	19.809418213	19.5400667302	13.8581401088	14.2331503424	13.8581401088	19.5400667302	19.5400667302	12.356233802	19.809418213	0.0	12.356233802	19.5400667302	19.5400667302	19.5400667302	12.356233802	19.5400667302	19.5400667302	13.8581401088	11.8698830941	13.8581401088	13.8581401088	19.809418213	19.5400667302	19.5400667302	13.8581401088	14.2331503424	13.8581401088	12.356233802
14.1906753171	16.3035914875	16.3035914875	16.3035914875	16.3035914875	16.3035914875	16.3035914875	19.5400667302	19.5400667302	16.3035914875	16.3035914875	16.8423853201	0.0	16.3035914875	0.0	16.3035914875	16.8423853201	0.0	19.5400667302	19.5400667302	17.7486949165	19.5400667302	0.0	16.8423853201	0.0	14.1906753171	14.553046275	14.1906753171	0.0	0.0	16.3035914875	16.8423853201	19.5400667302	16.3035914875	0.0	0.0	0.0	16.3035914875	0.0	0.0	14.1906753171	17.7486949165	14.1906753171	14.1906753171	16.8423853201	0.0	0.0	14.1906753171	14.553046275	14.1906753171	16.3035914875
14.4634040299	16.5730711652	16.5730711652	16.5730711652	16.5730711652	16.5730711652	16.5730711652	19.809418213	19.809418213	16.5730711652	16.5730711652	0.0	16.8423853201	16.5730711652	16.8423853201	16.5730711652	0.0	16.8423853201	19.809418213	19.809418213	18.0177290672	19.809418213	16.8423853201	0.0	16.8423853201	14.4634040299	14.8264434462	14.4634040299	16.8423853201	16.8423853201	16.5730711652	0.0	19.809418213	16.5730711652	16.8423853201	16.8423853201	16.8423853201	16.5730711652	16.8423853201	16.8423853201	14.4634040299	18.0177290672	14.4634040299	14.4634040299	0.0	16.8423853201	16.8423853201	14.4634040299	14.8264434462	14.4634040299	16.5730711652
14.1906753171	16.3035914875	16.3035914875	16.3035914875	16.3035914875	16.3035914875	16.3035914875	19.5400667302	19.5400667302	16.3035914875	16.3035914875	16.8423853201	0.0	16.3035914875	0.0	16.3035914875	16.8423853201	0.0	19.5400667302	19.5400667302	17.7486949165	19.5400667302	0.0	16.8423853201	0.0	14.1906753171	14.553046275	14.1906753171	0.0	0.0	16.3035914875	16.8423853201	19.5400667302	16.3035914875	0.0	0.0	0.0	16.3035914875	0.0	0.0	14.1906753171	17.7486949165	14.1906753171	14.1906753171	16.8423853201	0.0	0.0	14.1906753171	14.553046275	14.1906753171	16.3035914875
0.0	10.6214519103	10.6214519103	10.6214519103	10.6214519103	10.6214519103	10.6214519103	13.8581401088	13.8581401088	10.6214519103	10.6214519103	14.4634040299	14.1906753171	10.6214519103	14.1906753171	10.6214519103	14.4634040299	14.1906753171	13.8581401088	13.8581401088	12.0671741464	13.8581401088	14.1906753171	14.4634040299	14.1906753171	0.0	5.76299497141	0.0	14.1906753171	14.1906753171	10.6214519103	14.4634040299	13.8581401088	10.6214519103	14.1906753171	14.1906753171	14.1906753171	10.6214519103	14.1906753171	14.1906753171	0.0	12.0671741464	0.0	0.0	14.4634040299	14.1906753171	14.1906753171	0.0	5.76299497141	0.0	10.6214519103
5.76299497141	10.9964746136	10.9964746136	10.9964746136	10.9964746136	10.9964746136	10.9964746136	14.2331503424	14.2331503424	10.9964746136	10.9964746136	14.8264434462	14.553046275	10.9964746136	14.553046275	10.9964746136	14.8264434462	14.553046275	14.2331503424	14.2331503424	12.442159264	14.2331503424	14.553046275	14.8264434462	14.553046275	5.76299497141	0.0	5.76299497141	14.553046275	14.553046275	10.9964746136	14.8264434462	14.2331503424	10.9964746136	14.553046275	14.553046275	14.553046275	10.9964746136	14.553046275	14.553046275	5.76299497141	12.442159264	5.76299497141	5.76299497141	14.8264434462	14.553046275	14.553046275	5.76299497141	0.0	5.76299497141	10.9964746136
0.0	10.6214519103	10.6214519103	10.6214519103	10.6214519103	10.6214519103	10.6214519103	13.8581401088	13.8581401088	10.6214519103	10.6214519103	14.4634040299	14.1906753171	10.6214519103	14.1906753171	10.6214519103	14.4634040299	14.1906753171	13.8581401088	13.8581401088	12.0671741464	13.8581401088	14.1906753171	14.4634040299	14.1906753171	0.0	5.76299497141	0.0	14.1906753171	14.1906753171	10.6214519103	14.4634040299	13.8581401088	10.6214519103	14.1906753171	14.1906753171	14.1906753171	10.6214519103	14.1906753171	14.1906753171	0.0	12.0671741464	0.0	0.0	14.4634040299	14.1906753171	14.1906753171	0.0	5.76299497141	0.0	10.6214519103
14.1906753171	16.3035914875	16.3035914875	16.3035914875	16.3035914875	16.3035914875	16.3035914875	19.5400667302	19.5400667302	16.3035914875	16.3035914875	16.8423853201	0.0	16.3035914875	0.0	16.3035914875	16.8423853201	0.0	19.5400667302	19.5400667302	17.7486949165	19.5400667302	0.0	16.8423853201	0.0	14.1906753171	14.553046275	14.1906753171	0.0	0.0	16.3035914875	16.8423853201	19.5400667302	16.3035914875	0.0	0.0	0.0	16.3035914875	0.0	0.0	14.1906753171	17.7486949165	14.1906753171	14.1906753171	16.8423853201	0.0	0.0	14.1906753171	14.553046275	14.1906753171	16.3035914875
14.1906753171	16.3035914875	16.3035914875	16.3035914875	16.3035914875	16.3035914875	16.3035914875	19.5400667302	19.5400667302	16.3035914875	16.3035914875	16.8423853201	0.0	16.3035914875	0.0	16.3035914875	16.8423853201	0.0	19.5400667302	19.5400667302	17.7486949165	19.5400667302	0.0	16.8423853201	0.0	14.1906753171	14.553046275	14.1906753171	0.0	0.0	16.3035914875	16.8423853201	19.5400667302	16.3035914875	0.0	0.0	0.0	16.3035914875	0.0	0.0	14.1906753171	17.7486949165	14.1906753171	14.1906753171	16.8423853201	0.0	0.0	14.1906753171	14.553046275	14.1906753171	16.3035914875
10.6214519103	0.0	0.0	0.0	0.0	0.0	0.0	12.356233802	12.356233802	0.0	0.0	16.5730711652	16.3035914875	0.0	16.3035914875	0.0	16.5730711652	16.3035914875	12.356233802	12.356233802	8.82545365975	12.356233802	16.3035914875	16.5730711652	16.3035914875	10.6214519103	10.9964746136	10.6214519103	16.3035914875	16.3035914875	0.0	16.5730711652	12.356233802	0.0	16.3035914875	16.3035914875	16.3035914875	0.0	16.3035914875	16.3035914875	10.6214519103	8.82545365975	10.6214519103	10.6214519103	16.5730711652	16.3035914875	16.3035914875	10.6214519103	10.9964746136	10.6214519103	0.0
14.4634040299	16.5730711652	16.5730711652	16.5730711652	16.5730711652	16.5730711652	16.5730711652	19.809418213	19.809418213	16.5730711652	16.5730711652	0.0	16.8423853201	16.5730711652	16.8423853201	16.5730711652	0.0	16.8423853201	19.809418213	19.809418213	18.0177290672	19.809418213	16.8423853201	0.0	16.8423853201	14.4634040299	14.8264434462	14.4634040299	16.8423853201	16.8423853201	16.5730711652	0.0	19.809418213	16.5730711652	16.8423853201	16.8423853201	16.8423853201	16.5730711652	16.8423853201	16.8423853201	14.4634040299	18.0177290672	14.4634040299	14.4634040299	0.0	16.8423853201	16.8423853201	14.4634040299	14.8264434462	14.4634040299	16.5730711652
13.8581401088	12.356233802	12.356233802	12.356233802	12.356233802	12.356233802	12.356233802	0.0	0.0	12.356233802	12.356233802	19.809418213	19.5400667302	12.356233802	19.5400667302	12.356233802	19.809418213	19.5400667302	0.0	0.0	11.8698830941	0.0	19.5400667302	19.809418213	19.5400667302	13.8581401088	14.2331503424	13.8581401088	19.5400667302	19.5400667302	12.356233802	19.809418213	0.0	12.356233802	19.5400667302	19.5400667302	19.5400667302	12.356233802	19.5400667302	19.5400667302	13.8581401088	11.8698830941	13.8581401088	13.8581401088	19.809418213	19.5400667302	19.5400667302	13.8581401088	14.2331503424	13.8581401088	12.356233802
10.6214519103	0.0	0.0	0.0	0.0	0.0	0.0	12.356233802	12.356233802	0.0	0.0	16.5730711652	16.3035914875	0.0	16.3035914875	0.0	16.5730711652	16.3035914875	12.356233802	12.356233802	8.82545365975	12.356233802	16.3035914875	16.5730711652	16.3035914875	10.6214519103	10.9964746136	10.6214519103	16.3035914875	16.3035914875	0.0	16.5730711652	12.356233802	0.0	16.3035914875	16.3035914875	16.3035914875	0.0	16.3035914875	16.3035914875	10.6214519103	8.82545365975	10.6214519103	10.6214519103	16.5730711652	16.3035914875	16.3035914875	10.6214519103	10.9964746136	10.6214519103	0.0
14.1906753171	16.3035914875	16.3035914875	16.3035914875	16.3035914875	16.3035914875	16.3035914875	19.5400667302	19.5400667302	16.3035914875	16.3035914875	16.8423853201	0.0	16.3035914875	0.0	16.3035914875	16.8423853201	0.0	19.5400667302	19.5400667302	17.7486949165	19.5400667302	0.0	16.8423853201	0.0	14.1906753171	14.553046275	14.1906753171	0.0	0.0	16.3035914875	16.8423853201	19.5400667302	16.3035914875	0.0	0.0	0.0	16.3035914875	0.0	0.0	14.1906753171	17.7486949165	14.1906753171	14.1906753171	16.8423853201	0.0	0.0	14.1906753171	14.553046275	14.1906753171	16.3035914875
14.1906753171	16.3035914875	16.3035914875	16.3035914875	16.3035914875	16.3035914875	16.3035914875	19.5400667302	19.5400667302	16.3035914875	16.3035914875	16.8423853201	0.0	16.3035914875	0.0	16.3035914875	16.8423853201	0.0	19.5400667302	19.5400667302	17.7486949165	19.5400667302	0.0	16.8423853201	0.0	14.1906753171	14.553046275	14.1906753171	0.0	0.0	16.3035914875	16.8423853201	19.5400667302	16.3035914875	0.0	0.0	0.0	16.3035914875	0.0	0.0	14.1906753171	17.7486949165	14.1906753171	14.1906753171	16.8423853201	0.0	0.0	14.1906753171	14.553046275	14.1906753171	16.3035914875
14.1906753171	16.3035914875	16.3035914875	16.3035914875	16.3035914875	16.3035914875	16.3035914875	19.5400667302	19.5400667302	16.3035914875	16.3035914875	16.8423853201	0.0	16.3035914875	0.0	16.3035914875	16.8423853201	0.0	19.5400667302	19.5400667302	17.7486949165	19.5400667302	0.0	16.8423853201	0.0	14.1906753171	14.553046275	14.1906753171	0.0	0.0	16.3035914875	16.8423853201	19.5400667302	16.3035914875	0.0	0.0	0.0	16.3035914875	0.0	0.0	14.1906753171	17.7486949165	14.1906753171	14.1906753171	16.8423853201	0.0	0.0	14.1906753171	14.553046275	14.1906753171	16.3035914875
10.6214519103	0.0	0.0	0.0	0.0	0.0	0.0	12.356233802	12.356233802	0.0	0.0	16.5730711652	16.3035914875	0.0	16.3035914875	0.0	16.5730711652	16.3035914875	12.356233802	12.356233802	8.82545365975	12.356233802	16.3035914875	16.5730711652	16.3035914875	10.6214519103	10.9964746136	10.6214519103	16.3035914875	16.3035914875	0.0	16.5730711652	12.356233802	0.0	16.3035914875	16.3035914875	16.3035914875	0.0	16.3035914875	16.3035914875	10.6214519103	8.82545365975	10.6214519103	10.6214519103	16.5730711652	16.3035914875	16.3035914875	10.6214519103	10.9964746136	10.6214519103	0.0
14.1906753171	16.3035914875	16.3035914875	16.3035914875	16.3035914875	16.3035914875	16.3035914875	19.5400667302	19.5400667302	16.3035914875	16.3035914875	16.8423853201	0.0	16.3035914875	0.0	16.3035914875	16.8423853201	0.0	19.5400667302	19.5400667302	17.7486949165	19.5400667302	0.0	16.8423853201	0.0	14.1906753171	14.553046275	14.1906753171	0.0	0.0	16.3035914875	16.8423853201	19.5400667302	16.3035914875	0.0	0.0	0.0	16.3035914875	0.0	0.0	14.1906753171	17.7486949165	14.1906753171	14.1906753171	16.8423853201	0.0	0.0	14.1906753171	14.553046275	14.1906753171	16.3035914875
14.1906753171	16.3035914875	16.3035914875	16.3035914875	16.3035914875	16.3035914875	16.3035914875	19.5400667302	19.5400667302	16.3035914875	16.3035914875	16.8423853201	0.0	16.3035914875	0.0	16.3035914875	16.8423853201	0.0	19.5400667302	19.5400667302	17.7486949165	19.5400667302	0.0	16.8423853201	0.0	14.1906753171	14.553046275	14.1906753171	0.0	0.0	16.3035914875	16.8423853201	19.5400667302	16.3035914875	0.0	0.0	0.0	16.3035914875	0.0	0.0	14.1906753171	17.7486949165	14.1906753171	14.1906753171	16.8423853201	0.0	0.0	14.1906753171	14.553046275	14.1906753171	16.3035914875
0.0	10.6214519103	10.6214519103	10.6214519103	10.6214519103	10.6214519103	10.6214519103	13.8581401088	13.8581401088	10.6214519103	10.6214519103	14.4634040299	14.1906753171	10.6214519103	14.1906753171	10.6214519103	14.4634040299	14.1906753171	13.8581401088	13.8581401088	12.0671741464	13.8581401088	14.1906753171	14.4634040299	14.1906753171	0.0	5.76299497141	0.0	14.1906753171	14.1906753171	10.6214519103	14.4634040299	13.8581401088	10.6214519103	14.1906753171	14.1906753171	14.1906753171	10.6214519103	14.1906753171	14.1906753171	0.0	12.0671741464	0.0	0.0	14.4634040299	14.1906753171	14.1906753171	0.0	5.76299497141	0.0	10.6214519103
12.0671741464	8.82545365975	8.82545365975	8.82545365975	8.82545365975	8.82545365975	8.82545365975	11.8698830941	11.8698830941	8.82545365975	8.82545365975	18.0177290672	17.7486949165	8.82545365975	17.7486949165	8.82545365975	18.0177290672	17.7486949165	11.8698830941	11.8698830941	0.0	11.8698830941	17.7486949165	18.0177290672	17.7486949165	12.0671741464	12.442159264	12.0671741464	17.7486949165	17.7486949165	8.82545365975	18.0177290672	11.8698830941	8.82545365975	17.7486949165	17.7486949165	17.7486949165	8.82545365975	17.7486949165	17.7486949165	12.0671741464	0.0	12.0671741464	12.0671741464	18.0177290672	17.7486949165	17.7486949165	12.0671741464	12.442159264	12.0671741464	8.82545365975
0.0	10.6214519103	10.6214519103	10.6214519103	10.6214519103	10.6214519103	10.6214519103	13.8581401088	13.8581401088	10.6214519103	10.6214519103	14.4634040299	14.1906753171	10.6214519103	14.1906753171	10.6214519103	14.4634040299	14.1906753171	13.8581401088	13.8581401088	12.0671741464	13.8581401088	14.1906753171	14.4634040299	14.1906753171	0.0	5.76299497141	0.0	14.1906753171	14.1906753171	10.6214519103	14.4634040299	13.8581401088	10.6214519103	14.1906753171	14.1906753171	14.1906753171	10.6214519103	14.1906753171	14.1906753171	0.0	12.0671741464	0.0	0.0	14.4634040299	14.1906753171	14.1906753171	0.0	5.76299497141	0.0	10.6214519103
0.0	10.6214519103	10.6214519103	10.6214519103	10.6214519103	10.6214519103	10.6214519103	13.8581401088	13.8581401088	10.6214519103	10.6214519103	14.4634040299	14.1906753171	10.6214519103	14.1906753171	10.6214519103	14.4634040299	14.1906753171	13.8581401088	13.8581401088	12.0671741464	13.8581401088	14.1906753171	14.4634040299	14.1906753171	0.0	5.76299497141	0.0	14.1906753171	14.1906753171	10.6214519103	14.4634040299	13.8581401088	10.6214519103	14.1906753171	14.1906753171	14.1906753171	10.6214519103	14.1906753171	14.1906753171	0.0	12.0671741464	0.0	0.0	14.4634040299	14.1906753171	14.1906753171	0.0	5.76299497141	0.0	10.6214519103
14.4634040299	16.5730711652	16.5730711652	16.5730711652	16.5730711652	16.5730711652	16.5730711652	19.809418213	19.809418213	16.5730711652	16.5730711652	0.0	16.8423853201	16.5730711652	16.8423853201	16.5730711652	0.0	16.8423853201	19.809418213	19.809418213	18.0177290672	19.809418213	16.8423853201	0.0	16.8423853201	14.4634040299	14.8264434462	14.4634040299	16.8423853201	16.8423853201	16.5730711652	0.0	19.809418213	16.5730711652	16.8423853201	16.8423853201	16.8423853201	16.5730711652	16.8423853201	16.8423853201	14.4634040299	18.0177290672	14.4634040299	14.4634040299	0.0	16.8423853201	16.8423853201	14.4634040299	14.8264434462	14.4634040299	16.5730711652
14.1906753171	16.3035914875	16.3035914875	16.3035914875	16.3035914875	16.3035914875	16.3035914875	19.5400667302	19.5400667302	16.3035914875	16.3035914875	16.8423853201	0.0	16.3035914875	0.0	16.3035914875	16.8423853201	0.0	19.5400667302	19.5400667302	17.7486949165	19.5400667302	0.0	16.8423853201	0.0	14.1906753171	14.553046275	14.1906753171	0.0	0.0	16.3035914875	16.8423853201	19.5400667302	16.3035914875	0.0	0.0	0.0	16.3035914875	0.0	0.0	14.1906753171	17.7486949165	14.1906753171	14.1906753171	16.8423853201	0.0	0.0	14.1906753171	14.553046275	14.1906753171	16.3035914875
14.1906753171	16.3035914875	16.3035914875	16.3035914875	16.3035914875	16.3035914875	16.3035914875	19.5400667302	19.5400667302	16.3035914875	16.3035914875	16.8423853201	0.0	16.3035914875	0.0	16.3035914875	16.8423853201	0.0	19.5400667302	19.5400667302	17.7486949165	19.5400667302	0.0	16.8423853201	0.0	14.1906753171	14.553046275	14.1906753171	0.0	0.0	16.3035914875	16.8423853201	19.5400667302	16.3035914875	0.0	0.0	0.0	16.3035914875	0.0	0.0	14.1906753171	17.7486949165	14.1906753171	14.1906753171	16.8423853201	0.0	0.0	14.1906753171	14.553046275	14.1906753171	16.3035914875
0.0	10.6214519103	10.6214519103	10.6214519103	10.6214519103	10.6214519103	10.6214519103	13.8581401088	13.8581401088	10.6214519103	10.6214519103	14.4634040299	14.1906753171	10.6214519103	14.1906753171	10.6214519103	14.4634040299	14.1906753171	13.8581401088	13.8581401088	12.0671741464	13.8581401088	14.1906753171	14.4634040299	14.1906753171	0.0	5.76299497141	0.0	14.1906753171	14.1906753171	10.6214519103	14.4634040299	13.8581401088	10.6214519103	14.1906753171	14.1906753171	14.1906753171	10.6214519103	14.1906753171	14.1906753171	0.0	12.0671741464	0.0	0.0	14.4634040299	14.1906753171	14.1906753171	0.0	5.76299497141	0.0	10.6214519103
5.76299497141	10.9964746136	10.9964746136	10.9964746136	10.9964746136	10.9964746136	10.9964746136	14.2331503424	14.2331503424	10.9964746136	10.9964746136	14.8264434462	14.553046275	10.9964746136	14.553046275	10.9964746136	14.8264434462	14.553046275	14.2331503424	14.2331503424	12.442159264	14.2331503424	14.553046275	14.8264434462	14.553046275	5.76299497141	0.0	5.76299497141	14.553046275	14.553046275	10.9964746136	14.8264434462	14.2331503424	10.9964746136	14.553046275	14.553046275	14.553046275	10.9964746136	14.553046275	14.553046275	5.76299497141	12.442159264	5.76299497141	5.76299497141	14.8264434462	14.553046275	14.553046275	5.76299497141	0.0	5.76299497141	10.9964746136
0.0	10.6214519103	10.6214519103	10.6214519103	10.6214519103	10.6214519103	10.6214519103	13.8581401088	13.8581401088	10.6214519103	10.6214519103	14.4634040299	14.1906753171	10.6214519103	14.1906753171	10.6214519103	14.4634040299	14.1906753171	13.8581401088	13.8581401088	12.0671741464	13.8581401088	14.1906753171	14.4634040299	14.1906753171	0.0	5.76299497141	0.0	14.1906753171	14.1906753171	10.6214519103	14.4634040299	13.8581401088	10.6214519103	14.1906753171	14.1906753171	14.1906753171	10.6214519103	14.1906753171	14.1906753171	0.0	12.0671741464	0.0	0.0	14.4634040299	14.1906753171	14.1906753171	0.0	5.76299497141	0.0	10.6214519103
10.6214519103	0.0	0.0	0.0	0.0	0.0	0.0	12.356233802	12.356233802	0.0	0.0	16.5730711652	16.3035914875	0.0	16.3035914875	0.0	16.5730711652	16.3035914875	12.356233802	12.356233802	8.82545365975	12.356233802	16.3035914875	16.5730711652	16.3035914875	10.6214519103	10.9964746136	10.6214519103	16.3035914875	16.3035914875	0.0	16.5730711652	12.356233802	0.0	16.3035914875	16.3035914875	16.3035914875	0.0	16.3035914875	16.3035914875	10.6214519103	8.82545365975	10.6214519103	10.6214519103	16.5730711652	16.3035914875	16.3035914875	10.6214519103	10.9964746136	10.6214519103	0.0