0.0	8.94513979942	8.94513979942	8.94513979942	8.94513979942	8.94513979942	8.94513979942	8.54334219013	8.54334219013	8.94513979942	8.94513979942	8.7488505819	9.22741900205	8.94513979942	9.22741900205	8.94513979942	8.7488505819	9.22741900205	8.54334219013	8.54334219013	8.89393433036	8.54334219013	9.22741900205	8.7488505819	9.22741900205	0.0	6.15499161994	0.0	9.22741900205	9.22741900205	8.94513979942	8.7488505819	8.54334219013	8.94513979942	9.22741900205	9.22741900205	9.22741900205	8.94513979942	9.22741900205	9.22741900205	0.0	8.89393433036	0.0	0.0	8.7488505819	9.22741900205	9.22741900205	0.0	6.15499161994	0.0	8.94513979942
8.94513979942	0.0	0.0	0.0	0.0	0.0	0.0	6.5928474008	6.5928474008	0.0	0.0	10.0561260059	10.5461101411	0.0	10.5461101411	0.0	10.0561260059	10.5461101411	6.5928474008	6.5928474008	6.02285915288	6.5928474008	10.5461101411	10.0561260059	10.5461101411	8.94513979942	9.26910938528	8.94513979942	10.5461101411	10.5461101411	0.0	10.0561260059	6.5928474008	0.0	10.5461101411	10.5461101411	10.5461101411	0.0	10.5461101411	10.5461101411	8.94513979942	6.02285915288	8.94513979942	8.94513979942	10.0561260059	10.5461101411	10.5461101411	8.94513979942	9.26910938528	8.94513979942	0.0
8.94513979942	0.0	0.0	0.0	0.0	0.0	0.0	6.5928474008	6.5928474008	0.0	0.0	10.0561260059	10.5461101411	0.0	10.5461101411	0.0	10.0561260059	10.5461101411	6.5928474008	6.5928474008	6.02285915288	6.5928474008	10.5461101411	10.0561260059	10.5461101411	8.94513979942	9.26910938528	8.94513979942	10.5461101411	10.5461101411	0.0	10.0561260059	6.5928474008	0.0	10.5461101411	10.5461101411	10.5461101411	0.0	10.5461101411	10.5461101411	8.94513979942	6.02285915288	8.94513979942	8.94513979942	10.0561260059	10.5461101411	10.5461101411	8.94513979942	9.26910938528	8.94513979942	0.0
8.94513979942	0.0	0.0	0.0	0.0	0.0	0.0	6.5928474008	6.5928474008	0.0	0.0	10.0561260059	10.5461101411	0.0	10.5461101411	0.0	10.0561260059	10.5461101411	6.5928474008	6.5928474008	6.02285915288	6.5928474008	10.5461101411	10.0561260059	10.5461101411	8.94513979942	9.26910938528	8.94513979942	10.5461101411	10.5461101411	0.0	10.0561260059	6.5928474008	0.0	10.5461101411	10.5461101411	10.5461101411	0.0	10.5461101411	10.5461101411	8.94513979942	6.02285915288	8.94513979942	8.94513979942	10.0561260059	10.5461101411	10.5461101411	8.94513979942	9.26910938528	8.94513979942	0.0
8.94513979942	0.0	0.0	0.0	0.0	0.0	0.0	6.5928474008	6.5928474008	0.0	0.0	10.0561260059	10.5461101411	0.0	10.5461101411	0.0	10.0561260059	10.5461101411	6.5928474008	6.5928474008	6.02285915288	6.5928474008	10.5461101411	10.0561260059	10.5461101411	8.94513979942	9.26910938528	8.94513979942	10.5461101411	10.5461101411	0.0	10.0561260059	6.5928474008	0.0	10.5461101411	10.5461101411	10.5461101411	0.0	10.5461101411	10.5461101411	8.94513979942	6.02285915288	8.94513979942	8.94513979942	10.0561260059	10.5461101411	10.5461101411	8.94513979942	9.26910938528	8.94513979942	0.0
8.94513979942	0.0	0.0	0.0	0.0	0.0	0.0	6.5928474008	6.5928474008	0.0	0.0	10.0561260059	10.5461101411	0.0	10.5461101411	0.0	10.0561260059	10.5461101411	6.5928474008	6.5928474008	6.02285915288	6.5928474008	10.5461101411	10.0561260059	10.5461101411	8.94513979942	9.26910938528	8.94513979942	10.5461101411	10.5461101411	0.0	10.0561260059	6.5928474008	0.0	10.5461101411	10.5461101411	10.5461101411	0.0	10.5461101411	10.5461101411	8.94513979942	6.02285915288	8.94513979942	8.94513979942	10.0561260059	10.5461101411	10.5461101411	8.94513979942	9.26910938528	8.94513979942	0.0
8.94513979942	0.0	0.0	0.0	0.0	0.0	0.0	6.5928474008	6.5928474008	0.0	0.0	10.0561260059	10.5461101411	0.0	10.5461101411	0.0	10.0561260059	10.5461101411	6.5928474008	6.5928474008	6.02285915288	6.5928474008	10.5461101411	10.0561260059	10.5461101411	8.94513979942	9.26910938528	8.94513979942	10.5461101411	10.5461101411	0.0	10.0561260059	6.5928474008	0.0	10.5461101411	10.5461101411	10.5461101411	0.0	10.5461101411	10.5461101411	8.94513979942	6.02285915288	8.94513979942	8.94513979942	10.0561260059	10.5461101411	10.5461101411	8.94513979942	9.26910938528	8.94513979942	0.0
8.54334219013	6.5928474008	6.5928474008	6.5928474008	6.5928474008	6.5928474008	6.5928474008	0.0	0.0	6.5928474008	6.5928474008	9.65334099454	10.1433559416	6.5928474008	10.1433559416	6.5928474008	9.65334099454	10.1433559416	0.0	0.0	5.49610325223	0.0	10.1433559416	9.65334099454	10.1433559416	8.54334219013	8.86714799313	8.54334219013	10.1433559416	10.1433559416	6.5928474008	9.65334099454	0.0	6.5928474008	10.1433559416	10.1433559416	10.1433559416	6.5928474008	10.1433559416	10.1433559416	8.54334219013	5.49610325223	8.54334219013	8.54334219013	9.65334099454	10.1433559416	10.1433559416	8.54334219013	8.86714799313	8.54334219013	6.5928474008
8.54334219013	6.5928474008	6.5928474008	6.5928474008	6.5928474008	6.5928474008	6.5928474008	0.0	0.0	6.5928474008	6.5928474008	9.65334099454	10.1433559416	6.5928474008	10.1433559416	6.5928474008	9.65334099454	10.1433559416	0.0	0.0	5.49610325223	0.0	10.1433559416	9.65334099454	10.1433559416	8.54334219013	8.86714799313	8.54334219013	10.1433559416	10.1433559416	6.5928474008	9.65334099454	0.0	6.5928474008	10.1433559416	10.1433559416	10.1433559416	6.5928474008	10.1433559416	10.1433559416	8.54334219013	5.49610325223	8.54334219013	8.54334219013	9.65334099454	10.1433559416	10.1433559416	8.54334219013	8.86714799313	8.54334219013	6.5928474008
8.94513979942	0.0	0.0	0.0	0.0	0.0	0.0	6.5928474008	6.5928474008	0.0	0.0	10.0561260059	10.5461101411	0.0	10.5461101411	0.0	10.0561260059	10.5461101411	6.5928474008	6.5928474008	6.02285915288	6.5928474008	10.5461101411	10.0561260059	10.5461101411	8.94513979942	9.26910938528	8.94513979942	10.5461101411	10.5461101411	0.0	10.0561260059	6.5928474008	0.0	10.5461101411	10.5461101411	10.5461101411	0.0	10.5461101411	10.5461101411	8.94513979942	6.02285915288	8.94513979942	8.94513979942	10.0561260059	10.5461101411	10.5461101411	8.94513979942	9.26910938528	8.94513979942	0.0
8.94513979942	0.0	0.0	0.0	0.0	0.0	0.0	6.5928474008	6.5928474008	0.0	0.0	10.0561260059	10.5461101411	0.0	10.5461101411	0.0	10.0561260059	10.5461101411	6.5928474008	6.5928474008	6.02285915288	6.5928474008	10.5461101411	10.0561260059	10.5461101411	8.94513979942	9.26910938528	8.94513979942	10.5461101411	10.5461101411	0.0	10.0561260059	6.5928474008	0.0	10.5461101411	10.5461101411	10.5461101411	0.0	10.5461101411	10.5461101411	8.94513979942	6.02285915288	8.94513979942	8.94513979942	10.0561260059	10.5461101411	10.5461101411	8.94513979942	9.26910938528	8.94513979942	0.0
8.7488505819	10.0561260059	10.0561260059	10.0561260059	10.0561260059	10.0561260059	10.0561260059	9.65334099454	9.65334099454	10.0561260059	10.0561260059	0.0	7.78924409136	10.0561260059	7.78924409136	10.0561260059	0.0	7.78924409136	9.65334099454	9.65334099454	10.0036731889	9.65334099454	7.78924409136	0.0	7.78924409136	8.7488505819	8.92759480727	8.7488505819	7.78924409136	7.78924409136	10.0561260059	0.0	9.65334099454	10.0561260059	7.78924409136	7.78924409136	7.78924409136	10.0561260059	7.78924409136	7.78924409136	8.7488505819	10.0036731889	8.7488505819	8.7488505819	0.0	7.78924409136	7.78924409136	8.7488505819	8.92759480727	8.7488505819	10.0561260059
9.22741900205	10.5461101411	10.5461101411	10.5461101411	10.5461101411	10.5461101411	10.5461101411	10.1433559416	10.1433559416	10.5461101411	10.5461101411	7.78924409136	0.0	10.5461101411	0.0	10.5461101411	7.78924409136	0.0	10.1433559416	10.1433559416	10.4937020995	10.1433559416	0.0	7.78924409136	0.0	9.22741900205	9.39891334365	9.22741900205	0.0	0.0	10.5461101411	7.78924409136	10.1433559416	10.5461101411	0.0	0.0	0.0	10.5461101411	0.0	0.0	9.22741900205	10.4937020995	9.22741900205	9.22741900205	7.78924409136	0.0	0.0	9.22741900205	9.39891334365	9.22741900205	10.5461101411
8.94513979942	0.0	0.0	0.0	0.0	0.0	0.0	6.5928474008	6.5928474008	0.0	0.0	10.0561260059	10.5461101411	0.0	10.5461101411	0.0	10.0561260059	10.5461101411	6.5928474008	6.5928474008	6.02285915288	6.5928474008	10.5461101411	10.0561260059	10.5461101411	8.94513979942	9.26910938528	8.94513979942	10.5461101411	10.5461101411	0.0	10.0561260059	6.5928474008	0.0	10.5461101411	10.5461101411	10.5461101411	0.0	10.5461101411	10.5461101411	8.94513979942	6.02285915288	8.94513979942	8.94513979942	10.0561260059	10.5461101411	10.5461101411	8.94513979942	9.26910938528	8.94513979942	0.0
9.22741900205	10.5461101411	10.5461101411	10.5461101411	10.5461101411	10.5461101411	10.5461101411	10.1433559416	10.1433559416	10.5461101411	10.5461101411	7.78924409136	0.0	10.5461101411	0.0	10.5461101411	7.78924409136	0.0	10.1433559416	10.1433559416	10.4937020995	10.1433559416	0.0	7.78924409136	0.0	9.22741900205	9.39891334365	9.22741900205	0.0	0.0	10.5461101411	7.78924409136	10.1433559416	10.5461101411	0.0	0.0	0.0	10.5461101411	0.0	0.0	9.22741900205	10.4937020995	9.22741900205	9.22741900205	7.78924409136	0.0	0.0	9.22741900205	9.39891334365	9.22741900205	10.5461101411
8.94513979942	0.0	0.0	0.0	0.0	0.0	0.0	6.5928474008	6.5928474008	0.0	0.0	10.0561260059	10.5461101411	0.0	10.5461101411	0.0	10.0561260059	10.5461101411	6.5928474008	6.5928474008	6.02285915288	6.5928474008	10.5461101411	10.0561260059	10.5461101411	8.94513979942	9.26910938528	8.94513979942	10.5461101411	10.5461101411	0.0	10.0561260059	6.5928474008	0.0	10.5461101411	10.5461101411	10.5461101411	0.0	10.5461101411	10.5461101411	8.94513979942	6.02285915288	8.94513979942	8.94513979942	10.0561260059	10.5461101411	10.5461101411	8.94513979942	9.26910938528	8.94513979942	0.0
8.7488505819	10.0561260059	10.0561260059	10.0561260059	10.0561260059	10.0561260059	10.0561260059	9.65334099454	9.65334099454	10.0561260059	10.0561260059	0.0	7.78924409136	10.0561260059	7.78924409136	10.0561260059	0.0	7.78924409136	9.65334099454	9.65334099454	10.0036731889	9.65334099454	7.78924409136	0.0	7.78924409136	8.7488505819	8.92759480727	8.7488505819	7.78924409136	7.78924409136	10.0561260059	0.0	9.65334099454	10.0561260059	7.78924409136	7.78924409136	7.78924409136	10.0561260059	7.78924409136	7.78924409136	8.7488505819	10.0036731889	8.7488505819	8.7488505819	0.0	7.78924409136	7.78924409136	8.7488505819	8.92759480727	8.7488505819	10.0561260059
9.22741900205	10.5461101411	10.5461101411	10.5461101411	10.5461101411	10.5461101411	10.5461101411	10.1433559416	10.1433559416	10.5461101411	10.5461101411	7.78924409136	0.0	10.5461101411	0.0	10.5461101411	7.78924409136	0.0	10.1433559416	10.1433559416	10.4937020995	10.1433559416	0.0	7.78924409136	0.0	9.22741900205	9.39891334365	9.22741900205	0.0	0.0	10.5461101411	7.78924409136	10.1433559416	10.5461101411	0.0	0.0	0.0	10.5461101411	0.0	0.0	9.22741900205	10.4937020995	9.22741900205	9.22741900205	7.78924409136	0.0	0.0	9.22741900205	9.39891334365	9.22741900205	10.5461101411
8.54334219013	6.5928474008	6.5928474008	6.5928474008	6.5928474008	6.5928474008	6.5928474008	0.0	0.0	6.5928474008	6.5928474008	9.65334099454	10.1433559416	6.5928474008	10.1433559416	6.5928474008	9.65334099454	10.1433559416	0.0	0.0	5.49610325223	0.0	10.1433559416	9.65334099454	10.1433559416	8.54334219013	8.86714799313	8.54334219013	10.1433559416	10.1433559416	6.5928474008	9.65334099454	0.0	6.5928474008	10.1433559416	10.1433559416	10.1433559416	6.5928474008	10.1433559416	10.1433559416	8.54334219013	5.49610325223	8.54334219013	8.54334219013	9.65334099454	10.1433559416	10.1433559416	8.54334219013	8.86714799313	8.54334219013	6.5928474008
8.54334219013	6.5928474008	6.5928474008	6.5928474008	6.5928474008	6.5928474008	6.5928474008	0.0	0.0	6.5928474008	6.5928474008	9.65334099454	10.1433559416	6.5928474008	10.1433559416	6.5928474008	9.65334099454	10.1433559416	0.0	0.0	5.49610325223	0.0	10.1433559416	9.65334099454	10.1433559416	8.54334219013	8.86714799313	8.54334219013	10.1433559416	10.1433559416	6.5928474008	9.65334099454	0.0	6.5928474008	10.1433559416	10.1433559416	10.1433559416	6.5928474008	10.1433559416	10.1433559416	8.54334219013	5.49610325223	8.54334219013	8.54334219013	9.65334099454	10.1433559416	10.1433559416	8.54334219013	8.86714799313	8.54334219013	6.5928474008
8.89393433036	6.02285915288	6.02285915288	6.02285915288	6.02285915288	6.02285915288	6.02285915288	5.49610325223	5.49610325223	6.02285915288	6.02285915288	10.0036731889	10.4937020995	6.02285915288	10.4937020995	6.02285915288	10.0036731889	10.4937020995	5.49610325223	5.49610325223	0.0	5.49610325223	10.4937020995	10.0036731889	10.4937020995	8.89393433036	9.21769151302	8.89393433036	10.4937020995	10.4937020995	6.02285915288	10.0036731889	5.49610325223	6.02285915288	10.4937020995	10.4937020995	10.4937020995	6.02285915288	10.4937020995	10.4937020995	8.89393433036	0.0	8.89393433036	8.89393433036	10.0036731889	10.4937020995	10.4937020995	8.89393433036	9.21769151302	8.89393433036	6.02285915288
8.54334219013	6.5928474008	6.5928474008	6.5928474008	6.5928474008	6.5928474008	6.5928474008	0.0	0.0	6.5928474008	6.5928474008	9.65334099454	10.1433559416	6.5928474008	10.1433559416	6.5928474008	9.65334099454	10.1433559416	0.0	0.0	5.49610325223	0.0	10.1433559416	9.65334099454	10.1433559416	8.54334219013	8.86714799313	8.54334219013	10.1433559416	10.1433559416	6.5928474008	9.65334099454	0.0	6.5928474008	10.1433559416	10.1433559416	10.1433559416	6.5928474008	10.1433559416	10.1433559416	8.54334219013	5.49610325223	8.54334219013	8.54334219013	9.65334099454	10.1433559416	10.1433559416	8.54334219013	8.86714799313	8.54334219013	6.5928474008
9.22741900205	10.5461101411	10.5461101411	10.5461101411	10.5461101411	10.5461101411	10.5461101411	10.1433559416	10.1433559416	10.5461101411	10.5461101411	7.78924409136	0.0	10.5461101411	0.0	10.5461101411	7.78924409136	0.0	10.1433559416	10.1433559416	10.4937020995	10.1433559416	0.0	7.78924409136	0.0	9.22741900205	9.39891334365	9.22741900205	0.0	0.0	10.5461101411	7.78924409136	10.1433559416	10.5461101411	0.0	0.0	0.0	10.5461101411	0.0	0.0	9.22741900205	10.4937020995	9.22741900205	9.22741900205	7.78924409136	0.0	0.0	9.22741900205	9.39891334365	9.22741900205	10.5461101411
8.7488505819	10.0561260059	10.0561260059	10.0561260059	10.0561260059	10.0561260059	10.0561260059	9.65334099454	9.65334099454	10.0561260059	10.0561260059	0.0	7.78924409136	10.0561260059	7.78924409136	10.0561260059	0.0	7.78924409136	9.65334099454	9.65334099454	10.0036731889	9.65334099454	7.78924409136	0.0	7.78924409136	8.7488505819	8.92759480727	8.7488505819	7.78924409136	7.78924409136	10.0561260059	0.0	9.65334099454	10.0561260059	7.78924409136	7.78924409136	7.78924409136	10.0561260059	7.78924409136	7.78924409136	8.7488505819	10.0036731889	8.7488505819	8.7488505819	0.0	7.78924409136	7.78924409136	8.7488505819	8.92759480727	8.7488505819	10.0561260059
9.22741900205	10.5461101411	10.5461101411	10.5461101411	10.5461101411	10.5461101411	10.5461101411	10.1433559416	10.1433559416	10.5461101411	10.5461101411	7.78924409136	0.0	10.5461101411	0.0	10.5461101411	7.78924409136	0.0	10.1433559416	10.1433559416	10.4937020995	10.1433559416	0.0	7.78924409136	0.0	9.22741900205	9.39891334365	9.22741900205	0.0	0.0	10.5461101411	7.78924409136	10.1433559416	10.5461101411	0.0	0.0	0.0	10.5461101411	0.0	0.0	9.22741900205	10.4937020995	9.22741900205	9.22741900205	7.78924409136	0.0	0.0	9.22741900205	9.39891334365	9.22741900205	10.5461101411
0.0	8.94513979942	8.94513979942	8.94513979942	8.94513979942	8.94513979942	8.94513979942	8.54334219013	8.54334219013	8.94513979942	8.94513979942	8.7488505819	9.22741900205	8.94513979942	9.22741900205	8.94513979942	8.7488505819	9.22741900205	8.54334219013	8.54334219013	8.89393433036	8.54334219013	9.22741900205	8.7488505819	9.22741900205	0.0	6.15499161994	0.0	9.22741900205	9.22741900205	8.94513979942	8.7488505819	8.54334219013	8.94513979942	9.22741900205	9.22741900205	9.22741900205	8.94513979942	9.22741900205	9.22741900205	0.0	8.89393433036	0.0	0.0	8.7488505819	9.22741900205	9.22741900205	0.0	6.15499161994	0.0	8.94513979942
6.15499161994	9.26910938528	9.26910938528	9.26910938528	9.26910938528	9.26910938528	9.26910938528	8.86714799313	8.86714799313	9.26910938528	9.26910938528	8.92759480727	9.39891334365	9.26910938528	9.39891334365	9.26910938528	8.92759480727	9.39891334365	8.86714799313	8.86714799313	9.21769151302	8.86714799313	9.39891334365	8.92759480727	9.39891334365	6.15499161994	0.0	6.15499161994	9.39891334365	9.39891334365	9.26910938528	8.92759480727	8.86714799313	9.26910938528	9.39891334365	9.39891334365	9.39891334365	9.26910938528	9.39891334365	9.39891334365	6.15499161994	9.21769151302	6.15499161994	6.15499161994	8.92759480727	9.39891334365	9.39891334365	6.15499161994	0.0	6.15499161994	9.26910938528
0.0	8.94513979942	8.94513979942	8.94513979942	8.94513979942	8.94513979942	8.94513979942	8.54334219013	8.54334219013	8.94513979942	8.94513979942	8.7488505819	9.22741900205	8.94513979942	9.22741900205	8.94513979942	8.7488505819	9.22741900205	8.54334219013	8.54334219013	8.89393433036	8.54334219013	9.22741900205	8.7488505819	9.22741900205	0.0	6.15499161994	0.0	9.22741900205	9.22741900205	8.94513979942	8.7488505819	8.54334219013	8.94513979942	9.22741900205	9.22741900205	9.22741900205	8.94513979942	9.22741900205	9.22741900205	0.0	8.89393433036	0.0	0.0	8.7488505819	9.22741900205	9.22741900205	0.0	6.15499161994	0.0	8.94513979942
9.22741900205	10.5461101411	10.5461101411	10.5461101411	10.5461101411	10.5461101411	10.5461101411	10.1433559416	10.1433559416	10.5461101411	10.5461101411	7.78924409136	0.0	10.5461101411	0.0	10.5461101411	7.78924409136	0.0	10.1433559416	10.1433559416	10.4937020995	10.1433559416	0.0	7.78924409136	0.0	9.22741900205	9.39891334365	9.22741900205	0.0	0.0	10.5461101411	7.78924409136	10.1433559416	10.5461101411	0.0	0.0	0.0	10.5461101411	0.0	0.0	9.22741900205	10.4937020995	9.22741900205	9.22741900205	7.78924409136	0.0	0.0	9.22741900205	9.39891334365	9.22741900205	10.5461101411
9.22741900205	10.5461101411	10.5461101411	10.5461101411	10.5461101411	10.5461101411	10.5461101411	10.1433559416	10.1433559416	10.5461101411	10.5461101411	7.78924409136	0.0	10.5461101411	0.0	10.5461101411	7.78924409136	0.0	10.1433559416	10.1433559416	10.4937020995	10.1433559416	0.0	7.78924409136	0.0	9.22741900205	9.39891334365	9.22741900205	0.0	0.0	10.5461101411	7.78924409136	10.1433559416	10.5461101411	0.0	0.0	0.0	10.5461101411	0.0	0.0	9.22741900205	10.4937020995	9.22741900205	9.22741900205	7.78924409136	0.0	0.0	9.22741900205	9.39891334365	9.22741900205	10.5461101411
8.94513979942	0.0	0.0	0.0	0.0	0.0	0.0	6.5928474008	6.5928474008	0.0	0.0	10.0561260059	10.5461101411	0.0	10.5461101411	0.0	10.0561260059	10.5461101411	6.5928474008	6.5928474008	6.02285915288	6.5928474008	10.5461101411	10.0561260059	10.5461101411	8.94513979942	9.26910938528	8.94513979942	10.5461101411	10.5461101411	0.0	10.0561260059	6.5928474008	0.0	10.5461101411	10.5461101411	10.5461101411	0.0	10.5461101411	10.5461101411	8.94513979942	6.02285915288	8.94513979942	8.94513979942	10.0561260059	10.5461101411	10.5461101411	8.94513979942	9.26910938528	8.94513979942	0.0
8.7488505819	10.0561260059	10.0561260059	10.0561260059	10.0561260059	10.0561260059	10.0561260059	9.65334099454	9.65334099454	10.0561260059	10.0561260059	0.0	7.78924409136	10.0561260059	7.78924409136	10.0561260059	0.0	7.78924409136	9.65334099454	9.65334099454	10.0036731889	9.65334099454	7.78924409136	0.0	7.78924409136	8.7488505819	8.92759480727	8.7488505819	7.78924409136	7.78924409136	10.0561260059	0.0	9.65334099454	10.0561260059	7.78924409136	7.78924409136	7.78924409136	10.0561260059	7.78924409136	7.78924409136	8.7488505819	10.0036731889	8.7488505819	8.7488505819	0.0	7.78924409136	7.78924409136	8.7488505819	8.92759480727	8.7488505819	10.0561260059
8.54334219013	6.5928474008	6.5928474008	6.5928474008	6.5928474008	6.5928474008	6.5928474008	0.0	0.0	6.5928474008	6.5928474008	9.65334099454	10.1433559416	6.5928474008	10.1433559416	6.5928474008	9.65334099454	10.1433559416	0.0	0.0	5.49610325223	0.0	10.1433559416	9.65334099454	10.1433559416	8.54334219013	8.86714799313	8.54334219013	10.1433559416	10.1433559416	6.5928474008	9.65334099454	0.0	6.5928474008	10.1433559416	10.1433559416	10.1433559416	6.5928474008	10.1433559416	10.1433559416	8.54334219013	5.49610325223	8.54334219013	8.54334219013	9.65334099454	10.1433559416	10.1433559416	8.54334219013	8.86714799313	8.54334219013	6.5928474008
8.94513979942	0.0	0.0	0.0	0.0	0.0	0.0	6.5928474008	6.5928474008	0.0	0.0	10.0561260059	10.5461101411	0.0	10.5461101411	0.0	10.0561260059	10.5461101411	6.5928474008	6.5928474008	6.02285915288	6.5928474008	10.5461101411	10.0561260059	10.5461101411	8.94513979942	9.26910938528	8.94513979942	10.5461101411	10.5461101411	0.0	10.0561260059	6.5928474008	0.0	10.5461101411	10.5461101411	10.5461101411	0.0	10.5461101411	10.5461101411	8.94513979942	6.02285915288	8.94513979942	8.94513979942	10.0561260059	10.5461101411	10.5461101411	8.94513979942	9.26910938528	8.94513979942	0.0
9.22741900205	10.5461101411	10.5461101411	10.5461101411	10.5461101411	10.5461101411	10.5461101411	10.1433559416	10.1433559416	10.5461101411	10.5461101411	7.78924409136	0.0	10.5461101411	0.0	10.5461101411	7.78924409136	0.0	10.1433559416	10.1433559416	10.4937020995	10.1433559416	0.0	7.78924409136	0.0	9.22741900205	9.39891334365	9.22741900205	0.0	0.0	10.5461101411	7.78924409136	10.1433559416	10.5461101411	0.0	0.0	0.0	10.5461101411	0.0	0.0	9.22741900205	10.4937020995	9.22741900205	9.22741900205	7.78924409136	0.0	0.0	9.22741900205	9.39891334365	9.22741900205	10.5461101411
9.22741900205	10.5461101411	10.5461101411	10.5461101411	10.5461101411	10.5461101411	10.5461101411	10.1433559416	10.1433559416	10.5461101411	10.5461101411	7.78924409136	0.0	10.5461101411	0.0	10.5461101411	7.78924409136	0.0	10.1433559416	10.1433559416	10.4937020995	10.1433559416	0.0	7.78924409136	0.0	9.22741900205	9.39891334365	9.22741900205	0.0	0.0	10.5461101411	7.78924409136	10.1433559416	10.5461101411	0.0	0.0	0.0	10.5461101411	0.0	0.0	9.22741900205	10.4937020995	9.22741900205	9.22741900205	7.78924409136	0.0	0.0	9.22741900205	9.39891334365	9.22741900205	10.5461101411
9.22741900205	10.5461101411	10.5461101411	10.5461101411	10.5461101411	10.5461101411	10.5461101411	10.1433559416	10.1433559416	10.5461101411	10.5461101411	7.78924409136	0.0	10.5461101411	0.0	10.5461101411	7.78924409136	0.0	10.1433559416	10.1433559416	10.4937020995	10.1433559416	0.0	7.78924409136	0.0	9.22741900205	9.39891334365	9.22741900205	0.0	0.0	10.5461101411	7.78924409136	10.1433559416	10.5461101411	0.0	0.0	0.0	10.5461101411	0.0	0.0	9.22741900205	10.4937020995	9.22741900205	9.22741900205	7.78924409136	0.0	0.0	9.22741900205	9.39891334365	9.22741900205	10.5461101411
8.94513979942	0.0	0.0	0.0	0.0	0.0	0.0	6.5928474008	6.5928474008	0.0	0.0	10.0561260059	10.5461101411	0.0	10.5461101411	0.0	10.0561260059	10.5461101411	6.5928474008	6.5928474008	6.02285915288	6.5928474008	10.5461101411	10.0561260059	10.5461101411	8.94513979942	9.26910938528	8.94513979942	10.5461101411	10.5461101411	0.0	10.0561260059	6.5928474008	0.0	10.5461101411	10.5461101411	10.5461101411	0.0	10.5461101411	10.5461101411	8.94513979942	6.02285915288	8.94513979942	8.94513979942	10.0561260059	10.5461101411	10.5461101411	8.94513979942	9.26910938528	8.94513979942	0.0
9.22741900205	10.5461101411	10.5461101411	10.5461101411	10.5461101411	10.5461101411	10.5461101411	10.1433559416	10.1433559416	10.5461101411	10.5461101411	7.78924409136	0.0	10.5461101411	0.0	10.5461101411	7.78924409136	0.0	10.1433559416	10.1433559416	10.4937020995	10.1433559416	0.0	7.78924409136	0.0	9.22741900205	9.39891334365	9.22741900205	0.0	0.0	10.5461101411	7.78924409136	10.1433559416	10.5461101411	0.0	0.0	0.0	10.5461101411	0.0	0.0	9.22741900205	10.4937020995	9.22741900205	9.22741900205	7.78924409136	0.0	0.0	9.22741900205	9.39891334365	9.22741900205	10.5461101411
9.22741900205	10.5461101411	10.5461101411	10.5461101411	10.5461101411	10.5461101411	10.5461101411	10.1433559416	10.1433559416	10.5461101411	10.5461101411	7.78924409136	0.0	10.5461101411	0.0	10.5461101411	7.78924409136	0.0	10.1433559416	10.1433559416	10.4937020995	10.1433559416	0.0	7.78924409136	0.0	9.22741900205	9.39891334365	9.22741900205	0.0	0.0	10.5461101411	7.78924409136	10.1433559416	10.5461101411	0.0	0.0	0.0	10.5461101411	0.0	0.0	9.22741900205	10.4937020995	9.22741900205	9.22741900205	7.78924409136	0.0	0.0	9.22741900205	9.39891334365	9.22741900205	10.5461101411
0.0	8.94513979942	8.94513979942	8.94513979942	8.94513979942	8.94513979942	8.94513979942	8.54334219013	8.54334219013	8.94513979942	8.94513979942	8.7488505819	9.22741900205	8.94513979942	9.22741900205	8.94513979942	8.7488505819	9.22741900205	8.54334219013	8.54334219013	8.89393433036	8.54334219013	9.22741900205	8.7488505819	9.22741900205	0.0	6.15499161994	0.0	9.22741900205	9.22741900205	8.94513979942	8.7488505819	8.54334219013	8.94513979942	9.22741900205	9.22741900205	9.22741900205	8.94513979942	9.22741900205	9.22741900205	0.0	8.89393433036	0.0	0.0	8.7488505819	9.22741900205	9.22741900205	0.0	6.15499161994	0.0	8.94513979942
8.89393433036	6.02285915288	6.02285915288	6.02285915288	6.02285915288	6.02285915288	6.02285915288	5.49610325223	5.49610325223	6.02285915288	6.02285915288	10.0036731889	10.4937020995	6.02285915288	10.4937020995	6.02285915288	10.0036731889	10.4937020995	5.49610325223	5.49610325223	0.0	5.49610325223	10.4937020995	10.0036731889	10.4937020995	8.89393433036	9.21769151302	8.89393433036	10.4937020995	10.4937020995	6.02285915288	10.0036731889	5.49610325223	6.02285915288	10.4937020995	10.4937020995	10.4937020995	6.02285915288	10.4937020995	10.4937020995	8.89393433036	0.0	8.89393433036	8.89393433036	10.0036731889	10.4937020995	10.4937020995	8.89393433036	9.21769151302	8.89393433036	6.02285915288
0.0	8.94513979942	8.94513979942	8.94513979942	8.94513979942	8.94513979942	8.94513979942	8.54334219013	8.54334219013	8.94513979942	8.94513979942	8.7488505819	9.22741900205	8.94513979942	9.22741900205	8.94513979942	8.7488505819	9.22741900205	8.54334219013	8.54334219013	8.89393433036	8.54334219013	9.22741900205	8.7488505819	9.22741900205	0.0	6.15499161994	0.0	9.22741900205	9.22741900205	8.94513979942	8.7488505819	8.54334219013	8.94513979942	9.22741900205	9.22741900205	9.22741900205	8.94513979942	9.22741900205	9.22741900205	0.0	8.89393433036	0.0	0.0	8.7488505819	9.22741900205	9.22741900205	0.0	6.15499161994	0.0	8.94513979942
0.0	8.94513979942	8.94513979942	8.94513979942	8.94513979942	8.94513979942	8.94513979942	8.54334219013	8.54334219013	8.94513979942	8.94513979942	8.7488505819	9.22741900205	8.94513979942	9.22741900205	8.94513979942	8.7488505819	9.22741900205	8.54334219013	8.54334219013	8.89393433036	8.54334219013	9.22741900205	8.7488505819	9.22741900205	0.0	6.15499161994	0.0	9.22741900205	9.22741900205	8.94513979942	8.7488505819	8.54334219013	8.94513979942	9.22741900205	9.22741900205	9.22741900205	8.94513979942	9.22741900205	9.22741900205	0.0	8.89393433036	0.0	0.0	8.7488505819	9.22741900205	9.22741900205	0.0	6.15499161994	0.0	8.94513979942
8.7488505819	10.0561260059	10.0561260059	10.0561260059	10.0561260059	10.0561260059	10.0561260059	9.65334099454	9.65334099454	10.0561260059	10.0561260059	0.0	7.78924409136	10.0561260059	7.78924409136	10.0561260059	0.0	7.78924409136	9.65334099454	9.65334099454	10.0036731889	9.65334099454	7.78924409136	0.0	7.78924409136	8.7488505819	8.92759480727	8.7488505819	7.78924409136	7.78924409136	10.0561260059	0.0	9.65334099454	10.0561260059	7.78924409136	7.78924409136	7.78924409136	10.0561260059	7.78924409136	7.78924409136	8.7488505819	10.0036731889	8.7488505819	8.7488505819	0.0	7.78924409136	7.78924409136	8.7488505819	8.92759480727	8.7488505819	10.0561260059
9.22741900205	10.5461101411	10.5461101411	10.5461101411	10.5461101411	10.5461101411	10.5461101411	10.1433559416	10.1433559416	10.5461101411	10.5461101411	7.78924409136	0.0	10.5461101411	0.0	10.5461101411	7.78924409136	0.0	10.1433559416	10.1433559416	10.4937020995	10.1433559416	0.0	7.78924409136	0.0	9.22741900205	9.39891334365	9.22741900205	0.0	0.0	10.5461101411	7.78924409136	10.1433559416	10.5461101411	0.0	0.0	0.0	10.5461101411	0.0	0.0	9.22741900205	10.4937020995	9.22741900205	9.22741900205	7.78924409136	0.0	0.0	9.22741900205	9.39891334365	9.22741900205	10.5461101411
9.22741900205	10.5461101411	10.5461101411	10.5461101411	10.5461101411	10.5461101411	10.5461101411	10.1433559416	10.1433559416	10.5461101411	10.5461101411	7.78924409136	0.0	10.5461101411	0.0	10.5461101411	7.78924409136	0.0	10.1433559416	10.1433559416	10.4937020995	10.1433559416	0.0	7.78924409136	0.0	9.22741900205	9.39891334365	9.22741900205	0.0	0.0	10.5461101411	7.78924409136	10.1433559416	10.5461101411	0.0	0.0	0.0	10.5461101411	0.0	0.0	9.22741900205	10.4937020995	9.22741900205	9.22741900205	7.78924409136	0.0	0.0	9.22741900205	9.39891334365	9.22741900205	10.5461101411
0.0	8.94513979942	8.94513979942	8.94513979942	8.94513979942	8.94513979942	8.94513979942	8.54334219013	8.54334219013	8.94513979942	8.94513979942	8.7488505819	9.22741900205	8.94513979942	9.22741900205	8.94513979942	8.7488505819	9.22741900205	8.54334219013	8.54334219013	8.89393433036	8.54334219013	9.22741900205	8.7488505819	9.22741900205	0.0	6.15499161994	0.0	9.22741900205	9.22741900205	8.94513979942	8.7488505819	8.54334219013	8.94513979942	9.22741900205	9.22741900205	9.22741900205	8.94513979942	9.22741900205	9.22741900205	0.0	8.89393433036	0.0	0.0	8.7488505819	9.22741900205	9.22741900205	0.0	6.15499161994	0.0	8.94513979942
6.15499161994	9.26910938528	9.26910938528	9.26910938528	9.26910938528	9.26910938528	9.26910938528	8.86714799313	8.86714799313	9.26910938528	9.26910938528	8.92759480727	9.39891334365	9.26910938528	9.39891334365	9.26910938528	8.92759480727	9.39891334365	8.86714799313	8.86714799313	9.21769151302	8.86714799313	9.39891334365	8.92759480727	9.39891334365	6.15499161994	0.0	6.15499161994	9.39891334365	9.39891334365	9.26910938528	8.92759480727	8.86714799313	9.26910938528	9.39891334365	9.39891334365	9.39891334365	9.26910938528	9.39891334365	9.39891334365	6.15499161994	9.21769151302	6.15499161994	6.15499161994	8.92759480727	9.39891334365	9.39891334365	6.15499161994	0.0	6.15499161994	9.26910938528
0.0	8.94513979942	8.94513979942	8.94513979942	8.94513979942	8.94513979942	8.94513979942	8.54334219013	8.54334219013	8.94513979942	8.94513979942	8.7488505819	9.22741900205	8.94513979942	9.22741900205	8.94513979942	8.7488505819	9.22741900205	8.54334219013	8.54334219013	8.89393433036	8.54334219013	9.22741900205	8.7488505819	9.22741900205	0.0	6.15499161994	0.0	9.22741900205	9.22741900205	8.94513979942	8.7488505819	8.54334219013	8.94513979942	9.22741900205	9.22741900205	9.22741900205	8.94513979942	9.22741900205	9.22741900205	0.0	8.89393433036	0.0	0.0	8.7488505819	9.22741900205	9.22741900205	0.0	6.15499161994	0.0	8.94513979942
8.94513979942	0.0	0.0	0.0	0.0	0.0	0.0	6.5928474008	6.5928474008	0.0	0.0	10.0561260059	10.5461101411	0.0	10.5461101411	0.0	10.0561260059	10.5461101411	6.5928474008	6.5928474008	6.02285915288	6.5928474008	10.5461101411	10.0561260059	10.5461101411	8.94513979942	9.26910938528	8.94513979942	10.5461101411	10.5461101411	0.0	10.0561260059	6.5928474008	0.0	10.5461101411	10.5461101411	10.5461101411	0.0	10.5461101411	10.5461101411	8.94513979942	6.02285915288	8.94513979942	8.94513979942	10.0561260059	10.5461101411	10.5461101411	8.94513979942	9.26910938528	8.94513979942	0.0