0.0	10.5686378959	10.5686378959	10.5686378959	10.5686378959	10.5686378959	10.5686378959	12.0315705688	12.0315705688	10.5686378959	10.5686378959	11.7198730051	11.2905241733	10.5686378959	11.2905241733	10.5686378959	11.7198730051	11.2905241733	12.0315705688	12.0315705688	10.4345890706	12.0315705688	11.2905241733	11.7198730051	11.2905241733	0.0	6.26112021184	0.0	11.2905241733	11.2905241733	10.5686378959	11.7198730051	12.0315705688	10.5686378959	11.2905241733	11.2905241733	11.2905241733	10.5686378959	11.2905241733	11.2905241733	0.0	10.4345890706	0.0	0.0	11.7198730051	11.2905241733	11.2905241733	0.0	6.26112021184	0.0	10.5686378959
10.5686378959	0.0	0.0	0.0	0.0	0.0	0.0	9.16849807656	9.16849807656	0.0	0.0	14.008155522	13.598891341	0.0	13.598891341	0.0	14.008155522	13.598891341	9.16849807656	9.16849807656	6.36404432219	9.16849807656	13.598891341	14.008155522	13.598891341	10.5686378959	11.0244564454	10.5686378959	13.598891341	13.598891341	0.0	14.008155522	9.16849807656	0.0	13.598891341	13.598891341	13.598891341	0.0	13.598891341	13.598891341	10.5686378959	6.36404432219	10.5686378959	10.5686378959	14.008155522	13.598891341	13.598891341	10.5686378959	11.0244564454	10.5686378959	0.0
10.5686378959	0.0	0.0	0.0	0.0	0.0	0.0	9.16849807656	9.16849807656	0.0	0.0	14.008155522	13.598891341	0.0	13.598891341	0.0	14.008155522	13.598891341	9.16849807656	9.16849807656	6.36404432219	9.16849807656	13.598891341	14.008155522	13.598891341	10.5686378959	11.0244564454	10.5686378959	13.598891341	13.598891341	0.0	14.008155522	9.16849807656	0.0	13.598891341	13.598891341	13.598891341	0.0	13.598891341	13.598891341	10.5686378959	6.36404432219	10.5686378959	10.5686378959	14.008155522	13.598891341	13.598891341	10.5686378959	11.0244564454	10.5686378959	0.0
10.5686378959	0.0	0.0	0.0	0.0	0.0	0.0	9.16849807656	9.16849807656	0.0	0.0	14.008155522	13.598891341	0.0	13.598891341	0.0	14.008155522	13.598891341	9.16849807656	9.16849807656	6.36404432219	9.16849807656	13.598891341	14.008155522	13.598891341	10.5686378959	11.0244564454	10.5686378959	13.598891341	13.598891341	0.0	14.008155522	9.16849807656	0.0	13.598891341	13.598891341	13.598891341	0.0	13.598891341	13.598891341	10.5686378959	6.36404432219	10.5686378959	10.5686378959	14.008155522	13.598891341	13.598891341	10.5686378959	11.0244564454	10.5686378959	0.0
10.5686378959	0.0	0.0	0.0	0.0	0.0	0.0	9.16849807656	9.16849807656	0.0	0.0	14.008155522	13.598891341	0.0	13.598891341	0.0	14.008155522	13.598891341	9.16849807656	9.16849807656	6.36404432219	9.16849807656	13.598891341	14.008155522	13.598891341	10.5686378959	11.0244564454	10.5686378959	13.598891341	13.598891341	0.0	14.008155522	9.16849807656	0.0	13.598891341	13.598891341	13.598891341	0.0	13.598891341	13.598891341	10.5686378959	6.36404432219	10.5686378959	10.5686378959	14.008155522	13.598891341	13.598891341	10.5686378959	11.0244564454	10.5686378959	0.0
10.5686378959	0.0	0.0	0.0	0.0	0.0	0.0	9.16849807656	9.16849807656	0.0	0.0	14.008155522	13.598891341	0.0	13.598891341	0.0	14.008155522	13.598891341	9.16849807656	9.16849807656	6.36404432219	9.16849807656	13.598891341	14.008155522	13.598891341	10.5686378959	11.0244564454	10.5686378959	13.598891341	13.598891341	0.0	14.008155522	9.16849807656	0.0	13.598891341	13.598891341	13.598891341	0.0	13.598891341	13.598891341	10.5686378959	6.36404432219	10.5686378959	10.5686378959	14.008155522	13.598891341	13.598891341	10.5686378959	11.0244564454	10.5686378959	0.0
10.5686378959	0.0	0.0	0.0	0.0	0.0	0.0	9.16849807656	9.16849807656	0.0	0.0	14.008155522	13.598891341	0.0	13.598891341	0.0	14.008155522	13.598891341	9.16849807656	9.16849807656	6.36404432219	9.16849807656	13.598891341	14.008155522	13.598891341	10.5686378959	11.0244564454	10.5686378959	13.598891341	13.598891341	0.0	14.008155522	9.16849807656	0.0	13.598891341	13.598891341	13.598891341	0.0	13.598891341	13.598891341	10.5686378959	6.36404432219	10.5686378959	10.5686378959	14.008155522	13.598891341	13.598891341	10.5686378959	11.0244564454	10.5686378959	0.0
12.0315705688	9.16849807656	9.16849807656	9.16849807656	9.16849807656	9.16849807656	9.16849807656	0.0	0.0	9.16849807656	9.16849807656	15.469293468	15.0601567013	9.16849807656	15.0601567013	9.16849807656	15.469293468	15.0601567013	0.0	0.0	7.61992474919	0.0	15.0601567013	15.469293468	15.0601567013	12.0315705688	12.4871850548	12.0315705688	15.0601567013	15.0601567013	9.16849807656	15.469293468	0.0	9.16849807656	15.0601567013	15.0601567013	15.0601567013	9.16849807656	15.0601567013	15.0601567013	12.0315705688	7.61992474919	12.0315705688	12.0315705688	15.469293468	15.0601567013	15.0601567013	12.0315705688	12.4871850548	12.0315705688	9.16849807656
12.0315705688	9.16849807656	9.16849807656	9.16849807656	9.16849807656	9.16849807656	9.16849807656	0.0	0.0	9.16849807656	9.16849807656	15.469293468	15.0601567013	9.16849807656	15.0601567013	9.16849807656	15.469293468	15.0601567013	0.0	0.0	7.61992474919	0.0	15.0601567013	15.469293468	15.0601567013	12.0315705688	12.4871850548	12.0315705688	15.0601567013	15.0601567013	9.16849807656	15.469293468	0.0	9.16849807656	15.0601567013	15.0601567013	15.0601567013	9.16849807656	15.0601567013	15.0601567013	12.0315705688	7.61992474919	12.0315705688	12.0315705688	15.469293468	15.0601567013	15.0601567013	12.0315705688	12.4871850548	12.0315705688	9.16849807656
10.5686378959	0.0	0.0	0.0	0.0	0.0	0.0	9.16849807656	9.16849807656	0.0	0.0	14.008155522	13.598891341	0.0	13.598891341	0.0	14.008155522	13.598891341	9.16849807656	9.16849807656	6.36404432219	9.16849807656	13.598891341	14.008155522	13.598891341	10.5686378959	11.0244564454	10.5686378959	13.598891341	13.598891341	0.0	14.008155522	9.16849807656	0.0	13.598891341	13.598891341	13.598891341	0.0	13.598891341	13.598891341	10.5686378959	6.36404432219	10.5686378959	10.5686378959	14.008155522	13.598891341	13.598891341	10.5686378959	11.0244564454	10.5686378959	0.0
10.5686378959	0.0	0.0	0.0	0.0	0.0	0.0	9.16849807656	9.16849807656	0.0	0.0	14.008155522	13.598891341	0.0	13.598891341	0.0	14.008155522	13.598891341	9.16849807656	9.16849807656	6.36404432219	9.16849807656	13.598891341	14.008155522	13.598891341	10.5686378959	11.0244564454	10.5686378959	13.598891341	13.598891341	0.0	14.008155522	9.16849807656	0.0	13.598891341	13.598891341	13.598891341	0.0	13.598891341	13.598891341	10.5686378959	6.36404432219	10.5686378959	10.5686378959	14.008155522	13.598891341	13.598891341	10.5686378959	11.0244564454	10.5686378959	0.0
11.7198730051	14.008155522	14.008155522	14.008155522	14.008155522	14.008155522	14.008155522	15.469293468	15.469293468	14.008155522	14.008155522	0.0	10.8756893232	14.008155522	10.8756893232	14.008155522	0.0	10.8756893232	15.469293468	15.469293468	13.8712734725	15.469293468	10.8756893232	0.0	10.8756893232	11.7198730051	12.0163056699	11.7198730051	10.8756893232	10.8756893232	14.008155522	0.0	15.469293468	14.008155522	10.8756893232	10.8756893232	10.8756893232	14.008155522	10.8756893232	10.8756893232	11.7198730051	13.8712734725	11.7198730051	11.7198730051	0.0	10.8756893232	10.8756893232	11.7198730051	12.0163056699	11.7198730051	14.008155522
11.2905241733	13.598891341	13.598891341	13.598891341	13.598891341	13.598891341	13.598891341	15.0601567013	15.0601567013	13.598891341	13.598891341	10.8756893232	0.0	13.598891341	0.0	13.598891341	10.8756893232	0.0	15.0601567013	15.0601567013	13.4622316174	15.0601567013	0.0	10.8756893232	0.0	11.2905241733	11.5774992009	11.2905241733	0.0	0.0	13.598891341	10.8756893232	15.0601567013	13.598891341	0.0	0.0	0.0	13.598891341	0.0	0.0	11.2905241733	13.4622316174	11.2905241733	11.2905241733	10.8756893232	0.0	0.0	11.2905241733	11.5774992009	11.2905241733	13.598891341
10.5686378959	0.0	0.0	0.0	0.0	0.0	0.0	9.16849807656	9.16849807656	0.0	0.0	14.008155522	13.598891341	0.0	13.598891341	0.0	14.008155522	13.598891341	9.16849807656	9.16849807656	6.36404432219	9.16849807656	13.598891341	14.008155522	13.598891341	10.5686378959	11.0244564454	10.5686378959	13.598891341	13.598891341	0.0	14.008155522	9.16849807656	0.0	13.598891341	13.598891341	13.598891341	0.0	13.598891341	13.598891341	10.5686378959	6.36404432219	10.5686378959	10.5686378959	14.008155522	13.598891341	13.598891341	10.5686378959	11.0244564454	10.5686378959	0.0
11.2905241733	13.598891341	13.598891341	13.598891341	13.598891341	13.598891341	13.598891341	15.0601567013	15.0601567013	13.598891341	13.598891341	10.8756893232	0.0	13.598891341	0.0	13.598891341	10.8756893232	0.0	15.0601567013	15.0601567013	13.4622316174	15.0601567013	0.0	10.8756893232	0.0	11.2905241733	11.5774992009	11.2905241733	0.0	0.0	13.598891341	10.8756893232	15.0601567013	13.598891341	0.0	0.0	0.0	13.598891341	0.0	0.0	11.2905241733	13.4622316174	11.2905241733	11.2905241733	10.8756893232	0.0	0.0	11.2905241733	11.5774992009	11.2905241733	13.598891341
10.5686378959	0.0	0.0	0.0	0.0	0.0	0.0	9.16849807656	9.16849807656	0.0	0.0	14.008155522	13.598891341	0.0	13.598891341	0.0	14.008155522	13.598891341	9.16849807656	9.16849807656	6.36404432219	9.16849807656	13.598891341	14.008155522	13.598891341	10.5686378959	11.0244564454	10.5686378959	13.598891341	13.598891341	0.0	14.008155522	9.16849807656	0.0	13.598891341	13.598891341	13.598891341	0.0	13.598891341	13.598891341	10.5686378959	6.36404432219	10.5686378959	10.5686378959	14.008155522	13.598891341	13.598891341	10.5686378959	11.0244564454	10.5686378959	0.0
11.7198730051	14.008155522	14.008155522	14.008155522	14.008155522	14.008155522	14.008155522	15.469293468	15.469293468	14.008155522	14.008155522	0.0	10.8756893232	14.008155522	10.8756893232	14.008155522	0.0	10.8756893232	15.469293468	15.469293468	13.8712734725	15.469293468	10.8756893232	0.0	10.8756893232	11.7198730051	12.0163056699	11.7198730051	10.8756893232	10.8756893232	14.008155522	0.0	15.469293468	14.008155522	10.8756893232	10.8756893232	10.8756893232	14.008155522	10.8756893232	10.8756893232	11.7198730051	13.8712734725	11.7198730051	11.7198730051	0.0	10.8756893232	10.8756893232	11.7198730051	12.0163056699	11.7198730051	14.008155522
11.2905241733	13.598891341	13.598891341	13.598891341	13.598891341	13.598891341	13.598891341	15.0601567013	15.0601567013	13.598891341	13.598891341	10.8756893232	0.0	13.598891341	0.0	13.598891341	10.8756893232	0.0	15.0601567013	15.0601567013	13.4622316174	15.0601567013	0.0	10.8756893232	0.0	11.2905241733	11.5774992009	11.2905241733	0.0	0.0	13.598891341	10.8756893232	15.0601567013	13.598891341	0.0	0.0	0.0	13.598891341	0.0	0.0	11.2905241733	13.4622316174	11.2905241733	11.2905241733	10.8756893232	0.0	0.0	11.2905241733	11.5774992009	11.2905241733	13.598891341
12.0315705688	9.16849807656	9.16849807656	9.16849807656	9.16849807656	9.16849807656	9.16849807656	0.0	0.0	9.16849807656	9.16849807656	15.469293468	15.0601567013	9.16849807656	15.0601567013	9.16849807656	15.469293468	15.0601567013	0.0	0.0	7.61992474919	0.0	15.0601567013	15.469293468	15.0601567013	12.0315705688	12.4871850548	12.0315705688	15.0601567013	15.0601567013	9.16849807656	15.469293468	0.0	9.16849807656	15.0601567013	15.0601567013	15.0601567013	9.16849807656	15.0601567013	15.0601567013	12.0315705688	7.61992474919	12.0315705688	12.0315705688	15.469293468	15.0601567013	15.0601567013	12.0315705688	12.4871850548	12.0315705688	9.16849807656
12.0315705688	9.16849807656	9.16849807656	9.16849807656	9.16849807656	9.16849807656	9.16849807656	0.0	0.0	9.16849807656	9.16849807656	15.469293468	15.0601567013	9.16849807656	15.0601567013	9.16849807656	15.469293468	15.0601567013	0.0	0.0	7.61992474919	0.0	15.0601567013	15.469293468	15.0601567013	12.0315705688	12.4871850548	12.0315705688	15.0601567013	15.0601567013	9.16849807656	15.469293468	0.0	9.16849807656	15.0601567013	15.0601567013	15.0601567013	9.16849807656	15.0601567013	15.0601567013	12.0315705688	7.61992474919	12.0315705688	12.0315705688	15.469293468	15.0601567013	15.0601567013	12.0315705688	12.4871850548	12.0315705688	9.16849807656
10.4345890706	6.36404432219	6.36404432219	6.36404432219	6.36404432219	6.36404432219	6.36404432219	7.61992474919	7.61992474919	6.36404432219	6.36404432219	13.8712734725	13.4622316174	6.36404432219	13.4622316174	6.36404432219	13.8712734725	13.4622316174	7.61992474919	7.61992474919	0.0	7.61992474919	13.4622316174	13.8712734725	13.4622316174	10.4345890706	10.8900598513	10.4345890706	13.4622316174	13.4622316174	6.36404432219	13.8712734725	7.61992474919	6.36404432219	13.4622316174	13.4622316174	13.4622316174	6.36404432219	13.4622316174	13.4622316174	10.4345890706	0.0	10.4345890706	10.4345890706	13.8712734725	13.4622316174	13.4622316174	10.4345890706	10.8900598513	10.4345890706	6.36404432219
12.0315705688	9.16849807656	9.16849807656	9.16849807656	9.16849807656	9.16849807656	9.16849807656	0.0	0.0	9.16849807656	9.16849807656	15.469293468	15.0601567013	9.16849807656	15.0601567013	9.16849807656	15.469293468	15.0601567013	0.0	0.0	7.61992474919	0.0	15.0601567013	15.469293468	15.0601567013	12.0315705688	12.4871850548	12.0315705688	15.0601567013	15.0601567013	9.16849807656	15.469293468	0.0	9.16849807656	15.0601567013	15.0601567013	15.0601567013	9.16849807656	15.0601567013	15.0601567013	12.0315705688	7.61992474919	12.0315705688	12.0315705688	15.469293468	15.0601567013	15.0601567013	12.0315705688	12.4871850548	12.0315705688	9.16849807656
11.2905241733	13.598891341	13.598891341	13.598891341	13.598891341	13.598891341	13.598891341	15.0601567013	15.0601567013	13.598891341	13.598891341	10.8756893232	0.0	13.598891341	0.0	13.598891341	10.8756893232	0.0	15.0601567013	15.0601567013	13.4622316174	15.0601567013	0.0	10.8756893232	0.0	11.2905241733	11.5774992009	11.2905241733	0.0	0.0	13.598891341	10.8756893232	15.0601567013	13.598891341	0.0	0.0	0.0	13.598891341	0.0	0.0	11.2905241733	13.4622316174	11.2905241733	11.2905241733	10.8756893232	0.0	0.0	11.2905241733	11.5774992009	11.2905241733	13.598891341
11.7198730051	14.008155522	14.008155522	14.008155522	14.008155522	14.008155522	14.008155522	15.469293468	15.469293468	14.008155522	14.008155522	0.0	10.8756893232	14.008155522	10.8756893232	14.008155522	0.0	10.8756893232	15.469293468	15.469293468	13.8712734725	15.469293468	10.8756893232	0.0	10.8756893232	11.7198730051	12.0163056699	11.7198730051	10.8756893232	10.8756893232	14.008155522	0.0	15.469293468	14.008155522	10.8756893232	10.8756893232	10.8756893232	14.008155522	10.8756893232	10.8756893232	11.7198730051	13.8712734725	11.7198730051	11.7198730051	0.0	10.8756893232	10.8756893232	11.7198730051	12.0163056699	11.7198730051	14.008155522
11.2905241733	13.598891341	13.598891341	13.598891341	13.598891341	13.598891341	13.598891341	15.0601567013	15.0601567013	13.598891341	13.598891341	10.8756893232	0.0	13.598891341	0.0	13.598891341	10.8756893232	0.0	15.0601567013	15.0601567013	13.4622316174	15.0601567013	0.0	10.8756893232	0.0	11.2905241733	11.5774992009	11.2905241733	0.0	0.0	13.598891341	10.8756893232	15.0601567013	13.598891341	0.0	0.0	0.0	13.598891341	0.0	0.0	11.2905241733	13.4622316174	11.2905241733	11.2905241733	10.8756893232	0.0	0.0	11.2905241733	11.5774992009	11.2905241733	13.598891341
0.0	10.5686378959	10.5686378959	10.5686378959	10.5686378959	10.5686378959	10.5686378959	12.0315705688	12.0315705688	10.5686378959	10.5686378959	11.7198730051	11.2905241733	10.5686378959	11.2905241733	10.5686378959	11.7198730051	11.2905241733	12.0315705688	12.0315705688	10.4345890706	12.0315705688	11.2905241733	11.7198730051	11.2905241733	0.0	6.26112021184	0.0	11.2905241733	11.2905241733	10.5686378959	11.7198730051	12.0315705688	10.5686378959	11.2905241733	11.2905241733	11.2905241733	10.5686378959	11.2905241733	11.2905241733	0.0	10.4345890706	0.0	0.0	11.7198730051	11.2905241733	11.2905241733	0.0	6.26112021184	0.0	10.5686378959
6.26112021184	11.0244564454	11.0244564454	11.0244564454	11.0244564454	11.0244564454	11.0244564454	12.4871850548	12.4871850548	11.0244564454	11.0244564454	12.0163056699	11.5774992009	11.0244564454	11.5774992009	11.0244564454	12.0163056699	11.5774992009	12.4871850548	12.4871850548	10.8900598513	12.4871850548	11.5774992009	12.0163056699	11.5774992009	6.26112021184	0.0	6.26112021184	11.5774992009	11.5774992009	11.0244564454	12.0163056699	12.4871850548	11.0244564454	11.5774992009	11.5774992009	11.5774992009	11.0244564454	11.5774992009	11.5774992009	6.26112021184	10.8900598513	6.26112021184	6.26112021184	12.0163056699	11.5774992009	11.5774992009	6.26112021184	0.0	6.26112021184	11.0244564454
0.0	10.5686378959	10.5686378959	10.5686378959	10.5686378959	10.5686378959	10.5686378959	12.0315705688	12.0315705688	10.5686378959	10.5686378959	11.7198730051	11.2905241733	10.5686378959	11.2905241733	10.5686378959	11.7198730051	11.2905241733	12.0315705688	12.0315705688	10.4345890706	12.0315705688	11.2905241733	11.7198730051	11.2905241733	0.0	6.26112021184	0.0	11.2905241733	11.2905241733	10.5686378959	11.7198730051	12.0315705688	10.5686378959	11.2905241733	11.2905241733	11.2905241733	10.5686378959	11.2905241733	11.2905241733	0.0	10.4345890706	0.0	0.0	11.7198730051	11.2905241733	11.2905241733	0.0	6.26112021184	0.0	10.5686378959
11.2905241733	13.598891341	13.598891341	13.598891341	13.598891341	13.598891341	13.598891341	15.0601567013	15.0601567013	13.598891341	13.598891341	10.8756893232	0.0	13.598891341	0.0	13.598891341	10.8756893232	0.0	15.0601567013	15.0601567013	13.4622316174	15.0601567013	0.0	10.8756893232	0.0	11.2905241733	11.5774992009	11.2905241733	0.0	0.0	13.598891341	10.8756893232	15.0601567013	13.598891341	0.0	0.0	0.0	13.598891341	0.0	0.0	11.2905241733	13.4622316174	11.2905241733	11.2905241733	10.8756893232	0.0	0.0	11.2905241733	11.5774992009	11.2905241733	13.598891341
11.2905241733	13.598891341	13.598891341	13.598891341	13.598891341	13.598891341	13.598891341	15.0601567013	15.0601567013	13.598891341	13.598891341	10.8756893232	0.0	13.598891341	0.0	13.598891341	10.8756893232	0.0	15.0601567013	15.0601567013	13.4622316174	15.0601567013	0.0	10.8756893232	0.0	11.2905241733	11.5774992009	11.2905241733	0.0	0.0	13.598891341	10.8756893232	15.0601567013	13.598891341	0.0	0.0	0.0	13.598891341	0.0	0.0	11.2905241733	13.4622316174	11.2905241733	11.2905241733	10.8756893232	0.0	0.0	11.2905241733	11.5774992009	11.2905241733	13.598891341
10.5686378959	0.0	0.0	0.0	0.0	0.0	0.0	9.16849807656	9.16849807656	0.0	0.0	14.008155522	13.598891341	0.0	13.598891341	0.0	14.008155522	13.598891341	9.16849807656	9.16849807656	6.36404432219	9.16849807656	13.598891341	14.008155522	13.598891341	10.5686378959	11.0244564454	10.5686378959	13.598891341	13.598891341	0.0	14.008155522	9.16849807656	0.0	13.598891341	13.598891341	13.598891341	0.0	13.598891341	13.598891341	10.5686378959	6.36404432219	10.5686378959	10.5686378959	14.008155522	13.598891341	13.598891341	10.5686378959	11.0244564454	10.5686378959	0.0
11.7198730051	14.008155522	14.008155522	14.008155522	14.008155522	14.008155522	14.008155522	15.469293468	15.469293468	14.008155522	14.008155522	0.0	10.8756893232	14.008155522	10.8756893232	14.008155522	0.0	10.8756893232	15.469293468	15.469293468	13.8712734725	15.469293468	10.8756893232	0.0	10.8756893232	11.7198730051	12.0163056699	11.7198730051	10.8756893232	10.8756893232	14.008155522	0.0	15.469293468	14.008155522	10.8756893232	10.8756893232	10.8756893232	14.008155522	10.8756893232	10.8756893232	11.7198730051	13.8712734725	11.7198730051	11.7198730051	0.0	10.8756893232	10.8756893232	11.7198730051	12.0163056699	11.7198730051	14.008155522
12.0315705688	9.16849807656	9.16849807656	9.16849807656	9.16849807656	9.16849807656	9.16849807656	0.0	0.0	9.16849807656	9.16849807656	15.469293468	15.0601567013	9.16849807656	15.0601567013	9.16849807656	15.469293468	15.0601567013	0.0	0.0	7.61992474919	0.0	15.0601567013	15.469293468	15.0601567013	12.0315705688	12.4871850548	12.0315705688	15.0601567013	15.0601567013	9.16849807656	15.469293468	0.0	9.16849807656	15.0601567013	15.0601567013	15.0601567013	9.16849807656	15.0601567013	15.0601567013	12.0315705688	7.61992474919	12.0315705688	12.0315705688	15.469293468	15.0601567013	15.0601567013	12.0315705688	12.4871850548	12.0315705688	9.16849807656
10.5686378959	0.0	0.0	0.0	0.0	0.0	0.0	9.16849807656	9.16849807656	0.0	0.0	14.008155522	13.598891341	0.0	13.598891341	0.0	14.008155522	13.598891341	9.16849807656	9.16849807656	6.36404432219	9.16849807656	13.598891341	14.008155522	13.598891341	10.5686378959	11.0244564454	10.5686378959	13.598891341	13.598891341	0.0	14.008155522	9.16849807656	0.0	13.598891341	13.598891341	13.598891341	0.0	13.598891341	13.598891341	10.5686378959	6.36404432219	10.5686378959	10.5686378959	14.008155522	13.598891341	13.598891341	10.5686378959	11.0244564454	10.5686378959	0.0
11.2905241733	13.598891341	13.598891341	13.598891341	13.598891341	13.598891341	13.598891341	15.0601567013	15.0601567013	13.598891341	13.598891341	10.8756893232	0.0	13.598891341	0.0	13.598891341	10.8756893232	0.0	15.0601567013	15.0601567013	13.4622316174	15.0601567013	0.0	10.8756893232	0.0	11.2905241733	11.5774992009	11.2905241733	0.0	0.0	13.598891341	10.8756893232	15.0601567013	13.598891341	0.0	0.0	0.0	13.598891341	0.0	0.0	11.2905241733	13.4622316174	11.2905241733	11.2905241733	10.8756893232	0.0	0.0	11.2905241733	11.5774992009	11.2905241733	13.598891341
11.2905241733	13.598891341	13.598891341	13.598891341	13.598891341	13.598891341	13.598891341	15.0601567013	15.0601567013	13.598891341	13.598891341	10.8756893232	0.0	13.598891341	0.0	13.598891341	10.8756893232	0.0	15.0601567013	15.0601567013	13.4622316174	15.0601567013	0.0	10.8756893232	0.0	11.2905241733	11.5774992009	11.2905241733	0.0	0.0	13.598891341	10.8756893232	15.0601567013	13.598891341	0.0	0.0	0.0	13.598891341	0.0	0.0	11.2905241733	13.4622316174	11.2905241733	11.2905241733	10.8756893232	0.0	0.0	11.2905241733	11.5774992009	11.2905241733	13.598891341
11.2905241733	13.598891341	13.598891341	13.598891341	13.598891341	13.598891341	13.598891341	15.0601567013	15.0601567013	13.598891341	13.598891341	10.8756893232	0.0	13.598891341	0.0	13.598891341	10.8756893232	0.0	15.0601567013	15.0601567013	13.4622316174	15.0601567013	0.0	10.8756893232	0.0	11.2905241733	11.5774992009	11.2905241733	0.0	0.0	13.598891341	10.8756893232	15.0601567013	13.598891341	0.0	0.0	0.0	13.598891341	0.0	0.0	11.2905241733	13.4622316174	11.2905241733	11.2905241733	10.8756893232	0.0	0.0	11.2905241733	11.5774992009	11.2905241733	13.598891341
10.5686378959	0.0	0.0	0.0	0.0	0.0	0.0	9.16849807656	9.16849807656	0.0	0.0	14.008155522	13.598891341	0.0	13.598891341	0.0	14.008155522	13.598891341	9.16849807656	9.16849807656	6.36404432219	9.16849807656	13.598891341	14.008155522	13.598891341	10.5686378959	11.0244564454	10.5686378959	13.598891341	13.598891341	0.0	14.008155522	9.16849807656	0.0	13.598891341	13.598891341	13.598891341	0.0	13.598891341	13.598891341	10.5686378959	6.36404432219	10.5686378959	10.5686378959	14.008155522	13.598891341	13.598891341	10.5686378959	11.0244564454	10.5686378959	0.0
11.2905241733	13.598891341	13.598891341	13.598891341	13.598891341	13.598891341	13.598891341	15.0601567013	15.0601567013	13.598891341	13.598891341	10.8756893232	0.0	13.598891341	0.0	13.598891341	10.8756893232	0.0	15.0601567013	15.0601567013	13.4622316174	15.0601567013	0.0	10.8756893232	0.0	11.2905241733	11.5774992009	11.2905241733	0.0	0.0	13.598891341	10.8756893232	15.0601567013	13.598891341	0.0	0.0	0.0	13.598891341	0.0	0.0	11.2905241733	13.4622316174	11.2905241733	11.2905241733	10.8756893232	0.0	0.0	11.2905241733	11.5774992009	11.2905241733	13.598891341
11.2905241733	13.598891341	13.598891341	13.598891341	13.598891341	13.598891341	13.598891341	15.0601567013	15.0601567013	13.598891341	13.598891341	10.8756893232	0.0	13.598891341	0.0	13.598891341	10.8756893232	0.0	15.0601567013	15.0601567013	13.4622316174	15.0601567013	0.0	10.8756893232	0.0	11.2905241733	11.5774992009	11.2905241733	0.0	0.0	13.598891341	10.8756893232	15.0601567013	13.598891341	0.0	0.0	0.0	13.598891341	0.0	0.0	11.2905241733	13.4622316174	11.2905241733	11.2905241733	10.8756893232	0.0	0.0	11.2905241733	11.5774992009	11.2905241733	13.598891341
0.0	10.5686378959	10.5686378959	10.5686378959	10.5686378959	10.5686378959	10.5686378959	12.0315705688	12.0315705688	10.5686378959	10.5686378959	11.7198730051	11.2905241733	10.5686378959	11.2905241733	10.5686378959	11.7198730051	11.2905241733	12.0315705688	12.0315705688	10.4345890706	12.0315705688	11.2905241733	11.7198730051	11.2905241733	0.0	6.26112021184	0.0	11.2905241733	11.2905241733	10.5686378959	11.7198730051	12.0315705688	10.5686378959	11.2905241733	11.2905241733	11.2905241733	10.5686378959	11.2905241733	11.2905241733	0.0	10.4345890706	0.0	0.0	11.7198730051	11.2905241733	11.2905241733	0.0	6.26112021184	0.0	10.5686378959
10.4345890706	6.36404432219	6.36404432219	6.36404432219	6.36404432219	6.36404432219	6.36404432219	7.61992474919	7.61992474919	6.36404432219	6.36404432219	13.8712734725	13.4622316174	6.36404432219	13.4622316174	6.36404432219	13.8712734725	13.4622316174	7.61992474919	7.61992474919	0.0	7.61992474919	13.4622316174	13.8712734725	13.4622316174	10.4345890706	10.8900598513	10.4345890706	13.4622316174	13.4622316174	6.36404432219	13.8712734725	7.61992474919	6.36404432219	13.4622316174	13.4622316174	13.4622316174	6.36404432219	13.4622316174	13.4622316174	10.4345890706	0.0	10.4345890706	10.4345890706	13.8712734725	13.4622316174	13.4622316174	10.4345890706	10.8900598513	10.4345890706	6.36404432219
0.0	10.5686378959	10.5686378959	10.5686378959	10.5686378959	10.5686378959	10.5686378959	12.0315705688	12.0315705688	10.5686378959	10.5686378959	11.7198730051	11.2905241733	10.5686378959	11.2905241733	10.5686378959	11.7198730051	11.2905241733	12.0315705688	12.0315705688	10.4345890706	12.0315705688	11.2905241733	11.7198730051	11.2905241733	0.0	6.26112021184	0.0	11.2905241733	11.2905241733	10.5686378959	11.7198730051	12.0315705688	10.5686378959	11.2905241733	11.2905241733	11.2905241733	10.5686378959	11.2905241733	11.2905241733	0.0	10.4345890706	0.0	0.0	11.7198730051	11.2905241733	11.2905241733	0.0	6.26112021184	0.0	10.5686378959
0.0	10.5686378959	10.5686378959	10.5686378959	10.5686378959	10.5686378959	10.5686378959	12.0315705688	12.0315705688	10.5686378959	10.5686378959	11.7198730051	11.2905241733	10.5686378959	11.2905241733	10.5686378959	11.7198730051	11.2905241733	12.0315705688	12.0315705688	10.4345890706	12.0315705688	11.2905241733	11.7198730051	11.2905241733	0.0	6.26112021184	0.0	11.2905241733	11.2905241733	10.5686378959	11.7198730051	12.0315705688	10.5686378959	11.2905241733	11.2905241733	11.2905241733	10.5686378959	11.2905241733	11.2905241733	0.0	10.4345890706	0.0	0.0	11.7198730051	11.2905241733	11.2905241733	0.0	6.26112021184	0.0	10.5686378959
11.7198730051	14.008155522	14.008155522	14.008155522	14.008155522	14.008155522	14.008155522	15.469293468	15.469293468	14.008155522	14.008155522	0.0	10.8756893232	14.008155522	10.8756893232	14.008155522	0.0	10.8756893232	15.469293468	15.469293468	13.8712734725	15.469293468	10.8756893232	0.0	10.8756893232	11.7198730051	12.0163056699	11.7198730051	10.8756893232	10.8756893232	14.008155522	0.0	15.469293468	14.008155522	10.8756893232	10.8756893232	10.8756893232	14.008155522	10.8756893232	10.8756893232	11.7198730051	13.8712734725	11.7198730051	11.7198730051	0.0	10.8756893232	10.8756893232	11.7198730051	12.0163056699	11.7198730051	14.008155522
11.2905241733	13.598891341	13.598891341	13.598891341	13.598891341	13.598891341	13.598891341	15.0601567013	15.0601567013	13.598891341	13.598891341	10.8756893232	0.0	13.598891341	0.0	13.598891341	10.8756893232	0.0	15.0601567013	15.0601567013	13.4622316174	15.0601567013	0.0	10.8756893232	0.0	11.2905241733	11.5774992009	11.2905241733	0.0	0.0	13.598891341	10.8756893232	15.0601567013	13.598891341	0.0	0.0	0.0	13.598891341	0.0	0.0	11.2905241733	13.4622316174	11.2905241733	11.2905241733	10.8756893232	0.0	0.0	11.2905241733	11.5774992009	11.2905241733	13.598891341
11.2905241733	13.598891341	13.598891341	13.598891341	13.598891341	13.598891341	13.598891341	15.0601567013	15.0601567013	13.598891341	13.598891341	10.8756893232	0.0	13.598891341	0.0	13.598891341	10.8756893232	0.0	15.0601567013	15.0601567013	13.4622316174	15.0601567013	0.0	10.8756893232	0.0	11.2905241733	11.5774992009	11.2905241733	0.0	0.0	13.598891341	10.8756893232	15.0601567013	13.598891341	0.0	0.0	0.0	13.598891341	0.0	0.0	11.2905241733	13.4622316174	11.2905241733	11.2905241733	10.8756893232	0.0	0.0	11.2905241733	11.5774992009	11.2905241733	13.598891341
0.0	10.5686378959	10.5686378959	10.5686378959	10.5686378959	10.5686378959	10.5686378959	12.0315705688	12.0315705688	10.5686378959	10.5686378959	11.7198730051	11.2905241733	10.5686378959	11.2905241733	10.5686378959	11.7198730051	11.2905241733	12.0315705688	12.0315705688	10.4345890706	12.0315705688	11.2905241733	11.7198730051	11.2905241733	0.0	6.26112021184	0.0	11.2905241733	11.2905241733	10.5686378959	11.7198730051	12.0315705688	10.5686378959	11.2905241733	11.2905241733	11.2905241733	10.5686378959	11.2905241733	11.2905241733	0.0	10.4345890706	0.0	0.0	11.7198730051	11.2905241733	11.2905241733	0.0	6.26112021184	0.0	10.5686378959
6.26112021184	11.0244564454	11.0244564454	11.0244564454	11.0244564454	11.0244564454	11.0244564454	12.4871850548	12.4871850548	11.0244564454	11.0244564454	12.0163056699	11.5774992009	11.0244564454	11.5774992009	11.0244564454	12.0163056699	11.5774992009	12.4871850548	12.4871850548	10.8900598513	12.4871850548	11.5774992009	12.0163056699	11.5774992009	6.26112021184	0.0	6.26112021184	11.5774992009	11.5774992009	11.0244564454	12.0163056699	12.4871850548	11.0244564454	11.5774992009	11.5774992009	11.5774992009	11.0244564454	11.5774992009	11.5774992009	6.26112021184	10.8900598513	6.26112021184	6.26112021184	12.0163056699	11.5774992009	11.5774992009	6.26112021184	0.0	6.26112021184	11.0244564454
0.0	10.5686378959	10.5686378959	10.5686378959	10.5686378959	10.5686378959	10.5686378959	12.0315705688	12.0315705688	10.5686378959	10.5686378959	11.7198730051	11.2905241733	10.5686378959	11.2905241733	10.5686378959	11.7198730051	11.2905241733	12.0315705688	12.0315705688	10.4345890706	12.0315705688	11.2905241733	11.7198730051	11.2905241733	0.0	6.26112021184	0.0	11.2905241733	11.2905241733	10.5686378959	11.7198730051	12.0315705688	10.5686378959	11.2905241733	11.2905241733	11.2905241733	10.5686378959	11.2905241733	11.2905241733	0.0	10.4345890706	0.0	0.0	11.7198730051	11.2905241733	11.2905241733	0.0	6.26112021184	0.0	10.5686378959
10.5686378959	0.0	0.0	0.0	0.0	0.0	0.0	9.16849807656	9.16849807656	0.0	0.0	14.008155522	13.598891341	0.0	13.598891341	0.0	14.008155522	13.598891341	9.16849807656	9.16849807656	6.36404432219	9.16849807656	13.598891341	14.008155522	13.598891341	10.5686378959	11.0244564454	10.5686378959	13.598891341	13.598891341	0.0	14.008155522	9.16849807656	0.0	13.598891341	13.598891341	13.598891341	0.0	13.598891341	13.598891341	10.5686378959	6.36404432219	10.5686378959	10.5686378959	14.008155522	13.598891341	13.598891341	10.5686378959	11.0244564454	10.5686378959	0.0