0.0	2.24636236405	2.24636236405	2.24636236405	2.24636236405	2.24636236405	2.24636236405	4.50606929911	4.50606929911	2.24636236405	2.24636236405	4.60211952012	4.95508333521	2.24636236405	4.95508333521	2.24636236405	4.60211952012	4.95508333521	4.50606929911	4.50606929911	4.06402557148	4.50606929911	4.95508333521	4.60211952012	4.95508333521	0.0	0.59425849204	0.0	4.95508333521	4.95508333521	2.24636236405	4.60211952012	4.50606929911	2.24636236405	4.95508333521	4.95508333521	4.95508333521	2.24636236405	4.95508333521	4.95508333521	0.0	4.06402557148	0.0	0.0	4.60211952012	4.95508333521	4.95508333521	0.0	0.59425849204	0.0	2.24636236405
2.24636236405	0.0	0.0	0.0	0.0	0.0	0.0	3.83463402898	3.83463402898	0.0	0.0	5.79935112671	6.18818597105	0.0	6.18818597105	0.0	5.79935112671	6.18818597105	3.83463402898	3.83463402898	2.93066603244	3.83463402898	6.18818597105	5.79935112671	6.18818597105	2.24636236405	2.28044150001	2.24636236405	6.18818597105	6.18818597105	0.0	5.79935112671	3.83463402898	0.0	6.18818597105	6.18818597105	6.18818597105	0.0	6.18818597105	6.18818597105	2.24636236405	2.93066603244	2.24636236405	2.24636236405	5.79935112671	6.18818597105	6.18818597105	2.24636236405	2.28044150001	2.24636236405	0.0
2.24636236405	0.0	0.0	0.0	0.0	0.0	0.0	3.83463402898	3.83463402898	0.0	0.0	5.79935112671	6.18818597105	0.0	6.18818597105	0.0	5.79935112671	6.18818597105	3.83463402898	3.83463402898	2.93066603244	3.83463402898	6.18818597105	5.79935112671	6.18818597105	2.24636236405	2.28044150001	2.24636236405	6.18818597105	6.18818597105	0.0	5.79935112671	3.83463402898	0.0	6.18818597105	6.18818597105	6.18818597105	0.0	6.18818597105	6.18818597105	2.24636236405	2.93066603244	2.24636236405	2.24636236405	5.79935112671	6.18818597105	6.18818597105	2.24636236405	2.28044150001	2.24636236405	0.0
2.24636236405	0.0	0.0	0.0	0.0	0.0	0.0	3.83463402898	3.83463402898	0.0	0.0	5.79935112671	6.18818597105	0.0	6.18818597105	0.0	5.79935112671	6.18818597105	3.83463402898	3.83463402898	2.93066603244	3.83463402898	6.18818597105	5.79935112671	6.18818597105	2.24636236405	2.28044150001	2.24636236405	6.18818597105	6.18818597105	0.0	5.79935112671	3.83463402898	0.0	6.18818597105	6.18818597105	6.18818597105	0.0	6.18818597105	6.18818597105	2.24636236405	2.93066603244	2.24636236405	2.24636236405	5.79935112671	6.18818597105	6.18818597105	2.24636236405	2.28044150001	2.24636236405	0.0
2.24636236405	0.0	0.0	0.0	0.0	0.0	0.0	3.83463402898	3.83463402898	0.0	0.0	5.79935112671	6.18818597105	0.0	6.18818597105	0.0	5.79935112671	6.18818597105	3.83463402898	3.83463402898	2.93066603244	3.83463402898	6.18818597105	5.79935112671	6.18818597105	2.24636236405	2.28044150001	2.24636236405	6.18818597105	6.18818597105	0.0	5.79935112671	3.83463402898	0.0	6.18818597105	6.18818597105	6.18818597105	0.0	6.18818597105	6.18818597105	2.24636236405	2.93066603244	2.24636236405	2.24636236405	5.79935112671	6.18818597105	6.18818597105	2.24636236405	2.28044150001	2.24636236405	0.0
2.24636236405	0.0	0.0	0.0	0.0	0.0	0.0	3.83463402898	3.83463402898	0.0	0.0	5.79935112671	6.18818597105	0.0	6.18818597105	0.0	5.79935112671	6.18818597105	3.83463402898	3.83463402898	2.93066603244	3.83463402898	6.18818597105	5.79935112671	6.18818597105	2.24636236405	2.28044150001	2.24636236405	6.18818597105	6.18818597105	0.0	5.79935112671	3.83463402898	0.0	6.18818597105	6.18818597105	6.18818597105	0.0	6.18818597105	6.18818597105	2.24636236405	2.93066603244	2.24636236405	2.24636236405	5.79935112671	6.18818597105	6.18818597105	2.24636236405	2.28044150001	2.24636236405	0.0
2.24636236405	0.0	0.0	0.0	0.0	0.0	0.0	3.83463402898	3.83463402898	0.0	0.0	5.79935112671	6.18818597105	0.0	6.18818597105	0.0	5.79935112671	6.18818597105	3.83463402898	3.83463402898	2.93066603244	3.83463402898	6.18818597105	5.79935112671	6.18818597105	2.24636236405	2.28044150001	2.24636236405	6.18818597105	6.18818597105	0.0	5.79935112671	3.83463402898	0.0	6.18818597105	6.18818597105	6.18818597105	0.0	6.18818597105	6.18818597105	2.24636236405	2.93066603244	2.24636236405	2.24636236405	5.79935112671	6.18818597105	6.18818597105	2.24636236405	2.28044150001	2.24636236405	0.0
4.50606929911	3.83463402898	3.83463402898	3.83463402898	3.83463402898	3.83463402898	3.83463402898	0.0	0.0	3.83463402898	3.83463402898	8.06307681529	8.45098734799	3.83463402898	8.45098734799	3.83463402898	8.06307681529	8.45098734799	0.0	0.0	5.09861841544	0.0	8.45098734799	8.06307681529	8.45098734799	4.50606929911	4.54041982047	4.50606929911	8.45098734799	8.45098734799	3.83463402898	8.06307681529	0.0	3.83463402898	8.45098734799	8.45098734799	8.45098734799	3.83463402898	8.45098734799	8.45098734799	4.50606929911	5.09861841544	4.50606929911	4.50606929911	8.06307681529	8.45098734799	8.45098734799	4.50606929911	4.54041982047	4.50606929911	3.83463402898
4.50606929911	3.83463402898	3.83463402898	3.83463402898	3.83463402898	3.83463402898	3.83463402898	0.0	0.0	3.83463402898	3.83463402898	8.06307681529	8.45098734799	3.83463402898	8.45098734799	3.83463402898	8.06307681529	8.45098734799	0.0	0.0	5.09861841544	0.0	8.45098734799	8.06307681529	8.45098734799	4.50606929911	4.54041982047	4.50606929911	8.45098734799	8.45098734799	3.83463402898	8.06307681529	0.0	3.83463402898	8.45098734799	8.45098734799	8.45098734799	3.83463402898	8.45098734799	8.45098734799	4.50606929911	5.09861841544	4.50606929911	4.50606929911	8.06307681529	8.45098734799	8.45098734799	4.50606929911	4.54041982047	4.50606929911	3.83463402898
2.24636236405	0.0	0.0	0.0	0.0	0.0	0.0	3.83463402898	3.83463402898	0.0	0.0	5.79935112671	6.18818597105	0.0	6.18818597105	0.0	5.79935112671	6.18818597105	3.83463402898	3.83463402898	2.93066603244	3.83463402898	6.18818597105	5.79935112671	6.18818597105	2.24636236405	2.28044150001	2.24636236405	6.18818597105	6.18818597105	0.0	5.79935112671	3.83463402898	0.0	6.18818597105	6.18818597105	6.18818597105	0.0	6.18818597105	6.18818597105	2.24636236405	2.93066603244	2.24636236405	2.24636236405	5.79935112671	6.18818597105	6.18818597105	2.24636236405	2.28044150001	2.24636236405	0.0
2.24636236405	0.0	0.0	0.0	0.0	0.0	0.0	3.83463402898	3.83463402898	0.0	0.0	5.79935112671	6.18818597105	0.0	6.18818597105	0.0	5.79935112671	6.18818597105	3.83463402898	3.83463402898	2.93066603244	3.83463402898	6.18818597105	5.79935112671	6.18818597105	2.24636236405	2.28044150001	2.24636236405	6.18818597105	6.18818597105	0.0	5.79935112671	3.83463402898	0.0	6.18818597105	6.18818597105	6.18818597105	0.0	6.18818597105	6.18818597105	2.24636236405	2.93066603244	2.24636236405	2.24636236405	5.79935112671	6.18818597105	6.18818597105	2.24636236405	2.28044150001	2.24636236405	0.0
4.60211952012	5.79935112671	5.79935112671	5.79935112671	5.79935112671	5.79935112671	5.79935112671	8.06307681529	8.06307681529	5.79935112671	5.79935112671	0.0	7.0608574557	5.79935112671	7.0608574557	5.79935112671	0.0	7.0608574557	8.06307681529	8.06307681529	7.61403871847	8.06307681529	7.0608574557	0.0	7.0608574557	4.60211952012	4.59442774302	4.60211952012	7.0608574557	7.0608574557	5.79935112671	0.0	8.06307681529	5.79935112671	7.0608574557	7.0608574557	7.0608574557	5.79935112671	7.0608574557	7.0608574557	4.60211952012	7.61403871847	4.60211952012	4.60211952012	0.0	7.0608574557	7.0608574557	4.60211952012	4.59442774302	4.60211952012	5.79935112671
4.95508333521	6.18818597105	6.18818597105	6.18818597105	6.18818597105	6.18818597105	6.18818597105	8.45098734799	8.45098734799	6.18818597105	6.18818597105	7.0608574557	0.0	6.18818597105	0.0	6.18818597105	7.0608574557	0.0	8.45098734799	8.45098734799	8.00350960783	8.45098734799	0.0	7.0608574557	0.0	4.95508333521	4.94091313938	4.95508333521	0.0	0.0	6.18818597105	7.0608574557	8.45098734799	6.18818597105	0.0	0.0	0.0	6.18818597105	0.0	0.0	4.95508333521	8.00350960783	4.95508333521	4.95508333521	7.0608574557	0.0	0.0	4.95508333521	4.94091313938	4.95508333521	6.18818597105
2.24636236405	0.0	0.0	0.0	0.0	0.0	0.0	3.83463402898	3.83463402898	0.0	0.0	5.79935112671	6.18818597105	0.0	6.18818597105	0.0	5.79935112671	6.18818597105	3.83463402898	3.83463402898	2.93066603244	3.83463402898	6.18818597105	5.79935112671	6.18818597105	2.24636236405	2.28044150001	2.24636236405	6.18818597105	6.18818597105	0.0	5.79935112671	3.83463402898	0.0	6.18818597105	6.18818597105	6.18818597105	0.0	6.18818597105	6.18818597105	2.24636236405	2.93066603244	2.24636236405	2.24636236405	5.79935112671	6.18818597105	6.18818597105	2.24636236405	2.28044150001	2.24636236405	0.0
4.95508333521	6.18818597105	6.18818597105	6.18818597105	6.18818597105	6.18818597105	6.18818597105	8.45098734799	8.45098734799	6.18818597105	6.18818597105	7.0608574557	0.0	6.18818597105	0.0	6.18818597105	7.0608574557	0.0	8.45098734799	8.45098734799	8.00350960783	8.45098734799	0.0	7.0608574557	0.0	4.95508333521	4.94091313938	4.95508333521	0.0	0.0	6.18818597105	7.0608574557	8.45098734799	6.18818597105	0.0	0.0	0.0	6.18818597105	0.0	0.0	4.95508333521	8.00350960783	4.95508333521	4.95508333521	7.0608574557	0.0	0.0	4.95508333521	4.94091313938	4.95508333521	6.18818597105
2.24636236405	0.0	0.0	0.0	0.0	0.0	0.0	3.83463402898	3.83463402898	0.0	0.0	5.79935112671	6.18818597105	0.0	6.18818597105	0.0	5.79935112671	6.18818597105	3.83463402898	3.83463402898	2.93066603244	3.83463402898	6.18818597105	5.79935112671	6.18818597105	2.24636236405	2.28044150001	2.24636236405	6.18818597105	6.18818597105	0.0	5.79935112671	3.83463402898	0.0	6.18818597105	6.18818597105	6.18818597105	0.0	6.18818597105	6.18818597105	2.24636236405	2.93066603244	2.24636236405	2.24636236405	5.79935112671	6.18818597105	6.18818597105	2.24636236405	2.28044150001	2.24636236405	0.0
4.60211952012	5.79935112671	5.79935112671	5.79935112671	5.79935112671	5.79935112671	5.79935112671	8.06307681529	8.06307681529	5.79935112671	5.79935112671	0.0	7.0608574557	5.79935112671	7.0608574557	5.79935112671	0.0	7.0608574557	8.06307681529	8.06307681529	7.61403871847	8.06307681529	7.0608574557	0.0	7.0608574557	4.60211952012	4.59442774302	4.60211952012	7.0608574557	7.0608574557	5.79935112671	0.0	8.06307681529	5.79935112671	7.0608574557	7.0608574557	7.0608574557	5.79935112671	7.0608574557	7.0608574557	4.60211952012	7.61403871847	4.60211952012	4.60211952012	0.0	7.0608574557	7.0608574557	4.60211952012	4.59442774302	4.60211952012	5.79935112671
4.95508333521	6.18818597105	6.18818597105	6.18818597105	6.18818597105	6.18818597105	6.18818597105	8.45098734799	8.45098734799	6.18818597105	6.18818597105	7.0608574557	0.0	6.18818597105	0.0	6.18818597105	7.0608574557	0.0	8.45098734799	8.45098734799	8.00350960783	8.45098734799	0.0	7.0608574557	0.0	4.95508333521	4.94091313938	4.95508333521	0.0	0.0	6.18818597105	7.0608574557	8.45098734799	6.18818597105	0.0	0.0	0.0	6.18818597105	0.0	0.0	4.95508333521	8.00350960783	4.95508333521	4.95508333521	7.0608574557	0.0	0.0	4.95508333521	4.94091313938	4.95508333521	6.18818597105
4.50606929911	3.83463402898	3.83463402898	3.83463402898	3.83463402898	3.83463402898	3.83463402898	0.0	0.0	3.83463402898	3.83463402898	8.06307681529	8.45098734799	3.83463402898	8.45098734799	3.83463402898	8.06307681529	8.45098734799	0.0	0.0	5.09861841544	0.0	8.45098734799	8.06307681529	8.45098734799	4.50606929911	4.54041982047	4.50606929911	8.45098734799	8.45098734799	3.83463402898	8.06307681529	0.0	3.83463402898	8.45098734799	8.45098734799	8.45098734799	3.83463402898	8.45098734799	8.45098734799	4.50606929911	5.09861841544	4.50606929911	4.50606929911	8.06307681529	8.45098734799	8.45098734799	4.50606929911	4.54041982047	4.50606929911	3.83463402898
4.50606929911	3.83463402898	3.83463402898	3.83463402898	3.83463402898	3.83463402898	3.83463402898	0.0	0.0	3.83463402898	3.83463402898	8.06307681529	8.45098734799	3.83463402898	8.45098734799	3.83463402898	8.06307681529	8.45098734799	0.0	0.0	5.09861841544	0.0	8.45098734799	8.06307681529	8.45098734799	4.50606929911	4.54041982047	4.50606929911	8.45098734799	8.45098734799	3.83463402898	8.06307681529	0.0	3.83463402898	8.45098734799	8.45098734799	8.45098734799	3.83463402898	8.45098734799	8.45098734799	4.50606929911	5.09861841544	4.50606929911	4.50606929911	8.06307681529	8.45098734799	8.45098734799	4.50606929911	4.54041982047	4.50606929911	3.83463402898
4.06402557148	2.93066603244	2.93066603244	2.93066603244	2.93066603244	2.93066603244	2.93066603244	5.09861841544	5.09861841544	2.93066603244	2.93066603244	7.61403871847	8.00350960783	2.93066603244	8.00350960783	2.93066603244	7.61403871847	8.00350960783	5.09861841544	5.09861841544	0.0	5.09861841544	8.00350960783	7.61403871847	8.00350960783	4.06402557148	4.09800659657	4.06402557148	8.00350960783	8.00350960783	2.93066603244	7.61403871847	5.09861841544	2.93066603244	8.00350960783	8.00350960783	8.00350960783	2.93066603244	8.00350960783	8.00350960783	4.06402557148	0.0	4.06402557148	4.06402557148	7.61403871847	8.00350960783	8.00350960783	4.06402557148	4.09800659657	4.06402557148	2.93066603244
4.50606929911	3.83463402898	3.83463402898	3.83463402898	3.83463402898	3.83463402898	3.83463402898	0.0	0.0	3.83463402898	3.83463402898	8.06307681529	8.45098734799	3.83463402898	8.45098734799	3.83463402898	8.06307681529	8.45098734799	0.0	0.0	5.09861841544	0.0	8.45098734799	8.06307681529	8.45098734799	4.50606929911	4.54041982047	4.50606929911	8.45098734799	8.45098734799	3.83463402898	8.06307681529	0.0	3.83463402898	8.45098734799	8.45098734799	8.45098734799	3.83463402898	8.45098734799	8.45098734799	4.50606929911	5.09861841544	4.50606929911	4.50606929911	8.06307681529	8.45098734799	8.45098734799	4.50606929911	4.54041982047	4.50606929911	3.83463402898
4.95508333521	6.18818597105	6.18818597105	6.18818597105	6.18818597105	6.18818597105	6.18818597105	8.45098734799	8.45098734799	6.18818597105	6.18818597105	7.0608574557	0.0	6.18818597105	0.0	6.18818597105	7.0608574557	0.0	8.45098734799	8.45098734799	8.00350960783	8.45098734799	0.0	7.0608574557	0.0	4.95508333521	4.94091313938	4.95508333521	0.0	0.0	6.18818597105	7.0608574557	8.45098734799	6.18818597105	0.0	0.0	0.0	6.18818597105	0.0	0.0	4.95508333521	8.00350960783	4.95508333521	4.95508333521	7.0608574557	0.0	0.0	4.95508333521	4.94091313938	4.95508333521	6.18818597105
4.60211952012	5.79935112671	5.79935112671	5.79935112671	5.79935112671	5.79935112671	5.79935112671	8.06307681529	8.06307681529	5.79935112671	5.79935112671	0.0	7.0608574557	5.79935112671	7.0608574557	5.79935112671	0.0	7.0608574557	8.06307681529	8.06307681529	7.61403871847	8.06307681529	7.0608574557	0.0	7.0608574557	4.60211952012	4.59442774302	4.60211952012	7.0608574557	7.0608574557	5.79935112671	0.0	8.06307681529	5.79935112671	7.0608574557	7.0608574557	7.0608574557	5.79935112671	7.0608574557	7.0608574557	4.60211952012	7.61403871847	4.60211952012	4.60211952012	0.0	7.0608574557	7.0608574557	4.60211952012	4.59442774302	4.60211952012	5.79935112671
4.95508333521	6.18818597105	6.18818597105	6.18818597105	6.18818597105	6.18818597105	6.18818597105	8.45098734799	8.45098734799	6.18818597105	6.18818597105	7.0608574557	0.0	6.18818597105	0.0	6.18818597105	7.0608574557	0.0	8.45098734799	8.45098734799	8.00350960783	8.45098734799	0.0	7.0608574557	0.0	4.95508333521	4.94091313938	4.95508333521	0.0	0.0	6.18818597105	7.0608574557	8.45098734799	6.18818597105	0.0	0.0	0.0	6.18818597105	0.0	0.0	4.95508333521	8.00350960783	4.95508333521	4.95508333521	7.0608574557	0.0	0.0	4.95508333521	4.94091313938	4.95508333521	6.18818597105
0.0	2.24636236405	2.24636236405	2.24636236405	2.24636236405	2.24636236405	2.24636236405	4.50606929911	4.50606929911	2.24636236405	2.24636236405	4.60211952012	4.95508333521	2.24636236405	4.95508333521	2.24636236405	4.60211952012	4.95508333521	4.50606929911	4.50606929911	4.06402557148	4.50606929911	4.95508333521	4.60211952012	4.95508333521	0.0	0.59425849204	0.0	4.95508333521	4.95508333521	2.24636236405	4.60211952012	4.50606929911	2.24636236405	4.95508333521	4.95508333521	4.95508333521	2.24636236405	4.95508333521	4.95508333521	0.0	4.06402557148	0.0	0.0	4.60211952012	4.95508333521	4.95508333521	0.0	0.59425849204	0.0	2.24636236405
0.59425849204	2.28044150001	2.28044150001	2.28044150001	2.28044150001	2.28044150001	2.28044150001	4.54041982047	4.54041982047	2.28044150001	2.28044150001	4.59442774302	4.94091313938	2.28044150001	4.94091313938	2.28044150001	4.59442774302	4.94091313938	4.54041982047	4.54041982047	4.09800659657	4.54041982047	4.94091313938	4.59442774302	4.94091313938	0.59425849204	0.0	0.59425849204	4.94091313938	4.94091313938	2.28044150001	4.59442774302	4.54041982047	2.28044150001	4.94091313938	4.94091313938	4.94091313938	2.28044150001	4.94091313938	4.94091313938	0.59425849204	4.09800659657	0.59425849204	0.59425849204	4.59442774302	4.94091313938	4.94091313938	0.59425849204	0.0	0.59425849204	2.28044150001
0.0	2.24636236405	2.24636236405	2.24636236405	2.24636236405	2.24636236405	2.24636236405	4.50606929911	4.50606929911	2.24636236405	2.24636236405	4.60211952012	4.95508333521	2.24636236405	4.95508333521	2.24636236405	4.60211952012	4.95508333521	4.50606929911	4.50606929911	4.06402557148	4.50606929911	4.95508333521	4.60211952012	4.95508333521	0.0	0.59425849204	0.0	4.95508333521	4.95508333521	2.24636236405	4.60211952012	4.50606929911	2.24636236405	4.95508333521	4.95508333521	4.95508333521	2.24636236405	4.95508333521	4.95508333521	0.0	4.06402557148	0.0	0.0	4.60211952012	4.95508333521	4.95508333521	0.0	0.59425849204	0.0	2.24636236405
4.95508333521	6.18818597105	6.18818597105	6.18818597105	6.18818597105	6.18818597105	6.18818597105	8.45098734799	8.45098734799	6.18818597105	6.18818597105	7.0608574557	0.0	6.18818597105	0.0	6.18818597105	7.0608574557	0.0	8.45098734799	8.45098734799	8.00350960783	8.45098734799	0.0	7.0608574557	0.0	4.95508333521	4.94091313938	4.95508333521	0.0	0.0	6.18818597105	7.0608574557	8.45098734799	6.18818597105	0.0	0.0	0.0	6.18818597105	0.0	0.0	4.95508333521	8.00350960783	4.95508333521	4.95508333521	7.0608574557	0.0	0.0	4.95508333521	4.94091313938	4.95508333521	6.18818597105
4.95508333521	6.18818597105	6.18818597105	6.18818597105	6.18818597105	6.18818597105	6.18818597105	8.45098734799	8.45098734799	6.18818597105	6.18818597105	7.0608574557	0.0	6.18818597105	0.0	6.18818597105	7.0608574557	0.0	8.45098734799	8.45098734799	8.00350960783	8.45098734799	0.0	7.0608574557	0.0	4.95508333521	4.94091313938	4.95508333521	0.0	0.0	6.18818597105	7.0608574557	8.45098734799	6.18818597105	0.0	0.0	0.0	6.18818597105	0.0	0.0	4.95508333521	8.00350960783	4.95508333521	4.95508333521	7.0608574557	0.0	0.0	4.95508333521	4.94091313938	4.95508333521	6.18818597105
2.24636236405	0.0	0.0	0.0	0.0	0.0	0.0	3.83463402898	3.83463402898	0.0	0.0	5.79935112671	6.18818597105	0.0	6.18818597105	0.0	5.79935112671	6.18818597105	3.83463402898	3.83463402898	2.93066603244	3.83463402898	6.18818597105	5.79935112671	6.18818597105	2.24636236405	2.28044150001	2.24636236405	6.18818597105	6.18818597105	0.0	5.79935112671	3.83463402898	0.0	6.18818597105	6.18818597105	6.18818597105	0.0	6.18818597105	6.18818597105	2.24636236405	2.93066603244	2.24636236405	2.24636236405	5.79935112671	6.18818597105	6.18818597105	2.24636236405	2.28044150001	2.24636236405	0.0
4.60211952012	5.79935112671	5.79935112671	5.79935112671	5.79935112671	5.79935112671	5.79935112671	8.06307681529	8.06307681529	5.79935112671	5.79935112671	0.0	7.0608574557	5.79935112671	7.0608574557	5.79935112671	0.0	7.0608574557	8.06307681529	8.06307681529	7.61403871847	8.06307681529	7.0608574557	0.0	7.0608574557	4.60211952012	4.59442774302	4.60211952012	7.0608574557	7.0608574557	5.79935112671	0.0	8.06307681529	5.79935112671	7.0608574557	7.0608574557	7.0608574557	5.79935112671	7.0608574557	7.0608574557	4.60211952012	7.61403871847	4.60211952012	4.60211952012	0.0	7.0608574557	7.0608574557	4.60211952012	4.59442774302	4.60211952012	5.79935112671
4.50606929911	3.83463402898	3.83463402898	3.83463402898	3.83463402898	3.83463402898	3.83463402898	0.0	0.0	3.83463402898	3.83463402898	8.06307681529	8.45098734799	3.83463402898	8.45098734799	3.83463402898	8.06307681529	8.45098734799	0.0	0.0	5.09861841544	0.0	8.45098734799	8.06307681529	8.45098734799	4.50606929911	4.54041982047	4.50606929911	8.45098734799	8.45098734799	3.83463402898	8.06307681529	0.0	3.83463402898	8.45098734799	8.45098734799	8.45098734799	3.83463402898	8.45098734799	8.45098734799	4.50606929911	5.09861841544	4.50606929911	4.50606929911	8.06307681529	8.45098734799	8.45098734799	4.50606929911	4.54041982047	4.50606929911	3.83463402898
2.24636236405	0.0	0.0	0.0	0.0	0.0	0.0	3.83463402898	3.83463402898	0.0	0.0	5.79935112671	6.18818597105	0.0	6.18818597105	0.0	5.79935112671	6.18818597105	3.83463402898	3.83463402898	2.93066603244	3.83463402898	6.18818597105	5.79935112671	6.18818597105	2.24636236405	2.28044150001	2.24636236405	6.18818597105	6.18818597105	0.0	5.79935112671	3.83463402898	0.0	6.18818597105	6.18818597105	6.18818597105	0.0	6.18818597105	6.18818597105	2.24636236405	2.93066603244	2.24636236405	2.24636236405	5.79935112671	6.18818597105	6.18818597105	2.24636236405	2.28044150001	2.24636236405	0.0
4.95508333521	6.18818597105	6.18818597105	6.18818597105	6.18818597105	6.18818597105	6.18818597105	8.45098734799	8.45098734799	6.18818597105	6.18818597105	7.0608574557	0.0	6.18818597105	0.0	6.18818597105	7.0608574557	0.0	8.45098734799	8.45098734799	8.00350960783	8.45098734799	0.0	7.0608574557	0.0	4.95508333521	4.94091313938	4.95508333521	0.0	0.0	6.18818597105	7.0608574557	8.45098734799	6.18818597105	0.0	0.0	0.0	6.18818597105	0.0	0.0	4.95508333521	8.00350960783	4.95508333521	4.95508333521	7.0608574557	0.0	0.0	4.95508333521	4.94091313938	4.95508333521	6.18818597105
4.95508333521	6.18818597105	6.18818597105	6.18818597105	6.18818597105	6.18818597105	6.18818597105	8.45098734799	8.45098734799	6.18818597105	6.18818597105	7.0608574557	0.0	6.18818597105	0.0	6.18818597105	7.0608574557	0.0	8.45098734799	8.45098734799	8.00350960783	8.45098734799	0.0	7.0608574557	0.0	4.95508333521	4.94091313938	4.95508333521	0.0	0.0	6.18818597105	7.0608574557	8.45098734799	6.18818597105	0.0	0.0	0.0	6.18818597105	0.0	0.0	4.95508333521	8.00350960783	4.95508333521	4.95508333521	7.0608574557	0.0	0.0	4.95508333521	4.94091313938	4.95508333521	6.18818597105
4.95508333521	6.18818597105	6.18818597105	6.18818597105	6.18818597105	6.18818597105	6.18818597105	8.45098734799	8.45098734799	6.18818597105	6.18818597105	7.0608574557	0.0	6.18818597105	0.0	6.18818597105	7.0608574557	0.0	8.45098734799	8.45098734799	8.00350960783	8.45098734799	0.0	7.0608574557	0.0	4.95508333521	4.94091313938	4.95508333521	0.0	0.0	6.18818597105	7.0608574557	8.45098734799	6.18818597105	0.0	0.0	0.0	6.18818597105	0.0	0.0	4.95508333521	8.00350960783	4.95508333521	4.95508333521	7.0608574557	0.0	0.0	4.95508333521	4.94091313938	4.95508333521	6.18818597105
2.24636236405	0.0	0.0	0.0	0.0	0.0	0.0	3.83463402898	3.83463402898	0.0	0.0	5.79935112671	6.18818597105	0.0	6.18818597105	0.0	5.79935112671	6.18818597105	3.83463402898	3.83463402898	2.93066603244	3.83463402898	6.18818597105	5.79935112671	6.18818597105	2.24636236405	2.28044150001	2.24636236405	6.18818597105	6.18818597105	0.0	5.79935112671	3.83463402898	0.0	6.18818597105	6.18818597105	6.18818597105	0.0	6.18818597105	6.18818597105	2.24636236405	2.93066603244	2.24636236405	2.24636236405	5.79935112671	6.18818597105	6.18818597105	2.24636236405	2.28044150001	2.24636236405	0.0
4.95508333521	6.18818597105	6.18818597105	6.18818597105	6.18818597105	6.18818597105	6.18818597105	8.45098734799	8.45098734799	6.18818597105	6.18818597105	7.0608574557	0.0	6.18818597105	0.0	6.18818597105	7.0608574557	0.0	8.45098734799	8.45098734799	8.00350960783	8.45098734799	0.0	7.0608574557	0.0	4.95508333521	4.94091313938	4.95508333521	0.0	0.0	6.18818597105	7.0608574557	8.45098734799	6.18818597105	0.0	0.0	0.0	6.18818597105	0.0	0.0	4.95508333521	8.00350960783	4.95508333521	4.95508333521	7.0608574557	0.0	0.0	4.95508333521	4.94091313938	4.95508333521	6.18818597105
4.95508333521	6.18818597105	6.18818597105	6.18818597105	6.18818597105	6.18818597105	6.18818597105	8.45098734799	8.45098734799	6.18818597105	6.18818597105	7.0608574557	0.0	6.18818597105	0.0	6.18818597105	7.0608574557	0.0	8.45098734799	8.45098734799	8.00350960783	8.45098734799	0.0	7.0608574557	0.0	4.95508333521	4.94091313938	4.95508333521	0.0	0.0	6.18818597105	7.0608574557	8.45098734799	6.18818597105	0.0	0.0	0.0	6.18818597105	0.0	0.0	4.95508333521	8.00350960783	4.95508333521	4.95508333521	7.0608574557	0.0	0.0	4.95508333521	4.94091313938	4.95508333521	6.18818597105
0.0	2.24636236405	2.24636236405	2.24636236405	2.24636236405	2.24636236405	2.24636236405	4.50606929911	4.50606929911	2.24636236405	2.24636236405	4.60211952012	4.95508333521	2.24636236405	4.95508333521	2.24636236405	4.60211952012	4.95508333521	4.50606929911	4.50606929911	4.06402557148	4.50606929911	4.95508333521	4.60211952012	4.95508333521	0.0	0.59425849204	0.0	4.95508333521	4.95508333521	2.24636236405	4.60211952012	4.50606929911	2.24636236405	4.95508333521	4.95508333521	4.95508333521	2.24636236405	4.95508333521	4.95508333521	0.0	4.06402557148	0.0	0.0	4.60211952012	4.95508333521	4.95508333521	0.0	0.59425849204	0.0	2.24636236405
4.06402557148	2.93066603244	2.93066603244	2.93066603244	2.93066603244	2.93066603244	2.93066603244	5.09861841544	5.09861841544	2.93066603244	2.93066603244	7.61403871847	8.00350960783	2.93066603244	8.00350960783	2.93066603244	7.61403871847	8.00350960783	5.09861841544	5.09861841544	0.0	5.09861841544	8.00350960783	7.61403871847	8.00350960783	4.06402557148	4.09800659657	4.06402557148	8.00350960783	8.00350960783	2.93066603244	7.61403871847	5.09861841544	2.93066603244	8.00350960783	8.00350960783	8.00350960783	2.93066603244	8.00350960783	8.00350960783	4.06402557148	0.0	4.06402557148	4.06402557148	7.61403871847	8.00350960783	8.00350960783	4.06402557148	4.09800659657	4.06402557148	2.93066603244
0.0	2.24636236405	2.24636236405	2.24636236405	2.24636236405	2.24636236405	2.24636236405	4.50606929911	4.50606929911	2.24636236405	2.24636236405	4.60211952012	4.95508333521	2.24636236405	4.95508333521	2.24636236405	4.60211952012	4.95508333521	4.50606929911	4.50606929911	4.06402557148	4.50606929911	4.95508333521	4.60211952012	4.95508333521	0.0	0.59425849204	0.0	4.95508333521	4.95508333521	2.24636236405	4.60211952012	4.50606929911	2.24636236405	4.95508333521	4.95508333521	4.95508333521	2.24636236405	4.95508333521	4.95508333521	0.0	4.06402557148	0.0	0.0	4.60211952012	4.95508333521	4.95508333521	0.0	0.59425849204	0.0	2.24636236405
0.0	2.24636236405	2.24636236405	2.24636236405	2.24636236405	2.24636236405	2.24636236405	4.50606929911	4.50606929911	2.24636236405	2.24636236405	4.60211952012	4.95508333521	2.24636236405	4.95508333521	2.24636236405	4.60211952012	4.95508333521	4.50606929911	4.50606929911	4.06402557148	4.50606929911	4.95508333521	4.60211952012	4.95508333521	0.0	0.59425849204	0.0	4.95508333521	4.95508333521	2.24636236405	4.60211952012	4.50606929911	2.24636236405	4.95508333521	4.95508333521	4.95508333521	2.24636236405	4.95508333521	4.95508333521	0.0	4.06402557148	0.0	0.0	4.60211952012	4.95508333521	4.95508333521	0.0	0.59425849204	0.0	2.24636236405
4.60211952012	5.79935112671	5.79935112671	5.79935112671	5.79935112671	5.79935112671	5.79935112671	8.06307681529	8.06307681529	5.79935112671	5.79935112671	0.0	7.0608574557	5.79935112671	7.0608574557	5.79935112671	0.0	7.0608574557	8.06307681529	8.06307681529	7.61403871847	8.06307681529	7.0608574557	0.0	7.0608574557	4.60211952012	4.59442774302	4.60211952012	7.0608574557	7.0608574557	5.79935112671	0.0	8.06307681529	5.79935112671	7.0608574557	7.0608574557	7.0608574557	5.79935112671	7.0608574557	7.0608574557	4.60211952012	7.61403871847	4.60211952012	4.60211952012	0.0	7.0608574557	7.0608574557	4.60211952012	4.59442774302	4.60211952012	5.79935112671
4.95508333521	6.18818597105	6.18818597105	6.18818597105	6.18818597105	6.18818597105	6.18818597105	8.45098734799	8.45098734799	6.18818597105	6.18818597105	7.0608574557	0.0	6.18818597105	0.0	6.18818597105	7.0608574557	0.0	8.45098734799	8.45098734799	8.00350960783	8.45098734799	0.0	7.0608574557	0.0	4.95508333521	4.94091313938	4.95508333521	0.0	0.0	6.18818597105	7.0608574557	8.45098734799	6.18818597105	0.0	0.0	0.0	6.18818597105	0.0	0.0	4.95508333521	8.00350960783	4.95508333521	4.95508333521	7.0608574557	0.0	0.0	4.95508333521	4.94091313938	4.95508333521	6.18818597105
4.95508333521	6.18818597105	6.18818597105	6.18818597105	6.18818597105	6.18818597105	6.18818597105	8.45098734799	8.45098734799	6.18818597105	6.18818597105	7.0608574557	0.0	6.18818597105	0.0	6.18818597105	7.0608574557	0.0	8.45098734799	8.45098734799	8.00350960783	8.45098734799	0.0	7.0608574557	0.0	4.95508333521	4.94091313938	4.95508333521	0.0	0.0	6.18818597105	7.0608574557	8.45098734799	6.18818597105	0.0	0.0	0.0	6.18818597105	0.0	0.0	4.95508333521	8.00350960783	4.95508333521	4.95508333521	7.0608574557	0.0	0.0	4.95508333521	4.94091313938	4.95508333521	6.18818597105
0.0	2.24636236405	2.24636236405	2.24636236405	2.24636236405	2.24636236405	2.24636236405	4.50606929911	4.50606929911	2.24636236405	2.24636236405	4.60211952012	4.95508333521	2.24636236405	4.95508333521	2.24636236405	4.60211952012	4.95508333521	4.50606929911	4.50606929911	4.06402557148	4.50606929911	4.95508333521	4.60211952012	4.95508333521	0.0	0.59425849204	0.0	4.95508333521	4.95508333521	2.24636236405	4.60211952012	4.50606929911	2.24636236405	4.95508333521	4.95508333521	4.95508333521	2.24636236405	4.95508333521	4.95508333521	0.0	4.06402557148	0.0	0.0	4.60211952012	4.95508333521	4.95508333521	0.0	0.59425849204	0.0	2.24636236405
0.59425849204	2.28044150001	2.28044150001	2.28044150001	2.28044150001	2.28044150001	2.28044150001	4.54041982047	4.54041982047	2.28044150001	2.28044150001	4.59442774302	4.94091313938	2.28044150001	4.94091313938	2.28044150001	4.59442774302	4.94091313938	4.54041982047	4.54041982047	4.09800659657	4.54041982047	4.94091313938	4.59442774302	4.94091313938	0.59425849204	0.0	0.59425849204	4.94091313938	4.94091313938	2.28044150001	4.59442774302	4.54041982047	2.28044150001	4.94091313938	4.94091313938	4.94091313938	2.28044150001	4.94091313938	4.94091313938	0.59425849204	4.09800659657	0.59425849204	0.59425849204	4.59442774302	4.94091313938	4.94091313938	0.59425849204	0.0	0.59425849204	2.28044150001
0.0	2.24636236405	2.24636236405	2.24636236405	2.24636236405	2.24636236405	2.24636236405	4.50606929911	4.50606929911	2.24636236405	2.24636236405	4.60211952012	4.95508333521	2.24636236405	4.95508333521	2.24636236405	4.60211952012	4.95508333521	4.50606929911	4.50606929911	4.06402557148	4.50606929911	4.95508333521	4.60211952012	4.95508333521	0.0	0.59425849204	0.0	4.95508333521	4.95508333521	2.24636236405	4.60211952012	4.50606929911	2.24636236405	4.95508333521	4.95508333521	4.95508333521	2.24636236405	4.95508333521	4.95508333521	0.0	4.06402557148	0.0	0.0	4.60211952012	4.95508333521	4.95508333521	0.0	0.59425849204	0.0	2.24636236405
2.24636236405	0.0	0.0	0.0	0.0	0.0	0.0	3.83463402898	3.83463402898	0.0	0.0	5.79935112671	6.18818597105	0.0	6.18818597105	0.0	5.79935112671	6.18818597105	3.83463402898	3.83463402898	2.93066603244	3.83463402898	6.18818597105	5.79935112671	6.18818597105	2.24636236405	2.28044150001	2.24636236405	6.18818597105	6.18818597105	0.0	5.79935112671	3.83463402898	0.0	6.18818597105	6.18818597105	6.18818597105	0.0	6.18818597105	6.18818597105	2.24636236405	2.93066603244	2.24636236405	2.24636236405	5.79935112671	6.18818597105	6.18818597105	2.24636236405	2.28044150001	2.24636236405	0.0