0.0	3.18731792588	3.18731792588	3.18731792588	3.18731792588	3.18731792588	3.18731792588	7.4975861543	7.4975861543	3.18731792588	3.18731792588	7.07523732031	6.69368419492	3.18731792588	6.69368419492	3.18731792588	7.07523732031	6.69368419492	7.4975861543	7.4975861543	5.0001227646	7.4975861543	6.69368419492	7.07523732031	6.69368419492	0.0	0.620242735062	0.0	6.69368419492	6.69368419492	3.18731792588	7.07523732031	7.4975861543	3.18731792588	6.69368419492	6.69368419492	6.69368419492	3.18731792588	6.69368419492	6.69368419492	0.0	5.0001227646	0.0	0.0	7.07523732031	6.69368419492	6.69368419492	0.0	0.620242735062	0.0	3.18731792588
3.18731792588	0.0	0.0	0.0	0.0	0.0	0.0	6.14947756426	6.14947756426	0.0	0.0	8.73782019586	8.43961958769	0.0	8.43961958769	0.0	8.73782019586	8.43961958769	6.14947756426	6.14947756426	3.06326784088	6.14947756426	8.43961958769	8.73782019586	8.43961958769	3.18731792588	3.27237349174	3.18731792588	8.43961958769	8.43961958769	0.0	8.73782019586	6.14947756426	0.0	8.43961958769	8.43961958769	8.43961958769	0.0	8.43961958769	8.43961958769	3.18731792588	3.06326784088	3.18731792588	3.18731792588	8.73782019586	8.43961958769	8.43961958769	3.18731792588	3.27237349174	3.18731792588	0.0
3.18731792588	0.0	0.0	0.0	0.0	0.0	0.0	6.14947756426	6.14947756426	0.0	0.0	8.73782019586	8.43961958769	0.0	8.43961958769	0.0	8.73782019586	8.43961958769	6.14947756426	6.14947756426	3.06326784088	6.14947756426	8.43961958769	8.73782019586	8.43961958769	3.18731792588	3.27237349174	3.18731792588	8.43961958769	8.43961958769	0.0	8.73782019586	6.14947756426	0.0	8.43961958769	8.43961958769	8.43961958769	0.0	8.43961958769	8.43961958769	3.18731792588	3.06326784088	3.18731792588	3.18731792588	8.73782019586	8.43961958769	8.43961958769	3.18731792588	3.27237349174	3.18731792588	0.0
3.18731792588	0.0	0.0	0.0	0.0	0.0	0.0	6.14947756426	6.14947756426	0.0	0.0	8.73782019586	8.43961958769	0.0	8.43961958769	0.0	8.73782019586	8.43961958769	6.14947756426	6.14947756426	3.06326784088	6.14947756426	8.43961958769	8.73782019586	8.43961958769	3.18731792588	3.27237349174	3.18731792588	8.43961958769	8.43961958769	0.0	8.73782019586	6.14947756426	0.0	8.43961958769	8.43961958769	8.43961958769	0.0	8.43961958769	8.43961958769	3.18731792588	3.06326784088	3.18731792588	3.18731792588	8.73782019586	8.43961958769	8.43961958769	3.18731792588	3.27237349174	3.18731792588	0.0
3.18731792588	0.0	0.0	0.0	0.0	0.0	0.0	6.14947756426	6.14947756426	0.0	0.0	8.73782019586	8.43961958769	0.0	8.43961958769	0.0	8.73782019586	8.43961958769	6.14947756426	6.14947756426	3.06326784088	6.14947756426	8.43961958769	8.73782019586	8.43961958769	3.18731792588	3.27237349174	3.18731792588	8.43961958769	8.43961958769	0.0	8.73782019586	6.14947756426	0.0	8.43961958769	8.43961958769	8.43961958769	0.0	8.43961958769	8.43961958769	3.18731792588	3.06326784088	3.18731792588	3.18731792588	8.73782019586	8.43961958769	8.43961958769	3.18731792588	3.27237349174	3.18731792588	0.0
3.18731792588	0.0	0.0	0.0	0.0	0.0	0.0	6.14947756426	6.14947756426	0.0	0.0	8.73782019586	8.43961958769	0.0	8.43961958769	0.0	8.73782019586	8.43961958769	6.14947756426	6.14947756426	3.06326784088	6.14947756426	8.43961958769	8.73782019586	8.43961958769	3.18731792588	3.27237349174	3.18731792588	8.43961958769	8.43961958769	0.0	8.73782019586	6.14947756426	0.0	8.43961958769	8.43961958769	8.43961958769	0.0	8.43961958769	8.43961958769	3.18731792588	3.06326784088	3.18731792588	3.18731792588	8.73782019586	8.43961958769	8.43961958769	3.18731792588	3.27237349174	3.18731792588	0.0
3.18731792588	0.0	0.0	0.0	0.0	0.0	0.0	6.14947756426	6.14947756426	0.0	0.0	8.73782019586	8.43961958769	0.0	8.43961958769	0.0	8.73782019586	8.43961958769	6.14947756426	6.14947756426	3.06326784088	6.14947756426	8.43961958769	8.73782019586	8.43961958769	3.18731792588	3.27237349174	3.18731792588	8.43961958769	8.43961958769	0.0	8.73782019586	6.14947756426	0.0	8.43961958769	8.43961958769	8.43961958769	0.0	8.43961958769	8.43961958769	3.18731792588	3.06326784088	3.18731792588	3.18731792588	8.73782019586	8.43961958769	8.43961958769	3.18731792588	3.27237349174	3.18731792588	0.0
7.4975861543	6.14947756426	6.14947756426	6.14947756426	6.14947756426	6.14947756426	6.14947756426	0.0	0.0	6.14947756426	6.14947756426	13.0578109659	12.7569155042	6.14947756426	12.7569155042	6.14947756426	13.0578109659	12.7569155042	0.0	0.0	7.23714646151	0.0	12.7569155042	13.0578109659	12.7569155042	7.4975861543	7.58292323096	7.4975861543	12.7569155042	12.7569155042	6.14947756426	13.0578109659	0.0	6.14947756426	12.7569155042	12.7569155042	12.7569155042	6.14947756426	12.7569155042	12.7569155042	7.4975861543	7.23714646151	7.4975861543	7.4975861543	13.0578109659	12.7569155042	12.7569155042	7.4975861543	7.58292323096	7.4975861543	6.14947756426
7.4975861543	6.14947756426	6.14947756426	6.14947756426	6.14947756426	6.14947756426	6.14947756426	0.0	0.0	6.14947756426	6.14947756426	13.0578109659	12.7569155042	6.14947756426	12.7569155042	6.14947756426	13.0578109659	12.7569155042	0.0	0.0	7.23714646151	0.0	12.7569155042	13.0578109659	12.7569155042	7.4975861543	7.58292323096	7.4975861543	12.7569155042	12.7569155042	6.14947756426	13.0578109659	0.0	6.14947756426	12.7569155042	12.7569155042	12.7569155042	6.14947756426	12.7569155042	12.7569155042	7.4975861543	7.23714646151	7.4975861543	7.4975861543	13.0578109659	12.7569155042	12.7569155042	7.4975861543	7.58292323096	7.4975861543	6.14947756426
3.18731792588	0.0	0.0	0.0	0.0	0.0	0.0	6.14947756426	6.14947756426	0.0	0.0	8.73782019586	8.43961958769	0.0	8.43961958769	0.0	8.73782019586	8.43961958769	6.14947756426	6.14947756426	3.06326784088	6.14947756426	8.43961958769	8.73782019586	8.43961958769	3.18731792588	3.27237349174	3.18731792588	8.43961958769	8.43961958769	0.0	8.73782019586	6.14947756426	0.0	8.43961958769	8.43961958769	8.43961958769	0.0	8.43961958769	8.43961958769	3.18731792588	3.06326784088	3.18731792588	3.18731792588	8.73782019586	8.43961958769	8.43961958769	3.18731792588	3.27237349174	3.18731792588	0.0
3.18731792588	0.0	0.0	0.0	0.0	0.0	0.0	6.14947756426	6.14947756426	0.0	0.0	8.73782019586	8.43961958769	0.0	8.43961958769	0.0	8.73782019586	8.43961958769	6.14947756426	6.14947756426	3.06326784088	6.14947756426	8.43961958769	8.73782019586	8.43961958769	3.18731792588	3.27237349174	3.18731792588	8.43961958769	8.43961958769	0.0	8.73782019586	6.14947756426	0.0	8.43961958769	8.43961958769	8.43961958769	0.0	8.43961958769	8.43961958769	3.18731792588	3.06326784088	3.18731792588	3.18731792588	8.73782019586	8.43961958769	8.43961958769	3.18731792588	3.27237349174	3.18731792588	0.0
7.07523732031	8.73782019586	8.73782019586	8.73782019586	8.73782019586	8.73782019586	8.73782019586	13.0578109659	13.0578109659	8.73782019586	8.73782019586	0.0	9.96008756523	8.73782019586	9.96008756523	8.73782019586	0.0	9.96008756523	13.0578109659	13.0578109659	10.5419178107	13.0578109659	9.96008756523	0.0	9.96008756523	7.07523732031	7.12782221443	7.07523732031	9.96008756523	9.96008756523	8.73782019586	0.0	13.0578109659	8.73782019586	9.96008756523	9.96008756523	9.96008756523	8.73782019586	9.96008756523	9.96008756523	7.07523732031	10.5419178107	7.07523732031	7.07523732031	0.0	9.96008756523	9.96008756523	7.07523732031	7.12782221443	7.07523732031	8.73782019586
6.69368419492	8.43961958769	8.43961958769	8.43961958769	8.43961958769	8.43961958769	8.43961958769	12.7569155042	12.7569155042	8.43961958769	8.43961958769	9.96008756523	0.0	8.43961958769	0.0	8.43961958769	9.96008756523	0.0	12.7569155042	12.7569155042	10.2460380742	12.7569155042	0.0	9.96008756523	0.0	6.69368419492	6.73960159213	6.69368419492	0.0	0.0	8.43961958769	9.96008756523	12.7569155042	8.43961958769	0.0	0.0	0.0	8.43961958769	0.0	0.0	6.69368419492	10.2460380742	6.69368419492	6.69368419492	9.96008756523	0.0	0.0	6.69368419492	6.73960159213	6.69368419492	8.43961958769
3.18731792588	0.0	0.0	0.0	0.0	0.0	0.0	6.14947756426	6.14947756426	0.0	0.0	8.73782019586	8.43961958769	0.0	8.43961958769	0.0	8.73782019586	8.43961958769	6.14947756426	6.14947756426	3.06326784088	6.14947756426	8.43961958769	8.73782019586	8.43961958769	3.18731792588	3.27237349174	3.18731792588	8.43961958769	8.43961958769	0.0	8.73782019586	6.14947756426	0.0	8.43961958769	8.43961958769	8.43961958769	0.0	8.43961958769	8.43961958769	3.18731792588	3.06326784088	3.18731792588	3.18731792588	8.73782019586	8.43961958769	8.43961958769	3.18731792588	3.27237349174	3.18731792588	0.0
6.69368419492	8.43961958769	8.43961958769	8.43961958769	8.43961958769	8.43961958769	8.43961958769	12.7569155042	12.7569155042	8.43961958769	8.43961958769	9.96008756523	0.0	8.43961958769	0.0	8.43961958769	9.96008756523	0.0	12.7569155042	12.7569155042	10.2460380742	12.7569155042	0.0	9.96008756523	0.0	6.69368419492	6.73960159213	6.69368419492	0.0	0.0	8.43961958769	9.96008756523	12.7569155042	8.43961958769	0.0	0.0	0.0	8.43961958769	0.0	0.0	6.69368419492	10.2460380742	6.69368419492	6.69368419492	9.96008756523	0.0	0.0	6.69368419492	6.73960159213	6.69368419492	8.43961958769
3.18731792588	0.0	0.0	0.0	0.0	0.0	0.0	6.14947756426	6.14947756426	0.0	0.0	8.73782019586	8.43961958769	0.0	8.43961958769	0.0	8.73782019586	8.43961958769	6.14947756426	6.14947756426	3.06326784088	6.14947756426	8.43961958769	8.73782019586	8.43961958769	3.18731792588	3.27237349174	3.18731792588	8.43961958769	8.43961958769	0.0	8.73782019586	6.14947756426	0.0	8.43961958769	8.43961958769	8.43961958769	0.0	8.43961958769	8.43961958769	3.18731792588	3.06326784088	3.18731792588	3.18731792588	8.73782019586	8.43961958769	8.43961958769	3.18731792588	3.27237349174	3.18731792588	0.0
7.07523732031	8.73782019586	8.73782019586	8.73782019586	8.73782019586	8.73782019586	8.73782019586	13.0578109659	13.0578109659	8.73782019586	8.73782019586	0.0	9.96008756523	8.73782019586	9.96008756523	8.73782019586	0.0	9.96008756523	13.0578109659	13.0578109659	10.5419178107	13.0578109659	9.96008756523	0.0	9.96008756523	7.07523732031	7.12782221443	7.07523732031	9.96008756523	9.96008756523	8.73782019586	0.0	13.0578109659	8.73782019586	9.96008756523	9.96008756523	9.96008756523	8.73782019586	9.96008756523	9.96008756523	7.07523732031	10.5419178107	7.07523732031	7.07523732031	0.0	9.96008756523	9.96008756523	7.07523732031	7.12782221443	7.07523732031	8.73782019586
6.69368419492	8.43961958769	8.43961958769	8.43961958769	8.43961958769	8.43961958769	8.43961958769	12.7569155042	12.7569155042	8.43961958769	8.43961958769	9.96008756523	0.0	8.43961958769	0.0	8.43961958769	9.96008756523	0.0	12.7569155042	12.7569155042	10.2460380742	12.7569155042	0.0	9.96008756523	0.0	6.69368419492	6.73960159213	6.69368419492	0.0	0.0	8.43961958769	9.96008756523	12.7569155042	8.43961958769	0.0	0.0	0.0	8.43961958769	0.0	0.0	6.69368419492	10.2460380742	6.69368419492	6.69368419492	9.96008756523	0.0	0.0	6.69368419492	6.73960159213	6.69368419492	8.43961958769
7.4975861543	6.14947756426	6.14947756426	6.14947756426	6.14947756426	6.14947756426	6.14947756426	0.0	0.0	6.14947756426	6.14947756426	13.0578109659	12.7569155042	6.14947756426	12.7569155042	6.14947756426	13.0578109659	12.7569155042	0.0	0.0	7.23714646151	0.0	12.7569155042	13.0578109659	12.7569155042	7.4975861543	7.58292323096	7.4975861543	12.7569155042	12.7569155042	6.14947756426	13.0578109659	0.0	6.14947756426	12.7569155042	12.7569155042	12.7569155042	6.14947756426	12.7569155042	12.7569155042	7.4975861543	7.23714646151	7.4975861543	7.4975861543	13.0578109659	12.7569155042	12.7569155042	7.4975861543	7.58292323096	7.4975861543	6.14947756426
7.4975861543	6.14947756426	6.14947756426	6.14947756426	6.14947756426	6.14947756426	6.14947756426	0.0	0.0	6.14947756426	6.14947756426	13.0578109659	12.7569155042	6.14947756426	12.7569155042	6.14947756426	13.0578109659	12.7569155042	0.0	0.0	7.23714646151	0.0	12.7569155042	13.0578109659	12.7569155042	7.4975861543	7.58292323096	7.4975861543	12.7569155042	12.7569155042	6.14947756426	13.0578109659	0.0	6.14947756426	12.7569155042	12.7569155042	12.7569155042	6.14947756426	12.7569155042	12.7569155042	7.4975861543	7.23714646151	7.4975861543	7.4975861543	13.0578109659	12.7569155042	12.7569155042	7.4975861543	7.58292323096	7.4975861543	6.14947756426
5.0001227646	3.06326784088	3.06326784088	3.06326784088	3.06326784088	3.06326784088	3.06326784088	7.23714646151	7.23714646151	3.06326784088	3.06326784088	10.5419178107	10.2460380742	3.06326784088	10.2460380742	3.06326784088	10.5419178107	10.2460380742	7.23714646151	7.23714646151	0.0	7.23714646151	10.2460380742	10.5419178107	10.2460380742	5.0001227646	5.08500589495	5.0001227646	10.2460380742	10.2460380742	3.06326784088	10.5419178107	7.23714646151	3.06326784088	10.2460380742	10.2460380742	10.2460380742	3.06326784088	10.2460380742	10.2460380742	5.0001227646	0.0	5.0001227646	5.0001227646	10.5419178107	10.2460380742	10.2460380742	5.0001227646	5.08500589495	5.0001227646	3.06326784088
7.4975861543	6.14947756426	6.14947756426	6.14947756426	6.14947756426	6.14947756426	6.14947756426	0.0	0.0	6.14947756426	6.14947756426	13.0578109659	12.7569155042	6.14947756426	12.7569155042	6.14947756426	13.0578109659	12.7569155042	0.0	0.0	7.23714646151	0.0	12.7569155042	13.0578109659	12.7569155042	7.4975861543	7.58292323096	7.4975861543	12.7569155042	12.7569155042	6.14947756426	13.0578109659	0.0	6.14947756426	12.7569155042	12.7569155042	12.7569155042	6.14947756426	12.7569155042	12.7569155042	7.4975861543	7.23714646151	7.4975861543	7.4975861543	13.0578109659	12.7569155042	12.7569155042	7.4975861543	7.58292323096	7.4975861543	6.14947756426
6.69368419492	8.43961958769	8.43961958769	8.43961958769	8.43961958769	8.43961958769	8.43961958769	12.7569155042	12.7569155042	8.43961958769	8.43961958769	9.96008756523	0.0	8.43961958769	0.0	8.43961958769	9.96008756523	0.0	12.7569155042	12.7569155042	10.2460380742	12.7569155042	0.0	9.96008756523	0.0	6.69368419492	6.73960159213	6.69368419492	0.0	0.0	8.43961958769	9.96008756523	12.7569155042	8.43961958769	0.0	0.0	0.0	8.43961958769	0.0	0.0	6.69368419492	10.2460380742	6.69368419492	6.69368419492	9.96008756523	0.0	0.0	6.69368419492	6.73960159213	6.69368419492	8.43961958769
7.07523732031	8.73782019586	8.73782019586	8.73782019586	8.73782019586	8.73782019586	8.73782019586	13.0578109659	13.0578109659	8.73782019586	8.73782019586	0.0	9.96008756523	8.73782019586	9.96008756523	8.73782019586	0.0	9.96008756523	13.0578109659	13.0578109659	10.5419178107	13.0578109659	9.96008756523	0.0	9.96008756523	7.07523732031	7.12782221443	7.07523732031	9.96008756523	9.96008756523	8.73782019586	0.0	13.0578109659	8.73782019586	9.96008756523	9.96008756523	9.96008756523	8.73782019586	9.96008756523	9.96008756523	7.07523732031	10.5419178107	7.07523732031	7.07523732031	0.0	9.96008756523	9.96008756523	7.07523732031	7.12782221443	7.07523732031	8.73782019586
6.69368419492	8.43961958769	8.43961958769	8.43961958769	8.43961958769	8.43961958769	8.43961958769	12.7569155042	12.7569155042	8.43961958769	8.43961958769	9.96008756523	0.0	8.43961958769	0.0	8.43961958769	9.96008756523	0.0	12.7569155042	12.7569155042	10.2460380742	12.7569155042	0.0	9.96008756523	0.0	6.69368419492	6.73960159213	6.69368419492	0.0	0.0	8.43961958769	9.96008756523	12.7569155042	8.43961958769	0.0	0.0	0.0	8.43961958769	0.0	0.0	6.69368419492	10.2460380742	6.69368419492	6.69368419492	9.96008756523	0.0	0.0	6.69368419492	6.73960159213	6.69368419492	8.43961958769
0.0	3.18731792588	3.18731792588	3.18731792588	3.18731792588	3.18731792588	3.18731792588	7.4975861543	7.4975861543	3.18731792588	3.18731792588	7.07523732031	6.69368419492	3.18731792588	6.69368419492	3.18731792588	7.07523732031	6.69368419492	7.4975861543	7.4975861543	5.0001227646	7.4975861543	6.69368419492	7.07523732031	6.69368419492	0.0	0.620242735062	0.0	6.69368419492	6.69368419492	3.18731792588	7.07523732031	7.4975861543	3.18731792588	6.69368419492	6.69368419492	6.69368419492	3.18731792588	6.69368419492	6.69368419492	0.0	5.0001227646	0.0	0.0	7.07523732031	6.69368419492	6.69368419492	0.0	0.620242735062	0.0	3.18731792588
0.620242735062	3.27237349174	3.27237349174	3.27237349174	3.27237349174	3.27237349174	3.27237349174	7.58292323096	7.58292323096	3.27237349174	3.27237349174	7.12782221443	6.73960159213	3.27237349174	6.73960159213	3.27237349174	7.12782221443	6.73960159213	7.58292323096	7.58292323096	5.08500589495	7.58292323096	6.73960159213	7.12782221443	6.73960159213	0.620242735062	0.0	0.620242735062	6.73960159213	6.73960159213	3.27237349174	7.12782221443	7.58292323096	3.27237349174	6.73960159213	6.73960159213	6.73960159213	3.27237349174	6.73960159213	6.73960159213	0.620242735062	5.08500589495	0.620242735062	0.620242735062	7.12782221443	6.73960159213	6.73960159213	0.620242735062	0.0	0.620242735062	3.27237349174
0.0	3.18731792588	3.18731792588	3.18731792588	3.18731792588	3.18731792588	3.18731792588	7.4975861543	7.4975861543	3.18731792588	3.18731792588	7.07523732031	6.69368419492	3.18731792588	6.69368419492	3.18731792588	7.07523732031	6.69368419492	7.4975861543	7.4975861543	5.0001227646	7.4975861543	6.69368419492	7.07523732031	6.69368419492	0.0	0.620242735062	0.0	6.69368419492	6.69368419492	3.18731792588	7.07523732031	7.4975861543	3.18731792588	6.69368419492	6.69368419492	6.69368419492	3.18731792588	6.69368419492	6.69368419492	0.0	5.0001227646	0.0	0.0	7.07523732031	6.69368419492	6.69368419492	0.0	0.620242735062	0.0	3.18731792588
6.69368419492	8.43961958769	8.43961958769	8.43961958769	8.43961958769	8.43961958769	8.43961958769	12.7569155042	12.7569155042	8.43961958769	8.43961958769	9.96008756523	0.0	8.43961958769	0.0	8.43961958769	9.96008756523	0.0	12.7569155042	12.7569155042	10.2460380742	12.7569155042	0.0	9.96008756523	0.0	6.69368419492	6.73960159213	6.69368419492	0.0	0.0	8.43961958769	9.96008756523	12.7569155042	8.43961958769	0.0	0.0	0.0	8.43961958769	0.0	0.0	6.69368419492	10.2460380742	6.69368419492	6.69368419492	9.96008756523	0.0	0.0	6.69368419492	6.73960159213	6.69368419492	8.43961958769
6.69368419492	8.43961958769	8.43961958769	8.43961958769	8.43961958769	8.43961958769	8.43961958769	12.7569155042	12.7569155042	8.43961958769	8.43961958769	9.96008756523	0.0	8.43961958769	0.0	8.43961958769	9.96008756523	0.0	12.7569155042	12.7569155042	10.2460380742	12.7569155042	0.0	9.96008756523	0.0	6.69368419492	6.73960159213	6.69368419492	0.0	0.0	8.43961958769	9.96008756523	12.7569155042	8.43961958769	0.0	0.0	0.0	8.43961958769	0.0	0.0	6.69368419492	10.2460380742	6.69368419492	6.69368419492	9.96008756523	0.0	0.0	6.69368419492	6.73960159213	6.69368419492	8.43961958769
3.18731792588	0.0	0.0	0.0	0.0	0.0	0.0	6.14947756426	6.14947756426	0.0	0.0	8.73782019586	8.43961958769	0.0	8.43961958769	0.0	8.73782019586	8.43961958769	6.14947756426	6.14947756426	3.06326784088	6.14947756426	8.43961958769	8.73782019586	8.43961958769	3.18731792588	3.27237349174	3.18731792588	8.43961958769	8.43961958769	0.0	8.73782019586	6.14947756426	0.0	8.43961958769	8.43961958769	8.43961958769	0.0	8.43961958769	8.43961958769	3.18731792588	3.06326784088	3.18731792588	3.18731792588	8.73782019586	8.43961958769	8.43961958769	3.18731792588	3.27237349174	3.18731792588	0.0
7.07523732031	8.73782019586	8.73782019586	8.73782019586	8.73782019586	8.73782019586	8.73782019586	13.0578109659	13.0578109659	8.73782019586	8.73782019586	0.0	9.96008756523	8.73782019586	9.96008756523	8.73782019586	0.0	9.96008756523	13.0578109659	13.0578109659	10.5419178107	13.0578109659	9.96008756523	0.0	9.96008756523	7.07523732031	7.12782221443	7.07523732031	9.96008756523	9.96008756523	8.73782019586	0.0	13.0578109659	8.73782019586	9.96008756523	9.96008756523	9.96008756523	8.73782019586	9.96008756523	9.96008756523	7.07523732031	10.5419178107	7.07523732031	7.07523732031	0.0	9.96008756523	9.96008756523	7.07523732031	7.12782221443	7.07523732031	8.73782019586
7.4975861543	6.14947756426	6.14947756426	6.14947756426	6.14947756426	6.14947756426	6.14947756426	0.0	0.0	6.14947756426	6.14947756426	13.0578109659	12.7569155042	6.14947756426	12.7569155042	6.14947756426	13.0578109659	12.7569155042	0.0	0.0	7.23714646151	0.0	12.7569155042	13.0578109659	12.7569155042	7.4975861543	7.58292323096	7.4975861543	12.7569155042	12.7569155042	6.14947756426	13.0578109659	0.0	6.14947756426	12.7569155042	12.7569155042	12.7569155042	6.14947756426	12.7569155042	12.7569155042	7.4975861543	7.23714646151	7.4975861543	7.4975861543	13.0578109659	12.7569155042	12.7569155042	7.4975861543	7.58292323096	7.4975861543	6.14947756426
3.18731792588	0.0	0.0	0.0	0.0	0.0	0.0	6.14947756426	6.14947756426	0.0	0.0	8.73782019586	8.43961958769	0.0	8.43961958769	0.0	8.73782019586	8.43961958769	6.14947756426	6.14947756426	3.06326784088	6.14947756426	8.43961958769	8.73782019586	8.43961958769	3.18731792588	3.27237349174	3.18731792588	8.43961958769	8.43961958769	0.0	8.73782019586	6.14947756426	0.0	8.43961958769	8.43961958769	8.43961958769	0.0	8.43961958769	8.43961958769	3.18731792588	3.06326784088	3.18731792588	3.18731792588	8.73782019586	8.43961958769	8.43961958769	3.18731792588	3.27237349174	3.18731792588	0.0
6.69368419492	8.43961958769	8.43961958769	8.43961958769	8.43961958769	8.43961958769	8.43961958769	12.7569155042	12.7569155042	8.43961958769	8.43961958769	9.96008756523	0.0	8.43961958769	0.0	8.43961958769	9.96008756523	0.0	12.7569155042	12.7569155042	10.2460380742	12.7569155042	0.0	9.96008756523	0.0	6.69368419492	6.73960159213	6.69368419492	0.0	0.0	8.43961958769	9.96008756523	12.7569155042	8.43961958769	0.0	0.0	0.0	8.43961958769	0.0	0.0	6.69368419492	10.2460380742	6.69368419492	6.69368419492	9.96008756523	0.0	0.0	6.69368419492	6.73960159213	6.69368419492	8.43961958769
6.69368419492	8.43961958769	8.43961958769	8.43961958769	8.43961958769	8.43961958769	8.43961958769	12.7569155042	12.7569155042	8.43961958769	8.43961958769	9.96008756523	0.0	8.43961958769	0.0	8.43961958769	9.96008756523	0.0	12.7569155042	12.7569155042	10.2460380742	12.7569155042	0.0	9.96008756523	0.0	6.69368419492	6.73960159213	6.69368419492	0.0	0.0	8.43961958769	9.96008756523	12.7569155042	8.43961958769	0.0	0.0	0.0	8.43961958769	0.0	0.0	6.69368419492	10.2460380742	6.69368419492	6.69368419492	9.96008756523	0.0	0.0	6.69368419492	6.73960159213	6.69368419492	8.43961958769
6.69368419492	8.43961958769	8.43961958769	8.43961958769	8.43961958769	8.43961958769	8.43961958769	12.7569155042	12.7569155042	8.43961958769	8.43961958769	9.96008756523	0.0	8.43961958769	0.0	8.43961958769	9.96008756523	0.0	12.7569155042	12.7569155042	10.2460380742	12.7569155042	0.0	9.96008756523	0.0	6.69368419492	6.73960159213	6.69368419492	0.0	0.0	8.43961958769	9.96008756523	12.7569155042	8.43961958769	0.0	0.0	0.0	8.43961958769	0.0	0.0	6.69368419492	10.2460380742	6.69368419492	6.69368419492	9.96008756523	0.0	0.0	6.69368419492	6.73960159213	6.69368419492	8.43961958769
3.18731792588	0.0	0.0	0.0	0.0	0.0	0.0	6.14947756426	6.14947756426	0.0	0.0	8.73782019586	8.43961958769	0.0	8.43961958769	0.0	8.73782019586	8.43961958769	6.14947756426	6.14947756426	3.06326784088	6.14947756426	8.43961958769	8.73782019586	8.43961958769	3.18731792588	3.27237349174	3.18731792588	8.43961958769	8.43961958769	0.0	8.73782019586	6.14947756426	0.0	8.43961958769	8.43961958769	8.43961958769	0.0	8.43961958769	8.43961958769	3.18731792588	3.06326784088	3.18731792588	3.18731792588	8.73782019586	8.43961958769	8.43961958769	3.18731792588	3.27237349174	3.18731792588	0.0
6.69368419492	8.43961958769	8.43961958769	8.43961958769	8.43961958769	8.43961958769	8.43961958769	12.7569155042	12.7569155042	8.43961958769	8.43961958769	9.96008756523	0.0	8.43961958769	0.0	8.43961958769	9.96008756523	0.0	12.7569155042	12.7569155042	10.2460380742	12.7569155042	0.0	9.96008756523	0.0	6.69368419492	6.73960159213	6.69368419492	0.0	0.0	8.43961958769	9.96008756523	12.7569155042	8.43961958769	0.0	0.0	0.0	8.43961958769	0.0	0.0	6.69368419492	10.2460380742	6.69368419492	6.69368419492	9.96008756523	0.0	0.0	6.69368419492	6.73960159213	6.69368419492	8.43961958769
6.69368419492	8.43961958769	8.43961958769	8.43961958769	8.43961958769	8.43961958769	8.43961958769	12.7569155042	12.7569155042	8.43961958769	8.43961958769	9.96008756523	0.0	8.43961958769	0.0	8.43961958769	9.96008756523	0.0	12.7569155042	12.7569155042	10.2460380742	12.7569155042	0.0	9.96008756523	0.0	6.69368419492	6.73960159213	6.69368419492	0.0	0.0	8.43961958769	9.96008756523	12.7569155042	8.43961958769	0.0	0.0	0.0	8.43961958769	0.0	0.0	6.69368419492	10.2460380742	6.69368419492	6.69368419492	9.96008756523	0.0	0.0	6.69368419492	6.73960159213	6.69368419492	8.43961958769
0.0	3.18731792588	3.18731792588	3.18731792588	3.18731792588	3.18731792588	3.18731792588	7.4975861543	7.4975861543	3.18731792588	3.18731792588	7.07523732031	6.69368419492	3.18731792588	6.69368419492	3.18731792588	7.07523732031	6.69368419492	7.4975861543	7.4975861543	5.0001227646	7.4975861543	6.69368419492	7.07523732031	6.69368419492	0.0	0.620242735062	0.0	6.69368419492	6.69368419492	3.18731792588	7.07523732031	7.4975861543	3.18731792588	6.69368419492	6.69368419492	6.69368419492	3.18731792588	6.69368419492	6.69368419492	0.0	5.0001227646	0.0	0.0	7.07523732031	6.69368419492	6.69368419492	0.0	0.620242735062	0.0	3.18731792588
5.0001227646	3.06326784088	3.06326784088	3.06326784088	3.06326784088	3.06326784088	3.06326784088	7.23714646151	7.23714646151	3.06326784088	3.06326784088	10.5419178107	10.2460380742	3.06326784088	10.2460380742	3.06326784088	10.5419178107	10.2460380742	7.23714646151	7.23714646151	0.0	7.23714646151	10.2460380742	10.5419178107	10.2460380742	5.0001227646	5.08500589495	5.0001227646	10.2460380742	10.2460380742	3.06326784088	10.5419178107	7.23714646151	3.06326784088	10.2460380742	10.2460380742	10.2460380742	3.06326784088	10.2460380742	10.2460380742	5.0001227646	0.0	5.0001227646	5.0001227646	10.5419178107	10.2460380742	10.2460380742	5.0001227646	5.08500589495	5.0001227646	3.06326784088
0.0	3.18731792588	3.18731792588	3.18731792588	3.18731792588	3.18731792588	3.18731792588	7.4975861543	7.4975861543	3.18731792588	3.18731792588	7.07523732031	6.69368419492	3.18731792588	6.69368419492	3.18731792588	7.07523732031	6.69368419492	7.4975861543	7.4975861543	5.0001227646	7.4975861543	6.69368419492	7.07523732031	6.69368419492	0.0	0.620242735062	0.0	6.69368419492	6.69368419492	3.18731792588	7.07523732031	7.4975861543	3.18731792588	6.69368419492	6.69368419492	6.69368419492	3.18731792588	6.69368419492	6.69368419492	0.0	5.0001227646	0.0	0.0	7.07523732031	6.69368419492	6.69368419492	0.0	0.620242735062	0.0	3.18731792588
0.0	3.18731792588	3.18731792588	3.18731792588	3.18731792588	3.18731792588	3.18731792588	7.4975861543	7.4975861543	3.18731792588	3.18731792588	7.07523732031	6.69368419492	3.18731792588	6.69368419492	3.18731792588	7.07523732031	6.69368419492	7.4975861543	7.4975861543	5.0001227646	7.4975861543	6.69368419492	7.07523732031	6.69368419492	0.0	0.620242735062	0.0	6.69368419492	6.69368419492	3.18731792588	7.07523732031	7.4975861543	3.18731792588	6.69368419492	6.69368419492	6.69368419492	3.18731792588	6.69368419492	6.69368419492	0.0	5.0001227646	0.0	0.0	7.07523732031	6.69368419492	6.69368419492	0.0	0.620242735062	0.0	3.18731792588
7.07523732031	8.73782019586	8.73782019586	8.73782019586	8.73782019586	8.73782019586	8.73782019586	13.0578109659	13.0578109659	8.73782019586	8.73782019586	0.0	9.96008756523	8.73782019586	9.96008756523	8.73782019586	0.0	9.96008756523	13.0578109659	13.0578109659	10.5419178107	13.0578109659	9.96008756523	0.0	9.96008756523	7.07523732031	7.12782221443	7.07523732031	9.96008756523	9.96008756523	8.73782019586	0.0	13.0578109659	8.73782019586	9.96008756523	9.96008756523	9.96008756523	8.73782019586	9.96008756523	9.96008756523	7.07523732031	10.5419178107	7.07523732031	7.07523732031	0.0	9.96008756523	9.96008756523	7.07523732031	7.12782221443	7.07523732031	8.73782019586
6.69368419492	8.43961958769	8.43961958769	8.43961958769	8.43961958769	8.43961958769	8.43961958769	12.7569155042	12.7569155042	8.43961958769	8.43961958769	9.96008756523	0.0	8.43961958769	0.0	8.43961958769	9.96008756523	0.0	12.7569155042	12.7569155042	10.2460380742	12.7569155042	0.0	9.96008756523	0.0	6.69368419492	6.73960159213	6.69368419492	0.0	0.0	8.43961958769	9.96008756523	12.7569155042	8.43961958769	0.0	0.0	0.0	8.43961958769	0.0	0.0	6.69368419492	10.2460380742	6.69368419492	6.69368419492	9.96008756523	0.0	0.0	6.69368419492	6.73960159213	6.69368419492	8.43961958769
6.69368419492	8.43961958769	8.43961958769	8.43961958769	8.43961958769	8.43961958769	8.43961958769	12.7569155042	12.7569155042	8.43961958769	8.43961958769	9.96008756523	0.0	8.43961958769	0.0	8.43961958769	9.96008756523	0.0	12.7569155042	12.7569155042	10.2460380742	12.7569155042	0.0	9.96008756523	0.0	6.69368419492	6.73960159213	6.69368419492	0.0	0.0	8.43961958769	9.96008756523	12.7569155042	8.43961958769	0.0	0.0	0.0	8.43961958769	0.0	0.0	6.69368419492	10.2460380742	6.69368419492	6.69368419492	9.96008756523	0.0	0.0	6.69368419492	6.73960159213	6.69368419492	8.43961958769
0.0	3.18731792588	3.18731792588	3.18731792588	3.18731792588	3.18731792588	3.18731792588	7.4975861543	7.4975861543	3.18731792588	3.18731792588	7.07523732031	6.69368419492	3.18731792588	6.69368419492	3.18731792588	7.07523732031	6.69368419492	7.4975861543	7.4975861543	5.0001227646	7.4975861543	6.69368419492	7.07523732031	6.69368419492	0.0	0.620242735062	0.0	6.69368419492	6.69368419492	3.18731792588	7.07523732031	7.4975861543	3.18731792588	6.69368419492	6.69368419492	6.69368419492	3.18731792588	6.69368419492	6.69368419492	0.0	5.0001227646	0.0	0.0	7.07523732031	6.69368419492	6.69368419492	0.0	0.620242735062	0.0	3.18731792588
0.620242735062	3.27237349174	3.27237349174	3.27237349174	3.27237349174	3.27237349174	3.27237349174	7.58292323096	7.58292323096	3.27237349174	3.27237349174	7.12782221443	6.73960159213	3.27237349174	6.73960159213	3.27237349174	7.12782221443	6.73960159213	7.58292323096	7.58292323096	5.08500589495	7.58292323096	6.73960159213	7.12782221443	6.73960159213	0.620242735062	0.0	0.620242735062	6.73960159213	6.73960159213	3.27237349174	7.12782221443	7.58292323096	3.27237349174	6.73960159213	6.73960159213	6.73960159213	3.27237349174	6.73960159213	6.73960159213	0.620242735062	5.08500589495	0.620242735062	0.620242735062	7.12782221443	6.73960159213	6.73960159213	0.620242735062	0.0	0.620242735062	3.27237349174
0.0	3.18731792588	3.18731792588	3.18731792588	3.18731792588	3.18731792588	3.18731792588	7.4975861543	7.4975861543	3.18731792588	3.18731792588	7.07523732031	6.69368419492	3.18731792588	6.69368419492	3.18731792588	7.07523732031	6.69368419492	7.4975861543	7.4975861543	5.0001227646	7.4975861543	6.69368419492	7.07523732031	6.69368419492	0.0	0.620242735062	0.0	6.69368419492	6.69368419492	3.18731792588	7.07523732031	7.4975861543	3.18731792588	6.69368419492	6.69368419492	6.69368419492	3.18731792588	6.69368419492	6.69368419492	0.0	5.0001227646	0.0	0.0	7.07523732031	6.69368419492	6.69368419492	0.0	0.620242735062	0.0	3.18731792588
3.18731792588	0.0	0.0	0.0	0.0	0.0	0.0	6.14947756426	6.14947756426	0.0	0.0	8.73782019586	8.43961958769	0.0	8.43961958769	0.0	8.73782019586	8.43961958769	6.14947756426	6.14947756426	3.06326784088	6.14947756426	8.43961958769	8.73782019586	8.43961958769	3.18731792588	3.27237349174	3.18731792588	8.43961958769	8.43961958769	0.0	8.73782019586	6.14947756426	0.0	8.43961958769	8.43961958769	8.43961958769	0.0	8.43961958769	8.43961958769	3.18731792588	3.06326784088	3.18731792588	3.18731792588	8.73782019586	8.43961958769	8.43961958769	3.18731792588	3.27237349174	3.18731792588	0.0