0.0	11.2887732144	11.2887732144	11.2887732144	11.2887732144	11.2887732144	11.2887732144	12.4962743253	12.4962743253	11.2887732144	11.2887732144	12.9954558787	13.7005355256	11.2887732144	13.7005355256	11.2887732144	12.9954558787	13.7005355256	12.4962743253	12.4962743253	12.7149056563	12.4962743253	13.7005355256	12.9954558787	13.7005355256	0.0	6.24981917213	0.0	13.7005355256	13.7005355256	11.2887732144	12.9954558787	12.4962743253	11.2887732144	13.7005355256	13.7005355256	13.7005355256	11.2887732144	13.7005355256	13.7005355256	0.0	12.7149056563	0.0	0.0	12.9954558787	13.7005355256	13.7005355256	0.0	6.24981917213	0.0	11.2887732144
11.2887732144	0.0	0.0	0.0	0.0	0.0	0.0	10.4536489498	10.4536489498	0.0	0.0	15.7352127968	16.4634929139	0.0	16.4634929139	0.0	15.7352127968	16.4634929139	10.4536489498	10.4536489498	9.11204120712	10.4536489498	16.4634929139	15.7352127968	16.4634929139	11.2887732144	11.5836751754	11.2887732144	16.4634929139	16.4634929139	0.0	15.7352127968	10.4536489498	0.0	16.4634929139	16.4634929139	16.4634929139	0.0	16.4634929139	16.4634929139	11.2887732144	9.11204120712	11.2887732144	11.2887732144	15.7352127968	16.4634929139	16.4634929139	11.2887732144	11.5836751754	11.2887732144	0.0
11.2887732144	0.0	0.0	0.0	0.0	0.0	0.0	10.4536489498	10.4536489498	0.0	0.0	15.7352127968	16.4634929139	0.0	16.4634929139	0.0	15.7352127968	16.4634929139	10.4536489498	10.4536489498	9.11204120712	10.4536489498	16.4634929139	15.7352127968	16.4634929139	11.2887732144	11.5836751754	11.2887732144	16.4634929139	16.4634929139	0.0	15.7352127968	10.4536489498	0.0	16.4634929139	16.4634929139	16.4634929139	0.0	16.4634929139	16.4634929139	11.2887732144	9.11204120712	11.2887732144	11.2887732144	15.7352127968	16.4634929139	16.4634929139	11.2887732144	11.5836751754	11.2887732144	0.0
11.2887732144	0.0	0.0	0.0	0.0	0.0	0.0	10.4536489498	10.4536489498	0.0	0.0	15.7352127968	16.4634929139	0.0	16.4634929139	0.0	15.7352127968	16.4634929139	10.4536489498	10.4536489498	9.11204120712	10.4536489498	16.4634929139	15.7352127968	16.4634929139	11.2887732144	11.5836751754	11.2887732144	16.4634929139	16.4634929139	0.0	15.7352127968	10.4536489498	0.0	16.4634929139	16.4634929139	16.4634929139	0.0	16.4634929139	16.4634929139	11.2887732144	9.11204120712	11.2887732144	11.2887732144	15.7352127968	16.4634929139	16.4634929139	11.2887732144	11.5836751754	11.2887732144	0.0
11.2887732144	0.0	0.0	0.0	0.0	0.0	0.0	10.4536489498	10.4536489498	0.0	0.0	15.7352127968	16.4634929139	0.0	16.4634929139	0.0	15.7352127968	16.4634929139	10.4536489498	10.4536489498	9.11204120712	10.4536489498	16.4634929139	15.7352127968	16.4634929139	11.2887732144	11.5836751754	11.2887732144	16.4634929139	16.4634929139	0.0	15.7352127968	10.4536489498	0.0	16.4634929139	16.4634929139	16.4634929139	0.0	16.4634929139	16.4634929139	11.2887732144	9.11204120712	11.2887732144	11.2887732144	15.7352127968	16.4634929139	16.4634929139	11.2887732144	11.5836751754	11.2887732144	0.0
11.2887732144	0.0	0.0	0.0	0.0	0.0	0.0	10.4536489498	10.4536489498	0.0	0.0	15.7352127968	16.4634929139	0.0	16.4634929139	0.0	15.7352127968	16.4634929139	10.4536489498	10.4536489498	9.11204120712	10.4536489498	16.4634929139	15.7352127968	16.4634929139	11.2887732144	11.5836751754	11.2887732144	16.4634929139	16.4634929139	0.0	15.7352127968	10.4536489498	0.0	16.4634929139	16.4634929139	16.4634929139	0.0	16.4634929139	16.4634929139	11.2887732144	9.11204120712	11.2887732144	11.2887732144	15.7352127968	16.4634929139	16.4634929139	11.2887732144	11.5836751754	11.2887732144	0.0
11.2887732144	0.0	0.0	0.0	0.0	0.0	0.0	10.4536489498	10.4536489498	0.0	0.0	15.7352127968	16.4634929139	0.0	16.4634929139	0.0	15.7352127968	16.4634929139	10.4536489498	10.4536489498	9.11204120712	10.4536489498	16.4634929139	15.7352127968	16.4634929139	11.2887732144	11.5836751754	11.2887732144	16.4634929139	16.4634929139	0.0	15.7352127968	10.4536489498	0.0	16.4634929139	16.4634929139	16.4634929139	0.0	16.4634929139	16.4634929139	11.2887732144	9.11204120712	11.2887732144	11.2887732144	15.7352127968	16.4634929139	16.4634929139	11.2887732144	11.5836751754	11.2887732144	0.0
12.4962743253	10.4536489498	10.4536489498	10.4536489498	10.4536489498	10.4536489498	10.4536489498	0.0	0.0	10.4536489498	10.4536489498	16.9413425219	17.6696893944	10.4536489498	17.6696893944	10.4536489498	16.9413425219	17.6696893944	0.0	0.0	10.229569639	0.0	17.6696893944	16.9413425219	17.6696893944	12.4962743253	12.7910014086	12.4962743253	17.6696893944	17.6696893944	10.4536489498	16.9413425219	0.0	10.4536489498	17.6696893944	17.6696893944	17.6696893944	10.4536489498	17.6696893944	17.6696893944	12.4962743253	10.229569639	12.4962743253	12.4962743253	16.9413425219	17.6696893944	17.6696893944	12.4962743253	12.7910014086	12.4962743253	10.4536489498
12.4962743253	10.4536489498	10.4536489498	10.4536489498	10.4536489498	10.4536489498	10.4536489498	0.0	0.0	10.4536489498	10.4536489498	16.9413425219	17.6696893944	10.4536489498	17.6696893944	10.4536489498	16.9413425219	17.6696893944	0.0	0.0	10.229569639	0.0	17.6696893944	16.9413425219	17.6696893944	12.4962743253	12.7910014086	12.4962743253	17.6696893944	17.6696893944	10.4536489498	16.9413425219	0.0	10.4536489498	17.6696893944	17.6696893944	17.6696893944	10.4536489498	17.6696893944	17.6696893944	12.4962743253	10.229569639	12.4962743253	12.4962743253	16.9413425219	17.6696893944	17.6696893944	12.4962743253	12.7910014086	12.4962743253	10.4536489498
11.2887732144	0.0	0.0	0.0	0.0	0.0	0.0	10.4536489498	10.4536489498	0.0	0.0	15.7352127968	16.4634929139	0.0	16.4634929139	0.0	15.7352127968	16.4634929139	10.4536489498	10.4536489498	9.11204120712	10.4536489498	16.4634929139	15.7352127968	16.4634929139	11.2887732144	11.5836751754	11.2887732144	16.4634929139	16.4634929139	0.0	15.7352127968	10.4536489498	0.0	16.4634929139	16.4634929139	16.4634929139	0.0	16.4634929139	16.4634929139	11.2887732144	9.11204120712	11.2887732144	11.2887732144	15.7352127968	16.4634929139	16.4634929139	11.2887732144	11.5836751754	11.2887732144	0.0
11.2887732144	0.0	0.0	0.0	0.0	0.0	0.0	10.4536489498	10.4536489498	0.0	0.0	15.7352127968	16.4634929139	0.0	16.4634929139	0.0	15.7352127968	16.4634929139	10.4536489498	10.4536489498	9.11204120712	10.4536489498	16.4634929139	15.7352127968	16.4634929139	11.2887732144	11.5836751754	11.2887732144	16.4634929139	16.4634929139	0.0	15.7352127968	10.4536489498	0.0	16.4634929139	16.4634929139	16.4634929139	0.0	16.4634929139	16.4634929139	11.2887732144	9.11204120712	11.2887732144	11.2887732144	15.7352127968	16.4634929139	16.4634929139	11.2887732144	11.5836751754	11.2887732144	0.0
12.9954558787	15.7352127968	15.7352127968	15.7352127968	15.7352127968	15.7352127968	15.7352127968	16.9413425219	16.9413425219	15.7352127968	15.7352127968	0.0	14.4050185464	15.7352127968	14.4050185464	15.7352127968	0.0	14.4050185464	16.9413425219	16.9413425219	17.1587858218	16.9413425219	14.4050185464	0.0	14.4050185464	12.9954558787	13.125235096	12.9954558787	14.4050185464	14.4050185464	15.7352127968	0.0	16.9413425219	15.7352127968	14.4050185464	14.4050185464	14.4050185464	15.7352127968	14.4050185464	14.4050185464	12.9954558787	17.1587858218	12.9954558787	12.9954558787	0.0	14.4050185464	14.4050185464	12.9954558787	13.125235096	12.9954558787	15.7352127968
13.7005355256	16.4634929139	16.4634929139	16.4634929139	16.4634929139	16.4634929139	16.4634929139	17.6696893944	17.6696893944	16.4634929139	16.4634929139	14.4050185464	0.0	16.4634929139	0.0	16.4634929139	14.4050185464	0.0	17.6696893944	17.6696893944	17.8872457959	17.6696893944	0.0	14.4050185464	0.0	13.7005355256	13.8202764246	13.7005355256	0.0	0.0	16.4634929139	14.4050185464	17.6696893944	16.4634929139	0.0	0.0	0.0	16.4634929139	0.0	0.0	13.7005355256	17.8872457959	13.7005355256	13.7005355256	14.4050185464	0.0	0.0	13.7005355256	13.8202764246	13.7005355256	16.4634929139
11.2887732144	0.0	0.0	0.0	0.0	0.0	0.0	10.4536489498	10.4536489498	0.0	0.0	15.7352127968	16.4634929139	0.0	16.4634929139	0.0	15.7352127968	16.4634929139	10.4536489498	10.4536489498	9.11204120712	10.4536489498	16.4634929139	15.7352127968	16.4634929139	11.2887732144	11.5836751754	11.2887732144	16.4634929139	16.4634929139	0.0	15.7352127968	10.4536489498	0.0	16.4634929139	16.4634929139	16.4634929139	0.0	16.4634929139	16.4634929139	11.2887732144	9.11204120712	11.2887732144	11.2887732144	15.7352127968	16.4634929139	16.4634929139	11.2887732144	11.5836751754	11.2887732144	0.0
13.7005355256	16.4634929139	16.4634929139	16.4634929139	16.4634929139	16.4634929139	16.4634929139	17.6696893944	17.6696893944	16.4634929139	16.4634929139	14.4050185464	0.0	16.4634929139	0.0	16.4634929139	14.4050185464	0.0	17.6696893944	17.6696893944	17.8872457959	17.6696893944	0.0	14.4050185464	0.0	13.7005355256	13.8202764246	13.7005355256	0.0	0.0	16.4634929139	14.4050185464	17.6696893944	16.4634929139	0.0	0.0	0.0	16.4634929139	0.0	0.0	13.7005355256	17.8872457959	13.7005355256	13.7005355256	14.4050185464	0.0	0.0	13.7005355256	13.8202764246	13.7005355256	16.4634929139
11.2887732144	0.0	0.0	0.0	0.0	0.0	0.0	10.4536489498	10.4536489498	0.0	0.0	15.7352127968	16.4634929139	0.0	16.4634929139	0.0	15.7352127968	16.4634929139	10.4536489498	10.4536489498	9.11204120712	10.4536489498	16.4634929139	15.7352127968	16.4634929139	11.2887732144	11.5836751754	11.2887732144	16.4634929139	16.4634929139	0.0	15.7352127968	10.4536489498	0.0	16.4634929139	16.4634929139	16.4634929139	0.0	16.4634929139	16.4634929139	11.2887732144	9.11204120712	11.2887732144	11.2887732144	15.7352127968	16.4634929139	16.4634929139	11.2887732144	11.5836751754	11.2887732144	0.0
12.9954558787	15.7352127968	15.7352127968	15.7352127968	15.7352127968	15.7352127968	15.7352127968	16.9413425219	16.9413425219	15.7352127968	15.7352127968	0.0	14.4050185464	15.7352127968	14.4050185464	15.7352127968	0.0	14.4050185464	16.9413425219	16.9413425219	17.1587858218	16.9413425219	14.4050185464	0.0	14.4050185464	12.9954558787	13.125235096	12.9954558787	14.4050185464	14.4050185464	15.7352127968	0.0	16.9413425219	15.7352127968	14.4050185464	14.4050185464	14.4050185464	15.7352127968	14.4050185464	14.4050185464	12.9954558787	17.1587858218	12.9954558787	12.9954558787	0.0	14.4050185464	14.4050185464	12.9954558787	13.125235096	12.9954558787	15.7352127968
13.7005355256	16.4634929139	16.4634929139	16.4634929139	16.4634929139	16.4634929139	16.4634929139	17.6696893944	17.6696893944	16.4634929139	16.4634929139	14.4050185464	0.0	16.4634929139	0.0	16.4634929139	14.4050185464	0.0	17.6696893944	17.6696893944	17.8872457959	17.6696893944	0.0	14.4050185464	0.0	13.7005355256	13.8202764246	13.7005355256	0.0	0.0	16.4634929139	14.4050185464	17.6696893944	16.4634929139	0.0	0.0	0.0	16.4634929139	0.0	0.0	13.7005355256	17.8872457959	13.7005355256	13.7005355256	14.4050185464	0.0	0.0	13.7005355256	13.8202764246	13.7005355256	16.4634929139
12.4962743253	10.4536489498	10.4536489498	10.4536489498	10.4536489498	10.4536489498	10.4536489498	0.0	0.0	10.4536489498	10.4536489498	16.9413425219	17.6696893944	10.4536489498	17.6696893944	10.4536489498	16.9413425219	17.6696893944	0.0	0.0	10.229569639	0.0	17.6696893944	16.9413425219	17.6696893944	12.4962743253	12.7910014086	12.4962743253	17.6696893944	17.6696893944	10.4536489498	16.9413425219	0.0	10.4536489498	17.6696893944	17.6696893944	17.6696893944	10.4536489498	17.6696893944	17.6696893944	12.4962743253	10.229569639	12.4962743253	12.4962743253	16.9413425219	17.6696893944	17.6696893944	12.4962743253	12.7910014086	12.4962743253	10.4536489498
12.4962743253	10.4536489498	10.4536489498	10.4536489498	10.4536489498	10.4536489498	10.4536489498	0.0	0.0	10.4536489498	10.4536489498	16.9413425219	17.6696893944	10.4536489498	17.6696893944	10.4536489498	16.9413425219	17.6696893944	0.0	0.0	10.229569639	0.0	17.6696893944	16.9413425219	17.6696893944	12.4962743253	12.7910014086	12.4962743253	17.6696893944	17.6696893944	10.4536489498	16.9413425219	0.0	10.4536489498	17.6696893944	17.6696893944	17.6696893944	10.4536489498	17.6696893944	17.6696893944	12.4962743253	10.229569639	12.4962743253	12.4962743253	16.9413425219	17.6696893944	17.6696893944	12.4962743253	12.7910014086	12.4962743253	10.4536489498
12.7149056563	9.11204120712	9.11204120712	9.11204120712	9.11204120712	9.11204120712	9.11204120712	10.229569639	10.229569639	9.11204120712	9.11204120712	17.1587858218	17.8872457959	9.11204120712	17.8872457959	9.11204120712	17.1587858218	17.8872457959	10.229569639	10.229569639	0.0	10.229569639	17.8872457959	17.1587858218	17.8872457959	12.7149056563	13.009452573	12.7149056563	17.8872457959	17.8872457959	9.11204120712	17.1587858218	10.229569639	9.11204120712	17.8872457959	17.8872457959	17.8872457959	9.11204120712	17.8872457959	17.8872457959	12.7149056563	0.0	12.7149056563	12.7149056563	17.1587858218	17.8872457959	17.8872457959	12.7149056563	13.009452573	12.7149056563	9.11204120712
12.4962743253	10.4536489498	10.4536489498	10.4536489498	10.4536489498	10.4536489498	10.4536489498	0.0	0.0	10.4536489498	10.4536489498	16.9413425219	17.6696893944	10.4536489498	17.6696893944	10.4536489498	16.9413425219	17.6696893944	0.0	0.0	10.229569639	0.0	17.6696893944	16.9413425219	17.6696893944	12.4962743253	12.7910014086	12.4962743253	17.6696893944	17.6696893944	10.4536489498	16.9413425219	0.0	10.4536489498	17.6696893944	17.6696893944	17.6696893944	10.4536489498	17.6696893944	17.6696893944	12.4962743253	10.229569639	12.4962743253	12.4962743253	16.9413425219	17.6696893944	17.6696893944	12.4962743253	12.7910014086	12.4962743253	10.4536489498
13.7005355256	16.4634929139	16.4634929139	16.4634929139	16.4634929139	16.4634929139	16.4634929139	17.6696893944	17.6696893944	16.4634929139	16.4634929139	14.4050185464	0.0	16.4634929139	0.0	16.4634929139	14.4050185464	0.0	17.6696893944	17.6696893944	17.8872457959	17.6696893944	0.0	14.4050185464	0.0	13.7005355256	13.8202764246	13.7005355256	0.0	0.0	16.4634929139	14.4050185464	17.6696893944	16.4634929139	0.0	0.0	0.0	16.4634929139	0.0	0.0	13.7005355256	17.8872457959	13.7005355256	13.7005355256	14.4050185464	0.0	0.0	13.7005355256	13.8202764246	13.7005355256	16.4634929139
12.9954558787	15.7352127968	15.7352127968	15.7352127968	15.7352127968	15.7352127968	15.7352127968	16.9413425219	16.9413425219	15.7352127968	15.7352127968	0.0	14.4050185464	15.7352127968	14.4050185464	15.7352127968	0.0	14.4050185464	16.9413425219	16.9413425219	17.1587858218	16.9413425219	14.4050185464	0.0	14.4050185464	12.9954558787	13.125235096	12.9954558787	14.4050185464	14.4050185464	15.7352127968	0.0	16.9413425219	15.7352127968	14.4050185464	14.4050185464	14.4050185464	15.7352127968	14.4050185464	14.4050185464	12.9954558787	17.1587858218	12.9954558787	12.9954558787	0.0	14.4050185464	14.4050185464	12.9954558787	13.125235096	12.9954558787	15.7352127968
13.7005355256	16.4634929139	16.4634929139	16.4634929139	16.4634929139	16.4634929139	16.4634929139	17.6696893944	17.6696893944	16.4634929139	16.4634929139	14.4050185464	0.0	16.4634929139	0.0	16.4634929139	14.4050185464	0.0	17.6696893944	17.6696893944	17.8872457959	17.6696893944	0.0	14.4050185464	0.0	13.7005355256	13.8202764246	13.7005355256	0.0	0.0	16.4634929139	14.4050185464	17.6696893944	16.4634929139	0.0	0.0	0.0	16.4634929139	0.0	0.0	13.7005355256	17.8872457959	13.7005355256	13.7005355256	14.4050185464	0.0	0.0	13.7005355256	13.8202764246	13.7005355256	16.4634929139
0.0	11.2887732144	11.2887732144	11.2887732144	11.2887732144	11.2887732144	11.2887732144	12.4962743253	12.4962743253	11.2887732144	11.2887732144	12.9954558787	13.7005355256	11.2887732144	13.7005355256	11.2887732144	12.9954558787	13.7005355256	12.4962743253	12.4962743253	12.7149056563	12.4962743253	13.7005355256	12.9954558787	13.7005355256	0.0	6.24981917213	0.0	13.7005355256	13.7005355256	11.2887732144	12.9954558787	12.4962743253	11.2887732144	13.7005355256	13.7005355256	13.7005355256	11.2887732144	13.7005355256	13.7005355256	0.0	12.7149056563	0.0	0.0	12.9954558787	13.7005355256	13.7005355256	0.0	6.24981917213	0.0	11.2887732144
6.24981917213	11.5836751754	11.5836751754	11.5836751754	11.5836751754	11.5836751754	11.5836751754	12.7910014086	12.7910014086	11.5836751754	11.5836751754	13.125235096	13.8202764246	11.5836751754	13.8202764246	11.5836751754	13.125235096	13.8202764246	12.7910014086	12.7910014086	13.009452573	12.7910014086	13.8202764246	13.125235096	13.8202764246	6.24981917213	0.0	6.24981917213	13.8202764246	13.8202764246	11.5836751754	13.125235096	12.7910014086	11.5836751754	13.8202764246	13.8202764246	13.8202764246	11.5836751754	13.8202764246	13.8202764246	6.24981917213	13.009452573	6.24981917213	6.24981917213	13.125235096	13.8202764246	13.8202764246	6.24981917213	0.0	6.24981917213	11.5836751754
0.0	11.2887732144	11.2887732144	11.2887732144	11.2887732144	11.2887732144	11.2887732144	12.4962743253	12.4962743253	11.2887732144	11.2887732144	12.9954558787	13.7005355256	11.2887732144	13.7005355256	11.2887732144	12.9954558787	13.7005355256	12.4962743253	12.4962743253	12.7149056563	12.4962743253	13.7005355256	12.9954558787	13.7005355256	0.0	6.24981917213	0.0	13.7005355256	13.7005355256	11.2887732144	12.9954558787	12.4962743253	11.2887732144	13.7005355256	13.7005355256	13.7005355256	11.2887732144	13.7005355256	13.7005355256	0.0	12.7149056563	0.0	0.0	12.9954558787	13.7005355256	13.7005355256	0.0	6.24981917213	0.0	11.2887732144
13.7005355256	16.4634929139	16.4634929139	16.4634929139	16.4634929139	16.4634929139	16.4634929139	17.6696893944	17.6696893944	16.4634929139	16.4634929139	14.4050185464	0.0	16.4634929139	0.0	16.4634929139	14.4050185464	0.0	17.6696893944	17.6696893944	17.8872457959	17.6696893944	0.0	14.4050185464	0.0	13.7005355256	13.8202764246	13.7005355256	0.0	0.0	16.4634929139	14.4050185464	17.6696893944	16.4634929139	0.0	0.0	0.0	16.4634929139	0.0	0.0	13.7005355256	17.8872457959	13.7005355256	13.7005355256	14.4050185464	0.0	0.0	13.7005355256	13.8202764246	13.7005355256	16.4634929139
13.7005355256	16.4634929139	16.4634929139	16.4634929139	16.4634929139	16.4634929139	16.4634929139	17.6696893944	17.6696893944	16.4634929139	16.4634929139	14.4050185464	0.0	16.4634929139	0.0	16.4634929139	14.4050185464	0.0	17.6696893944	17.6696893944	17.8872457959	17.6696893944	0.0	14.4050185464	0.0	13.7005355256	13.8202764246	13.7005355256	0.0	0.0	16.4634929139	14.4050185464	17.6696893944	16.4634929139	0.0	0.0	0.0	16.4634929139	0.0	0.0	13.7005355256	17.8872457959	13.7005355256	13.7005355256	14.4050185464	0.0	0.0	13.7005355256	13.8202764246	13.7005355256	16.4634929139
11.2887732144	0.0	0.0	0.0	0.0	0.0	0.0	10.4536489498	10.4536489498	0.0	0.0	15.7352127968	16.4634929139	0.0	16.4634929139	0.0	15.7352127968	16.4634929139	10.4536489498	10.4536489498	9.11204120712	10.4536489498	16.4634929139	15.7352127968	16.4634929139	11.2887732144	11.5836751754	11.2887732144	16.4634929139	16.4634929139	0.0	15.7352127968	10.4536489498	0.0	16.4634929139	16.4634929139	16.4634929139	0.0	16.4634929139	16.4634929139	11.2887732144	9.11204120712	11.2887732144	11.2887732144	15.7352127968	16.4634929139	16.4634929139	11.2887732144	11.5836751754	11.2887732144	0.0
12.9954558787	15.7352127968	15.7352127968	15.7352127968	15.7352127968	15.7352127968	15.7352127968	16.9413425219	16.9413425219	15.7352127968	15.7352127968	0.0	14.4050185464	15.7352127968	14.4050185464	15.7352127968	0.0	14.4050185464	16.9413425219	16.9413425219	17.1587858218	16.9413425219	14.4050185464	0.0	14.4050185464	12.9954558787	13.125235096	12.9954558787	14.4050185464	14.4050185464	15.7352127968	0.0	16.9413425219	15.7352127968	14.4050185464	14.4050185464	14.4050185464	15.7352127968	14.4050185464	14.4050185464	12.9954558787	17.1587858218	12.9954558787	12.9954558787	0.0	14.4050185464	14.4050185464	12.9954558787	13.125235096	12.9954558787	15.7352127968
12.4962743253	10.4536489498	10.4536489498	10.4536489498	10.4536489498	10.4536489498	10.4536489498	0.0	0.0	10.4536489498	10.4536489498	16.9413425219	17.6696893944	10.4536489498	17.6696893944	10.4536489498	16.9413425219	17.6696893944	0.0	0.0	10.229569639	0.0	17.6696893944	16.9413425219	17.6696893944	12.4962743253	12.7910014086	12.4962743253	17.6696893944	17.6696893944	10.4536489498	16.9413425219	0.0	10.4536489498	17.6696893944	17.6696893944	17.6696893944	10.4536489498	17.6696893944	17.6696893944	12.4962743253	10.229569639	12.4962743253	12.4962743253	16.9413425219	17.6696893944	17.6696893944	12.4962743253	12.7910014086	12.4962743253	10.4536489498
11.2887732144	0.0	0.0	0.0	0.0	0.0	0.0	10.4536489498	10.4536489498	0.0	0.0	15.7352127968	16.4634929139	0.0	16.4634929139	0.0	15.7352127968	16.4634929139	10.4536489498	10.4536489498	9.11204120712	10.4536489498	16.4634929139	15.7352127968	16.4634929139	11.2887732144	11.5836751754	11.2887732144	16.4634929139	16.4634929139	0.0	15.7352127968	10.4536489498	0.0	16.4634929139	16.4634929139	16.4634929139	0.0	16.4634929139	16.4634929139	11.2887732144	9.11204120712	11.2887732144	11.2887732144	15.7352127968	16.4634929139	16.4634929139	11.2887732144	11.5836751754	11.2887732144	0.0
13.7005355256	16.4634929139	16.4634929139	16.4634929139	16.4634929139	16.4634929139	16.4634929139	17.6696893944	17.6696893944	16.4634929139	16.4634929139	14.4050185464	0.0	16.4634929139	0.0	16.4634929139	14.4050185464	0.0	17.6696893944	17.6696893944	17.8872457959	17.6696893944	0.0	14.4050185464	0.0	13.7005355256	13.8202764246	13.7005355256	0.0	0.0	16.4634929139	14.4050185464	17.6696893944	16.4634929139	0.0	0.0	0.0	16.4634929139	0.0	0.0	13.7005355256	17.8872457959	13.7005355256	13.7005355256	14.4050185464	0.0	0.0	13.7005355256	13.8202764246	13.7005355256	16.4634929139
13.7005355256	16.4634929139	16.4634929139	16.4634929139	16.4634929139	16.4634929139	16.4634929139	17.6696893944	17.6696893944	16.4634929139	16.4634929139	14.4050185464	0.0	16.4634929139	0.0	16.4634929139	14.4050185464	0.0	17.6696893944	17.6696893944	17.8872457959	17.6696893944	0.0	14.4050185464	0.0	13.7005355256	13.8202764246	13.7005355256	0.0	0.0	16.4634929139	14.4050185464	17.6696893944	16.4634929139	0.0	0.0	0.0	16.4634929139	0.0	0.0	13.7005355256	17.8872457959	13.7005355256	13.7005355256	14.4050185464	0.0	0.0	13.7005355256	13.8202764246	13.7005355256	16.4634929139
13.7005355256	16.4634929139	16.4634929139	16.4634929139	16.4634929139	16.4634929139	16.4634929139	17.6696893944	17.6696893944	16.4634929139	16.4634929139	14.4050185464	0.0	16.4634929139	0.0	16.4634929139	14.4050185464	0.0	17.6696893944	17.6696893944	17.8872457959	17.6696893944	0.0	14.4050185464	0.0	13.7005355256	13.8202764246	13.7005355256	0.0	0.0	16.4634929139	14.4050185464	17.6696893944	16.4634929139	0.0	0.0	0.0	16.4634929139	0.0	0.0	13.7005355256	17.8872457959	13.7005355256	13.7005355256	14.4050185464	0.0	0.0	13.7005355256	13.8202764246	13.7005355256	16.4634929139
11.2887732144	0.0	0.0	0.0	0.0	0.0	0.0	10.4536489498	10.4536489498	0.0	0.0	15.7352127968	16.4634929139	0.0	16.4634929139	0.0	15.7352127968	16.4634929139	10.4536489498	10.4536489498	9.11204120712	10.4536489498	16.4634929139	15.7352127968	16.4634929139	11.2887732144	11.5836751754	11.2887732144	16.4634929139	16.4634929139	0.0	15.7352127968	10.4536489498	0.0	16.4634929139	16.4634929139	16.4634929139	0.0	16.4634929139	16.4634929139	11.2887732144	9.11204120712	11.2887732144	11.2887732144	15.7352127968	16.4634929139	16.4634929139	11.2887732144	11.5836751754	11.2887732144	0.0
13.7005355256	16.4634929139	16.4634929139	16.4634929139	16.4634929139	16.4634929139	16.4634929139	17.6696893944	17.6696893944	16.4634929139	16.4634929139	14.4050185464	0.0	16.4634929139	0.0	16.4634929139	14.4050185464	0.0	17.6696893944	17.6696893944	17.8872457959	17.6696893944	0.0	14.4050185464	0.0	13.7005355256	13.8202764246	13.7005355256	0.0	0.0	16.4634929139	14.4050185464	17.6696893944	16.4634929139	0.0	0.0	0.0	16.4634929139	0.0	0.0	13.7005355256	17.8872457959	13.7005355256	13.7005355256	14.4050185464	0.0	0.0	13.7005355256	13.8202764246	13.7005355256	16.4634929139
13.7005355256	16.4634929139	16.4634929139	16.4634929139	16.4634929139	16.4634929139	16.4634929139	17.6696893944	17.6696893944	16.4634929139	16.4634929139	14.4050185464	0.0	16.4634929139	0.0	16.4634929139	14.4050185464	0.0	17.6696893944	17.6696893944	17.8872457959	17.6696893944	0.0	14.4050185464	0.0	13.7005355256	13.8202764246	13.7005355256	0.0	0.0	16.4634929139	14.4050185464	17.6696893944	16.4634929139	0.0	0.0	0.0	16.4634929139	0.0	0.0	13.7005355256	17.8872457959	13.7005355256	13.7005355256	14.4050185464	0.0	0.0	13.7005355256	13.8202764246	13.7005355256	16.4634929139
0.0	11.2887732144	11.2887732144	11.2887732144	11.2887732144	11.2887732144	11.2887732144	12.4962743253	12.4962743253	11.2887732144	11.2887732144	12.9954558787	13.7005355256	11.2887732144	13.7005355256	11.2887732144	12.9954558787	13.7005355256	12.4962743253	12.4962743253	12.7149056563	12.4962743253	13.7005355256	12.9954558787	13.7005355256	0.0	6.24981917213	0.0	13.7005355256	13.7005355256	11.2887732144	12.9954558787	12.4962743253	11.2887732144	13.7005355256	13.7005355256	13.7005355256	11.2887732144	13.7005355256	13.7005355256	0.0	12.7149056563	0.0	0.0	12.9954558787	13.7005355256	13.7005355256	0.0	6.24981917213	0.0	11.2887732144
12.7149056563	9.11204120712	9.11204120712	9.11204120712	9.11204120712	9.11204120712	9.11204120712	10.229569639	10.229569639	9.11204120712	9.11204120712	17.1587858218	17.8872457959	9.11204120712	17.8872457959	9.11204120712	17.1587858218	17.8872457959	10.229569639	10.229569639	0.0	10.229569639	17.8872457959	17.1587858218	17.8872457959	12.7149056563	13.009452573	12.7149056563	17.8872457959	17.8872457959	9.11204120712	17.1587858218	10.229569639	9.11204120712	17.8872457959	17.8872457959	17.8872457959	9.11204120712	17.8872457959	17.8872457959	12.7149056563	0.0	12.7149056563	12.7149056563	17.1587858218	17.8872457959	17.8872457959	12.7149056563	13.009452573	12.7149056563	9.11204120712
0.0	11.2887732144	11.2887732144	11.2887732144	11.2887732144	11.2887732144	11.2887732144	12.4962743253	12.4962743253	11.2887732144	11.2887732144	12.9954558787	13.7005355256	11.2887732144	13.7005355256	11.2887732144	12.9954558787	13.7005355256	12.4962743253	12.4962743253	12.7149056563	12.4962743253	13.7005355256	12.9954558787	13.7005355256	0.0	6.24981917213	0.0	13.7005355256	13.7005355256	11.2887732144	12.9954558787	12.4962743253	11.2887732144	13.7005355256	13.7005355256	13.7005355256	11.2887732144	13.7005355256	13.7005355256	0.0	12.7149056563	0.0	0.0	12.9954558787	13.7005355256	13.7005355256	0.0	6.24981917213	0.0	11.2887732144
0.0	11.2887732144	11.2887732144	11.2887732144	11.2887732144	11.2887732144	11.2887732144	12.4962743253	12.4962743253	11.2887732144	11.2887732144	12.9954558787	13.7005355256	11.2887732144	13.7005355256	11.2887732144	12.9954558787	13.7005355256	12.4962743253	12.4962743253	12.7149056563	12.4962743253	13.7005355256	12.9954558787	13.7005355256	0.0	6.24981917213	0.0	13.7005355256	13.7005355256	11.2887732144	12.9954558787	12.4962743253	11.2887732144	13.7005355256	13.7005355256	13.7005355256	11.2887732144	13.7005355256	13.7005355256	0.0	12.7149056563	0.0	0.0	12.9954558787	13.7005355256	13.7005355256	0.0	6.24981917213	0.0	11.2887732144
12.9954558787	15.7352127968	15.7352127968	15.7352127968	15.7352127968	15.7352127968	15.7352127968	16.9413425219	16.9413425219	15.7352127968	15.7352127968	0.0	14.4050185464	15.7352127968	14.4050185464	15.7352127968	0.0	14.4050185464	16.9413425219	16.9413425219	17.1587858218	16.9413425219	14.4050185464	0.0	14.4050185464	12.9954558787	13.125235096	12.9954558787	14.4050185464	14.4050185464	15.7352127968	0.0	16.9413425219	15.7352127968	14.4050185464	14.4050185464	14.4050185464	15.7352127968	14.4050185464	14.4050185464	12.9954558787	17.1587858218	12.9954558787	12.9954558787	0.0	14.4050185464	14.4050185464	12.9954558787	13.125235096	12.9954558787	15.7352127968
13.7005355256	16.4634929139	16.4634929139	16.4634929139	16.4634929139	16.4634929139	16.4634929139	17.6696893944	17.6696893944	16.4634929139	16.4634929139	14.4050185464	0.0	16.4634929139	0.0	16.4634929139	14.4050185464	0.0	17.6696893944	17.6696893944	17.8872457959	17.6696893944	0.0	14.4050185464	0.0	13.7005355256	13.8202764246	13.7005355256	0.0	0.0	16.4634929139	14.4050185464	17.6696893944	16.4634929139	0.0	0.0	0.0	16.4634929139	0.0	0.0	13.7005355256	17.8872457959	13.7005355256	13.7005355256	14.4050185464	0.0	0.0	13.7005355256	13.8202764246	13.7005355256	16.4634929139
13.7005355256	16.4634929139	16.4634929139	16.4634929139	16.4634929139	16.4634929139	16.4634929139	17.6696893944	17.6696893944	16.4634929139	16.4634929139	14.4050185464	0.0	16.4634929139	0.0	16.4634929139	14.4050185464	0.0	17.6696893944	17.6696893944	17.8872457959	17.6696893944	0.0	14.4050185464	0.0	13.7005355256	13.8202764246	13.7005355256	0.0	0.0	16.4634929139	14.4050185464	17.6696893944	16.4634929139	0.0	0.0	0.0	16.4634929139	0.0	0.0	13.7005355256	17.8872457959	13.7005355256	13.7005355256	14.4050185464	0.0	0.0	13.7005355256	13.8202764246	13.7005355256	16.4634929139
0.0	11.2887732144	11.2887732144	11.2887732144	11.2887732144	11.2887732144	11.2887732144	12.4962743253	12.4962743253	11.2887732144	11.2887732144	12.9954558787	13.7005355256	11.2887732144	13.7005355256	11.2887732144	12.9954558787	13.7005355256	12.4962743253	12.4962743253	12.7149056563	12.4962743253	13.7005355256	12.9954558787	13.7005355256	0.0	6.24981917213	0.0	13.7005355256	13.7005355256	11.2887732144	12.9954558787	12.4962743253	11.2887732144	13.7005355256	13.7005355256	13.7005355256	11.2887732144	13.7005355256	13.7005355256	0.0	12.7149056563	0.0	0.0	12.9954558787	13.7005355256	13.7005355256	0.0	6.24981917213	0.0	11.2887732144
6.24981917213	11.5836751754	11.5836751754	11.5836751754	11.5836751754	11.5836751754	11.5836751754	12.7910014086	12.7910014086	11.5836751754	11.5836751754	13.125235096	13.8202764246	11.5836751754	13.8202764246	11.5836751754	13.125235096	13.8202764246	12.7910014086	12.7910014086	13.009452573	12.7910014086	13.8202764246	13.125235096	13.8202764246	6.24981917213	0.0	6.24981917213	13.8202764246	13.8202764246	11.5836751754	13.125235096	12.7910014086	11.5836751754	13.8202764246	13.8202764246	13.8202764246	11.5836751754	13.8202764246	13.8202764246	6.24981917213	13.009452573	6.24981917213	6.24981917213	13.125235096	13.8202764246	13.8202764246	6.24981917213	0.0	6.24981917213	11.5836751754
0.0	11.2887732144	11.2887732144	11.2887732144	11.2887732144	11.2887732144	11.2887732144	12.4962743253	12.4962743253	11.2887732144	11.2887732144	12.9954558787	13.7005355256	11.2887732144	13.7005355256	11.2887732144	12.9954558787	13.7005355256	12.4962743253	12.4962743253	12.7149056563	12.4962743253	13.7005355256	12.9954558787	13.7005355256	0.0	6.24981917213	0.0	13.7005355256	13.7005355256	11.2887732144	12.9954558787	12.4962743253	11.2887732144	13.7005355256	13.7005355256	13.7005355256	11.2887732144	13.7005355256	13.7005355256	0.0	12.7149056563	0.0	0.0	12.9954558787	13.7005355256	13.7005355256	0.0	6.24981917213	0.0	11.2887732144
11.2887732144	0.0	0.0	0.0	0.0	0.0	0.0	10.4536489498	10.4536489498	0.0	0.0	15.7352127968	16.4634929139	0.0	16.4634929139	0.0	15.7352127968	16.4634929139	10.4536489498	10.4536489498	9.11204120712	10.4536489498	16.4634929139	15.7352127968	16.4634929139	11.2887732144	11.5836751754	11.2887732144	16.4634929139	16.4634929139	0.0	15.7352127968	10.4536489498	0.0	16.4634929139	16.4634929139	16.4634929139	0.0	16.4634929139	16.4634929139	11.2887732144	9.11204120712	11.2887732144	11.2887732144	15.7352127968	16.4634929139	16.4634929139	11.2887732144	11.5836751754	11.2887732144	0.0