1.000000000000000000e+00 2.000000000000000000e+00 5.950651851909840584e-01
1.000000000000000000e+00 3.000000000000000000e+00 1.049016768265630395e+00
1.000000000000000000e+00 4.000000000000000000e+00 1.061165978128068010e+00
1.000000000000000000e+00 5.000000000000000000e+00 1.111740901731576914e+00
1.000000000000000000e+00 6.000000000000000000e+00 1.153923062261592358e+00
1.000000000000000000e+00 7.000000000000000000e+00 1.136694138586363811e+00
1.000000000000000000e+00 8.000000000000000000e+00 1.677146233604764003e+00
1.000000000000000000e+00 9.000000000000000000e+00 1.688300627749874883e+00
1.000000000000000000e+00 1.000000000000000000e+01 1.701909202133186305e+00
2.000000000000000000e+00 3.000000000000000000e+00 1.047535609466656803e+00
2.000000000000000000e+00 4.000000000000000000e+00 1.058834331617732216e+00
2.000000000000000000e+00 5.000000000000000000e+00 1.107372707189698380e+00
2.000000000000000000e+00 6.000000000000000000e+00 1.150002171142020080e+00
2.000000000000000000e+00 7.000000000000000000e+00 1.131030502671032556e+00
2.000000000000000000e+00 8.000000000000000000e+00 1.674896237166716428e+00
2.000000000000000000e+00 9.000000000000000000e+00 1.686035982047014103e+00
2.000000000000000000e+00 1.000000000000000000e+01 1.699647100861274573e+00
3.000000000000000000e+00 4.000000000000000000e+00 6.265835655214531119e-01
3.000000000000000000e+00 5.000000000000000000e+00 8.414201037470425693e-01
3.000000000000000000e+00 6.000000000000000000e+00 8.949028698561518613e-01
3.000000000000000000e+00 7.000000000000000000e+00 9.052078907632037374e-01
3.000000000000000000e+00 8.000000000000000000e+00 1.447027056497665942e+00
3.000000000000000000e+00 9.000000000000000000e+00 1.458230514502767194e+00
3.000000000000000000e+00 1.000000000000000000e+01 1.471838286238369875e+00
4.000000000000000000e+00 5.000000000000000000e+00 8.081604407272739987e-01
4.000000000000000000e+00 6.000000000000000000e+00 8.713375054504541861e-01
4.000000000000000000e+00 7.000000000000000000e+00 8.821534130521968553e-01
4.000000000000000000e+00 8.000000000000000000e+00 1.437064836627777620e+00
4.000000000000000000e+00 9.000000000000000000e+00 1.448239699312726225e+00
4.000000000000000000e+00 1.000000000000000000e+01 1.461853442607574216e+00
5.000000000000000000e+00 6.000000000000000000e+00 7.549320734261313337e-01
5.000000000000000000e+00 7.000000000000000000e+00 7.578455313288878781e-01
5.000000000000000000e+00 8.000000000000000000e+00 1.406646950103267901e+00
5.000000000000000000e+00 9.000000000000000000e+00 1.417672425529689528e+00
5.000000000000000000e+00 1.000000000000000000e+01 1.431314477739691782e+00
6.000000000000000000e+00 7.000000000000000000e+00 7.872622426608473223e-01
6.000000000000000000e+00 8.000000000000000000e+00 1.372473347540966060e+00
6.000000000000000000e+00 9.000000000000000000e+00 1.383505207665103542e+00
6.000000000000000000e+00 1.000000000000000000e+01 1.397153691291871169e+00
7.000000000000000000e+00 8.000000000000000000e+00 1.413829234741359020e+00
7.000000000000000000e+00 9.000000000000000000e+00 1.424670395976493475e+00
7.000000000000000000e+00 1.000000000000000000e+01 1.438339363659570047e+00
8.000000000000000000e+00 9.000000000000000000e+00 6.115731681377971629e-01
8.000000000000000000e+00 1.000000000000000000e+01 6.693428062519335420e-01
9.000000000000000000e+00 1.000000000000000000e+01 5.732283259137651577e-01
