1.000000000000000000e+00 2.000000000000000000e+00 5.899061253436016505e-01
1.000000000000000000e+00 3.000000000000000000e+00 1.034654531984827708e+00
1.000000000000000000e+00 4.000000000000000000e+00 1.048238410465498704e+00
1.000000000000000000e+00 5.000000000000000000e+00 1.118519628177155667e+00
1.000000000000000000e+00 6.000000000000000000e+00 1.135237714197727676e+00
1.000000000000000000e+00 7.000000000000000000e+00 1.121941999652553701e+00
1.000000000000000000e+00 8.000000000000000000e+00 1.572246745652740030e+00
1.000000000000000000e+00 9.000000000000000000e+00 1.582947971452822067e+00
1.000000000000000000e+00 1.000000000000000000e+01 1.596603579578828480e+00
2.000000000000000000e+00 3.000000000000000000e+00 1.034270030210864499e+00
2.000000000000000000e+00 4.000000000000000000e+00 1.047337821429957794e+00
2.000000000000000000e+00 5.000000000000000000e+00 1.116450387280485845e+00
2.000000000000000000e+00 6.000000000000000000e+00 1.133471284513879240e+00
2.000000000000000000e+00 7.000000000000000000e+00 1.118904413859118652e+00
2.000000000000000000e+00 8.000000000000000000e+00 1.571320060255756212e+00
2.000000000000000000e+00 9.000000000000000000e+00 1.582010577715504684e+00
2.000000000000000000e+00 1.000000000000000000e+01 1.595668143269170614e+00
3.000000000000000000e+00 4.000000000000000000e+00 6.267500585378873446e-01
3.000000000000000000e+00 5.000000000000000000e+00 8.612080106927586520e-01
3.000000000000000000e+00 6.000000000000000000e+00 8.924840361986832171e-01
3.000000000000000000e+00 7.000000000000000000e+00 9.084880332698870298e-01
3.000000000000000000e+00 8.000000000000000000e+00 1.353129791418202332e+00
3.000000000000000000e+00 9.000000000000000000e+00 1.363884573956601898e+00
3.000000000000000000e+00 1.000000000000000000e+01 1.377536216041415518e+00
4.000000000000000000e+00 5.000000000000000000e+00 8.295506911171823816e-01
4.000000000000000000e+00 6.000000000000000000e+00 8.718502401376215794e-01
4.000000000000000000e+00 7.000000000000000000e+00 8.897537166061511016e-01
4.000000000000000000e+00 8.000000000000000000e+00 1.345253323099235621e+00
4.000000000000000000e+00 9.000000000000000000e+00 1.355970312865589555e+00
4.000000000000000000e+00 1.000000000000000000e+01 1.369630029540983340e+00
5.000000000000000000e+00 6.000000000000000000e+00 7.642724612925824168e-01
5.000000000000000000e+00 7.000000000000000000e+00 7.774991443198144836e-01
5.000000000000000000e+00 8.000000000000000000e+00 1.323752468483510691e+00
5.000000000000000000e+00 9.000000000000000000e+00 1.334253466761204265e+00
5.000000000000000000e+00 1.000000000000000000e+01 1.347956705161409641e+00
6.000000000000000000e+00 7.000000000000000000e+00 7.876169476595156205e-01
6.000000000000000000e+00 8.000000000000000000e+00 1.270302954541015383e+00
6.000000000000000000e+00 9.000000000000000000e+00 1.280759223756199106e+00
6.000000000000000000e+00 1.000000000000000000e+01 1.294478665466191281e+00
7.000000000000000000e+00 8.000000000000000000e+00 1.308397207920102057e+00
7.000000000000000000e+00 9.000000000000000000e+00 1.318666999309932919e+00
7.000000000000000000e+00 1.000000000000000000e+01 1.332407419682519745e+00
8.000000000000000000e+00 9.000000000000000000e+00 6.115752158328100485e-01
8.000000000000000000e+00 1.000000000000000000e+01 6.693498550595808894e-01
9.000000000000000000e+00 1.000000000000000000e+01 5.732329505955031657e-01
