1.000000000000000000e+00 2.000000000000000000e+00 5.949955194620720755e-01
1.000000000000000000e+00 3.000000000000000000e+00 1.110691358115576399e+00
1.000000000000000000e+00 4.000000000000000000e+00 1.122663768672827134e+00
1.000000000000000000e+00 5.000000000000000000e+00 1.173388282619432843e+00
1.000000000000000000e+00 6.000000000000000000e+00 1.306942367959762263e+00
1.000000000000000000e+00 7.000000000000000000e+00 1.702316369902198367e+00
1.000000000000000000e+00 8.000000000000000000e+00 2.334811499694570802e+00
1.000000000000000000e+00 9.000000000000000000e+00 2.061764086060602352e+00
1.000000000000000000e+00 1.000000000000000000e+01 2.071706488941361002e+00
2.000000000000000000e+00 3.000000000000000000e+00 1.106167713836989641e+00
2.000000000000000000e+00 4.000000000000000000e+00 1.117275754988970471e+00
2.000000000000000000e+00 5.000000000000000000e+00 1.165850716486793726e+00
2.000000000000000000e+00 6.000000000000000000e+00 1.299649300855070910e+00
2.000000000000000000e+00 7.000000000000000000e+00 1.693455486345681216e+00
2.000000000000000000e+00 8.000000000000000000e+00 2.328836811738125068e+00
2.000000000000000000e+00 9.000000000000000000e+00 2.055767775502869377e+00
2.000000000000000000e+00 1.000000000000000000e+01 2.065712958831634083e+00
3.000000000000000000e+00 4.000000000000000000e+00 6.404287932062675548e-01
3.000000000000000000e+00 5.000000000000000000e+00 8.707029569716371320e-01
3.000000000000000000e+00 6.000000000000000000e+00 1.013307899283750091e+00
3.000000000000000000e+00 7.000000000000000000e+00 1.449481803176094985e+00
3.000000000000000000e+00 8.000000000000000000e+00 2.082136279799902123e+00
3.000000000000000000e+00 9.000000000000000000e+00 1.809206417337806183e+00
3.000000000000000000e+00 1.000000000000000000e+01 1.819139358264852291e+00
4.000000000000000000e+00 5.000000000000000000e+00 8.286379750613783735e-01
4.000000000000000000e+00 6.000000000000000000e+00 9.795500221921360495e-01
4.000000000000000000e+00 7.000000000000000000e+00 1.419254975602814550e+00
4.000000000000000000e+00 8.000000000000000000e+00 2.069382386395699935e+00
4.000000000000000000e+00 9.000000000000000000e+00 1.796380849430174287e+00
4.000000000000000000e+00 1.000000000000000000e+01 1.806324036596855365e+00
5.000000000000000000e+00 6.000000000000000000e+00 8.223954515980971269e-01
5.000000000000000000e+00 7.000000000000000000e+00 1.274081775752096135e+00
5.000000000000000000e+00 8.000000000000000000e+00 2.033564195382569384e+00
5.000000000000000000e+00 9.000000000000000000e+00 1.760222320719095013e+00
5.000000000000000000e+00 1.000000000000000000e+01 1.770212499265053641e+00
6.000000000000000000e+00 7.000000000000000000e+00 1.389097160758726801e+00
6.000000000000000000e+00 8.000000000000000000e+00 2.081117262940457291e+00
6.000000000000000000e+00 9.000000000000000000e+00 1.807749640525548429e+00
6.000000000000000000e+00 1.000000000000000000e+01 1.817752634023913849e+00
7.000000000000000000e+00 8.000000000000000000e+00 2.528235512405696550e+00
7.000000000000000000e+00 9.000000000000000000e+00 2.254530496050572097e+00
7.000000000000000000e+00 1.000000000000000000e+01 2.264563333129665956e+00
8.000000000000000000e+00 9.000000000000000000e+00 1.099686102444020541e+00
8.000000000000000000e+00 1.000000000000000000e+01 1.151157464238937056e+00
9.000000000000000000e+00 1.000000000000000000e+01 6.578619104063667677e-01
