1.000000000000000000e+00 2.000000000000000000e+00 5.857501190447922390e-01
1.000000000000000000e+00 3.000000000000000000e+00 8.467489964798624591e-01
1.000000000000000000e+00 4.000000000000000000e+00 9.074911704341098728e-01
1.000000000000000000e+00 5.000000000000000000e+00 9.335643891321536714e-01
1.000000000000000000e+00 6.000000000000000000e+00 5.870248753123992191e-01
1.000000000000000000e+00 7.000000000000000000e+00 5.905399276033087563e-01
1.000000000000000000e+00 8.000000000000000000e+00 1.080740164969158368e+00
1.000000000000000000e+00 9.000000000000000000e+00 1.090171982743742829e+00
1.000000000000000000e+00 1.000000000000000000e+01 1.089386923950866226e+00
2.000000000000000000e+00 3.000000000000000000e+00 8.427753408721418982e-01
2.000000000000000000e+00 4.000000000000000000e+00 9.035706185215456321e-01
2.000000000000000000e+00 5.000000000000000000e+00 9.297335158369439689e-01
2.000000000000000000e+00 6.000000000000000000e+00 5.834140474597788728e-01
2.000000000000000000e+00 7.000000000000000000e+00 5.868666394624437732e-01
2.000000000000000000e+00 8.000000000000000000e+00 1.077106386800422921e+00
2.000000000000000000e+00 9.000000000000000000e+00 1.086535466185037935e+00
2.000000000000000000e+00 1.000000000000000000e+01 1.085750302325304339e+00
3.000000000000000000e+00 4.000000000000000000e+00 5.781572913026554739e-01
3.000000000000000000e+00 5.000000000000000000e+00 7.035900235353962362e-01
3.000000000000000000e+00 6.000000000000000000e+00 3.719997754195720763e-01
3.000000000000000000e+00 7.000000000000000000e+00 3.759600067809432122e-01
3.000000000000000000e+00 8.000000000000000000e+00 8.681946354407681365e-01
3.000000000000000000e+00 9.000000000000000000e+00 8.776692374903929394e-01
3.000000000000000000e+00 1.000000000000000000e+01 8.768859321708044607e-01
4.000000000000000000e+00 5.000000000000000000e+00 7.423268879003928067e-01
4.000000000000000000e+00 6.000000000000000000e+00 4.129806872875496637e-01
4.000000000000000000e+00 7.000000000000000000e+00 4.172691247615285537e-01
4.000000000000000000e+00 8.000000000000000000e+00 9.095873667907277138e-01
4.000000000000000000e+00 9.000000000000000000e+00 9.190672483337551935e-01
4.000000000000000000e+00 1.000000000000000000e+01 9.182841692508967313e-01
5.000000000000000000e+00 6.000000000000000000e+00 3.788080045634143467e-01
5.000000000000000000e+00 7.000000000000000000e+00 3.807327634082067203e-01
5.000000000000000000e+00 8.000000000000000000e+00 8.784545067934663720e-01
5.000000000000000000e+00 9.000000000000000000e+00 8.879353648842125413e-01
5.000000000000000000e+00 1.000000000000000000e+01 8.871524300542465991e-01
6.000000000000000000e+00 7.000000000000000000e+00 1.282079665028001969e-02
6.000000000000000000e+00 8.000000000000000000e+00 5.077465254331874345e-01
6.000000000000000000e+00 9.000000000000000000e+00 5.172350501921441079e-01
6.000000000000000000e+00 1.000000000000000000e+01 5.164524561832539717e-01
7.000000000000000000e+00 8.000000000000000000e+00 5.139272235775929065e-01
7.000000000000000000e+00 9.000000000000000000e+00 5.234020197187017054e-01
7.000000000000000000e+00 1.000000000000000000e+01 5.226189046735367771e-01
8.000000000000000000e+00 9.000000000000000000e+00 6.081494754663452351e-01
8.000000000000000000e+00 1.000000000000000000e+01 6.595615138319059767e-01
9.000000000000000000e+00 1.000000000000000000e+01 5.708249454049885152e-01
