1.000000000000000000e+00 2.000000000000000000e+00 5.890378185756091067e-01
1.000000000000000000e+00 3.000000000000000000e+00 1.020479935188897125e+00
1.000000000000000000e+00 4.000000000000000000e+00 1.030955599145914503e+00
1.000000000000000000e+00 5.000000000000000000e+00 1.067909368837326456e+00
1.000000000000000000e+00 6.000000000000000000e+00 1.095561122909586960e+00
1.000000000000000000e+00 7.000000000000000000e+00 1.028742278556912915e+00
1.000000000000000000e+00 8.000000000000000000e+00 1.500420633716342600e+00
1.000000000000000000e+00 9.000000000000000000e+00 1.510982427852855858e+00
1.000000000000000000e+00 1.000000000000000000e+01 1.524383791430511614e+00
2.000000000000000000e+00 3.000000000000000000e+00 1.020138651815808428e+00
2.000000000000000000e+00 4.000000000000000000e+00 1.030054449815537287e+00
2.000000000000000000e+00 5.000000000000000000e+00 1.065618950311118196e+00
2.000000000000000000e+00 6.000000000000000000e+00 1.093504793371377293e+00
2.000000000000000000e+00 7.000000000000000000e+00 1.025495812093344838e+00
2.000000000000000000e+00 8.000000000000000000e+00 1.499142105090500721e+00
2.000000000000000000e+00 9.000000000000000000e+00 1.509693056394157074e+00
2.000000000000000000e+00 1.000000000000000000e+01 1.523096082647136917e+00
3.000000000000000000e+00 4.000000000000000000e+00 6.263614854226069451e-01
3.000000000000000000e+00 5.000000000000000000e+00 8.337716823304492930e-01
3.000000000000000000e+00 6.000000000000000000e+00 8.766475817380414703e-01
3.000000000000000000e+00 7.000000000000000000e+00 8.395431233077439437e-01
3.000000000000000000e+00 8.000000000000000000e+00 1.302249021978829191e+00
3.000000000000000000e+00 9.000000000000000000e+00 1.312880977323538145e+00
3.000000000000000000e+00 1.000000000000000000e+01 1.326277419575352390e+00
4.000000000000000000e+00 5.000000000000000000e+00 8.026866871733753239e-01
4.000000000000000000e+00 6.000000000000000000e+00 8.559148728593917177e-01
4.000000000000000000e+00 7.000000000000000000e+00 8.206709087459924667e-01
4.000000000000000000e+00 8.000000000000000000e+00 1.292958723018908351e+00
4.000000000000000000e+00 9.000000000000000000e+00 1.303553767087159754e+00
4.000000000000000000e+00 1.000000000000000000e+01 1.316957052622617308e+00
5.000000000000000000e+00 6.000000000000000000e+00 7.482176149264203602e-01
5.000000000000000000e+00 7.000000000000000000e+00 7.187803227663316363e-01
5.000000000000000000e+00 8.000000000000000000e+00 1.256456655015225188e+00
5.000000000000000000e+00 9.000000000000000000e+00 1.266864302918869312e+00
5.000000000000000000e+00 1.000000000000000000e+01 1.280300262232581865e+00
6.000000000000000000e+00 7.000000000000000000e+00 7.324163431328951646e-01
6.000000000000000000e+00 8.000000000000000000e+00 1.220557908269045200e+00
6.000000000000000000e+00 9.000000000000000000e+00 1.230949017294465042e+00
6.000000000000000000e+00 1.000000000000000000e+01 1.244395761047643489e+00
7.000000000000000000e+00 8.000000000000000000e+00 1.196208726517199228e+00
7.000000000000000000e+00 9.000000000000000000e+00 1.206407538296365933e+00
7.000000000000000000e+00 1.000000000000000000e+01 1.219871826654773006e+00
8.000000000000000000e+00 9.000000000000000000e+00 6.115523372342865915e-01
8.000000000000000000e+00 1.000000000000000000e+01 6.692890859046300989e-01
9.000000000000000000e+00 1.000000000000000000e+01 5.732117773690665885e-01
