1.000000000000000000e+00 2.000000000000000000e+00 5.898782031848013307e-01
1.000000000000000000e+00 3.000000000000000000e+00 9.912807386732954695e-01
1.000000000000000000e+00 4.000000000000000000e+00 9.570942130760121680e-01
1.000000000000000000e+00 5.000000000000000000e+00 1.071230217559257625e+00
1.000000000000000000e+00 6.000000000000000000e+00 1.111463597928723734e+00
1.000000000000000000e+00 7.000000000000000000e+00 1.098230688359769447e+00
1.000000000000000000e+00 8.000000000000000000e+00 1.537721078641291816e+00
1.000000000000000000e+00 9.000000000000000000e+00 1.548543465209793135e+00
1.000000000000000000e+00 1.000000000000000000e+01 1.562120708024955062e+00
2.000000000000000000e+00 3.000000000000000000e+00 9.906037823267733744e-01
2.000000000000000000e+00 4.000000000000000000e+00 9.561783632752344220e-01
2.000000000000000000e+00 5.000000000000000000e+00 1.068840203160276392e+00
2.000000000000000000e+00 6.000000000000000000e+00 1.109352524330520007e+00
2.000000000000000000e+00 7.000000000000000000e+00 1.094952914293938262e+00
2.000000000000000000e+00 8.000000000000000000e+00 1.536353610443638162e+00
2.000000000000000000e+00 9.000000000000000000e+00 1.547165153546458560e+00
2.000000000000000000e+00 1.000000000000000000e+01 1.560744591669416481e+00
3.000000000000000000e+00 4.000000000000000000e+00 5.465050083683881121e-01
3.000000000000000000e+00 5.000000000000000000e+00 7.800696947346414944e-01
3.000000000000000000e+00 6.000000000000000000e+00 8.321901251506071961e-01
3.000000000000000000e+00 7.000000000000000000e+00 8.468346170697753639e-01
3.000000000000000000e+00 8.000000000000000000e+00 1.284093732970525759e+00
3.000000000000000000e+00 9.000000000000000000e+00 1.294980940416205817e+00
3.000000000000000000e+00 1.000000000000000000e+01 1.308552134173287973e+00
4.000000000000000000e+00 5.000000000000000000e+00 7.193728642704946274e-01
4.000000000000000000e+00 6.000000000000000000e+00 7.754002360657163972e-01
4.000000000000000000e+00 7.000000000000000000e+00 7.921125353467208807e-01
4.000000000000000000e+00 8.000000000000000000e+00 1.233527697073458329e+00
4.000000000000000000e+00 9.000000000000000000e+00 1.244402640014941275e+00
4.000000000000000000e+00 1.000000000000000000e+01 1.257977234844229963e+00
5.000000000000000000e+00 6.000000000000000000e+00 7.512853265800734093e-01
5.000000000000000000e+00 7.000000000000000000e+00 7.542647125600157043e-01
5.000000000000000000e+00 8.000000000000000000e+00 1.287344828749695802e+00
5.000000000000000000e+00 9.000000000000000000e+00 1.298004479881153861e+00
5.000000000000000000e+00 1.000000000000000000e+01 1.311626321254391714e+00
6.000000000000000000e+00 7.000000000000000000e+00 7.826059186142368951e-01
6.000000000000000000e+00 8.000000000000000000e+00 1.255709455199848223e+00
6.000000000000000000e+00 9.000000000000000000e+00 1.266327503001768440e+00
6.000000000000000000e+00 1.000000000000000000e+01 1.279967665925021203e+00
7.000000000000000000e+00 8.000000000000000000e+00 1.288195436547653339e+00
7.000000000000000000e+00 9.000000000000000000e+00 1.298643095263264824e+00
7.000000000000000000e+00 1.000000000000000000e+01 1.312303931320776273e+00
8.000000000000000000e+00 9.000000000000000000e+00 6.115654809789534685e-01
8.000000000000000000e+00 1.000000000000000000e+01 6.693274482152398175e-01
9.000000000000000000e+00 1.000000000000000000e+01 5.732233737976060173e-01
