1.000000000000000000e+00 2.000000000000000000e+00 5.115296443221167833e-01
1.000000000000000000e+00 3.000000000000000000e+00 3.340851730353713855e-01
1.000000000000000000e+00 4.000000000000000000e+00 3.289552396974407267e-01
1.000000000000000000e+00 5.000000000000000000e+00 3.241049802460831963e-01
1.000000000000000000e+00 6.000000000000000000e+00 6.069229251572023642e-01
1.000000000000000000e+00 7.000000000000000000e+00 6.039300684557405985e-01
1.000000000000000000e+00 8.000000000000000000e+00 8.972954392385774636e-01
1.000000000000000000e+00 9.000000000000000000e+00 7.565099096135822210e-01
1.000000000000000000e+00 1.000000000000000000e+01 8.948093027410596312e-01
2.000000000000000000e+00 3.000000000000000000e+00 2.948141310980235130e-01
2.000000000000000000e+00 4.000000000000000000e+00 2.895848199312012761e-01
2.000000000000000000e+00 5.000000000000000000e+00 2.846392946503723542e-01
2.000000000000000000e+00 6.000000000000000000e+00 5.674794091975685628e-01
2.000000000000000000e+00 7.000000000000000000e+00 5.643942460540501971e-01
2.000000000000000000e+00 8.000000000000000000e+00 8.579072307068871250e-01
2.000000000000000000e+00 9.000000000000000000e+00 7.171210594099916014e-01
2.000000000000000000e+00 1.000000000000000000e+01 8.554207868800564052e-01
3.000000000000000000e+00 4.000000000000000000e+00 1.466929038881481517e-02
3.000000000000000000e+00 5.000000000000000000e+00 2.146340681362129965e-02
3.000000000000000000e+00 6.000000000000000000e+00 3.033875072669944828e-01
3.000000000000000000e+00 7.000000000000000000e+00 3.051669781430496053e-01
3.000000000000000000e+00 8.000000000000000000e+00 5.949325318516558436e-01
3.000000000000000000e+00 9.000000000000000000e+00 4.541650935349524909e-01
3.000000000000000000e+00 1.000000000000000000e+01 5.924550330832959455e-01
4.000000000000000000e+00 5.000000000000000000e+00 1.525328305690620834e-02
4.000000000000000000e+00 6.000000000000000000e+00 2.975377388288278357e-01
4.000000000000000000e+00 7.000000000000000000e+00 2.991072800539306131e-01
4.000000000000000000e+00 8.000000000000000000e+00 5.910876017580597441e-01
4.000000000000000000e+00 9.000000000000000000e+00 4.503134414295130172e-01
4.000000000000000000e+00 1.000000000000000000e+01 5.886069039980036388e-01
5.000000000000000000e+00 6.000000000000000000e+00 2.904821880757175734e-01
5.000000000000000000e+00 7.000000000000000000e+00 2.920805510106209146e-01
5.000000000000000000e+00 8.000000000000000000e+00 5.871594715874484116e-01
5.000000000000000000e+00 9.000000000000000000e+00 4.463781922594932672e-01
5.000000000000000000e+00 1.000000000000000000e+01 5.846753879091716177e-01
6.000000000000000000e+00 7.000000000000000000e+00 5.736371848656717232e-01
6.000000000000000000e+00 8.000000000000000000e+00 8.594003958670806131e-01
6.000000000000000000e+00 9.000000000000000000e+00 7.186191308670611955e-01
6.000000000000000000e+00 1.000000000000000000e+01 8.569165385132971879e-01
7.000000000000000000e+00 8.000000000000000000e+00 8.662432494218872403e-01
7.000000000000000000e+00 9.000000000000000000e+00 7.254526115399423380e-01
7.000000000000000000e+00 1.000000000000000000e+01 8.637546966418040428e-01
8.000000000000000000e+00 9.000000000000000000e+00 4.858221150792528809e-01
8.000000000000000000e+00 1.000000000000000000e+01 6.396303715557499769e-01
9.000000000000000000e+00 1.000000000000000000e+01 4.718198439735351579e-01
