1.000000000000000000e+00 2.000000000000000000e+00 3.032612164893638829e-01
1.000000000000000000e+00 3.000000000000000000e+00 8.195233090373166274e-01
1.000000000000000000e+00 4.000000000000000000e+00 7.994104369888063166e-01
1.000000000000000000e+00 5.000000000000000000e+00 8.808203719045638591e-01
1.000000000000000000e+00 6.000000000000000000e+00 9.199454468837980903e-01
1.000000000000000000e+00 7.000000000000000000e+00 9.002258205449003015e-01
1.000000000000000000e+00 8.000000000000000000e+00 1.133523970117338298e+00
1.000000000000000000e+00 9.000000000000000000e+00 1.139612331629864306e+00
1.000000000000000000e+00 1.000000000000000000e+01 1.152748232318961286e+00
2.000000000000000000e+00 3.000000000000000000e+00 8.127990862364102842e-01
2.000000000000000000e+00 4.000000000000000000e+00 7.924125169683514658e-01
2.000000000000000000e+00 5.000000000000000000e+00 8.729601542706501016e-01
2.000000000000000000e+00 6.000000000000000000e+00 9.123714736560152305e-01
2.000000000000000000e+00 7.000000000000000000e+00 8.918621476287382777e-01
2.000000000000000000e+00 8.000000000000000000e+00 1.126542517558660528e+00
2.000000000000000000e+00 9.000000000000000000e+00 1.132627219699468890e+00
2.000000000000000000e+00 1.000000000000000000e+01 1.145765057215366589e+00
3.000000000000000000e+00 4.000000000000000000e+00 5.778692763005902622e-01
3.000000000000000000e+00 5.000000000000000000e+00 8.183579931906191929e-01
3.000000000000000000e+00 6.000000000000000000e+00 8.670757017726066218e-01
3.000000000000000000e+00 7.000000000000000000e+00 8.737050557308654319e-01
3.000000000000000000e+00 8.000000000000000000e+00 1.102218977185853266e+00
3.000000000000000000e+00 9.000000000000000000e+00 1.108338513692405103e+00
3.000000000000000000e+00 1.000000000000000000e+01 1.121464622230893937e+00
4.000000000000000000e+00 5.000000000000000000e+00 7.618098119264794521e-01
4.000000000000000000e+00 6.000000000000000000e+00 8.183010724603000385e-01
4.000000000000000000e+00 7.000000000000000000e+00 8.264518561597822277e-01
4.000000000000000000e+00 8.000000000000000000e+00 1.063840196736448807e+00
4.000000000000000000e+00 9.000000000000000000e+00 1.069945646537731720e+00
4.000000000000000000e+00 1.000000000000000000e+01 1.083080499767310023e+00
5.000000000000000000e+00 6.000000000000000000e+00 7.522863146124761924e-01
5.000000000000000000e+00 7.000000000000000000e+00 7.533553679506770351e-01
5.000000000000000000e+00 8.000000000000000000e+00 1.076525197457269378e+00
5.000000000000000000e+00 9.000000000000000000e+00 1.082532042682271767e+00
5.000000000000000000e+00 1.000000000000000000e+01 1.095723685479859100e+00
6.000000000000000000e+00 7.000000000000000000e+00 7.822054199022301368e-01
6.000000000000000000e+00 8.000000000000000000e+00 1.042159162672282147e+00
6.000000000000000000e+00 9.000000000000000000e+00 1.048150953951460851e+00
6.000000000000000000e+00 1.000000000000000000e+01 1.061361559617223893e+00
7.000000000000000000e+00 8.000000000000000000e+00 1.074775285133765301e+00
7.000000000000000000e+00 9.000000000000000000e+00 1.080684936432886767e+00
7.000000000000000000e+00 1.000000000000000000e+01 1.093923722911213758e+00
8.000000000000000000e+00 9.000000000000000000e+00 3.116785031541569051e-01
8.000000000000000000e+00 1.000000000000000000e+01 3.490105006701469392e-01
9.000000000000000000e+00 1.000000000000000000e+01 2.922241713327184964e-01
