1.000000000000000000e+00 2.000000000000000000e+00 5.899052141171718944e-01
1.000000000000000000e+00 3.000000000000000000e+00 1.032196764082615736e+00
1.000000000000000000e+00 4.000000000000000000e+00 1.043859717307767943e+00
1.000000000000000000e+00 5.000000000000000000e+00 1.091243262922154456e+00
1.000000000000000000e+00 6.000000000000000000e+00 1.127522358473679764e+00
1.000000000000000000e+00 7.000000000000000000e+00 1.113812334291020889e+00
1.000000000000000000e+00 8.000000000000000000e+00 1.557372692195306829e+00
1.000000000000000000e+00 9.000000000000000000e+00 1.568124518752895380e+00
1.000000000000000000e+00 1.000000000000000000e+01 1.581834217089374883e+00
2.000000000000000000e+00 3.000000000000000000e+00 1.031630846212488795e+00
2.000000000000000000e+00 4.000000000000000000e+00 1.042743937310184998e+00
2.000000000000000000e+00 5.000000000000000000e+00 1.088862790163367622e+00
2.000000000000000000e+00 6.000000000000000000e+00 1.125507043164197585e+00
2.000000000000000000e+00 7.000000000000000000e+00 1.110627989245685399e+00
2.000000000000000000e+00 8.000000000000000000e+00 1.556166299623084281e+00
2.000000000000000000e+00 9.000000000000000000e+00 1.566907269059861996e+00
2.000000000000000000e+00 1.000000000000000000e+01 1.580618934008173104e+00
3.000000000000000000e+00 4.000000000000000000e+00 6.264416595385868813e-01
3.000000000000000000e+00 5.000000000000000000e+00 8.381944547488400232e-01
3.000000000000000000e+00 6.000000000000000000e+00 8.870371938630026154e-01
3.000000000000000000e+00 7.000000000000000000e+00 8.981838549152452167e-01
3.000000000000000000e+00 8.000000000000000000e+00 1.341212653694024315e+00
3.000000000000000000e+00 9.000000000000000000e+00 1.352021982308584391e+00
3.000000000000000000e+00 1.000000000000000000e+01 1.365727572399936696e+00
4.000000000000000000e+00 5.000000000000000000e+00 8.060835144903284455e-01
4.000000000000000000e+00 6.000000000000000000e+00 8.652472267652744353e-01
4.000000000000000000e+00 7.000000000000000000e+00 8.766561637653773609e-01
4.000000000000000000e+00 8.000000000000000000e+00 1.332117714083568938e+00
4.000000000000000000e+00 9.000000000000000000e+00 1.342888074284646294e+00
4.000000000000000000e+00 1.000000000000000000e+01 1.356601961131723266e+00
5.000000000000000000e+00 6.000000000000000000e+00 7.533824517135512266e-01
5.000000000000000000e+00 7.000000000000000000e+00 7.565327864923871992e-01
5.000000000000000000e+00 8.000000000000000000e+00 1.299623097152732054e+00
5.000000000000000000e+00 9.000000000000000000e+00 1.310194301181560217e+00
5.000000000000000000e+00 1.000000000000000000e+01 1.323948404234876142e+00
6.000000000000000000e+00 7.000000000000000000e+00 7.842710330535922481e-01
6.000000000000000000e+00 8.000000000000000000e+00 1.262483360778590580e+00
6.000000000000000000e+00 9.000000000000000000e+00 1.273022393590653945e+00
6.000000000000000000e+00 1.000000000000000000e+01 1.286791671190073094e+00
7.000000000000000000e+00 8.000000000000000000e+00 1.298157123330784923e+00
7.000000000000000000e+00 9.000000000000000000e+00 1.308521447350277533e+00
7.000000000000000000e+00 1.000000000000000000e+01 1.322308894935103174e+00
8.000000000000000000e+00 9.000000000000000000e+00 6.115699716867379898e-01
8.000000000000000000e+00 1.000000000000000000e+01 6.693404222311556406e-01
9.000000000000000000e+00 1.000000000000000000e+01 5.732282334234886090e-01
