1.000000000000000000e+00 2.000000000000000000e+00 5.899135954108373214e-01
1.000000000000000000e+00 3.000000000000000000e+00 1.035293909916304766e+00
1.000000000000000000e+00 4.000000000000000000e+00 1.047058270366046262e+00
1.000000000000000000e+00 5.000000000000000000e+00 1.095176238879213004e+00
1.000000000000000000e+00 6.000000000000000000e+00 1.134168418863505945e+00
1.000000000000000000e+00 7.000000000000000000e+00 1.117890574978819718e+00
1.000000000000000000e+00 8.000000000000000000e+00 1.571068927936472237e+00
1.000000000000000000e+00 9.000000000000000000e+00 1.581807768388374225e+00
1.000000000000000000e+00 1.000000000000000000e+01 1.595520524152294950e+00
2.000000000000000000e+00 3.000000000000000000e+00 1.034437026173114837e+00
2.000000000000000000e+00 4.000000000000000000e+00 1.045646302005220907e+00
2.000000000000000000e+00 5.000000000000000000e+00 1.092476751527707846e+00
2.000000000000000000e+00 6.000000000000000000e+00 1.131804466667494236e+00
2.000000000000000000e+00 7.000000000000000000e+00 1.114383800333249130e+00
2.000000000000000000e+00 8.000000000000000000e+00 1.569524031886705417e+00
2.000000000000000000e+00 9.000000000000000000e+00 1.580252550128443012e+00
2.000000000000000000e+00 1.000000000000000000e+01 1.593967166499392629e+00
3.000000000000000000e+00 4.000000000000000000e+00 6.264714272548017604e-01
3.000000000000000000e+00 5.000000000000000000e+00 8.389578764081451201e-01
3.000000000000000000e+00 6.000000000000000000e+00 8.900228786650021817e-01
3.000000000000000000e+00 7.000000000000000000e+00 8.996516079207395045e-01
3.000000000000000000e+00 8.000000000000000000e+00 1.351550805092309515e+00
3.000000000000000000e+00 9.000000000000000000e+00 1.362348786972670478e+00
3.000000000000000000e+00 1.000000000000000000e+01 1.376056882305765949e+00
4.000000000000000000e+00 5.000000000000000000e+00 8.066089728807712689e-01
4.000000000000000000e+00 6.000000000000000000e+00 8.677999970870469149e-01
4.000000000000000000e+00 7.000000000000000000e+00 8.778770279032643842e-01
4.000000000000000000e+00 8.000000000000000000e+00 1.342402971589443217e+00
4.000000000000000000e+00 9.000000000000000000e+00 1.353163092499980014e+00
4.000000000000000000e+00 1.000000000000000000e+01 1.366879191343344235e+00
5.000000000000000000e+00 6.000000000000000000e+00 7.543198692413852768e-01
5.000000000000000000e+00 7.000000000000000000e+00 7.568996706586683665e-01
5.000000000000000000e+00 8.000000000000000000e+00 1.310104346955552002e+00
5.000000000000000000e+00 9.000000000000000000e+00 1.320671023715034753e+00
5.000000000000000000e+00 1.000000000000000000e+01 1.334425913619618154e+00
6.000000000000000000e+00 7.000000000000000000e+00 7.856598434199801861e-01
6.000000000000000000e+00 8.000000000000000000e+00 1.274999605967304328e+00
6.000000000000000000e+00 9.000000000000000000e+00 1.285534578369740277e+00
6.000000000000000000e+00 1.000000000000000000e+01 1.299303973818414892e+00
7.000000000000000000e+00 8.000000000000000000e+00 1.308746373499528159e+00
7.000000000000000000e+00 9.000000000000000000e+00 1.319112495773784755e+00
7.000000000000000000e+00 1.000000000000000000e+01 1.332899659212029686e+00
8.000000000000000000e+00 9.000000000000000000e+00 6.115701374900130993e-01
8.000000000000000000e+00 1.000000000000000000e+01 6.693405200970548030e-01
9.000000000000000000e+00 1.000000000000000000e+01 5.732282756095048448e-01
