1.000000000000000000e+00 2.000000000000000000e+00 5.907162003906304415e-01
1.000000000000000000e+00 3.000000000000000000e+00 1.036477074741046556e+00
1.000000000000000000e+00 4.000000000000000000e+00 1.048707167196424983e+00
1.000000000000000000e+00 5.000000000000000000e+00 1.101453510880519904e+00
1.000000000000000000e+00 6.000000000000000000e+00 1.142099486322325497e+00
1.000000000000000000e+00 7.000000000000000000e+00 1.159641974272227705e+00
1.000000000000000000e+00 8.000000000000000000e+00 1.586806833239728043e+00
1.000000000000000000e+00 9.000000000000000000e+00 1.597654389108718043e+00
1.000000000000000000e+00 1.000000000000000000e+01 1.611330767532369590e+00
2.000000000000000000e+00 3.000000000000000000e+00 1.035938314718597875e+00
2.000000000000000000e+00 4.000000000000000000e+00 1.047600376588114557e+00
2.000000000000000000e+00 5.000000000000000000e+00 1.099082443471516513e+00
2.000000000000000000e+00 6.000000000000000000e+00 1.140142094017314811e+00
2.000000000000000000e+00 7.000000000000000000e+00 1.156511406113122087e+00
2.000000000000000000e+00 8.000000000000000000e+00 1.585669232744972401e+00
2.000000000000000000e+00 9.000000000000000000e+00 1.596505194720805765e+00
2.000000000000000000e+00 1.000000000000000000e+01 1.610183827110241550e+00
3.000000000000000000e+00 4.000000000000000000e+00 6.264851598732348315e-01
3.000000000000000000e+00 5.000000000000000000e+00 8.407575388794130689e-01
3.000000000000000000e+00 6.000000000000000000e+00 8.934704226102598845e-01
3.000000000000000000e+00 7.000000000000000000e+00 9.326044811695368697e-01
3.000000000000000000e+00 8.000000000000000000e+00 1.367151141536483649e+00
3.000000000000000000e+00 9.000000000000000000e+00 1.378055640470026599e+00
3.000000000000000000e+00 1.000000000000000000e+01 1.391727605176126259e+00
4.000000000000000000e+00 5.000000000000000000e+00 8.080702289693371121e-01
4.000000000000000000e+00 6.000000000000000000e+00 8.711005291579145826e-01
4.000000000000000000e+00 7.000000000000000000e+00 9.096524981100790885e-01
4.000000000000000000e+00 8.000000000000000000e+00 1.358667898738615598e+00
4.000000000000000000e+00 9.000000000000000000e+00 1.369534048660648651e+00
4.000000000000000000e+00 1.000000000000000000e+01 1.383214773683887566e+00
5.000000000000000000e+00 6.000000000000000000e+00 7.566023005025965809e-01
5.000000000000000000e+00 7.000000000000000000e+00 7.794780641068321803e-01
5.000000000000000000e+00 8.000000000000000000e+00 1.331205145576017657e+00
5.000000000000000000e+00 9.000000000000000000e+00 1.341877304997916021e+00
5.000000000000000000e+00 1.000000000000000000e+01 1.355600211387731457e+00
6.000000000000000000e+00 7.000000000000000000e+00 8.148127221716394697e-01
6.000000000000000000e+00 8.000000000000000000e+00 1.296630991775046482e+00
6.000000000000000000e+00 9.000000000000000000e+00 1.307264396574284948e+00
6.000000000000000000e+00 1.000000000000000000e+01 1.321004201690073154e+00
7.000000000000000000e+00 8.000000000000000000e+00 1.364949015036436730e+00
7.000000000000000000e+00 9.000000000000000000e+00 1.375428705975394905e+00
7.000000000000000000e+00 1.000000000000000000e+01 1.389185401151744825e+00
8.000000000000000000e+00 9.000000000000000000e+00 6.115715039379283624e-01
8.000000000000000000e+00 1.000000000000000000e+01 6.693414420272667531e-01
9.000000000000000000e+00 1.000000000000000000e+01 5.732284206805584592e-01
