1.000000000000000000e+00 2.000000000000000000e+00 5.762510276394078312e-01
1.000000000000000000e+00 3.000000000000000000e+00 8.675925200654254210e-01
1.000000000000000000e+00 4.000000000000000000e+00 8.838772521608740940e-01
1.000000000000000000e+00 5.000000000000000000e+00 9.151076386037443333e-01
1.000000000000000000e+00 6.000000000000000000e+00 8.191296588709616744e-01
1.000000000000000000e+00 7.000000000000000000e+00 6.354106680134590235e-01
1.000000000000000000e+00 8.000000000000000000e+00 7.746718865473297688e-01
1.000000000000000000e+00 9.000000000000000000e+00 9.266143669590228837e-01
1.000000000000000000e+00 1.000000000000000000e+01 9.949631680431857417e-01
2.000000000000000000e+00 3.000000000000000000e+00 8.830597205426370389e-01
2.000000000000000000e+00 4.000000000000000000e+00 8.992380472733797481e-01
2.000000000000000000e+00 5.000000000000000000e+00 9.303612504754902313e-01
2.000000000000000000e+00 6.000000000000000000e+00 8.346233590718007411e-01
2.000000000000000000e+00 7.000000000000000000e+00 6.505997167934229886e-01
2.000000000000000000e+00 8.000000000000000000e+00 7.901849028073190118e-01
2.000000000000000000e+00 9.000000000000000000e+00 9.421273222654350521e-01
2.000000000000000000e+00 1.000000000000000000e+01 1.010476126206591552e+00
3.000000000000000000e+00 4.000000000000000000e+00 5.966853258183698605e-01
3.000000000000000000e+00 5.000000000000000000e+00 7.679203990815463010e-01
3.000000000000000000e+00 6.000000000000000000e+00 6.851340329639178384e-01
3.000000000000000000e+00 7.000000000000000000e+00 5.067363691936990211e-01
3.000000000000000000e+00 8.000000000000000000e+00 6.415862926922065723e-01
3.000000000000000000e+00 9.000000000000000000e+00 7.935292453739665186e-01
3.000000000000000000e+00 1.000000000000000000e+01 8.618781273549603883e-01
4.000000000000000000e+00 5.000000000000000000e+00 7.606191720079352736e-01
4.000000000000000000e+00 6.000000000000000000e+00 6.874415453273695631e-01
4.000000000000000000e+00 7.000000000000000000e+00 5.078823881431508980e-01
4.000000000000000000e+00 8.000000000000000000e+00 6.444757784548696966e-01
4.000000000000000000e+00 9.000000000000000000e+00 7.964183797865876935e-01
4.000000000000000000e+00 1.000000000000000000e+01 8.647672210854834285e-01
5.000000000000000000e+00 6.000000000000000000e+00 6.496248081644936390e-01
5.000000000000000000e+00 7.000000000000000000e+00 4.565115341486998268e-01
5.000000000000000000e+00 8.000000000000000000e+00 6.141156627575728999e-01
5.000000000000000000e+00 9.000000000000000000e+00 7.660560816592015820e-01
5.000000000000000000e+00 1.000000000000000000e+01 8.344046670237218466e-01
6.000000000000000000e+00 7.000000000000000000e+00 3.623563621278926838e-01
6.000000000000000000e+00 8.000000000000000000e+00 4.783421305995928519e-01
6.000000000000000000e+00 9.000000000000000000e+00 6.302818673068434352e-01
6.000000000000000000e+00 1.000000000000000000e+01 6.986303851914820173e-01
7.000000000000000000e+00 8.000000000000000000e+00 3.224788480458778972e-01
7.000000000000000000e+00 9.000000000000000000e+00 4.744168184044420533e-01
7.000000000000000000e+00 1.000000000000000000e+01 5.427650782054321832e-01
8.000000000000000000e+00 9.000000000000000000e+00 1.927013123805975114e-01
8.000000000000000000e+00 1.000000000000000000e+01 2.640468051772585367e-01
9.000000000000000000e+00 1.000000000000000000e+01 4.080944343842177746e-01
