1.000000000000000000e+00 2.000000000000000000e+00 5.899075845107868421e-01
1.000000000000000000e+00 3.000000000000000000e+00 1.033140655402877917e+00
1.000000000000000000e+00 4.000000000000000000e+00 1.044837417562726634e+00
1.000000000000000000e+00 5.000000000000000000e+00 1.092466512471000684e+00
1.000000000000000000e+00 6.000000000000000000e+00 1.129605546298502183e+00
1.000000000000000000e+00 7.000000000000000000e+00 1.115087136828674996e+00
1.000000000000000000e+00 8.000000000000000000e+00 1.561161485409608751e+00
1.000000000000000000e+00 9.000000000000000000e+00 1.571907540968948691e+00
1.000000000000000000e+00 1.000000000000000000e+01 1.585618730444589453e+00
2.000000000000000000e+00 3.000000000000000000e+00 1.032485031781733342e+00
2.000000000000000000e+00 4.000000000000000000e+00 1.043630144852524699e+00
2.000000000000000000e+00 5.000000000000000000e+00 1.089986941747263849e+00
2.000000000000000000e+00 6.000000000000000000e+00 1.127481704661839945e+00
2.000000000000000000e+00 7.000000000000000000e+00 1.111802478016250095e+00
2.000000000000000000e+00 8.000000000000000000e+00 1.559845742524453627e+00
2.000000000000000000e+00 9.000000000000000000e+00 1.570581081183593408e+00
2.000000000000000000e+00 1.000000000000000000e+01 1.584294208825568262e+00
3.000000000000000000e+00 4.000000000000000000e+00 6.264516035300224939e-01
3.000000000000000000e+00 5.000000000000000000e+00 8.384408938081682194e-01
3.000000000000000000e+00 6.000000000000000000e+00 8.879907647297411444e-01
3.000000000000000000e+00 7.000000000000000000e+00 8.986465447455516120e-01
3.000000000000000000e+00 8.000000000000000000e+00 1.343932715899384789e+00
3.000000000000000000e+00 9.000000000000000000e+00 1.354737337401909603e+00
3.000000000000000000e+00 1.000000000000000000e+01 1.368444178236327691e+00
4.000000000000000000e+00 5.000000000000000000e+00 8.062515658205242630e-01
4.000000000000000000e+00 6.000000000000000000e+00 8.660598380131863117e-01
4.000000000000000000e+00 7.000000000000000000e+00 8.770369515471343469e-01
4.000000000000000000e+00 8.000000000000000000e+00 1.334789484201115428e+00
4.000000000000000000e+00 9.000000000000000000e+00 1.345555451411165837e+00
4.000000000000000000e+00 1.000000000000000000e+01 1.359270507558091978e+00
5.000000000000000000e+00 6.000000000000000000e+00 7.536803900687445434e-01
5.000000000000000000e+00 7.000000000000000000e+00 7.566444737965627443e-01
5.000000000000000000e+00 8.000000000000000000e+00 1.302253633772943342e+00
5.000000000000000000e+00 9.000000000000000000e+00 1.312821813547233152e+00
5.000000000000000000e+00 1.000000000000000000e+01 1.326576735420038400e+00
6.000000000000000000e+00 7.000000000000000000e+00 7.847056188560646017e-01
6.000000000000000000e+00 8.000000000000000000e+00 1.265696413791043806e+00
6.000000000000000000e+00 9.000000000000000000e+00 1.276232812428943042e+00
6.000000000000000000e+00 1.000000000000000000e+01 1.290002722020744397e+00
7.000000000000000000e+00 8.000000000000000000e+00 1.300774911439324999e+00
7.000000000000000000e+00 9.000000000000000000e+00 1.311137351025997599e+00
7.000000000000000000e+00 1.000000000000000000e+01 1.324925400858700364e+00
8.000000000000000000e+00 9.000000000000000000e+00 6.115700190011881254e-01
8.000000000000000000e+00 1.000000000000000000e+01 6.693404534681697271e-01
9.000000000000000000e+00 1.000000000000000000e+01 5.732282402339841099e-01
