1.000000000000000000e+00 2.000000000000000000e+00 6.910335709269475879e-02
1.000000000000000000e+00 3.000000000000000000e+00 4.261899756113412541e-01
1.000000000000000000e+00 4.000000000000000000e+00 4.703816446237951698e-01
1.000000000000000000e+00 5.000000000000000000e+00 5.499050000753372691e-01
1.000000000000000000e+00 6.000000000000000000e+00 3.484649650361184015e-01
1.000000000000000000e+00 7.000000000000000000e+00 5.332875711149130948e-01
1.000000000000000000e+00 8.000000000000000000e+00 6.610842760086165226e-01
1.000000000000000000e+00 9.000000000000000000e+00 5.587013126974349486e-01
1.000000000000000000e+00 1.000000000000000000e+01 5.440642185448931745e-01
2.000000000000000000e+00 3.000000000000000000e+00 4.378326914587780672e-01
2.000000000000000000e+00 4.000000000000000000e+00 4.818555329511693408e-01
2.000000000000000000e+00 5.000000000000000000e+00 5.608419364382845052e-01
2.000000000000000000e+00 6.000000000000000000e+00 3.594579204629740343e-01
2.000000000000000000e+00 7.000000000000000000e+00 5.439365349971799768e-01
2.000000000000000000e+00 8.000000000000000000e+00 6.722835240924583955e-01
2.000000000000000000e+00 9.000000000000000000e+00 5.698969388361299071e-01
2.000000000000000000e+00 1.000000000000000000e+01 5.552596865011747429e-01
3.000000000000000000e+00 4.000000000000000000e+00 5.258892390991090071e-01
3.000000000000000000e+00 5.000000000000000000e+00 6.723547887119630806e-01
3.000000000000000000e+00 6.000000000000000000e+00 4.766165409966723332e-01
3.000000000000000000e+00 7.000000000000000000e+00 6.711245403633377959e-01
3.000000000000000000e+00 8.000000000000000000e+00 8.013673305657601498e-01
3.000000000000000000e+00 9.000000000000000000e+00 6.990034460250467152e-01
3.000000000000000000e+00 1.000000000000000000e+01 6.843675252645149421e-01
4.000000000000000000e+00 5.000000000000000000e+00 6.883759099567413609e-01
4.000000000000000000e+00 6.000000000000000000e+00 4.973359028184432540e-01
4.000000000000000000e+00 7.000000000000000000e+00 6.940519645155688311e-01
4.000000000000000000e+00 8.000000000000000000e+00 8.301183100566037476e-01
4.000000000000000000e+00 9.000000000000000000e+00 7.277350939574616095e-01
4.000000000000000000e+00 1.000000000000000000e+01 7.130984553724666331e-01
5.000000000000000000e+00 6.000000000000000000e+00 4.404117654312493246e-01
5.000000000000000000e+00 7.000000000000000000e+00 6.310987439300507207e-01
5.000000000000000000e+00 8.000000000000000000e+00 8.293065596905876413e-01
5.000000000000000000e+00 9.000000000000000000e+00 7.267671124250771886e-01
5.000000000000000000e+00 1.000000000000000000e+01 7.121241648088740828e-01
6.000000000000000000e+00 7.000000000000000000e+00 4.273221505495049533e-01
6.000000000000000000e+00 8.000000000000000000e+00 5.834907663308027681e-01
6.000000000000000000e+00 9.000000000000000000e+00 4.809529746331102640e-01
6.000000000000000000e+00 1.000000000000000000e+01 4.663109661904247805e-01
7.000000000000000000e+00 8.000000000000000000e+00 7.922544836900856646e-01
7.000000000000000000e+00 9.000000000000000000e+00 6.895732784163255413e-01
7.000000000000000000e+00 1.000000000000000000e+01 6.749238436214228809e-01
8.000000000000000000e+00 9.000000000000000000e+00 2.773041463740142376e-01
8.000000000000000000e+00 1.000000000000000000e+01 2.675625913595903738e-01
9.000000000000000000e+00 1.000000000000000000e+01 8.374747632084411642e-02
