1.000000000000000000e+00 2.000000000000000000e+00 5.898549991475989795e-01
1.000000000000000000e+00 3.000000000000000000e+00 1.029532425479371849e+00
1.000000000000000000e+00 4.000000000000000000e+00 1.040929709115752999e+00
1.000000000000000000e+00 5.000000000000000000e+00 1.086590597825897841e+00
1.000000000000000000e+00 6.000000000000000000e+00 1.120773273212662291e+00
1.000000000000000000e+00 7.000000000000000000e+00 1.107727086666545402e+00
1.000000000000000000e+00 8.000000000000000000e+00 1.507031654078250460e+00
1.000000000000000000e+00 9.000000000000000000e+00 1.514730303813452750e+00
1.000000000000000000e+00 1.000000000000000000e+01 1.526180162989289046e+00
2.000000000000000000e+00 3.000000000000000000e+00 1.028846482350535663e+00
2.000000000000000000e+00 4.000000000000000000e+00 1.039688667738050576e+00
2.000000000000000000e+00 5.000000000000000000e+00 1.084042550173987873e+00
2.000000000000000000e+00 6.000000000000000000e+00 1.118528851596481966e+00
2.000000000000000000e+00 7.000000000000000000e+00 1.104356512433937398e+00
2.000000000000000000e+00 8.000000000000000000e+00 1.505299958447598785e+00
2.000000000000000000e+00 9.000000000000000000e+00 1.512981704283641982e+00
2.000000000000000000e+00 1.000000000000000000e+01 1.524431515952781480e+00
3.000000000000000000e+00 4.000000000000000000e+00 6.264303488045626089e-01
3.000000000000000000e+00 5.000000000000000000e+00 8.377875092972966176e-01
3.000000000000000000e+00 6.000000000000000000e+00 8.858741807715604377e-01
3.000000000000000000e+00 7.000000000000000000e+00 8.970283023727410043e-01
3.000000000000000000e+00 8.000000000000000000e+00 1.301334560816732600e+00
3.000000000000000000e+00 9.000000000000000000e+00 1.309163462458633020e+00
3.000000000000000000e+00 1.000000000000000000e+01 1.320623806783231879e+00
4.000000000000000000e+00 5.000000000000000000e+00 8.057987760867617588e-01
4.000000000000000000e+00 6.000000000000000000e+00 8.642681068465580818e-01
4.000000000000000000e+00 7.000000000000000000e+00 8.757084333715903224e-01
4.000000000000000000e+00 8.000000000000000000e+00 1.292249006745201934e+00
4.000000000000000000e+00 9.000000000000000000e+00 1.300028767050251055e+00
4.000000000000000000e+00 1.000000000000000000e+01 1.311491176487146637e+00
5.000000000000000000e+00 6.000000000000000000e+00 7.530545792207627986e-01
5.000000000000000000e+00 7.000000000000000000e+00 7.563004762818548166e-01
5.000000000000000000e+00 8.000000000000000000e+00 1.259625345586787182e+00
5.000000000000000000e+00 9.000000000000000000e+00 1.267154958411314425e+00
5.000000000000000000e+00 1.000000000000000000e+01 1.278625454138769824e+00
6.000000000000000000e+00 7.000000000000000000e+00 7.837634283130672230e-01
6.000000000000000000e+00 8.000000000000000000e+00 1.225789763417989731e+00
6.000000000000000000e+00 9.000000000000000000e+00 1.233320549068817051e+00
6.000000000000000000e+00 1.000000000000000000e+01 1.244806301701454787e+00
7.000000000000000000e+00 8.000000000000000000e+00 1.255200613235931018e+00
7.000000000000000000e+00 9.000000000000000000e+00 1.262442703315052928e+00
7.000000000000000000e+00 1.000000000000000000e+01 1.273909145998919135e+00
8.000000000000000000e+00 9.000000000000000000e+00 6.114696431028754375e-01
8.000000000000000000e+00 1.000000000000000000e+01 6.689819390128028953e-01
9.000000000000000000e+00 1.000000000000000000e+01 5.731132073871736399e-01
