1.000000000000000000e+00 2.000000000000000000e+00 5.899001891037691792e-01
1.000000000000000000e+00 3.000000000000000000e+00 1.029289911274822833e+00
1.000000000000000000e+00 4.000000000000000000e+00 1.039639736477525389e+00
1.000000000000000000e+00 5.000000000000000000e+00 1.052451760918053703e+00
1.000000000000000000e+00 6.000000000000000000e+00 1.116945411483395878e+00
1.000000000000000000e+00 7.000000000000000000e+00 1.102196327072880067e+00
1.000000000000000000e+00 8.000000000000000000e+00 1.535021422412980785e+00
1.000000000000000000e+00 9.000000000000000000e+00 1.545516471387793356e+00
1.000000000000000000e+00 1.000000000000000000e+01 1.558963948002135780e+00
2.000000000000000000e+00 3.000000000000000000e+00 1.028633041586933361e+00
2.000000000000000000e+00 4.000000000000000000e+00 1.038413657242742261e+00
2.000000000000000000e+00 5.000000000000000000e+00 1.049921256746148002e+00
2.000000000000000000e+00 6.000000000000000000e+00 1.114787371566456686e+00
2.000000000000000000e+00 7.000000000000000000e+00 1.098929788289546572e+00
2.000000000000000000e+00 8.000000000000000000e+00 1.533609439453634371e+00
2.000000000000000000e+00 9.000000000000000000e+00 1.544092733827827413e+00
2.000000000000000000e+00 1.000000000000000000e+01 1.557542050001793577e+00
3.000000000000000000e+00 4.000000000000000000e+00 6.262345832707925108e-01
3.000000000000000000e+00 5.000000000000000000e+00 7.983569357773336872e-01
3.000000000000000000e+00 6.000000000000000000e+00 8.774352627903385660e-01
3.000000000000000000e+00 7.000000000000000000e+00 8.846243348531510620e-01
3.000000000000000000e+00 8.000000000000000000e+00 1.322510736570234213e+00
3.000000000000000000e+00 9.000000000000000000e+00 1.333072436280965167e+00
3.000000000000000000e+00 1.000000000000000000e+01 1.346517007189824255e+00
4.000000000000000000e+00 5.000000000000000000e+00 7.635800793180116397e-01
4.000000000000000000e+00 6.000000000000000000e+00 8.538573393301513992e-01
4.000000000000000000e+00 7.000000000000000000e+00 8.603934677979054868e-01
4.000000000000000000e+00 8.000000000000000000e+00 1.312082427976886789e+00
4.000000000000000000e+00 9.000000000000000000e+00 1.322603145689833060e+00
4.000000000000000000e+00 1.000000000000000000e+01 1.336055650425802988e+00
5.000000000000000000e+00 6.000000000000000000e+00 7.385143615215172819e-01
5.000000000000000000e+00 7.000000000000000000e+00 7.361358555015300453e-01
5.000000000000000000e+00 8.000000000000000000e+00 1.263549179929237321e+00
5.000000000000000000e+00 9.000000000000000000e+00 1.273891526529937313e+00
5.000000000000000000e+00 1.000000000000000000e+01 1.287376179111199725e+00
6.000000000000000000e+00 7.000000000000000000e+00 7.821878342964199149e-01
6.000000000000000000e+00 8.000000000000000000e+00 1.249724138262932938e+00
6.000000000000000000e+00 9.000000000000000000e+00 1.260040635089706651e+00
6.000000000000000000e+00 1.000000000000000000e+01 1.273541012310728249e+00
7.000000000000000000e+00 8.000000000000000000e+00 1.282562756107381796e+00
7.000000000000000000e+00 9.000000000000000000e+00 1.292701083689862696e+00
7.000000000000000000e+00 1.000000000000000000e+01 1.306214631712178331e+00
8.000000000000000000e+00 9.000000000000000000e+00 6.115503163063862324e-01
8.000000000000000000e+00 1.000000000000000000e+01 6.692789692299783155e-01
9.000000000000000000e+00 1.000000000000000000e+01 5.732053305163082868e-01
