1.000000000000000000e+00 2.000000000000000000e+00 5.899022792459271969e-01
1.000000000000000000e+00 3.000000000000000000e+00 1.031551244310854543e+00
1.000000000000000000e+00 4.000000000000000000e+00 1.043211557851678961e+00
1.000000000000000000e+00 5.000000000000000000e+00 1.090326923964537675e+00
1.000000000000000000e+00 6.000000000000000000e+00 1.125346389374512146e+00
1.000000000000000000e+00 7.000000000000000000e+00 1.112395256103570151e+00
1.000000000000000000e+00 8.000000000000000000e+00 1.535168400449153703e+00
1.000000000000000000e+00 9.000000000000000000e+00 1.545386865707279567e+00
1.000000000000000000e+00 1.000000000000000000e+01 1.558298089521358953e+00
2.000000000000000000e+00 3.000000000000000000e+00 1.031005575786712924e+00
2.000000000000000000e+00 4.000000000000000000e+00 1.042120791602120011e+00
2.000000000000000000e+00 5.000000000000000000e+00 1.087996623636883653e+00
2.000000000000000000e+00 6.000000000000000000e+00 1.123370044074344154e+00
2.000000000000000000e+00 7.000000000000000000e+00 1.109300424478316227e+00
2.000000000000000000e+00 8.000000000000000000e+00 1.533964075266660343e+00
2.000000000000000000e+00 9.000000000000000000e+00 1.544172505832183573e+00
2.000000000000000000e+00 1.000000000000000000e+01 1.557086066939854074e+00
3.000000000000000000e+00 4.000000000000000000e+00 6.264320921615622595e-01
3.000000000000000000e+00 5.000000000000000000e+00 8.378324196005380031e-01
3.000000000000000000e+00 6.000000000000000000e+00 8.859508720612145893e-01
3.000000000000000000e+00 7.000000000000000000e+00 8.967812262646512877e-01
3.000000000000000000e+00 8.000000000000000000e+00 1.319940766889301065e+00
3.000000000000000000e+00 9.000000000000000000e+00 1.330198838570813225e+00
3.000000000000000000e+00 1.000000000000000000e+01 1.343106061097190995e+00
4.000000000000000000e+00 5.000000000000000000e+00 8.058264956615242003e-01
4.000000000000000000e+00 6.000000000000000000e+00 8.643173452814107982e-01
4.000000000000000000e+00 7.000000000000000000e+00 8.754314672880032511e-01
4.000000000000000000e+00 8.000000000000000000e+00 1.310653339466935963e+00
4.000000000000000000e+00 9.000000000000000000e+00 1.320872621118782897e+00
4.000000000000000000e+00 1.000000000000000000e+01 1.333789865768536309e+00
5.000000000000000000e+00 6.000000000000000000e+00 7.529269246367849000e-01
5.000000000000000000e+00 7.000000000000000000e+00 7.560347633974899839e-01
5.000000000000000000e+00 8.000000000000000000e+00 1.276601452816863214e+00
5.000000000000000000e+00 9.000000000000000000e+00 1.286625222206746466e+00
5.000000000000000000e+00 1.000000000000000000e+01 1.299591075565362353e+00
6.000000000000000000e+00 7.000000000000000000e+00 7.828485402449363306e-01
6.000000000000000000e+00 8.000000000000000000e+00 1.237736662085466177e+00
6.000000000000000000e+00 9.000000000000000000e+00 1.247706032930474995e+00
6.000000000000000000e+00 1.000000000000000000e+01 1.260691802523871807e+00
7.000000000000000000e+00 8.000000000000000000e+00 1.273229135473168183e+00
7.000000000000000000e+00 9.000000000000000000e+00 1.283069540056957836e+00
7.000000000000000000e+00 1.000000000000000000e+01 1.296074493874247224e+00
8.000000000000000000e+00 9.000000000000000000e+00 6.115179910629546800e-01
8.000000000000000000e+00 1.000000000000000000e+01 6.691823512392223172e-01
9.000000000000000000e+00 1.000000000000000000e+01 5.731809991549052796e-01
