0.000000000000000000e+00 1.000000000000000000e+00 2.000000000000000000e+00 3.000000000000000000e+00 4.000000000000000000e+00 5.000000000000000000e+00 6.000000000000000000e+00 7.000000000000000000e+00 8.000000000000000000e+00 9.000000000000000000e+00 1.000000000000000000e+01
1.000000000000000000e+00 0.000000000000000000e+00 5.970204940976280295e-01 1.147914322129685916e+00 1.160060669569797476e+00 1.211305471296932668e+00 1.393377347599710436e+00 2.234934489290371307e+00 2.987317871935352365e+00 2.414589731942252460e+00 2.428403176945749475e+00
2.000000000000000000e+00 5.970204940976280295e-01 0.000000000000000000e+00 1.141999879394139716e+00 1.153135925749799284e+00 1.201825463917027603e+00 1.384088838255703724e+00 2.223866150396284436e+00 2.979526947795070768e+00 2.406772810212663760e+00 2.420588715416056136e+00
3.000000000000000000e+00 1.147914322129685916e+00 1.141999879394139716e+00 0.000000000000000000e+00 6.460130856979999781e-01 8.844661995635576535e-01 1.073272556154006185e+00 1.964535760941946041e+00 2.716467688213883847e+00 2.143891852822400690e+00 2.157695368282323667e+00
4.000000000000000000e+00 1.160060669569797476e+00 1.153135925749799284e+00 6.460130856979999781e-01 0.000000000000000000e+00 8.384668880251002765e-01 1.034265922737704901e+00 1.930976229215950024e+00 2.702546067791828044e+00 2.129886713573462931e+00 2.143698931195836099e+00
5.000000000000000000e+00 1.211305471296932668e+00 1.201825463917027603e+00 8.844661995635576535e-01 8.384668880251002765e-01 0.000000000000000000e+00 8.557012978885816246e-01 1.776138817387609148e+00 2.665896069004402236e+00 2.092851156705245241e+00 2.106702339025213089e+00
6.000000000000000000e+00 1.393377347599710436e+00 1.384088838255703724e+00 1.073272556154006185e+00 1.034265922737704901e+00 8.557012978885816246e-01 0.000000000000000000e+00 1.936021107635473637e+00 2.758486177137982942e+00 2.185433016036565146e+00 2.199292899066393137e+00
7.000000000000000000e+00 2.234934489290371307e+00 2.223866150396284436e+00 1.964535760941946041e+00 1.930976229215950024e+00 1.776138817387609148e+00 1.936021107635473637e+00 0.000000000000000000e+00 3.650077805096173300e+00 3.076608699333870600e+00 3.090496755631229053e+00
8.000000000000000000e+00 2.987317871935352365e+00 2.979526947795070768e+00 2.716467688213883847e+00 2.702546067791828044e+00 2.665896069004402236e+00 2.758486177137982942e+00 3.650077805096173300e+00 0.000000000000000000e+00 1.511301552005456461e+00 1.562642937233861495e+00
9.000000000000000000e+00 2.414589731942252460e+00 2.406772810212663760e+00 2.143891852822400690e+00 2.129886713573462931e+00 2.092851156705245241e+00 2.185433016036565146e+00 3.076608699333870600e+00 1.511301552005456461e+00 0.000000000000000000e+00 6.919431088684682152e-01
1.000000000000000000e+01 2.428403176945749475e+00 2.420588715416056136e+00 2.157695368282323667e+00 2.143698931195836099e+00 2.106702339025213089e+00 2.199292899066393137e+00 3.090496755631229053e+00 1.562642937233861495e+00 6.919431088684682152e-01 0.000000000000000000e+00
