1.000000000000000000e+00 2.000000000000000000e+00 5.942446022958792762e-01
1.000000000000000000e+00 3.000000000000000000e+00 1.174604541059928398e+00
1.000000000000000000e+00 4.000000000000000000e+00 1.158914595193026642e+00
1.000000000000000000e+00 5.000000000000000000e+00 1.221415785764387474e+00
1.000000000000000000e+00 6.000000000000000000e+00 4.239785928151938776e+00
1.000000000000000000e+00 7.000000000000000000e+00 3.748856590520546650e+00
1.000000000000000000e+00 8.000000000000000000e+00 2.525497687622414666e+00
1.000000000000000000e+00 9.000000000000000000e+00 2.538123322194024478e+00
1.000000000000000000e+00 1.000000000000000000e+01 2.563495584588213916e+00
2.000000000000000000e+00 3.000000000000000000e+00 1.179028065943655612e+00
2.000000000000000000e+00 4.000000000000000000e+00 1.162287399571132251e+00
2.000000000000000000e+00 5.000000000000000000e+00 1.222150210319275621e+00
2.000000000000000000e+00 6.000000000000000000e+00 4.240672580148684645e+00
2.000000000000000000e+00 7.000000000000000000e+00 3.747710435098834392e+00
2.000000000000000000e+00 8.000000000000000000e+00 2.527546622766874584e+00
2.000000000000000000e+00 9.000000000000000000e+00 2.540165813760226765e+00
2.000000000000000000e+00 1.000000000000000000e+01 2.565540824807630571e+00
3.000000000000000000e+00 4.000000000000000000e+00 6.598177977264687577e-01
3.000000000000000000e+00 5.000000000000000000e+00 9.593568783073977979e-01
3.000000000000000000e+00 6.000000000000000000e+00 4.002262231942806281e+00
3.000000000000000000e+00 7.000000000000000000e+00 3.579214987319392360e+00
3.000000000000000000e+00 8.000000000000000000e+00 2.378992599834959698e+00
3.000000000000000000e+00 9.000000000000000000e+00 2.391623716372001329e+00
3.000000000000000000e+00 1.000000000000000000e+01 2.416996752870263165e+00
4.000000000000000000e+00 5.000000000000000000e+00 8.732081904948374440e-01
4.000000000000000000e+00 6.000000000000000000e+00 3.927961013591858119e+00
4.000000000000000000e+00 7.000000000000000000e+00 3.511289211851980507e+00
4.000000000000000000e+00 8.000000000000000000e+00 2.335469425452079584e+00
4.000000000000000000e+00 9.000000000000000000e+00 2.348073721264456015e+00
4.000000000000000000e+00 1.000000000000000000e+01 2.373458637982007069e+00
5.000000000000000000e+00 6.000000000000000000e+00 3.722996067291497901e+00
5.000000000000000000e+00 7.000000000000000000e+00 3.359787116133789997e+00
5.000000000000000000e+00 8.000000000000000000e+00 2.304610942596531764e+00
5.000000000000000000e+00 9.000000000000000000e+00 2.317116643372948648e+00
5.000000000000000000e+00 1.000000000000000000e+01 2.342545193646057733e+00
6.000000000000000000e+00 7.000000000000000000e+00 6.346547571431717216e+00
6.000000000000000000e+00 8.000000000000000000e+00 5.132060755759929371e+00
6.000000000000000000e+00 9.000000000000000000e+00 5.144520266711323231e+00
6.000000000000000000e+00 1.000000000000000000e+01 5.169981809805578976e+00
7.000000000000000000e+00 8.000000000000000000e+00 4.724737718333048342e+00
7.000000000000000000e+00 9.000000000000000000e+00 4.737107764610794192e+00
7.000000000000000000e+00 1.000000000000000000e+01 4.762591635952253100e+00
8.000000000000000000e+00 9.000000000000000000e+00 6.132450510928522114e-01
8.000000000000000000e+00 1.000000000000000000e+01 6.761421235761604365e-01
9.000000000000000000e+00 1.000000000000000000e+01 5.753687962996010263e-01
