1.000000000000000000e+00 2.000000000000000000e+00 5.898936865337347513e-01
1.000000000000000000e+00 3.000000000000000000e+00 1.017043114274399418e+00
1.000000000000000000e+00 4.000000000000000000e+00 1.011179104161569198e+00
1.000000000000000000e+00 5.000000000000000000e+00 1.084049677905757125e+00
1.000000000000000000e+00 6.000000000000000000e+00 1.121215385898091110e+00
1.000000000000000000e+00 7.000000000000000000e+00 1.107935183445677430e+00
1.000000000000000000e+00 8.000000000000000000e+00 1.549746766259015862e+00
1.000000000000000000e+00 9.000000000000000000e+00 1.560591914908259215e+00
1.000000000000000000e+00 1.000000000000000000e+01 1.574295622006761208e+00
2.000000000000000000e+00 3.000000000000000000e+00 1.016430045919852532e+00
2.000000000000000000e+00 4.000000000000000000e+00 1.010129490013884412e+00
2.000000000000000000e+00 5.000000000000000000e+00 1.081660400719038240e+00
2.000000000000000000e+00 6.000000000000000000e+00 1.119173230435710042e+00
2.000000000000000000e+00 7.000000000000000000e+00 1.104718661080457354e+00
2.000000000000000000e+00 8.000000000000000000e+00 1.548516634904543166e+00
2.000000000000000000e+00 9.000000000000000000e+00 1.559350886165203454e+00
2.000000000000000000e+00 1.000000000000000000e+01 1.573056700444736888e+00
3.000000000000000000e+00 4.000000000000000000e+00 5.934110680660276138e-01
3.000000000000000000e+00 5.000000000000000000e+00 8.168479111858568675e-01
3.000000000000000000e+00 6.000000000000000000e+00 8.665197633960901591e-01
3.000000000000000000e+00 7.000000000000000000e+00 8.791574422017691681e-01
3.000000000000000000e+00 8.000000000000000000e+00 1.320302007193208338e+00
3.000000000000000000e+00 9.000000000000000000e+00 1.331203827191328015e+00
3.000000000000000000e+00 1.000000000000000000e+01 1.344903234466973574e+00
4.000000000000000000e+00 5.000000000000000000e+00 7.736967540769450480e-01
4.000000000000000000e+00 6.000000000000000000e+00 8.314590101563505975e-01
4.000000000000000000e+00 7.000000000000000000e+00 8.449485240595266955e-01
4.000000000000000000e+00 8.000000000000000000e+00 1.295710980525021983e+00
4.000000000000000000e+00 9.000000000000000000e+00 1.306582934839629173e+00
4.000000000000000000e+00 1.000000000000000000e+01 1.320289223977188398e+00
5.000000000000000000e+00 6.000000000000000000e+00 7.527544590041030936e-01
5.000000000000000000e+00 7.000000000000000000e+00 7.558176759612282858e-01
5.000000000000000000e+00 8.000000000000000000e+00 1.296056584811190904e+00
5.000000000000000000e+00 9.000000000000000000e+00 1.306723324589458501e+00
5.000000000000000000e+00 1.000000000000000000e+01 1.320473152248832660e+00
6.000000000000000000e+00 7.000000000000000000e+00 7.836589781746319261e-01
6.000000000000000000e+00 8.000000000000000000e+00 1.260548586342525867e+00
6.000000000000000000e+00 9.000000000000000000e+00 1.271179752160534582e+00
6.000000000000000000e+00 1.000000000000000000e+01 1.284945927561594869e+00
7.000000000000000000e+00 8.000000000000000000e+00 1.295207177861971148e+00
7.000000000000000000e+00 9.000000000000000000e+00 1.305666894947830725e+00
7.000000000000000000e+00 1.000000000000000000e+01 1.319452601626226462e+00
8.000000000000000000e+00 9.000000000000000000e+00 6.115707466844015894e-01
8.000000000000000000e+00 1.000000000000000000e+01 6.693442680480219398e-01
9.000000000000000000e+00 1.000000000000000000e+01 5.732292670022200998e-01
