1.000000000000000000e+00 2.000000000000000000e+00 5.899244559727740977e-01
1.000000000000000000e+00 3.000000000000000000e+00 1.031791794313932531e+00
1.000000000000000000e+00 4.000000000000000000e+00 1.043452957828113759e+00
1.000000000000000000e+00 5.000000000000000000e+00 1.090804928734827151e+00
1.000000000000000000e+00 6.000000000000000000e+00 1.126984224471766938e+00
1.000000000000000000e+00 7.000000000000000000e+00 1.113389913173097545e+00
1.000000000000000000e+00 8.000000000000000000e+00 1.556375304074680832e+00
1.000000000000000000e+00 9.000000000000000000e+00 1.567108828296702949e+00
1.000000000000000000e+00 1.000000000000000000e+01 1.580822783922256614e+00
2.000000000000000000e+00 3.000000000000000000e+00 1.031253920519618283e+00
2.000000000000000000e+00 4.000000000000000000e+00 1.042363821438202942e+00
2.000000000000000000e+00 5.000000000000000000e+00 1.088448426050411033e+00
2.000000000000000000e+00 6.000000000000000000e+00 1.124997529021941167e+00
2.000000000000000000e+00 7.000000000000000000e+00 1.110226061418136512e+00
2.000000000000000000e+00 8.000000000000000000e+00 1.555212038258232399e+00
2.000000000000000000e+00 9.000000000000000000e+00 1.565934590369928436e+00
2.000000000000000000e+00 1.000000000000000000e+01 1.579650553573544558e+00
3.000000000000000000e+00 4.000000000000000000e+00 6.264404970168668818e-01
3.000000000000000000e+00 5.000000000000000000e+00 8.381744700777638002e-01
3.000000000000000000e+00 6.000000000000000000e+00 8.869896117931939106e-01
3.000000000000000000e+00 7.000000000000000000e+00 8.981527095852437359e-01
3.000000000000000000e+00 8.000000000000000000e+00 1.340910085320026424e+00
3.000000000000000000e+00 9.000000000000000000e+00 1.351699413595019106e+00
3.000000000000000000e+00 1.000000000000000000e+01 1.365409595358234141e+00
4.000000000000000000e+00 5.000000000000000000e+00 8.060719364399113740e-01
4.000000000000000000e+00 6.000000000000000000e+00 8.652129766816487599e-01
4.000000000000000000e+00 7.000000000000000000e+00 8.766355622997814567e-01
4.000000000000000000e+00 8.000000000000000000e+00 1.331857201842262528e+00
4.000000000000000000e+00 9.000000000000000000e+00 1.342607396845989953e+00
4.000000000000000000e+00 1.000000000000000000e+01 1.356325990348157484e+00
5.000000000000000000e+00 6.000000000000000000e+00 7.533756749623046201e-01
5.000000000000000000e+00 7.000000000000000000e+00 7.565310332487922285e-01
5.000000000000000000e+00 8.000000000000000000e+00 1.299491027040174052e+00
5.000000000000000000e+00 9.000000000000000000e+00 1.310041553411219528e+00
5.000000000000000000e+00 1.000000000000000000e+01 1.323800843589941101e+00
6.000000000000000000e+00 7.000000000000000000e+00 7.842659094564330413e-01
6.000000000000000000e+00 8.000000000000000000e+00 1.262428759713486004e+00
6.000000000000000000e+00 9.000000000000000000e+00 1.272946624794923043e+00
6.000000000000000000e+00 1.000000000000000000e+01 1.286721343591161526e+00
7.000000000000000000e+00 8.000000000000000000e+00 1.298063524661067225e+00
7.000000000000000000e+00 9.000000000000000000e+00 1.308407144823352297e+00
7.000000000000000000e+00 1.000000000000000000e+01 1.322200073763035055e+00
8.000000000000000000e+00 9.000000000000000000e+00 6.115707005013142350e-01
8.000000000000000000e+00 1.000000000000000000e+01 6.693418869415814765e-01
9.000000000000000000e+00 1.000000000000000000e+01 5.732288392264657251e-01
