1.000000000000000000e+00 2.000000000000000000e+00 5.904347559410096924e-01
1.000000000000000000e+00 3.000000000000000000e+00 1.034992619669663716e+00
1.000000000000000000e+00 4.000000000000000000e+00 1.047024391993526038e+00
1.000000000000000000e+00 5.000000000000000000e+00 1.097855828214694629e+00
1.000000000000000000e+00 6.000000000000000000e+00 1.136806205446366347e+00
1.000000000000000000e+00 7.000000000000000000e+00 1.145152196694783520e+00
1.000000000000000000e+00 8.000000000000000000e+00 1.574782909894208327e+00
1.000000000000000000e+00 9.000000000000000000e+00 1.585585120036229423e+00
1.000000000000000000e+00 1.000000000000000000e+01 1.599275943967734870e+00
2.000000000000000000e+00 3.000000000000000000e+00 1.034422969703446382e+00
2.000000000000000000e+00 4.000000000000000000e+00 1.045894447839403441e+00
2.000000000000000000e+00 5.000000000000000000e+00 1.095465165972152821e+00
2.000000000000000000e+00 6.000000000000000000e+00 1.134813513156522236e+00
2.000000000000000000e+00 7.000000000000000000e+00 1.141989192009796206e+00
2.000000000000000000e+00 8.000000000000000000e+00 1.573614883296303280e+00
2.000000000000000000e+00 9.000000000000000000e+00 1.584405745613886918e+00
2.000000000000000000e+00 1.000000000000000000e+01 1.598098708804238433e+00
3.000000000000000000e+00 4.000000000000000000e+00 6.264689034113248844e-01
3.000000000000000000e+00 5.000000000000000000e+00 8.398232365250311027e-01
3.000000000000000000e+00 6.000000000000000000e+00 8.910424211669198957e-01
3.000000000000000000e+00 7.000000000000000000e+00 9.220273236737170919e-01
3.000000000000000000e+00 8.000000000000000000e+00 1.356099693643279647e+00
3.000000000000000000e+00 9.000000000000000000e+00 1.366957766329313095e+00
3.000000000000000000e+00 1.000000000000000000e+01 1.380644627768359944e+00
4.000000000000000000e+00 5.000000000000000000e+00 8.073493161807325791e-01
4.000000000000000000e+00 6.000000000000000000e+00 8.688968218295840540e-01
4.000000000000000000e+00 7.000000000000000000e+00 8.995777200379295735e-01
4.000000000000000000e+00 8.000000000000000000e+00 1.347358406011896825e+00
4.000000000000000000e+00 9.000000000000000000e+00 1.358177588875459474e+00
4.000000000000000000e+00 1.000000000000000000e+01 1.371873073579658486e+00
5.000000000000000000e+00 6.000000000000000000e+00 7.554294174097322401e-01
5.000000000000000000e+00 7.000000000000000000e+00 7.727663276928367075e-01
5.000000000000000000e+00 8.000000000000000000e+00 1.317826159235686134e+00
5.000000000000000000e+00 9.000000000000000000e+00 1.328447697358377422e+00
5.000000000000000000e+00 1.000000000000000000e+01 1.342184823163532270e+00
6.000000000000000000e+00 7.000000000000000000e+00 8.056092856519043721e-01
6.000000000000000000e+00 8.000000000000000000e+00 1.282048250891212327e+00
6.000000000000000000e+00 9.000000000000000000e+00 1.292633019804556138e+00
6.000000000000000000e+00 1.000000000000000000e+01 1.306386539931063906e+00
7.000000000000000000e+00 8.000000000000000000e+00 1.340576966042883456e+00
7.000000000000000000e+00 9.000000000000000000e+00 1.350999181701890262e+00
7.000000000000000000e+00 1.000000000000000000e+01 1.364770026859759566e+00
8.000000000000000000e+00 9.000000000000000000e+00 6.115709447760329098e-01
8.000000000000000000e+00 1.000000000000000000e+01 6.693410991828183665e-01
9.000000000000000000e+00 1.000000000000000000e+01 5.732283383384342290e-01
