1.000000000000000000e+00 2.000000000000000000e+00 2.684530836982511381e+00
1.000000000000000000e+00 3.000000000000000000e+00 2.669675591197292697e+00
1.000000000000000000e+00 4.000000000000000000e+00 2.623852979337881752e+00
1.000000000000000000e+00 5.000000000000000000e+00 2.646262158649007823e+00
1.000000000000000000e+00 6.000000000000000000e+00 3.664878342578554271e+00
1.000000000000000000e+00 7.000000000000000000e+00 2.785419744948617549e+00
1.000000000000000000e+00 8.000000000000000000e+00 3.878312988683078721e+00
1.000000000000000000e+00 9.000000000000000000e+00 4.172613826526339942e+00
1.000000000000000000e+00 1.000000000000000000e+01 4.587222736207801077e+00
2.000000000000000000e+00 3.000000000000000000e+00 2.520276049665262974e+00
2.000000000000000000e+00 4.000000000000000000e+00 2.473692636507569542e+00
2.000000000000000000e+00 5.000000000000000000e+00 2.494142516903285589e+00
2.000000000000000000e+00 6.000000000000000000e+00 3.513512078085872847e+00
2.000000000000000000e+00 7.000000000000000000e+00 2.632019353793476846e+00
2.000000000000000000e+00 8.000000000000000000e+00 3.727944623845856675e+00
2.000000000000000000e+00 9.000000000000000000e+00 4.022230835826374751e+00
2.000000000000000000e+00 1.000000000000000000e+01 4.436848127169703560e+00
3.000000000000000000e+00 4.000000000000000000e+00 7.048159898349806163e-01
3.000000000000000000e+00 5.000000000000000000e+00 1.009735407389954709e+00
3.000000000000000000e+00 6.000000000000000000e+00 2.041747223551956925e+00
3.000000000000000000e+00 7.000000000000000000e+00 1.220070461642561277e+00
3.000000000000000000e+00 8.000000000000000000e+00 2.292130892419914190e+00
3.000000000000000000e+00 9.000000000000000000e+00 2.586574241917378281e+00
3.000000000000000000e+00 1.000000000000000000e+01 3.001117713464306114e+00
4.000000000000000000e+00 5.000000000000000000e+00 9.156034934978336537e-01
4.000000000000000000e+00 6.000000000000000000e+00 1.963232850967747911e+00
4.000000000000000000e+00 7.000000000000000000e+00 1.138735883663380744e+00
4.000000000000000000e+00 8.000000000000000000e+00 2.229252255521299908e+00
4.000000000000000000e+00 9.000000000000000000e+00 2.523641599579577566e+00
4.000000000000000000e+00 1.000000000000000000e+01 2.938217817289233480e+00
5.000000000000000000e+00 6.000000000000000000e+00 1.825844459960864530e+00
5.000000000000000000e+00 7.000000000000000000e+00 9.833385414406619063e-01
5.000000000000000000e+00 8.000000000000000000e+00 2.189804193867202819e+00
5.000000000000000000e+00 9.000000000000000000e+00 2.483945528962496319e+00
5.000000000000000000e+00 1.000000000000000000e+01 2.898670113708688767e+00
6.000000000000000000e+00 7.000000000000000000e+00 1.988522992158321401e+00
6.000000000000000000e+00 8.000000000000000000e+00 3.096072450398065001e+00
6.000000000000000000e+00 9.000000000000000000e+00 3.390170141026447759e+00
6.000000000000000000e+00 1.000000000000000000e+01 3.804940093007278534e+00
7.000000000000000000e+00 8.000000000000000000e+00 2.301879458774800824e+00
7.000000000000000000e+00 9.000000000000000000e+00 2.595736889356609289e+00
7.000000000000000000e+00 1.000000000000000000e+01 3.010614640412056175e+00
8.000000000000000000e+00 9.000000000000000000e+00 1.458049355749125198e+00
8.000000000000000000e+00 1.000000000000000000e+01 1.988560382702621254e+00
9.000000000000000000e+00 1.000000000000000000e+01 2.162034925128762275e+00
