1.000000000000000000e+00 2.000000000000000000e+00 1.768277844150956346e+00
1.000000000000000000e+00 3.000000000000000000e+00 3.087163703924144187e+00
1.000000000000000000e+00 4.000000000000000000e+00 3.121921671117195540e+00
1.000000000000000000e+00 5.000000000000000000e+00 3.261856802967756153e+00
1.000000000000000000e+00 6.000000000000000000e+00 3.365709424627722157e+00
1.000000000000000000e+00 7.000000000000000000e+00 3.327012834631487781e+00
1.000000000000000000e+00 8.000000000000000000e+00 4.537317525195785350e+00
1.000000000000000000e+00 9.000000000000000000e+00 4.569177813467067750e+00
1.000000000000000000e+00 1.000000000000000000e+01 4.601678515579297191e+00
2.000000000000000000e+00 3.000000000000000000e+00 3.085782305498971034e+00
2.000000000000000000e+00 4.000000000000000000e+00 3.119055586522884393e+00
2.000000000000000000e+00 5.000000000000000000e+00 3.255639272582880217e+00
2.000000000000000000e+00 6.000000000000000000e+00 3.360523708323658099e+00
2.000000000000000000e+00 7.000000000000000000e+00 3.318695404133633620e+00
2.000000000000000000e+00 8.000000000000000000e+00 4.534413559768880830e+00
2.000000000000000000e+00 9.000000000000000000e+00 4.566245266978679496e+00
2.000000000000000000e+00 1.000000000000000000e+01 4.598754490955388796e+00
3.000000000000000000e+00 4.000000000000000000e+00 1.879268699522933073e+00
3.000000000000000000e+00 5.000000000000000000e+00 2.512742118702551153e+00
3.000000000000000000e+00 6.000000000000000000e+00 2.655582095259457098e+00
3.000000000000000000e+00 7.000000000000000000e+00 2.689320355037378096e+00
3.000000000000000000e+00 8.000000000000000000e+00 3.898614322121670028e+00
3.000000000000000000e+00 9.000000000000000000e+00 3.930624810870888552e+00
3.000000000000000000e+00 1.000000000000000000e+01 3.963101867538408207e+00
4.000000000000000000e+00 5.000000000000000000e+00 2.416969198603414526e+00
4.000000000000000000e+00 6.000000000000000000e+00 2.591123388844707165e+00
4.000000000000000000e+00 7.000000000000000000e+00 2.625572294313617494e+00
4.000000000000000000e+00 8.000000000000000000e+00 3.871627573969082192e+00
4.000000000000000000e+00 9.000000000000000000e+00 3.903523802042522917e+00
4.000000000000000000e+00 1.000000000000000000e+01 3.936038989312728553e+00
5.000000000000000000e+00 6.000000000000000000e+00 2.258490819931177285e+00
5.000000000000000000e+00 7.000000000000000000e+00 2.268218015832635270e+00
5.000000000000000000e+00 8.000000000000000000e+00 3.772925456907223918e+00
5.000000000000000000e+00 9.000000000000000000e+00 3.804241508154209583e+00
5.000000000000000000e+00 1.000000000000000000e+01 3.836943111702248110e+00
6.000000000000000000e+00 7.000000000000000000e+00 2.349162514064206508e+00
6.000000000000000000e+00 8.000000000000000000e+00 3.654550151531138269e+00
6.000000000000000000e+00 9.000000000000000000e+00 3.685754753246163418e+00
6.000000000000000000e+00 1.000000000000000000e+01 3.718520129693176024e+00
7.000000000000000000e+00 8.000000000000000000e+00 3.767512605418993132e+00
7.000000000000000000e+00 9.000000000000000000e+00 3.798241641372088750e+00
7.000000000000000000e+00 1.000000000000000000e+01 3.831104526628474893e+00
8.000000000000000000e+00 9.000000000000000000e+00 1.833635928335136889e+00
8.000000000000000000e+00 1.000000000000000000e+01 2.005123906356183205e+00
9.000000000000000000e+00 1.000000000000000000e+01 1.718956066718070552e+00
