1.000000000000000000e+00 2.000000000000000000e+00 8.683042235368905182e-01
1.000000000000000000e+00 3.000000000000000000e+00 9.798310459532132422e-01
1.000000000000000000e+00 4.000000000000000000e+00 9.614384919919986006e-01
1.000000000000000000e+00 5.000000000000000000e+00 9.766656069358877756e-01
1.000000000000000000e+00 6.000000000000000000e+00 9.865579679374910649e-01
1.000000000000000000e+00 7.000000000000000000e+00 9.800874669784188642e-01
1.000000000000000000e+00 8.000000000000000000e+00 1.006450880475129317e+00
1.000000000000000000e+00 9.000000000000000000e+00 9.497890326610954892e-01
1.000000000000000000e+00 1.000000000000000000e+01 9.966996949160453756e-01
1.000000000000000000e+00 1.100000000000000000e+01 9.715115965321452496e-01
1.000000000000000000e+00 1.200000000000000000e+01 9.852786388191180356e-01
1.000000000000000000e+00 1.300000000000000000e+01 9.656864739983296309e-01
1.000000000000000000e+00 1.400000000000000000e+01 1.197163233171827157e+00
1.000000000000000000e+00 1.500000000000000000e+01 9.973812136946048623e-01
1.000000000000000000e+00 1.600000000000000000e+01 1.133476058892229021e+00
1.000000000000000000e+00 1.700000000000000000e+01 1.161316972488567023e+00
1.000000000000000000e+00 1.800000000000000000e+01 1.144819561022911270e+00
1.000000000000000000e+00 1.900000000000000000e+01 1.202162586631311036e+00
1.000000000000000000e+00 2.000000000000000000e+01 1.165136563802579017e+00
1.000000000000000000e+00 2.100000000000000000e+01 1.030146099054647157e+00
1.000000000000000000e+00 2.200000000000000000e+01 1.152348990212428204e+00
1.000000000000000000e+00 2.300000000000000000e+01 1.040960524901945794e+00
1.000000000000000000e+00 2.400000000000000000e+01 1.050431946876792866e+00
1.000000000000000000e+00 2.500000000000000000e+01 1.154321562815816549e+00
1.000000000000000000e+00 2.600000000000000000e+01 1.182099578218156033e+00
1.000000000000000000e+00 2.700000000000000000e+01 1.203159716068037843e+00
1.000000000000000000e+00 2.800000000000000000e+01 1.118171890324560325e+00
1.000000000000000000e+00 2.900000000000000000e+01 1.110950012856676938e+00
1.000000000000000000e+00 3.000000000000000000e+01 1.106381147532394804e+00
1.000000000000000000e+00 3.100000000000000000e+01 1.135858118294274854e+00
1.000000000000000000e+00 3.200000000000000000e+01 1.201703581485960015e+00
2.000000000000000000e+00 3.000000000000000000e+00 8.361666855478805394e-01
2.000000000000000000e+00 4.000000000000000000e+00 8.065150440272302879e-01
2.000000000000000000e+00 5.000000000000000000e+00 8.307554473742265744e-01
2.000000000000000000e+00 6.000000000000000000e+00 8.447282742291147839e-01
2.000000000000000000e+00 7.000000000000000000e+00 8.352007482206232902e-01
2.000000000000000000e+00 8.000000000000000000e+00 8.717023894646485083e-01
2.000000000000000000e+00 9.000000000000000000e+00 7.861545362374152690e-01
2.000000000000000000e+00 1.000000000000000000e+01 8.588883790409445051e-01
2.000000000000000000e+00 1.100000000000000000e+01 8.256782409064005179e-01
2.000000000000000000e+00 1.200000000000000000e+01 8.451932301767718370e-01
2.000000000000000000e+00 1.300000000000000000e+01 8.405163882448692947e-01
2.000000000000000000e+00 1.400000000000000000e+01 1.083301428713166148e+00
2.000000000000000000e+00 1.500000000000000000e+01 8.862712751941769218e-01
2.000000000000000000e+00 1.600000000000000000e+01 1.020622276782178650e+00
2.000000000000000000e+00 1.700000000000000000e+01 1.048636574820246414e+00
2.000000000000000000e+00 1.800000000000000000e+01 1.032726554799602514e+00
2.000000000000000000e+00 1.900000000000000000e+01 1.090698082957120452e+00
2.000000000000000000e+00 2.000000000000000000e+01 1.053813274956671320e+00
2.000000000000000000e+00 2.100000000000000000e+01 9.211550863513278120e-01
2.000000000000000000e+00 2.200000000000000000e+01 1.042581854974976574e+00
2.000000000000000000e+00 2.300000000000000000e+01 9.350454659264055834e-01
2.000000000000000000e+00 2.400000000000000000e+01 9.458186989527701538e-01
2.000000000000000000e+00 2.500000000000000000e+01 1.050058726082323979e+00
2.000000000000000000e+00 2.600000000000000000e+01 1.079204719712710148e+00
2.000000000000000000e+00 2.700000000000000000e+01 1.101217154299928724e+00
2.000000000000000000e+00 2.800000000000000000e+01 1.018958932050907373e+00
2.000000000000000000e+00 2.900000000000000000e+01 1.012677796554025456e+00
2.000000000000000000e+00 3.000000000000000000e+01 1.010842633625343767e+00
2.000000000000000000e+00 3.100000000000000000e+01 1.038359203531321162e+00
2.000000000000000000e+00 3.200000000000000000e+01 1.104001036512344047e+00
3.000000000000000000e+00 4.000000000000000000e+00 5.995147422234906598e-01
3.000000000000000000e+00 5.000000000000000000e+00 4.613926112270311242e-01
3.000000000000000000e+00 6.000000000000000000e+00 5.761272871695618525e-01
3.000000000000000000e+00 7.000000000000000000e+00 6.281659357009535816e-01
3.000000000000000000e+00 8.000000000000000000e+00 6.629178691605219775e-01
3.000000000000000000e+00 9.000000000000000000e+00 7.325722917542548673e-01
3.000000000000000000e+00 1.000000000000000000e+01 6.519324840445415159e-01
3.000000000000000000e+00 1.100000000000000000e+01 7.397839828720695898e-01
3.000000000000000000e+00 1.200000000000000000e+01 7.251774749093945482e-01
3.000000000000000000e+00 1.300000000000000000e+01 8.438410896789970694e-01
3.000000000000000000e+00 1.400000000000000000e+01 9.938331745713033794e-01
3.000000000000000000e+00 1.500000000000000000e+01 8.728207435188984897e-01
3.000000000000000000e+00 1.600000000000000000e+01 9.371451998785793602e-01
3.000000000000000000e+00 1.700000000000000000e+01 9.645233220512319239e-01
3.000000000000000000e+00 1.800000000000000000e+01 9.515449606012262862e-01
3.000000000000000000e+00 1.900000000000000000e+01 1.010451119353367400e+00
3.000000000000000000e+00 2.000000000000000000e+01 9.747298367242376305e-01
3.000000000000000000e+00 2.100000000000000000e+01 8.853101832944625382e-01
3.000000000000000000e+00 2.200000000000000000e+01 9.695578169472824914e-01
3.000000000000000000e+00 2.300000000000000000e+01 9.008372304011962317e-01
3.000000000000000000e+00 2.400000000000000000e+01 9.103696353116832451e-01
3.000000000000000000e+00 2.500000000000000000e+01 9.946302581737103132e-01
3.000000000000000000e+00 2.600000000000000000e+01 1.026606901584410814e+00
3.000000000000000000e+00 2.700000000000000000e+01 1.050779683638677797e+00
3.000000000000000000e+00 2.800000000000000000e+01 9.804944708031000378e-01
3.000000000000000000e+00 2.900000000000000000e+01 9.774287177925975456e-01
3.000000000000000000e+00 3.000000000000000000e+01 9.824255043032701362e-01
3.000000000000000000e+00 3.100000000000000000e+01 1.002304863423932657e+00
3.000000000000000000e+00 3.200000000000000000e+01 1.064413348996242625e+00
4.000000000000000000e+00 5.000000000000000000e+00 5.683001553167189579e-01
4.000000000000000000e+00 6.000000000000000000e+00 6.411851155845541550e-01
4.000000000000000000e+00 7.000000000000000000e+00 6.349608706535109226e-01
4.000000000000000000e+00 8.000000000000000000e+00 7.155841248214058758e-01
4.000000000000000000e+00 9.000000000000000000e+00 6.841062455127971953e-01
4.000000000000000000e+00 1.000000000000000000e+01 6.929833586549787316e-01
4.000000000000000000e+00 1.100000000000000000e+01 7.176066601780719534e-01
4.000000000000000000e+00 1.200000000000000000e+01 7.193025446872746143e-01
4.000000000000000000e+00 1.300000000000000000e+01 8.261096792026810798e-01
4.000000000000000000e+00 1.400000000000000000e+01 1.006777580942236350e+00
4.000000000000000000e+00 1.500000000000000000e+01 8.618490507773889364e-01
4.000000000000000000e+00 1.600000000000000000e+01 9.479755276688537347e-01
4.000000000000000000e+00 1.700000000000000000e+01 9.757628711068935257e-01
4.000000000000000000e+00 1.800000000000000000e+01 9.618235555705720863e-01
4.000000000000000000e+00 1.900000000000000000e+01 1.020702359040677631e+00
4.000000000000000000e+00 2.000000000000000000e+01 9.845430257355884951e-01
4.000000000000000000e+00 2.100000000000000000e+01 8.805173192665181059e-01
4.000000000000000000e+00 2.200000000000000000e+01 9.776129085572320410e-01
4.000000000000000000e+00 2.300000000000000000e+01 8.966212475456238895e-01
4.000000000000000000e+00 2.400000000000000000e+01 9.069487306493067003e-01
4.000000000000000000e+00 2.500000000000000000e+01 9.981557191559384812e-01
4.000000000000000000e+00 2.600000000000000000e+01 1.029600884612114076e+00
4.000000000000000000e+00 2.700000000000000000e+01 1.053324745765052528e+00
4.000000000000000000e+00 2.800000000000000000e+01 9.797363901319722235e-01
4.000000000000000000e+00 2.900000000000000000e+01 9.758922144841477575e-01
4.000000000000000000e+00 3.000000000000000000e+01 9.794717637635066421e-01
4.000000000000000000e+00 3.100000000000000000e+01 1.001255466236111280e+00
4.000000000000000000e+00 3.200000000000000000e+01 1.064494569442579142e+00
5.000000000000000000e+00 6.000000000000000000e+00 5.467333250371105846e-01
5.000000000000000000e+00 7.000000000000000000e+00 5.902023105644950141e-01
5.000000000000000000e+00 8.000000000000000000e+00 6.627694660672389659e-01
5.000000000000000000e+00 9.000000000000000000e+00 7.138924231258058084e-01
5.000000000000000000e+00 1.000000000000000000e+01 6.391154508120149291e-01
5.000000000000000000e+00 1.100000000000000000e+01 7.214565450212753195e-01
5.000000000000000000e+00 1.200000000000000000e+01 7.072018948445907283e-01
5.000000000000000000e+00 1.300000000000000000e+01 8.336564296804170882e-01
5.000000000000000000e+00 1.400000000000000000e+01 9.912299285792409709e-01
5.000000000000000000e+00 1.500000000000000000e+01 8.639279498347326447e-01
5.000000000000000000e+00 1.600000000000000000e+01 9.337138064766434820e-01
5.000000000000000000e+00 1.700000000000000000e+01 9.613320242815783789e-01
5.000000000000000000e+00 1.800000000000000000e+01 9.480161040270611572e-01
5.000000000000000000e+00 1.900000000000000000e+01 1.007040754069846944e+00
5.000000000000000000e+00 2.000000000000000000e+01 9.711394205164498583e-01
5.000000000000000000e+00 2.100000000000000000e+01 8.774278521805378706e-01
5.000000000000000000e+00 2.200000000000000000e+01 9.654577256736505131e-01
5.000000000000000000e+00 2.300000000000000000e+01 8.933534533966553948e-01
5.000000000000000000e+00 2.400000000000000000e+01 9.031711367196360030e-01
5.000000000000000000e+00 2.500000000000000000e+01 9.894805687872434419e-01
5.000000000000000000e+00 2.600000000000000000e+01 1.021412376385165910e+00
5.000000000000000000e+00 2.700000000000000000e+01 1.045522189637454025e+00
5.000000000000000000e+00 2.800000000000000000e+01 9.744215878391522256e-01
5.000000000000000000e+00 2.900000000000000000e+01 9.712066475098568574e-01
5.000000000000000000e+00 3.000000000000000000e+01 9.760139092454569454e-01
5.000000000000000000e+00 3.100000000000000000e+01 9.962770659170649967e-01
5.000000000000000000e+00 3.200000000000000000e+01 1.058708750245401564e+00
6.000000000000000000e+00 7.000000000000000000e+00 5.318651747146515563e-01
6.000000000000000000e+00 8.000000000000000000e+00 6.005429301982543322e-01
6.000000000000000000e+00 9.000000000000000000e+00 7.206755762011641808e-01
6.000000000000000000e+00 1.000000000000000000e+01 5.467461942321496515e-01
6.000000000000000000e+00 1.100000000000000000e+01 7.078492991096279052e-01
6.000000000000000000e+00 1.200000000000000000e+01 6.774665860710707976e-01
6.000000000000000000e+00 1.300000000000000000e+01 8.283009157556083801e-01
6.000000000000000000e+00 1.400000000000000000e+01 9.730263798224816352e-01
6.000000000000000000e+00 1.500000000000000000e+01 8.548539054952096761e-01
6.000000000000000000e+00 1.600000000000000000e+01 9.156090054390653155e-01
6.000000000000000000e+00 1.700000000000000000e+01 9.434034552005032825e-01
6.000000000000000000e+00 1.800000000000000000e+01 9.302310729188634220e-01
6.000000000000000000e+00 1.900000000000000000e+01 9.895728230013038917e-01
6.000000000000000000e+00 2.000000000000000000e+01 9.536728054072496352e-01
6.000000000000000000e+00 2.100000000000000000e+01 8.645718294297606299e-01
6.000000000000000000e+00 2.200000000000000000e+01 9.485186531066751581e-01
6.000000000000000000e+00 2.300000000000000000e+01 8.807624757674585858e-01
6.000000000000000000e+00 2.400000000000000000e+01 8.904154202515373040e-01
6.000000000000000000e+00 2.500000000000000000e+01 9.745269500302455867e-01
6.000000000000000000e+00 2.600000000000000000e+01 1.006867095507692156e+00
6.000000000000000000e+00 2.700000000000000000e+01 1.031264809052716780e+00
6.000000000000000000e+00 2.800000000000000000e+01 9.615169170586612690e-01
6.000000000000000000e+00 2.900000000000000000e+01 9.587174687165762599e-01
6.000000000000000000e+00 3.000000000000000000e+01 9.644553420036647839e-01
6.000000000000000000e+00 3.100000000000000000e+01 9.837429055175788140e-01
6.000000000000000000e+00 3.200000000000000000e+01 1.045804436763163370e+00
7.000000000000000000e+00 8.000000000000000000e+00 6.463487236151190807e-01
7.000000000000000000e+00 9.000000000000000000e+00 6.867149461012186373e-01
7.000000000000000000e+00 1.000000000000000000e+01 5.810365891228268520e-01
7.000000000000000000e+00 1.100000000000000000e+01 6.661955269218133857e-01
7.000000000000000000e+00 1.200000000000000000e+01 6.338338454775095387e-01
7.000000000000000000e+00 1.300000000000000000e+01 8.098320795232921698e-01
7.000000000000000000e+00 1.400000000000000000e+01 9.738462998232149115e-01
7.000000000000000000e+00 1.500000000000000000e+01 8.396673979524972298e-01
7.000000000000000000e+00 1.600000000000000000e+01 9.146702309229766126e-01
7.000000000000000000e+00 1.700000000000000000e+01 9.429177562846631222e-01
7.000000000000000000e+00 1.800000000000000000e+01 9.289929961356588883e-01
7.000000000000000000e+00 1.900000000000000000e+01 9.884946087368309264e-01
7.000000000000000000e+00 2.000000000000000000e+01 9.522151700223739912e-01
7.000000000000000000e+00 2.100000000000000000e+01 8.523238716304619711e-01
7.000000000000000000e+00 2.200000000000000000e+01 9.458354293553716818e-01
7.000000000000000000e+00 2.300000000000000000e+01 8.694464288468879420e-01
7.000000000000000000e+00 2.400000000000000000e+01 8.798140624467014614e-01
7.000000000000000000e+00 2.500000000000000000e+01 9.690979810604489764e-01
7.000000000000000000e+00 2.600000000000000000e+01 1.001256324323013924e+00
7.000000000000000000e+00 2.700000000000000000e+01 1.025456663939509072e+00
7.000000000000000000e+00 2.800000000000000000e+01 9.535983994538395070e-01
7.000000000000000000e+00 2.900000000000000000e+01 9.503793952701817815e-01
7.000000000000000000e+00 3.000000000000000000e+01 9.555145382429930390e-01
7.000000000000000000e+00 3.100000000000000000e+01 9.758624020478479100e-01
7.000000000000000000e+00 3.200000000000000000e+01 1.038731687228250156e+00
8.000000000000000000e+00 9.000000000000000000e+00 7.630667182928748682e-01
8.000000000000000000e+00 1.000000000000000000e+01 5.333576333900400535e-01
8.000000000000000000e+00 1.100000000000000000e+01 7.387852404254335870e-01
8.000000000000000000e+00 1.200000000000000000e+01 6.995165818925329626e-01
8.000000000000000000e+00 1.300000000000000000e+01 8.425094204895228200e-01
8.000000000000000000e+00 1.400000000000000000e+01 9.482318347035765260e-01
8.000000000000000000e+00 1.500000000000000000e+01 8.610611700759093212e-01
8.000000000000000000e+00 1.600000000000000000e+01 8.930446793856046117e-01
8.000000000000000000e+00 1.700000000000000000e+01 9.205294524569798131e-01
8.000000000000000000e+00 1.800000000000000000e+01 9.084542996550686311e-01
8.000000000000000000e+00 1.900000000000000000e+01 9.680229537245388372e-01
8.000000000000000000e+00 2.000000000000000000e+01 9.325810062743002948e-01
8.000000000000000000e+00 2.100000000000000000e+01 8.627948277551957812e-01
8.000000000000000000e+00 2.200000000000000000e+01 9.296032933747950810e-01
8.000000000000000000e+00 2.300000000000000000e+01 8.781013656550669122e-01
8.000000000000000000e+00 2.400000000000000000e+01 8.866476818934259096e-01
8.000000000000000000e+00 2.500000000000000000e+01 9.615042241779057086e-01
8.000000000000000000e+00 2.600000000000000000e+01 9.945715923317126617e-01
8.000000000000000000e+00 2.700000000000000000e+01 1.019568987815864913e+00
8.000000000000000000e+00 2.800000000000000000e+01 9.541384093481004580e-01
8.000000000000000000e+00 2.900000000000000000e+01 9.523732105313547081e-01
8.000000000000000000e+00 3.000000000000000000e+01 9.599963813894965003e-01
8.000000000000000000e+00 3.100000000000000000e+01 9.767624437410240557e-01
8.000000000000000000e+00 3.200000000000000000e+01 1.037351156198980107e+00
9.000000000000000000e+00 1.000000000000000000e+01 7.357430365525032823e-01
9.000000000000000000e+00 1.100000000000000000e+01 6.289954192194071592e-01
9.000000000000000000e+00 1.200000000000000000e+01 6.863934471789406855e-01
9.000000000000000000e+00 1.300000000000000000e+01 7.625444787153102810e-01
9.000000000000000000e+00 1.400000000000000000e+01 1.003762936949442741e+00
9.000000000000000000e+00 1.500000000000000000e+01 8.152962564208158236e-01
9.000000000000000000e+00 1.600000000000000000e+01 9.412169574454860577e-01
9.000000000000000000e+00 1.700000000000000000e+01 9.698606016902771021e-01
9.000000000000000000e+00 1.800000000000000000e+01 9.542743413830216959e-01
9.000000000000000000e+00 1.900000000000000000e+01 1.013324249202410154e+00
9.000000000000000000e+00 2.000000000000000000e+01 9.763684371193421807e-01
9.000000000000000000e+00 2.100000000000000000e+01 8.456860148128055865e-01
9.000000000000000000e+00 2.200000000000000000e+01 9.665989491702855485e-01
9.000000000000000000e+00 2.300000000000000000e+01 8.639350999836519218e-01
9.000000000000000000e+00 2.400000000000000000e+01 8.761519910128947597e-01
9.000000000000000000e+00 2.500000000000000000e+01 9.803237795112678121e-01
9.000000000000000000e+00 2.600000000000000000e+01 1.011185904858083795e+00
9.000000000000000000e+00 2.700000000000000000e+01 1.034354439561129935e+00
9.000000000000000000e+00 2.800000000000000000e+01 9.554628043024149253e-01
9.000000000000000000e+00 2.900000000000000000e+01 9.504686236032702240e-01
9.000000000000000000e+00 3.000000000000000000e+01 9.522580568019158864e-01
9.000000000000000000e+00 3.100000000000000000e+01 9.769370454395980286e-01
9.000000000000000000e+00 3.200000000000000000e+01 1.042184553561502636e+00
1.000000000000000000e+01 1.100000000000000000e+01 7.051902463084744888e-01
1.000000000000000000e+01 1.200000000000000000e+01 6.568285184792271858e-01
1.000000000000000000e+01 1.300000000000000000e+01 8.253188696785526135e-01
1.000000000000000000e+01 1.400000000000000000e+01 9.539377386894634103e-01
1.000000000000000000e+01 1.500000000000000000e+01 8.470056254657477579e-01
1.000000000000000000e+01 1.600000000000000000e+01 8.964708882665444190e-01
1.000000000000000000e+01 1.700000000000000000e+01 9.245355512798225650e-01
1.000000000000000000e+01 1.800000000000000000e+01 9.114768073128352022e-01
1.000000000000000000e+01 1.900000000000000000e+01 9.712373256473032512e-01
1.000000000000000000e+01 2.000000000000000000e+01 9.353041792467176041e-01
1.000000000000000000e+01 2.100000000000000000e+01 8.519584163301745505e-01
1.000000000000000000e+01 2.200000000000000000e+01 9.307127619751536240e-01
1.000000000000000000e+01 2.300000000000000000e+01 8.682971114123894107e-01
1.000000000000000000e+01 2.400000000000000000e+01 8.776661983947986467e-01
1.000000000000000000e+01 2.500000000000000000e+01 9.589771250361556199e-01
1.000000000000000000e+01 2.600000000000000000e+01 9.917864040131290082e-01
1.000000000000000000e+01 2.700000000000000000e+01 1.016512115076331879e+00
1.000000000000000000e+01 2.800000000000000000e+01 9.483417921894978786e-01
1.000000000000000000e+01 2.900000000000000000e+01 9.460290927613876910e-01
1.000000000000000000e+01 3.000000000000000000e+01 9.528342011201391681e-01
1.000000000000000000e+01 3.100000000000000000e+01 9.709741697130416238e-01
1.000000000000000000e+01 3.200000000000000000e+01 1.032588675714272153e+00
1.100000000000000000e+01 1.200000000000000000e+01 5.759019146665808053e-01
1.100000000000000000e+01 1.300000000000000000e+01 7.472346362832104072e-01
1.100000000000000000e+01 1.400000000000000000e+01 9.753938906912360540e-01
1.100000000000000000e+01 1.500000000000000000e+01 7.902960970000446617e-01
1.100000000000000000e+01 1.600000000000000000e+01 9.118669179147660397e-01
1.100000000000000000e+01 1.700000000000000000e+01 9.411216032296383371e-01
1.100000000000000000e+01 1.800000000000000000e+01 9.252650941855580236e-01
1.100000000000000000e+01 1.900000000000000000e+01 9.849883203847920043e-01
1.100000000000000000e+01 2.000000000000000000e+01 9.477715432686804053e-01
1.100000000000000000e+01 2.100000000000000000e+01 8.145310924080495507e-01
1.100000000000000000e+01 2.200000000000000000e+01 9.380709953809962531e-01
1.100000000000000000e+01 2.300000000000000000e+01 8.351080051380945779e-01
1.100000000000000000e+01 2.400000000000000000e+01 8.480312355736909780e-01
1.100000000000000000e+01 2.500000000000000000e+01 9.535287960808616070e-01
1.100000000000000000e+01 2.600000000000000000e+01 9.851388049215086262e-01
1.100000000000000000e+01 2.700000000000000000e+01 1.008769786296900728e+00
1.100000000000000000e+01 2.800000000000000000e+01 9.307097323914390596e-01
1.100000000000000000e+01 2.900000000000000000e+01 9.262173454679953899e-01
1.100000000000000000e+01 3.000000000000000000e+01 9.295651681594272464e-01
1.100000000000000000e+01 3.100000000000000000e+01 9.531406945902911598e-01
1.100000000000000000e+01 3.200000000000000000e+01 1.018435211165494181e+00
1.200000000000000000e+01 1.300000000000000000e+01 7.733570536206620938e-01
1.200000000000000000e+01 1.400000000000000000e+01 9.570077420541107660e-01
1.200000000000000000e+01 1.500000000000000000e+01 8.013733872612042175e-01
1.200000000000000000e+01 1.600000000000000000e+01 8.944058321090471164e-01
1.200000000000000000e+01 1.700000000000000000e+01 9.237770152146531633e-01
1.200000000000000000e+01 1.800000000000000000e+01 9.084854335032894745e-01
1.200000000000000000e+01 1.900000000000000000e+01 9.686904376215257351e-01
1.200000000000000000e+01 2.000000000000000000e+01 9.316386213092855417e-01
1.200000000000000000e+01 2.100000000000000000e+01 8.137019813957200309e-01
1.200000000000000000e+01 2.200000000000000000e+01 9.233749686839589632e-01
1.200000000000000000e+01 2.300000000000000000e+01 8.336470065385996886e-01
1.200000000000000000e+01 2.400000000000000000e+01 8.454904529777822475e-01
1.200000000000000000e+01 2.500000000000000000e+01 9.434851409620894636e-01
1.200000000000000000e+01 2.600000000000000000e+01 9.758554381397126498e-01
1.200000000000000000e+01 2.700000000000000000e+01 1.000052764496104585e+00
1.200000000000000000e+01 2.800000000000000000e+01 9.254733837418542830e-01
1.200000000000000000e+01 2.900000000000000000e+01 9.219418252784570278e-01
1.200000000000000000e+01 3.000000000000000000e+01 9.271738933838251651e-01
1.200000000000000000e+01 3.100000000000000000e+01 9.484187613955545881e-01
1.200000000000000000e+01 3.200000000000000000e+01 1.012562502105617490e+00
1.300000000000000000e+01 1.400000000000000000e+01 1.002526486838385855e+00
1.300000000000000000e+01 1.500000000000000000e+01 6.829177590358318506e-01
1.300000000000000000e+01 1.600000000000000000e+01 9.342661870121575785e-01
1.300000000000000000e+01 1.700000000000000000e+01 9.637830084502183592e-01
1.300000000000000000e+01 1.800000000000000000e+01 9.454730152343864269e-01
1.300000000000000000e+01 1.900000000000000000e+01 1.004103880906274782e+00
1.300000000000000000e+01 2.000000000000000000e+01 9.659671553298461166e-01
1.300000000000000000e+01 2.100000000000000000e+01 7.750114093093174450e-01
1.300000000000000000e+01 2.200000000000000000e+01 9.508811345682512961e-01
1.300000000000000000e+01 2.300000000000000000e+01 7.977345231461148156e-01
1.300000000000000000e+01 2.400000000000000000e+01 8.152359660401260477e-01
1.300000000000000000e+01 2.500000000000000000e+01 9.502504558790167977e-01
1.300000000000000000e+01 2.600000000000000000e+01 9.795694965350647543e-01
1.300000000000000000e+01 2.700000000000000000e+01 1.001429237344306999e+00
1.300000000000000000e+01 2.800000000000000000e+01 9.106587812720967623e-01
1.300000000000000000e+01 2.900000000000000000e+01 9.027656068794764899e-01
1.300000000000000000e+01 3.000000000000000000e+01 8.998525942701218749e-01
1.300000000000000000e+01 3.100000000000000000e+01 9.319086034535433161e-01
1.300000000000000000e+01 3.200000000000000000e+01 1.001801205696162711e+00
1.400000000000000000e+01 1.500000000000000000e+01 9.838650131463660964e-01
1.400000000000000000e+01 1.600000000000000000e+01 6.559597143818172160e-01
1.400000000000000000e+01 1.700000000000000000e+01 5.732914728248232894e-01
1.400000000000000000e+01 1.800000000000000000e+01 6.458723146576716978e-01
1.400000000000000000e+01 1.900000000000000000e+01 6.079550286324897357e-01
1.400000000000000000e+01 2.000000000000000000e+01 6.374599286212727645e-01
1.400000000000000000e+01 2.100000000000000000e+01 9.450813262804624859e-01
1.400000000000000000e+01 2.200000000000000000e+01 7.160979909360916107e-01
1.400000000000000000e+01 2.300000000000000000e+01 9.450041159542494906e-01
1.400000000000000000e+01 2.400000000000000000e+01 9.405494733525168183e-01
1.400000000000000000e+01 2.500000000000000000e+01 8.585889961216213173e-01
1.400000000000000000e+01 2.600000000000000000e+01 8.919197492796309135e-01
1.400000000000000000e+01 2.700000000000000000e+01 9.223246405566463135e-01
1.400000000000000000e+01 2.800000000000000000e+01 9.386270721055807176e-01
1.400000000000000000e+01 2.900000000000000000e+01 9.492291125356469017e-01
1.400000000000000000e+01 3.000000000000000000e+01 9.737158212728569406e-01
1.400000000000000000e+01 3.100000000000000000e+01 9.581869638855973204e-01
1.400000000000000000e+01 3.200000000000000000e+01 9.881344558362341601e-01
1.500000000000000000e+01 1.600000000000000000e+01 9.124664378708533530e-01
1.500000000000000000e+01 1.700000000000000000e+01 9.425599948727809707e-01
1.500000000000000000e+01 1.800000000000000000e+01 9.227599175606790993e-01
1.500000000000000000e+01 1.900000000000000000e+01 9.813531346217243545e-01
1.500000000000000000e+01 2.000000000000000000e+01 9.425233626840061607e-01
1.500000000000000000e+01 2.100000000000000000e+01 6.927858856128172871e-01
1.500000000000000000e+01 2.200000000000000000e+01 9.246332891822970357e-01
1.500000000000000000e+01 2.300000000000000000e+01 7.243043504002633082e-01
1.500000000000000000e+01 2.400000000000000000e+01 7.503984772068592601e-01
1.500000000000000000e+01 2.500000000000000000e+01 9.169904594390603236e-01
1.500000000000000000e+01 2.600000000000000000e+01 9.461831524820949468e-01
1.500000000000000000e+01 2.700000000000000000e+01 9.677825121994712010e-01
1.500000000000000000e+01 2.800000000000000000e+01 8.692006545375692284e-01
1.500000000000000000e+01 2.900000000000000000e+01 8.595824885975078544e-01
1.500000000000000000e+01 3.000000000000000000e+01 8.552186693097112435e-01
1.500000000000000000e+01 3.100000000000000000e+01 8.919429850495903533e-01
1.500000000000000000e+01 3.200000000000000000e+01 9.656872228207045161e-01
1.600000000000000000e+01 1.700000000000000000e+01 5.482843777434112109e-01
1.600000000000000000e+01 1.800000000000000000e+01 4.618950466287294887e-01
1.600000000000000000e+01 1.900000000000000000e+01 6.514681706667841965e-01
1.600000000000000000e+01 2.000000000000000000e+01 5.788571411339245021e-01
1.600000000000000000e+01 2.100000000000000000e+01 8.695798149939599764e-01
1.600000000000000000e+01 2.200000000000000000e+01 6.186347241018603782e-01
1.600000000000000000e+01 2.300000000000000000e+01 8.682534808026807216e-01
1.600000000000000000e+01 2.400000000000000000e+01 8.626391823722225904e-01
1.600000000000000000e+01 2.500000000000000000e+01 7.769490506354426174e-01
1.600000000000000000e+01 2.600000000000000000e+01 8.160052309139622650e-01
1.600000000000000000e+01 2.700000000000000000e+01 8.481209049169307068e-01
1.600000000000000000e+01 2.800000000000000000e+01 8.579585903680162495e-01
1.600000000000000000e+01 2.900000000000000000e+01 8.692903490451502346e-01
1.600000000000000000e+01 3.000000000000000000e+01 8.953815896377623762e-01
1.600000000000000000e+01 3.100000000000000000e+01 8.788715714341519547e-01
1.600000000000000000e+01 3.200000000000000000e+01 9.114302972184629148e-01
1.700000000000000000e+01 1.800000000000000000e+01 5.053077796527121190e-01
1.700000000000000000e+01 1.900000000000000000e+01 5.625713189783434487e-01
1.700000000000000000e+01 2.000000000000000000e+01 5.100505926818754698e-01
1.700000000000000000e+01 2.100000000000000000e+01 9.010159225642613290e-01
1.700000000000000000e+01 2.200000000000000000e+01 6.277023326922914759e-01
1.700000000000000000e+01 2.300000000000000000e+01 8.995064035672761804e-01
1.700000000000000000e+01 2.400000000000000000e+01 8.938773985272723266e-01
1.700000000000000000e+01 2.500000000000000000e+01 7.962231027640891412e-01
1.700000000000000000e+01 2.600000000000000000e+01 8.309824460332664309e-01
1.700000000000000000e+01 2.700000000000000000e+01 8.623753356108025958e-01
1.700000000000000000e+01 2.800000000000000000e+01 8.850493435445760948e-01
1.700000000000000000e+01 2.900000000000000000e+01 8.968445525638792937e-01
1.700000000000000000e+01 3.000000000000000000e+01 9.228966516145173937e-01
1.700000000000000000e+01 3.100000000000000000e+01 9.043841360988238431e-01
1.700000000000000000e+01 3.200000000000000000e+01 9.319452939684791382e-01
1.800000000000000000e+01 1.900000000000000000e+01 6.121166471876813286e-01
1.800000000000000000e+01 2.000000000000000000e+01 5.052145156960656802e-01
1.800000000000000000e+01 2.100000000000000000e+01 8.794058720901001269e-01
1.800000000000000000e+01 2.200000000000000000e+01 5.787017960222493596e-01
1.800000000000000000e+01 2.300000000000000000e+01 8.771293245623492663e-01
1.800000000000000000e+01 2.400000000000000000e+01 8.708356155239966867e-01
1.800000000000000000e+01 2.500000000000000000e+01 7.676431459632284682e-01
1.800000000000000000e+01 2.600000000000000000e+01 8.053754145844285173e-01
1.800000000000000000e+01 2.700000000000000000e+01 8.378039128410568193e-01
1.800000000000000000e+01 2.800000000000000000e+01 8.592509845499745058e-01
1.800000000000000000e+01 2.900000000000000000e+01 8.716031717479995056e-01
1.800000000000000000e+01 3.000000000000000000e+01 8.985851048294237753e-01
1.800000000000000000e+01 3.100000000000000000e+01 8.790229588173208430e-01
1.800000000000000000e+01 3.200000000000000000e+01 9.071077329591883398e-01
1.900000000000000000e+01 2.000000000000000000e+01 5.346273199826405698e-01
1.900000000000000000e+01 2.100000000000000000e+01 9.389850627014799667e-01
1.900000000000000000e+01 2.200000000000000000e+01 6.388513421392094660e-01
1.900000000000000000e+01 2.300000000000000000e+01 9.360631568690964688e-01
1.900000000000000000e+01 2.400000000000000000e+01 9.294360080996371121e-01
1.900000000000000000e+01 2.500000000000000000e+01 8.061708185469407262e-01
1.900000000000000000e+01 2.600000000000000000e+01 8.354031961866414946e-01
1.900000000000000000e+01 2.700000000000000000e+01 8.660771995876299645e-01
1.900000000000000000e+01 2.800000000000000000e+01 9.102084525282807537e-01
1.900000000000000000e+01 2.900000000000000000e+01 9.234784400328934773e-01
1.900000000000000000e+01 3.000000000000000000e+01 9.507174845182435607e-01
1.900000000000000000e+01 3.100000000000000000e+01 9.274160234163806305e-01
1.900000000000000000e+01 3.200000000000000000e+01 9.466850894244451808e-01
2.000000000000000000e+01 2.100000000000000000e+01 8.990901045624311028e-01
2.000000000000000000e+01 2.200000000000000000e+01 5.585124799202698664e-01
2.000000000000000000e+01 2.300000000000000000e+01 8.959239914239292002e-01
2.000000000000000000e+01 2.400000000000000000e+01 8.890356022620797827e-01
2.000000000000000000e+01 2.500000000000000000e+01 7.663691055126564677e-01
2.000000000000000000e+01 2.600000000000000000e+01 8.000938928948677642e-01
2.000000000000000000e+01 2.700000000000000000e+01 8.321833167719636659e-01
2.000000000000000000e+01 2.800000000000000000e+01 8.699779323801128950e-01
2.000000000000000000e+01 2.900000000000000000e+01 8.833642818238136574e-01
2.000000000000000000e+01 3.000000000000000000e+01 9.110588968153046086e-01
2.000000000000000000e+01 3.100000000000000000e+01 8.880292134176419605e-01
2.000000000000000000e+01 3.200000000000000000e+01 9.098031085100184434e-01
2.100000000000000000e+01 2.200000000000000000e+01 8.785232090070238531e-01
2.100000000000000000e+01 2.300000000000000000e+01 5.497522710497899645e-01
2.100000000000000000e+01 2.400000000000000000e+01 6.228863258290320282e-01
2.100000000000000000e+01 2.500000000000000000e+01 8.673049680403783768e-01
2.100000000000000000e+01 2.600000000000000000e+01 8.987254191405416037e-01
2.100000000000000000e+01 2.700000000000000000e+01 9.214823497770228133e-01
2.100000000000000000e+01 2.800000000000000000e+01 8.154888090255469901e-01
2.100000000000000000e+01 2.900000000000000000e+01 8.058059513657129802e-01
2.100000000000000000e+01 3.000000000000000000e+01 8.071579050038251157e-01
2.100000000000000000e+01 3.100000000000000000e+01 8.438902632161582318e-01
2.100000000000000000e+01 3.200000000000000000e+01 9.222786656426897878e-01
2.200000000000000000e+01 2.300000000000000000e+01 8.733359668825821931e-01
2.200000000000000000e+01 2.400000000000000000e+01 8.648553920036630149e-01
2.200000000000000000e+01 2.500000000000000000e+01 7.125917532556373946e-01
2.200000000000000000e+01 2.600000000000000000e+01 7.518320092367662966e-01
2.200000000000000000e+01 2.700000000000000000e+01 7.869053127603649056e-01
2.200000000000000000e+01 2.800000000000000000e+01 8.342703697146707231e-01
2.200000000000000000e+01 2.900000000000000000e+01 8.496062973158517995e-01
2.200000000000000000e+01 3.000000000000000000e+01 8.795855140652324433e-01
2.200000000000000000e+01 3.100000000000000000e+01 8.517348187476458943e-01
2.200000000000000000e+01 3.200000000000000000e+01 8.699188590063346993e-01
2.300000000000000000e+01 2.400000000000000000e+01 5.160532445669907542e-01
2.300000000000000000e+01 2.500000000000000000e+01 8.554068631622113728e-01
2.300000000000000000e+01 2.600000000000000000e+01 8.864430233782054636e-01
2.300000000000000000e+01 2.700000000000000000e+01 9.088485170692262027e-01
2.300000000000000000e+01 2.800000000000000000e+01 7.939516813293709951e-01
2.300000000000000000e+01 2.900000000000000000e+01 7.820871419790964563e-01
2.300000000000000000e+01 3.000000000000000000e+01 7.825295291817082610e-01
2.300000000000000000e+01 3.100000000000000000e+01 8.243271889361629690e-01
2.300000000000000000e+01 3.200000000000000000e+01 9.069931892140417062e-01
2.400000000000000000e+01 2.500000000000000000e+01 8.421235098807615671e-01
2.400000000000000000e+01 2.600000000000000000e+01 8.733687418440263528e-01
2.400000000000000000e+01 2.700000000000000000e+01 8.958058664287074091e-01
2.400000000000000000e+01 2.800000000000000000e+01 7.733332415732527831e-01
2.400000000000000000e+01 2.900000000000000000e+01 7.600848111281752750e-01
2.400000000000000000e+01 3.000000000000000000e+01 7.622317348642642099e-01
2.400000000000000000e+01 3.100000000000000000e+01 8.065618989746143885e-01
2.400000000000000000e+01 3.200000000000000000e+01 8.929815215263321448e-01
2.500000000000000000e+01 2.600000000000000000e+01 5.854437020951284154e-01
2.500000000000000000e+01 2.700000000000000000e+01 6.583778706213736509e-01
2.500000000000000000e+01 2.800000000000000000e+01 7.540968902051889966e-01
2.500000000000000000e+01 2.900000000000000000e+01 7.793862231350932035e-01
2.500000000000000000e+01 3.000000000000000000e+01 8.179210723139311856e-01
2.500000000000000000e+01 3.100000000000000000e+01 7.630426618042733811e-01
2.500000000000000000e+01 3.200000000000000000e+01 7.594588656794214465e-01
2.600000000000000000e+01 2.700000000000000000e+01 5.307885167105277358e-01
2.600000000000000000e+01 2.800000000000000000e+01 7.788254510662036001e-01
2.600000000000000000e+01 2.900000000000000000e+01 8.028280619960095343e-01
2.600000000000000000e+01 3.000000000000000000e+01 8.377211026777990899e-01
2.600000000000000000e+01 3.100000000000000000e+01 7.767627174188247441e-01
2.600000000000000000e+01 3.200000000000000000e+01 7.288742891728698936e-01
2.700000000000000000e+01 2.800000000000000000e+01 7.984954466067031298e-01
2.700000000000000000e+01 2.900000000000000000e+01 8.212242808695309204e-01
2.700000000000000000e+01 3.000000000000000000e+01 8.535500106099507267e-01
2.700000000000000000e+01 3.100000000000000000e+01 7.906722132125445501e-01
2.700000000000000000e+01 3.200000000000000000e+01 7.120526418770531940e-01
2.800000000000000000e+01 2.900000000000000000e+01 5.295360763046650376e-01
2.800000000000000000e+01 3.000000000000000000e+01 6.629884718317431425e-01
2.800000000000000000e+01 3.100000000000000000e+01 5.854075316113040994e-01
2.800000000000000000e+01 3.200000000000000000e+01 7.729614083721685347e-01
2.900000000000000000e+01 3.000000000000000000e+01 6.051153816295082866e-01
2.900000000000000000e+01 3.100000000000000000e+01 6.223630661438430689e-01
2.900000000000000000e+01 3.200000000000000000e+01 7.931111826643864049e-01
3.000000000000000000e+01 3.100000000000000000e+01 6.822732041208705578e-01
3.000000000000000000e+01 3.200000000000000000e+01 8.185267368521209619e-01
3.100000000000000000e+01 3.200000000000000000e+01 7.400351676004035539e-01
