1.000000000000000000e+00 2.000000000000000000e+00 8.732092550516328266e-01
1.000000000000000000e+00 3.000000000000000000e+00 9.864064097709075440e-01
1.000000000000000000e+00 4.000000000000000000e+00 9.683053918058217580e-01
1.000000000000000000e+00 5.000000000000000000e+00 9.834140964226605330e-01
1.000000000000000000e+00 6.000000000000000000e+00 9.935215805163505332e-01
1.000000000000000000e+00 7.000000000000000000e+00 9.874360453214736655e-01
1.000000000000000000e+00 8.000000000000000000e+00 1.013440903616111832e+00
1.000000000000000000e+00 9.000000000000000000e+00 9.610649809729473469e-01
1.000000000000000000e+00 1.000000000000000000e+01 1.003890705229420588e+00
1.000000000000000000e+00 1.100000000000000000e+01 9.826695625178283322e-01
1.000000000000000000e+00 1.200000000000000000e+01 9.941157616101707895e-01
1.000000000000000000e+00 1.300000000000000000e+01 9.732696862016305683e-01
1.000000000000000000e+00 1.400000000000000000e+01 1.206501160827758268e+00
1.000000000000000000e+00 1.500000000000000000e+01 1.006039176574084593e+00
1.000000000000000000e+00 1.600000000000000000e+01 1.143156482301931787e+00
1.000000000000000000e+00 1.700000000000000000e+01 1.171004282293578891e+00
1.000000000000000000e+00 1.800000000000000000e+01 1.154697178548436787e+00
1.000000000000000000e+00 1.900000000000000000e+01 1.212194914342983543e+00
1.000000000000000000e+00 2.000000000000000000e+01 1.175227034250593716e+00
1.000000000000000000e+00 2.100000000000000000e+01 1.044813944368385261e+00
1.000000000000000000e+00 2.200000000000000000e+01 1.162971120352345844e+00
1.000000000000000000e+00 2.300000000000000000e+01 1.054527067958309194e+00
1.000000000000000000e+00 2.400000000000000000e+01 1.064779849959810010e+00
1.000000000000000000e+00 2.500000000000000000e+01 1.168397237985563608e+00
1.000000000000000000e+00 2.600000000000000000e+01 1.197130320950979820e+00
1.000000000000000000e+00 2.700000000000000000e+01 1.219051656377213577e+00
1.000000000000000000e+00 2.800000000000000000e+01 1.132024976692279195e+00
1.000000000000000000e+00 2.900000000000000000e+01 1.124000433532190257e+00
1.000000000000000000e+00 3.000000000000000000e+01 1.118765786625284919e+00
1.000000000000000000e+00 3.100000000000000000e+01 1.149366875968691915e+00
1.000000000000000000e+00 3.200000000000000000e+01 1.219170002520225449e+00
2.000000000000000000e+00 3.000000000000000000e+00 8.438389871884957039e-01
2.000000000000000000e+00 4.000000000000000000e+00 8.146655115766916477e-01
2.000000000000000000e+00 5.000000000000000000e+00 8.385620686643384669e-01
2.000000000000000000e+00 6.000000000000000000e+00 8.525179307150571040e-01
2.000000000000000000e+00 7.000000000000000000e+00 8.433111683863403485e-01
2.000000000000000000e+00 8.000000000000000000e+00 8.793119801648372480e-01
2.000000000000000000e+00 9.000000000000000000e+00 7.982280529845618977e-01
2.000000000000000000e+00 1.000000000000000000e+01 8.666930694519572320e-01
2.000000000000000000e+00 1.100000000000000000e+01 8.371696877084473520e-01
2.000000000000000000e+00 1.200000000000000000e+01 8.543563017910673629e-01
2.000000000000000000e+00 1.300000000000000000e+01 8.474621969440951919e-01
2.000000000000000000e+00 1.400000000000000000e+01 1.092092924177684887e+00
2.000000000000000000e+00 1.500000000000000000e+01 8.940483661994844677e-01
2.000000000000000000e+00 1.600000000000000000e+01 1.029655299854751904e+00
2.000000000000000000e+00 1.700000000000000000e+01 1.057683227098628054e+00
2.000000000000000000e+00 1.800000000000000000e+01 1.041913223779111108e+00
2.000000000000000000e+00 1.900000000000000000e+01 1.100017155956775072e+00
2.000000000000000000e+00 2.000000000000000000e+01 1.063171597372338573e+00
2.000000000000000000e+00 2.100000000000000000e+01 9.351918253180460106e-01
2.000000000000000000e+00 2.200000000000000000e+01 1.052361764510483022e+00
2.000000000000000000e+00 2.300000000000000000e+01 9.478856846908663147e-01
2.000000000000000000e+00 2.400000000000000000e+01 9.594248598934205230e-01
2.000000000000000000e+00 2.500000000000000000e+01 1.062951451718508578e+00
2.000000000000000000e+00 2.600000000000000000e+01 1.093002135922663820e+00
2.000000000000000000e+00 2.700000000000000000e+01 1.115839235486216774e+00
2.000000000000000000e+00 2.800000000000000000e+01 1.031786847095821580e+00
2.000000000000000000e+00 2.900000000000000000e+01 1.024644408491058201e+00
2.000000000000000000e+00 3.000000000000000000e+01 1.021969647075888110e+00
2.000000000000000000e+00 3.100000000000000000e+01 1.050731008894199903e+00
2.000000000000000000e+00 3.200000000000000000e+01 1.120324015148864039e+00
3.000000000000000000e+00 4.000000000000000000e+00 5.996071473214941161e-01
3.000000000000000000e+00 5.000000000000000000e+00 4.614007594606366336e-01
3.000000000000000000e+00 6.000000000000000000e+00 5.761868909063502242e-01
3.000000000000000000e+00 7.000000000000000000e+00 6.283172087031958508e-01
3.000000000000000000e+00 8.000000000000000000e+00 6.631010946979221110e-01
3.000000000000000000e+00 9.000000000000000000e+00 7.355565078715619043e-01
3.000000000000000000e+00 1.000000000000000000e+01 6.521211169240535011e-01
3.000000000000000000e+00 1.100000000000000000e+01 7.425467789213719971e-01
3.000000000000000000e+00 1.200000000000000000e+01 7.262450226728773828e-01
3.000000000000000000e+00 1.300000000000000000e+01 8.498939502702576032e-01
3.000000000000000000e+00 1.400000000000000000e+01 9.963091106680412867e-01
3.000000000000000000e+00 1.500000000000000000e+01 8.787186268665121425e-01
3.000000000000000000e+00 1.600000000000000000e+01 9.399175745418999472e-01
3.000000000000000000e+00 1.700000000000000000e+01 9.673189542170985700e-01
3.000000000000000000e+00 1.800000000000000000e+01 9.545119492488558510e-01
3.000000000000000000e+00 1.900000000000000000e+01 1.013586814482059451e+00
3.000000000000000000e+00 2.000000000000000000e+01 9.779110642715915791e-01
3.000000000000000000e+00 2.100000000000000000e+01 8.966473821857081639e-01
3.000000000000000000e+00 2.200000000000000000e+01 9.732423819690618760e-01
3.000000000000000000e+00 2.300000000000000000e+01 9.107800465601305628e-01
3.000000000000000000e+00 2.400000000000000000e+01 9.208899099547351863e-01
3.000000000000000000e+00 2.500000000000000000e+01 1.001699996361623102e+00
3.000000000000000000e+00 2.600000000000000000e+01 1.034695014854679629e+00
3.000000000000000000e+00 2.700000000000000000e+01 1.059776301210677341e+00
3.000000000000000000e+00 2.800000000000000000e+01 9.893038703514795973e-01
3.000000000000000000e+00 2.900000000000000000e+01 9.854843174153868901e-01
3.000000000000000000e+00 3.000000000000000000e+01 9.897711128683821524e-01
3.000000000000000000e+00 3.100000000000000000e+01 1.010586521927793413e+00
3.000000000000000000e+00 3.200000000000000000e+01 1.076352746285449413e+00
4.000000000000000000e+00 5.000000000000000000e+00 5.683716949554014075e-01
4.000000000000000000e+00 6.000000000000000000e+00 6.414066370060925726e-01
4.000000000000000000e+00 7.000000000000000000e+00 6.352293047689923089e-01
4.000000000000000000e+00 8.000000000000000000e+00 7.160776195591433968e-01
4.000000000000000000e+00 9.000000000000000000e+00 6.864919892170834315e-01
4.000000000000000000e+00 1.000000000000000000e+01 6.934465558614595349e-01
4.000000000000000000e+00 1.100000000000000000e+01 7.205305949668576737e-01
4.000000000000000000e+00 1.200000000000000000e+01 7.207224146414308308e-01
4.000000000000000000e+00 1.300000000000000000e+01 8.326540546902012618e-01
4.000000000000000000e+00 1.400000000000000000e+01 1.009971377273495063e+00
4.000000000000000000e+00 1.500000000000000000e+01 8.681853857959009879e-01
4.000000000000000000e+00 1.600000000000000000e+01 9.514978633692481313e-01
4.000000000000000000e+00 1.700000000000000000e+01 9.793012729542283079e-01
4.000000000000000000e+00 1.800000000000000000e+01 9.655480284494084575e-01
4.000000000000000000e+00 1.900000000000000000e+01 1.024593594311659528e+00
4.000000000000000000e+00 2.000000000000000000e+01 9.884872398586506126e-01
4.000000000000000000e+00 2.100000000000000000e+01 8.922707453787830367e-01
4.000000000000000000e+00 2.200000000000000000e+01 9.820868157090651973e-01
4.000000000000000000e+00 2.300000000000000000e+01 9.070172883605263081e-01
4.000000000000000000e+00 2.400000000000000000e+01 9.179441666967311786e-01
4.000000000000000000e+00 2.500000000000000000e+01 1.006083145552865821e+00
4.000000000000000000e+00 2.600000000000000000e+01 1.038537681979243787e+00
4.000000000000000000e+00 2.700000000000000000e+01 1.063163807898358959e+00
4.000000000000000000e+00 2.800000000000000000e+01 9.891289981821895783e-01
4.000000000000000000e+00 2.900000000000000000e+01 9.845299915046412664e-01
4.000000000000000000e+00 3.000000000000000000e+01 9.874084086306493813e-01
4.000000000000000000e+00 3.100000000000000000e+01 1.010139824481118165e+00
4.000000000000000000e+00 3.200000000000000000e+01 1.077067322728960885e+00
5.000000000000000000e+00 6.000000000000000000e+00 5.467791120583583853e-01
5.000000000000000000e+00 7.000000000000000000e+00 5.903055530149943220e-01
5.000000000000000000e+00 8.000000000000000000e+00 6.629674423205873524e-01
5.000000000000000000e+00 9.000000000000000000e+00 7.166429332453286838e-01
5.000000000000000000e+00 1.000000000000000000e+01 6.392953924628794748e-01
5.000000000000000000e+00 1.100000000000000000e+01 7.240212482999426324e-01
5.000000000000000000e+00 1.200000000000000000e+01 7.081844243633863556e-01
5.000000000000000000e+00 1.300000000000000000e+01 8.398891221632129866e-01
5.000000000000000000e+00 1.400000000000000000e+01 9.938123946093908589e-01
5.000000000000000000e+00 1.500000000000000000e+01 8.699628681651696560e-01
5.000000000000000000e+00 1.600000000000000000e+01 9.365975904119852036e-01
5.000000000000000000e+00 1.700000000000000000e+01 9.642388624529274477e-01
5.000000000000000000e+00 1.800000000000000000e+01 9.510969379206788421e-01
5.000000000000000000e+00 1.900000000000000000e+01 1.010291396561697086e+00
5.000000000000000000e+00 2.000000000000000000e+01 9.744366543823643756e-01
5.000000000000000000e+00 2.100000000000000000e+01 8.888801984979413096e-01
5.000000000000000000e+00 2.200000000000000000e+01 9.692642972735237006e-01
5.000000000000000000e+00 2.300000000000000000e+01 9.034101380502113088e-01
5.000000000000000000e+00 2.400000000000000000e+01 9.138039031853011362e-01
5.000000000000000000e+00 2.500000000000000000e+01 9.966919666684928014e-01
5.000000000000000000e+00 2.600000000000000000e+01 1.029641565332507058e+00
5.000000000000000000e+00 2.700000000000000000e+01 1.054659147089849425e+00
5.000000000000000000e+00 2.800000000000000000e+01 9.833340551801417195e-01
5.000000000000000000e+00 2.900000000000000000e+01 9.793668018452494906e-01
5.000000000000000000e+00 3.000000000000000000e+01 9.834656315133811777e-01
5.000000000000000000e+00 3.100000000000000000e+01 1.004662192388777964e+00
5.000000000000000000e+00 3.200000000000000000e+01 1.070752526698122598e+00
6.000000000000000000e+00 7.000000000000000000e+00 5.319038649912466443e-01
6.000000000000000000e+00 8.000000000000000000e+00 6.006175365442127934e-01
6.000000000000000000e+00 9.000000000000000000e+00 7.236518851569017086e-01
6.000000000000000000e+00 1.000000000000000000e+01 5.467932564104369675e-01
6.000000000000000000e+00 1.100000000000000000e+01 7.100969825017042769e-01
6.000000000000000000e+00 1.200000000000000000e+01 6.781274983731266914e-01
6.000000000000000000e+00 1.300000000000000000e+01 8.345528803437203269e-01
6.000000000000000000e+00 1.400000000000000000e+01 9.752849503144791488e-01
6.000000000000000000e+00 1.500000000000000000e+01 8.608778871060911442e-01
6.000000000000000000e+00 1.600000000000000000e+01 9.181484030552848896e-01
6.000000000000000000e+00 1.700000000000000000e+01 9.459723675004940713e-01
6.000000000000000000e+00 1.800000000000000000e+01 9.329654048011566392e-01
6.000000000000000000e+00 1.900000000000000000e+01 9.924811564312558954e-01
6.000000000000000000e+00 2.000000000000000000e+01 9.566228176872815236e-01
6.000000000000000000e+00 2.100000000000000000e+01 8.759938962971189902e-01
6.000000000000000000e+00 2.200000000000000000e+01 9.519653206578373439e-01
6.000000000000000000e+00 2.300000000000000000e+01 8.907520147160628010e-01
6.000000000000000000e+00 2.400000000000000000e+01 9.009580909885375188e-01
6.000000000000000000e+00 2.500000000000000000e+01 9.813546328442599442e-01
6.000000000000000000e+00 2.600000000000000000e+01 1.014720032660236582e+00
6.000000000000000000e+00 2.700000000000000000e+01 1.040029867408392095e+00
6.000000000000000000e+00 2.800000000000000000e+01 9.702200989367157913e-01
6.000000000000000000e+00 2.900000000000000000e+01 9.666722762097106347e-01
6.000000000000000000e+00 3.000000000000000000e+01 9.716965656155702735e-01
6.000000000000000000e+00 3.100000000000000000e+01 9.919014763033531246e-01
6.000000000000000000e+00 3.200000000000000000e+01 1.057595219101852724e+00
7.000000000000000000e+00 8.000000000000000000e+00 6.465228767931034959e-01
7.000000000000000000e+00 9.000000000000000000e+00 6.893262942180448105e-01
7.000000000000000000e+00 1.000000000000000000e+01 5.811287226056773836e-01
7.000000000000000000e+00 1.100000000000000000e+01 6.679844709710778261e-01
7.000000000000000000e+00 1.200000000000000000e+01 6.343337742940209356e-01
7.000000000000000000e+00 1.300000000000000000e+01 8.165496274942161126e-01
7.000000000000000000e+00 1.400000000000000000e+01 9.764424765991555066e-01
7.000000000000000000e+00 1.500000000000000000e+01 8.460641847966239304e-01
7.000000000000000000e+00 1.600000000000000000e+01 9.175617979040116001e-01
7.000000000000000000e+00 1.700000000000000000e+01 9.458375949027570950e-01
7.000000000000000000e+00 1.800000000000000000e+01 9.320858789258468224e-01
7.000000000000000000e+00 1.900000000000000000e+01 9.917637508483940767e-01
7.000000000000000000e+00 2.000000000000000000e+01 9.555292323493536077e-01
7.000000000000000000e+00 2.100000000000000000e+01 8.640652682862568490e-01
7.000000000000000000e+00 2.200000000000000000e+01 9.496626993137347039e-01
7.000000000000000000e+00 2.300000000000000000e+01 8.797565902370134694e-01
7.000000000000000000e+00 2.400000000000000000e+01 8.906766066815114957e-01
7.000000000000000000e+00 2.500000000000000000e+01 9.763578750026760122e-01
7.000000000000000000e+00 2.600000000000000000e+01 1.009538924330518173e+00
7.000000000000000000e+00 2.700000000000000000e+01 1.034649058797443955e+00
7.000000000000000000e+00 2.800000000000000000e+01 9.626162367171187118e-01
7.000000000000000000e+00 2.900000000000000000e+01 9.586521740997988594e-01
7.000000000000000000e+00 3.000000000000000000e+01 9.630791838047600972e-01
7.000000000000000000e+00 3.100000000000000000e+01 9.843397150874597656e-01
7.000000000000000000e+00 3.200000000000000000e+01 1.050847320655625694e+00
8.000000000000000000e+00 9.000000000000000000e+00 7.667926927282538996e-01
8.000000000000000000e+00 1.000000000000000000e+01 5.333783545542754023e-01
8.000000000000000000e+00 1.100000000000000000e+01 7.413629706111279916e-01
8.000000000000000000e+00 1.200000000000000000e+01 7.001850912350406908e-01
8.000000000000000000e+00 1.300000000000000000e+01 8.484399084035683103e-01
8.000000000000000000e+00 1.400000000000000000e+01 9.499040274113810245e-01
8.000000000000000000e+00 1.500000000000000000e+01 8.668274558710429289e-01
8.000000000000000000e+00 1.600000000000000000e+01 8.949561010252475857e-01
8.000000000000000000e+00 1.700000000000000000e+01 9.224790440623669152e-01
8.000000000000000000e+00 1.800000000000000000e+01 9.105498785786856342e-01
8.000000000000000000e+00 1.900000000000000000e+01 9.702940824181041091e-01
8.000000000000000000e+00 2.000000000000000000e+01 9.348841651852122236e-01
8.000000000000000000e+00 2.100000000000000000e+01 8.740018744896915770e-01
8.000000000000000000e+00 2.200000000000000000e+01 9.323673377126640016e-01
8.000000000000000000e+00 2.300000000000000000e+01 8.878321584022381696e-01
8.000000000000000000e+00 2.400000000000000000e+01 8.969063055650152716e-01
8.000000000000000000e+00 2.500000000000000000e+01 9.675547071625201223e-01
8.000000000000000000e+00 2.600000000000000000e+01 1.001659066653789010e+00
8.000000000000000000e+00 2.700000000000000000e+01 1.027576561569196967e+00
8.000000000000000000e+00 2.800000000000000000e+01 9.624231529728832779e-01
8.000000000000000000e+00 2.900000000000000000e+01 9.599096333562582295e-01
8.000000000000000000e+00 3.000000000000000000e+01 9.668050252013136170e-01
8.000000000000000000e+00 3.100000000000000000e+01 9.844761062195637180e-01
8.000000000000000000e+00 3.200000000000000000e+01 1.048657517379230963e+00
9.000000000000000000e+00 1.000000000000000000e+01 7.391936951201480976e-01
9.000000000000000000e+00 1.100000000000000000e+01 6.333011466197457917e-01
9.000000000000000000e+00 1.200000000000000000e+01 6.905000082325849498e-01
9.000000000000000000e+00 1.300000000000000000e+01 7.737997774540319451e-01
9.000000000000000000e+00 1.400000000000000000e+01 1.011230734070891257e+00
9.000000000000000000e+00 1.500000000000000000e+01 8.258857244510258155e-01
9.000000000000000000e+00 1.600000000000000000e+01 9.490740077263406516e-01
9.000000000000000000e+00 1.700000000000000000e+01 9.777203311411384323e-01
9.000000000000000000e+00 1.800000000000000000e+01 9.623484459784517053e-01
9.000000000000000000e+00 1.900000000000000000e+01 1.021561807329990801e+00
9.000000000000000000e+00 2.000000000000000000e+01 9.846731864858464522e-01
9.000000000000000000e+00 2.100000000000000000e+01 8.615350867004087920e-01
9.000000000000000000e+00 2.200000000000000000e+01 9.754843576634495417e-01
9.000000000000000000e+00 2.300000000000000000e+01 8.784621209547354148e-01
9.000000000000000000e+00 2.400000000000000000e+01 8.912954224597247066e-01
9.000000000000000000e+00 2.500000000000000000e+01 9.927914150571879315e-01
9.000000000000000000e+00 2.600000000000000000e+01 1.024646758136263935e+00
9.000000000000000000e+00 2.700000000000000000e+01 1.048707014588186714e+00
9.000000000000000000e+00 2.800000000000000000e+01 9.690479376227159047e-01
9.000000000000000000e+00 2.900000000000000000e+01 9.633008416931501117e-01
9.000000000000000000e+00 3.000000000000000000e+01 9.643933127591577392e-01
9.000000000000000000e+00 3.100000000000000000e+01 9.900243780777242542e-01
9.000000000000000000e+00 3.200000000000000000e+01 1.058984794620787095e+00
1.000000000000000000e+01 1.100000000000000000e+01 7.073921990540643634e-01
1.000000000000000000e+01 1.200000000000000000e+01 6.573158971892048008e-01
1.000000000000000000e+01 1.300000000000000000e+01 8.315616572125568151e-01
1.000000000000000000e+01 1.400000000000000000e+01 9.558689883758273442e-01
1.000000000000000000e+01 1.500000000000000000e+01 8.530200875287643481e-01
1.000000000000000000e+01 1.600000000000000000e+01 8.986575565125953791e-01
1.000000000000000000e+01 1.700000000000000000e+01 9.267595079428641025e-01
1.000000000000000000e+01 1.800000000000000000e+01 9.138553611720492409e-01
1.000000000000000000e+01 1.900000000000000000e+01 9.737947298180309463e-01
1.000000000000000000e+01 2.000000000000000000e+01 9.378971392395289985e-01
1.000000000000000000e+01 2.100000000000000000e+01 8.633662415586926819e-01
1.000000000000000000e+01 2.200000000000000000e+01 9.337859549897611355e-01
1.000000000000000000e+01 2.300000000000000000e+01 8.782319123140454042e-01
1.000000000000000000e+01 2.400000000000000000e+01 8.881294130250172447e-01
1.000000000000000000e+01 2.500000000000000000e+01 9.654000268928839557e-01
1.000000000000000000e+01 2.600000000000000000e+01 9.992438555011224910e-01
1.000000000000000000e+01 2.700000000000000000e+01 1.024886964072475815e+00
1.000000000000000000e+01 2.800000000000000000e+01 9.568376925786921117e-01
1.000000000000000000e+01 2.900000000000000000e+01 9.537807470038108804e-01
1.000000000000000000e+01 3.000000000000000000e+01 9.598666459370466253e-01
1.000000000000000000e+01 3.100000000000000000e+01 9.789067713000694226e-01
1.000000000000000000e+01 3.200000000000000000e+01 1.044124600861882524e+00
1.100000000000000000e+01 1.200000000000000000e+01 5.769312886917266070e-01
1.100000000000000000e+01 1.300000000000000000e+01 7.582033689675913291e-01
1.100000000000000000e+01 1.400000000000000000e+01 9.813932976354255988e-01
1.100000000000000000e+01 1.500000000000000000e+01 8.004485692955021214e-01
1.100000000000000000e+01 1.600000000000000000e+01 9.182197558132021431e-01
1.100000000000000000e+01 1.700000000000000000e+01 9.474956529289915164e-01
1.100000000000000000e+01 1.800000000000000000e+01 9.318421637797233981e-01
1.100000000000000000e+01 1.900000000000000000e+01 9.917472479502829064e-01
1.100000000000000000e+01 2.000000000000000000e+01 9.545886991205725369e-01
1.100000000000000000e+01 2.100000000000000000e+01 8.297621029074933041e-01
1.100000000000000000e+01 2.200000000000000000e+01 9.454635656859584625e-01
1.100000000000000000e+01 2.300000000000000000e+01 8.489061900888599244e-01
1.100000000000000000e+01 2.400000000000000000e+01 8.623728301865718482e-01
1.100000000000000000e+01 2.500000000000000000e+01 9.645326483548284369e-01
1.100000000000000000e+01 2.600000000000000000e+01 9.971536517201891048e-01
1.100000000000000000e+01 2.700000000000000000e+01 1.021686412882507389e+00
1.100000000000000000e+01 2.800000000000000000e+01 9.431467313008112807e-01
1.100000000000000000e+01 2.900000000000000000e+01 9.379213678224682660e-01
1.100000000000000000e+01 3.000000000000000000e+01 9.405758842156453081e-01
1.100000000000000000e+01 3.100000000000000000e+01 9.650430584922551347e-01
1.100000000000000000e+01 3.200000000000000000e+01 1.033984553707471665e+00
1.200000000000000000e+01 1.300000000000000000e+01 7.814606269823314300e-01
1.200000000000000000e+01 1.400000000000000000e+01 9.601668871897455215e-01
1.200000000000000000e+01 1.500000000000000000e+01 8.089789868426180419e-01
1.200000000000000000e+01 1.600000000000000000e+01 8.978541909651494013e-01
1.200000000000000000e+01 1.700000000000000000e+01 9.272647979836754484e-01
1.200000000000000000e+01 1.800000000000000000e+01 9.121479180737439574e-01
1.200000000000000000e+01 1.900000000000000000e+01 9.725446742070691375e-01
1.200000000000000000e+01 2.000000000000000000e+01 9.355356659346487636e-01
1.200000000000000000e+01 2.100000000000000000e+01 8.264833438399972199e-01
1.200000000000000000e+01 2.200000000000000000e+01 9.278022555521190373e-01
1.200000000000000000e+01 2.300000000000000000e+01 8.449278851300376925e-01
1.200000000000000000e+01 2.400000000000000000e+01 8.572767168735373478e-01
1.200000000000000000e+01 2.500000000000000000e+01 9.514326380484716683e-01
1.200000000000000000e+01 2.600000000000000000e+01 9.848338603462256646e-01
1.200000000000000000e+01 2.700000000000000000e+01 1.009943832082579762e+00
1.200000000000000000e+01 2.800000000000000000e+01 9.351945616720513943e-01
1.200000000000000000e+01 2.900000000000000000e+01 9.309349097258712291e-01
1.200000000000000000e+01 3.000000000000000000e+01 9.354690837168184725e-01
1.200000000000000000e+01 3.100000000000000000e+01 9.575832124639731546e-01
1.200000000000000000e+01 3.200000000000000000e+01 1.025335383239591724e+00
1.300000000000000000e+01 1.400000000000000000e+01 1.008349351943857330e+00
1.300000000000000000e+01 1.500000000000000000e+01 6.838115085942959581e-01
1.300000000000000000e+01 1.600000000000000000e+01 9.402396940755324284e-01
1.300000000000000000e+01 1.700000000000000000e+01 9.697589492923091026e-01
1.300000000000000000e+01 1.800000000000000000e+01 9.515381021315356680e-01
1.300000000000000000e+01 1.900000000000000000e+01 1.010251534230511394e+00
1.300000000000000000e+01 2.000000000000000000e+01 9.721412977799908095e-01
1.300000000000000000e+01 2.100000000000000000e+01 7.828260479604378652e-01
1.300000000000000000e+01 2.200000000000000000e+01 9.573471831589654979e-01
1.300000000000000000e+01 2.300000000000000000e+01 8.048365244534594343e-01
1.300000000000000000e+01 2.400000000000000000e+01 8.234314027743572240e-01
1.300000000000000000e+01 2.500000000000000000e+01 9.593923744100194551e-01
1.300000000000000000e+01 2.600000000000000000e+01 9.894856278034416253e-01
1.300000000000000000e+01 2.700000000000000000e+01 1.012075091553552353e+00
1.300000000000000000e+01 2.800000000000000000e+01 9.187276688414265369e-01
1.300000000000000000e+01 2.900000000000000000e+01 9.098348386005632449e-01
1.300000000000000000e+01 3.000000000000000000e+01 9.058095428588008868e-01
1.300000000000000000e+01 3.100000000000000000e+01 9.394469634699547100e-01
1.300000000000000000e+01 3.200000000000000000e+01 1.013484563321040532e+00
1.400000000000000000e+01 1.500000000000000000e+01 9.895739144223152373e-01
1.400000000000000000e+01 1.600000000000000000e+01 6.559757581081193667e-01
1.400000000000000000e+01 1.700000000000000000e+01 5.733027594626138868e-01
1.400000000000000000e+01 1.800000000000000000e+01 6.458986890866322828e-01
1.400000000000000000e+01 1.900000000000000000e+01 6.080158002762681146e-01
1.400000000000000000e+01 2.000000000000000000e+01 6.375183141251736796e-01
1.400000000000000000e+01 2.100000000000000000e+01 9.563242308628687738e-01
1.400000000000000000e+01 2.200000000000000000e+01 7.162574967086718924e-01
1.400000000000000000e+01 2.300000000000000000e+01 9.546207945856035604e-01
1.400000000000000000e+01 2.400000000000000000e+01 9.506022031144378825e-01
1.400000000000000000e+01 2.500000000000000000e+01 8.605309526865656533e-01
1.400000000000000000e+01 2.600000000000000000e+01 8.947394559666868030e-01
1.400000000000000000e+01 2.700000000000000000e+01 9.260391327787338422e-01
1.400000000000000000e+01 2.800000000000000000e+01 9.465278502086136303e-01
1.400000000000000000e+01 2.900000000000000000e+01 9.562757427972803370e-01
1.400000000000000000e+01 3.000000000000000000e+01 9.798451996504999872e-01
1.400000000000000000e+01 3.100000000000000000e+01 9.653784477321809554e-01
1.400000000000000000e+01 3.200000000000000000e+01 9.987755600665253475e-01
1.500000000000000000e+01 1.600000000000000000e+01 9.183387098940090087e-01
1.500000000000000000e+01 1.700000000000000000e+01 9.484130853681900231e-01
1.500000000000000000e+01 1.800000000000000000e+01 9.287037201204475512e-01
1.500000000000000000e+01 1.900000000000000000e+01 9.873454994927410855e-01
1.500000000000000000e+01 2.000000000000000000e+01 9.485505955896125219e-01
1.500000000000000000e+01 2.100000000000000000e+01 6.977606813288781407e-01
1.500000000000000000e+01 2.200000000000000000e+01 9.309322326532620817e-01
1.500000000000000000e+01 2.300000000000000000e+01 7.291901821187034560e-01
1.500000000000000000e+01 2.400000000000000000e+01 7.567151471192963275e-01
1.500000000000000000e+01 2.500000000000000000e+01 9.258311098049374355e-01
1.500000000000000000e+01 2.600000000000000000e+01 9.557043417344874836e-01
1.500000000000000000e+01 2.700000000000000000e+01 9.779708022947508628e-01
1.500000000000000000e+01 2.800000000000000000e+01 8.762342989161144846e-01
1.500000000000000000e+01 2.900000000000000000e+01 8.655371662597164395e-01
1.500000000000000000e+01 3.000000000000000000e+01 8.599322182900903666e-01
1.500000000000000000e+01 3.100000000000000000e+01 8.984200781999467367e-01
1.500000000000000000e+01 3.200000000000000000e+01 9.764356453762399468e-01
1.600000000000000000e+01 1.700000000000000000e+01 5.482937165641057486e-01
1.600000000000000000e+01 1.800000000000000000e+01 4.619045153045095997e-01
1.600000000000000000e+01 1.900000000000000000e+01 6.515292522107620776e-01
1.600000000000000000e+01 2.000000000000000000e+01 5.789040154683029460e-01
1.600000000000000000e+01 2.100000000000000000e+01 8.810198395877817390e-01
1.600000000000000000e+01 2.200000000000000000e+01 6.187612079861992687e-01
1.600000000000000000e+01 2.300000000000000000e+01 8.780738543629904580e-01
1.600000000000000000e+01 2.400000000000000000e+01 8.729050018148512002e-01
1.600000000000000000e+01 2.500000000000000000e+01 7.788407253739360048e-01
1.600000000000000000e+01 2.600000000000000000e+01 8.188876456674518689e-01
1.600000000000000000e+01 2.700000000000000000e+01 8.519562408310419332e-01
1.600000000000000000e+01 2.800000000000000000e+01 8.660773088782069973e-01
1.600000000000000000e+01 2.900000000000000000e+01 8.765431734937529917e-01
1.600000000000000000e+01 3.000000000000000000e+01 9.016842203870394368e-01
1.600000000000000000e+01 3.100000000000000000e+01 8.862363646111992566e-01
1.600000000000000000e+01 3.200000000000000000e+01 9.221515668801010257e-01
1.700000000000000000e+01 1.800000000000000000e+01 5.053116316798296204e-01
1.700000000000000000e+01 1.900000000000000000e+01 5.625969235775849508e-01
1.700000000000000000e+01 2.000000000000000000e+01 5.100706201920612859e-01
1.700000000000000000e+01 2.100000000000000000e+01 9.123970009078308241e-01
1.700000000000000000e+01 2.200000000000000000e+01 6.277906859784494475e-01
1.700000000000000000e+01 2.300000000000000000e+01 9.092526830402560822e-01
1.700000000000000000e+01 2.400000000000000000e+01 9.040545295411035465e-01
1.700000000000000000e+01 2.500000000000000000e+01 7.979487016606781058e-01
1.700000000000000000e+01 2.600000000000000000e+01 8.335894699660177931e-01
1.700000000000000000e+01 2.700000000000000000e+01 8.658865474459445100e-01
1.700000000000000000e+01 2.800000000000000000e+01 8.930950965651234252e-01
1.700000000000000000e+01 2.900000000000000000e+01 9.040215588119497880e-01
1.700000000000000000e+01 3.000000000000000000e+01 9.291345030981690289e-01
1.700000000000000000e+01 3.100000000000000000e+01 9.117064005516262171e-01
1.700000000000000000e+01 3.200000000000000000e+01 9.426938291567172890e-01
1.800000000000000000e+01 1.900000000000000000e+01 6.121413933363861748e-01
1.800000000000000000e+01 2.000000000000000000e+01 5.052288844050729644e-01
1.800000000000000000e+01 2.100000000000000000e+01 8.908845692045730402e-01
1.800000000000000000e+01 2.200000000000000000e+01 5.787689647884135535e-01
1.800000000000000000e+01 2.300000000000000000e+01 8.869746077370981308e-01
1.800000000000000000e+01 2.400000000000000000e+01 8.811144290007588697e-01
1.800000000000000000e+01 2.500000000000000000e+01 7.693036081749951016e-01
1.800000000000000000e+01 2.600000000000000000e+01 8.079653416375103259e-01
1.800000000000000000e+01 2.700000000000000000e+01 8.413255691435452821e-01
1.800000000000000000e+01 2.800000000000000000e+01 8.674181658292463570e-01
1.800000000000000000e+01 2.900000000000000000e+01 8.788921276719334763e-01
1.800000000000000000e+01 3.000000000000000000e+01 9.049168270346739096e-01
1.800000000000000000e+01 3.100000000000000000e+01 8.864475115135550531e-01
1.800000000000000000e+01 3.200000000000000000e+01 9.179165099897623747e-01
1.900000000000000000e+01 2.000000000000000000e+01 5.346303716388580707e-01
1.900000000000000000e+01 2.100000000000000000e+01 9.504551342713867257e-01
1.900000000000000000e+01 2.200000000000000000e+01 6.388831907163259327e-01
1.900000000000000000e+01 2.300000000000000000e+01 9.458731370111059800e-01
1.900000000000000000e+01 2.400000000000000000e+01 9.396551518713882611e-01
1.900000000000000000e+01 2.500000000000000000e+01 8.075793123694052777e-01
1.900000000000000000e+01 2.600000000000000000e+01 8.375493804081808324e-01
1.900000000000000000e+01 2.700000000000000000e+01 8.690650801988051288e-01
1.900000000000000000e+01 2.800000000000000000e+01 9.183171214170851027e-01
1.900000000000000000e+01 2.900000000000000000e+01 9.307062650922901526e-01
1.900000000000000000e+01 3.000000000000000000e+01 9.570039436972279656e-01
1.900000000000000000e+01 3.100000000000000000e+01 9.348265419155610267e-01
1.900000000000000000e+01 3.200000000000000000e+01 9.575959858145051129e-01
2.000000000000000000e+01 2.100000000000000000e+01 9.106102988298929723e-01
2.000000000000000000e+01 2.200000000000000000e+01 5.585382718255771373e-01
2.000000000000000000e+01 2.300000000000000000e+01 9.057911334431609784e-01
2.000000000000000000e+01 2.400000000000000000e+01 8.993189358514388498e-01
2.000000000000000000e+01 2.500000000000000000e+01 7.677899848890097356e-01
2.000000000000000000e+01 2.600000000000000000e+01 8.023309314126512160e-01
2.000000000000000000e+01 2.700000000000000000e+01 8.353046261290162366e-01
2.000000000000000000e+01 2.800000000000000000e+01 8.781698326891669293e-01
2.000000000000000000e+01 2.900000000000000000e+01 8.906690048552921013e-01
2.000000000000000000e+01 3.000000000000000000e+01 9.174077056646592343e-01
2.000000000000000000e+01 3.100000000000000000e+01 8.955026950520994511e-01
2.000000000000000000e+01 3.200000000000000000e+01 9.207225695540977028e-01
2.100000000000000000e+01 2.200000000000000000e+01 8.902869702267059981e-01
2.100000000000000000e+01 2.300000000000000000e+01 5.529715610947814053e-01
2.100000000000000000e+01 2.400000000000000000e+01 6.301679536066442378e-01
2.100000000000000000e+01 2.500000000000000000e+01 8.813833111395961151e-01
2.100000000000000000e+01 2.600000000000000000e+01 9.133534400327107949e-01
2.100000000000000000e+01 2.700000000000000000e+01 9.366923233420878514e-01
2.100000000000000000e+01 2.800000000000000000e+01 8.273556529429051398e-01
2.100000000000000000e+01 2.900000000000000000e+01 8.163829758535561254e-01
2.100000000000000000e+01 3.000000000000000000e+01 8.161049936696433971e-01
2.100000000000000000e+01 3.100000000000000000e+01 8.550693542706233607e-01
2.100000000000000000e+01 3.200000000000000000e+01 9.378728108365024241e-01
2.200000000000000000e+01 2.300000000000000000e+01 8.834334146506797047e-01
2.200000000000000000e+01 2.400000000000000000e+01 8.753594352531497425e-01
2.200000000000000000e+01 2.500000000000000000e+01 7.137180380580552264e-01
2.200000000000000000e+01 2.600000000000000000e+01 7.537983588983709904e-01
2.200000000000000000e+01 2.700000000000000000e+01 7.897907421541201511e-01
2.200000000000000000e+01 2.800000000000000000e+01 8.427703526810368384e-01
2.200000000000000000e+01 2.900000000000000000e+01 8.571876828473459220e-01
2.200000000000000000e+01 3.000000000000000000e+01 8.861754777059391852e-01
2.200000000000000000e+01 3.100000000000000000e+01 8.595032413262644333e-01
2.200000000000000000e+01 3.200000000000000000e+01 8.810911988953304963e-01
2.300000000000000000e+01 2.400000000000000000e+01 5.176165741850546897e-01
2.300000000000000000e+01 2.500000000000000000e+01 8.677062956744936439e-01
2.300000000000000000e+01 2.600000000000000000e+01 8.992018320639469930e-01
2.300000000000000000e+01 2.700000000000000000e+01 9.221330732677130992e-01
2.300000000000000000e+01 2.800000000000000000e+01 8.030222421485497808e-01
2.300000000000000000e+01 2.900000000000000000e+01 7.897561016857721494e-01
2.300000000000000000e+01 3.000000000000000000e+01 7.885886149971546022e-01
2.300000000000000000e+01 3.100000000000000000e+01 8.328363031643388759e-01
2.300000000000000000e+01 3.200000000000000000e+01 9.201897330597095248e-01
2.400000000000000000e+01 2.500000000000000000e+01 8.547289810700753332e-01
2.400000000000000000e+01 2.600000000000000000e+01 8.863552735959083773e-01
2.400000000000000000e+01 2.700000000000000000e+01 9.092705500503084348e-01
2.400000000000000000e+01 2.800000000000000000e+01 7.818868914100238765e-01
2.400000000000000000e+01 2.900000000000000000e+01 7.671213394110214523e-01
2.400000000000000000e+01 3.000000000000000000e+01 7.677000134955089816e-01
2.400000000000000000e+01 3.100000000000000000e+01 8.146850810128110076e-01
2.400000000000000000e+01 3.200000000000000000e+01 9.060521071015723571e-01
2.500000000000000000e+01 2.600000000000000000e+01 5.863931220522866639e-01
2.500000000000000000e+01 2.700000000000000000e+01 6.607569971336226811e-01
2.500000000000000000e+01 2.800000000000000000e+01 7.652015876852196197e-01
2.500000000000000000e+01 2.900000000000000000e+01 7.893902341881466889e-01
2.500000000000000000e+01 3.000000000000000000e+01 8.268362479084905292e-01
2.500000000000000000e+01 3.100000000000000000e+01 7.735953750379049865e-01
2.500000000000000000e+01 3.200000000000000000e+01 7.732174767366832846e-01
2.600000000000000000e+01 2.700000000000000000e+01 5.312703405747576380e-01
2.600000000000000000e+01 2.800000000000000000e+01 7.897193320353974588e-01
2.600000000000000000e+01 2.900000000000000000e+01 8.127863950643472446e-01
2.600000000000000000e+01 3.000000000000000000e+01 8.467881752651067462e-01
2.600000000000000000e+01 3.100000000000000000e+01 7.873281088627561708e-01
2.600000000000000000e+01 3.200000000000000000e+01 7.437286143296062413e-01
2.700000000000000000e+01 2.800000000000000000e+01 8.094728603634093744e-01
2.700000000000000000e+01 2.900000000000000000e+01 8.313709207377646404e-01
2.700000000000000000e+01 3.000000000000000000e+01 8.629212602298628187e-01
2.700000000000000000e+01 3.100000000000000000e+01 8.013650957931088836e-01
2.700000000000000000e+01 3.200000000000000000e+01 7.278484887700364947e-01
2.800000000000000000e+01 2.900000000000000000e+01 5.297597984884516720e-01
2.800000000000000000e+01 3.000000000000000000e+01 6.638414331660142942e-01
2.800000000000000000e+01 3.100000000000000000e+01 5.858728491961442408e-01
2.800000000000000000e+01 3.200000000000000000e+01 7.798629519946440602e-01
2.900000000000000000e+01 3.000000000000000000e+01 6.053876024993603000e-01
2.900000000000000000e+01 3.100000000000000000e+01 6.229146012067725557e-01
2.900000000000000000e+01 3.200000000000000000e+01 7.995377111780244128e-01
3.000000000000000000e+01 3.100000000000000000e+01 6.830052739537020301e-01
3.000000000000000000e+01 3.200000000000000000e+01 8.242767974694755750e-01
3.100000000000000000e+01 3.200000000000000000e+01 7.448914461418092436e-01
