1.000000000000000000e+00 2.000000000000000000e+00 8.175375273833068723e-01
1.000000000000000000e+00 3.000000000000000000e+00 9.421905717505808520e-01
1.000000000000000000e+00 4.000000000000000000e+00 9.235398454818545266e-01
1.000000000000000000e+00 5.000000000000000000e+00 9.386864292966029533e-01
1.000000000000000000e+00 6.000000000000000000e+00 9.478943253205374120e-01
1.000000000000000000e+00 7.000000000000000000e+00 9.406423409734649965e-01
1.000000000000000000e+00 8.000000000000000000e+00 9.674002621760042775e-01
1.000000000000000000e+00 9.000000000000000000e+00 9.045116347708942461e-01
1.000000000000000000e+00 1.000000000000000000e+01 9.574312441947069319e-01
1.000000000000000000e+00 1.100000000000000000e+01 9.251752706031539653e-01
1.000000000000000000e+00 1.200000000000000000e+01 9.427621995659325460e-01
1.000000000000000000e+00 1.300000000000000000e+01 9.180440670690206417e-01
1.000000000000000000e+00 1.400000000000000000e+01 1.140323864850864677e+00
1.000000000000000000e+00 1.500000000000000000e+01 9.508719599592809768e-01
1.000000000000000000e+00 1.600000000000000000e+01 1.088165252674377470e+00
1.000000000000000000e+00 1.700000000000000000e+01 1.112601070350590859e+00
1.000000000000000000e+00 1.800000000000000000e+01 1.098892884834787198e+00
1.000000000000000000e+00 1.900000000000000000e+01 1.141420559821530345e+00
1.000000000000000000e+00 2.000000000000000000e+01 1.116574446626527495e+00
1.000000000000000000e+00 2.100000000000000000e+01 9.617939857620463329e-01
1.000000000000000000e+00 2.200000000000000000e+01 1.106850421499316894e+00
1.000000000000000000e+00 2.300000000000000000e+01 9.375350132384464574e-01
1.000000000000000000e+00 2.400000000000000000e+01 9.924562841350135223e-01
1.000000000000000000e+00 2.500000000000000000e+01 1.110800721638180777e+00
1.000000000000000000e+00 2.600000000000000000e+01 1.135679770524796517e+00
1.000000000000000000e+00 2.700000000000000000e+01 1.152532308187048660e+00
1.000000000000000000e+00 2.800000000000000000e+01 1.075653529992250501e+00
1.000000000000000000e+00 2.900000000000000000e+01 1.068095703674967201e+00
1.000000000000000000e+00 3.000000000000000000e+01 1.062863650810484284e+00
1.000000000000000000e+00 3.100000000000000000e+01 1.093558243072193736e+00
1.000000000000000000e+00 3.200000000000000000e+01 1.156131411089630134e+00
2.000000000000000000e+00 3.000000000000000000e+00 8.204141873231857174e-01
2.000000000000000000e+00 4.000000000000000000e+00 7.917239819355424979e-01
2.000000000000000000e+00 5.000000000000000000e+00 8.147634588198081618e-01
2.000000000000000000e+00 6.000000000000000000e+00 8.272915665258619988e-01
2.000000000000000000e+00 7.000000000000000000e+00 8.170763594071863700e-01
2.000000000000000000e+00 8.000000000000000000e+00 8.529657544084934262e-01
2.000000000000000000e+00 9.000000000000000000e+00 7.644417726705549088e-01
2.000000000000000000e+00 1.000000000000000000e+01 8.400934145844612955e-01
2.000000000000000000e+00 1.100000000000000000e+01 7.996837058763150985e-01
2.000000000000000000e+00 1.200000000000000000e+01 8.225100280382127149e-01
2.000000000000000000e+00 1.300000000000000000e+01 8.075045045124324972e-01
2.000000000000000000e+00 1.400000000000000000e+01 1.043358841554536731e+00
2.000000000000000000e+00 1.500000000000000000e+01 8.533147137247800718e-01
2.000000000000000000e+00 1.600000000000000000e+01 9.917172130767615279e-01
2.000000000000000000e+00 1.700000000000000000e+01 1.016445534084711610e+00
2.000000000000000000e+00 1.800000000000000000e+01 1.003097601154442353e+00
2.000000000000000000e+00 1.900000000000000000e+01 1.046374205471731100e+00
2.000000000000000000e+00 2.000000000000000000e+01 1.021473796659881694e+00
2.000000000000000000e+00 2.100000000000000000e+01 8.671602078861395668e-01
2.000000000000000000e+00 2.200000000000000000e+01 1.012856725148817194e+00
2.000000000000000000e+00 2.300000000000000000e+01 8.456290226395991594e-01
2.000000000000000000e+00 2.400000000000000000e+01 9.016374633291328600e-01
2.000000000000000000e+00 2.500000000000000000e+01 1.021022444017170683e+00
2.000000000000000000e+00 2.600000000000000000e+01 1.046981366950197501e+00
2.000000000000000000e+00 2.700000000000000000e+01 1.064548539382070835e+00
2.000000000000000000e+00 2.800000000000000000e+01 9.899643512046467642e-01
2.000000000000000000e+00 2.900000000000000000e+01 9.831712426606440403e-01
2.000000000000000000e+00 3.000000000000000000e+01 9.802465556187391904e-01
2.000000000000000000e+00 3.100000000000000000e+01 1.009390901302547938e+00
2.000000000000000000e+00 3.200000000000000000e+01 1.071759555173961598e+00
3.000000000000000000e+00 4.000000000000000000e+00 5.993039912313772311e-01
3.000000000000000000e+00 5.000000000000000000e+00 4.613711912079244692e-01
3.000000000000000000e+00 6.000000000000000000e+00 5.759797158139283724e-01
3.000000000000000000e+00 7.000000000000000000e+00 6.278455700796867767e-01
3.000000000000000000e+00 8.000000000000000000e+00 6.623589904345912327e-01
3.000000000000000000e+00 9.000000000000000000e+00 7.287414746273556121e-01
3.000000000000000000e+00 1.000000000000000000e+01 6.514630465177565499e-01
3.000000000000000000e+00 1.100000000000000000e+01 7.358341164089989839e-01
3.000000000000000000e+00 1.200000000000000000e+01 7.232577241632458520e-01
3.000000000000000000e+00 1.300000000000000000e+01 8.256893491365469018e-01
3.000000000000000000e+00 1.400000000000000000e+01 9.738753555613475221e-01
3.000000000000000000e+00 1.500000000000000000e+01 8.556020498850898104e-01
3.000000000000000000e+00 1.600000000000000000e+01 9.275977194862612407e-01
3.000000000000000000e+00 1.700000000000000000e+01 9.519530101280428980e-01
3.000000000000000000e+00 1.800000000000000000e+01 9.412549211454555032e-01
3.000000000000000000e+00 1.900000000000000000e+01 9.859824041774329917e-01
3.000000000000000000e+00 2.000000000000000000e+01 9.617783051888404433e-01
3.000000000000000000e+00 2.100000000000000000e+01 8.507877165397084163e-01
3.000000000000000000e+00 2.200000000000000000e+01 9.586834124782401823e-01
3.000000000000000000e+00 2.300000000000000000e+01 8.309984689851280804e-01
3.000000000000000000e+00 2.400000000000000000e+01 8.850246664260352780e-01
3.000000000000000000e+00 2.500000000000000000e+01 9.829686538820558983e-01
3.000000000000000000e+00 2.600000000000000000e+01 1.011180973150773266e+00
3.000000000000000000e+00 2.700000000000000000e+01 1.030438484597047122e+00
3.000000000000000000e+00 2.800000000000000000e+01 9.685290929335828025e-01
3.000000000000000000e+00 2.900000000000000000e+01 9.649124989386899109e-01
3.000000000000000000e+00 3.000000000000000000e+01 9.685123513232021253e-01
3.000000000000000000e+00 3.100000000000000000e+01 9.900444697157544383e-01
3.000000000000000000e+00 3.200000000000000000e+01 1.048236112851863577e+00
4.000000000000000000e+00 5.000000000000000000e+00 5.681470253006787319e-01
4.000000000000000000e+00 6.000000000000000000e+00 6.407012558889730869e-01
4.000000000000000000e+00 7.000000000000000000e+00 6.344526825741685361e-01
4.000000000000000000e+00 8.000000000000000000e+00 7.143229054327719929e-01
4.000000000000000000e+00 9.000000000000000000e+00 6.814361737938737784e-01
4.000000000000000000e+00 1.000000000000000000e+01 6.919611245634643693e-01
4.000000000000000000e+00 1.100000000000000000e+01 7.136462348305867565e-01
4.000000000000000000e+00 1.200000000000000000e+01 7.169100386082301046e-01
4.000000000000000000e+00 1.300000000000000000e+01 8.072518233001886312e-01
4.000000000000000000e+00 1.400000000000000000e+01 9.852796873472797756e-01
4.000000000000000000e+00 1.500000000000000000e+01 8.437028607434251537e-01
4.000000000000000000e+00 1.600000000000000000e+01 9.370381760792452219e-01
4.000000000000000000e+00 1.700000000000000000e+01 9.617322599696400687e-01
4.000000000000000000e+00 1.800000000000000000e+01 9.501389790030005944e-01
4.000000000000000000e+00 1.900000000000000000e+01 9.947016031621600529e-01
4.000000000000000000e+00 2.000000000000000000e+01 9.701767320553404961e-01
4.000000000000000000e+00 2.100000000000000000e+01 8.443549156418146406e-01
4.000000000000000000e+00 2.200000000000000000e+01 9.654396677365051360e-01
4.000000000000000000e+00 2.300000000000000000e+01 8.250369880566025271e-01
4.000000000000000000e+00 2.400000000000000000e+01 8.800235675683560910e-01
4.000000000000000000e+00 2.500000000000000000e+01 9.854784158250031734e-01
4.000000000000000000e+00 2.600000000000000000e+01 1.013295822704769478e+00
4.000000000000000000e+00 2.700000000000000000e+01 1.032213193679232255e+00
4.000000000000000000e+00 2.800000000000000000e+01 9.667216084696561573e-01
4.000000000000000000e+00 2.900000000000000000e+01 9.623090309152511068e-01
4.000000000000000000e+00 3.000000000000000000e+01 9.645168232551197818e-01
4.000000000000000000e+00 3.100000000000000000e+01 9.880219727290704412e-01
4.000000000000000000e+00 3.200000000000000000e+01 1.047543163322909088e+00
5.000000000000000000e+00 6.000000000000000000e+00 5.466240587436930198e-01
5.000000000000000000e+00 7.000000000000000000e+00 5.899969218526650572e-01
5.000000000000000000e+00 8.000000000000000000e+00 6.621974280761138143e-01
5.000000000000000000e+00 9.000000000000000000e+00 7.104792341497315755e-01
5.000000000000000000e+00 1.000000000000000000e+01 6.386884062240149040e-01
5.000000000000000000e+00 1.100000000000000000e+01 7.179264536053657775e-01
5.000000000000000000e+00 1.200000000000000000e+01 7.055075766169636164e-01
5.000000000000000000e+00 1.300000000000000000e+01 8.153324763207689951e-01
5.000000000000000000e+00 1.400000000000000000e+01 9.711339816228590216e-01
5.000000000000000000e+00 1.500000000000000000e+01 8.465242458670896308e-01
5.000000000000000000e+00 1.600000000000000000e+01 9.240498501749421223e-01
5.000000000000000000e+00 1.700000000000000000e+01 9.486317680176652445e-01
5.000000000000000000e+00 1.800000000000000000e+01 9.376067303993373958e-01
5.000000000000000000e+00 1.900000000000000000e+01 9.824228850286231829e-01
5.000000000000000000e+00 2.000000000000000000e+01 9.580628927174614784e-01
5.000000000000000000e+00 2.100000000000000000e+01 8.426976784850972457e-01
5.000000000000000000e+00 2.200000000000000000e+01 9.544756344903331247e-01
5.000000000000000000e+00 2.300000000000000000e+01 8.232552205011144375e-01
5.000000000000000000e+00 2.400000000000000000e+01 8.775833056101367546e-01
5.000000000000000000e+00 2.500000000000000000e+01 9.777383771394678735e-01
5.000000000000000000e+00 2.600000000000000000e+01 1.005932358290214435e+00
5.000000000000000000e+00 2.700000000000000000e+01 1.025146876250742523e+00
5.000000000000000000e+00 2.800000000000000000e+01 9.623206864600861721e-01
5.000000000000000000e+00 2.900000000000000000e+01 9.585410372280791513e-01
5.000000000000000000e+00 3.000000000000000000e+01 9.619343323947457947e-01
5.000000000000000000e+00 3.100000000000000000e+01 9.838923422098631022e-01
5.000000000000000000e+00 3.200000000000000000e+01 1.042463701885969485e+00
6.000000000000000000e+00 7.000000000000000000e+00 5.317845573967980854e-01
6.000000000000000000e+00 8.000000000000000000e+00 6.003199662225682243e-01
6.000000000000000000e+00 9.000000000000000000e+00 7.167774364425004707e-01
6.000000000000000000e+00 1.000000000000000000e+01 5.466380907260003363e-01
6.000000000000000000e+00 1.100000000000000000e+01 7.048147531405011268e-01
6.000000000000000000e+00 1.200000000000000000e+01 6.763535614625155734e-01
6.000000000000000000e+00 1.300000000000000000e+01 8.101008464535714992e-01
6.000000000000000000e+00 1.400000000000000000e+01 9.538822924474779086e-01
6.000000000000000000e+00 1.500000000000000000e+01 8.377438887351800201e-01
6.000000000000000000e+00 1.600000000000000000e+01 9.067974527264948126e-01
6.000000000000000000e+00 1.700000000000000000e+01 9.315958094463381300e-01
6.000000000000000000e+00 1.800000000000000000e+01 9.206746211023479898e-01
6.000000000000000000e+00 1.900000000000000000e+01 9.658766171303023729e-01
6.000000000000000000e+00 2.000000000000000000e+01 9.414585214739645824e-01
6.000000000000000000e+00 2.100000000000000000e+01 8.307546147705013873e-01
6.000000000000000000e+00 2.200000000000000000e+01 9.383282849875191900e-01
6.000000000000000000e+00 2.300000000000000000e+01 8.115728146332884529e-01
6.000000000000000000e+00 2.400000000000000000e+01 8.656130528300742810e-01
6.000000000000000000e+00 2.500000000000000000e+01 9.633746077615998882e-01
6.000000000000000000e+00 2.600000000000000000e+01 9.919077983174879876e-01
6.000000000000000000e+00 2.700000000000000000e+01 1.011352189599493023e+00
6.000000000000000000e+00 2.800000000000000000e+01 9.499248207725710103e-01
6.000000000000000000e+00 2.900000000000000000e+01 9.465489901144348295e-01
6.000000000000000000e+00 3.000000000000000000e+01 9.508157489097777137e-01
6.000000000000000000e+00 3.100000000000000000e+01 9.718202757819947024e-01
6.000000000000000000e+00 3.200000000000000000e+01 1.029955436647890465e+00
7.000000000000000000e+00 8.000000000000000000e+00 6.458967250478886424e-01
7.000000000000000000e+00 9.000000000000000000e+00 6.834827758726581548e-01
7.000000000000000000e+00 1.000000000000000000e+01 5.808319340540281095e-01
7.000000000000000000e+00 1.100000000000000000e+01 6.639592727810272876e-01
7.000000000000000000e+00 1.200000000000000000e+01 6.330500199659885308e-01
7.000000000000000000e+00 1.300000000000000000e+01 7.910241369589501303e-01
7.000000000000000000e+00 1.400000000000000000e+01 9.539931315416301238e-01
7.000000000000000000e+00 1.500000000000000000e+01 8.219046378765417771e-01
7.000000000000000000e+00 1.600000000000000000e+01 9.052352522931006451e-01
7.000000000000000000e+00 1.700000000000000000e+01 9.304411565171486487e-01
7.000000000000000000e+00 1.800000000000000000e+01 9.188045021378588029e-01
7.000000000000000000e+00 1.900000000000000000e+01 9.640789388767487811e-01
7.000000000000000000e+00 2.000000000000000000e+01 9.393514595062597561e-01
7.000000000000000000e+00 2.100000000000000000e+01 8.177107721247103278e-01
7.000000000000000000e+00 2.200000000000000000e+01 9.350529832129126362e-01
7.000000000000000000e+00 2.300000000000000000e+01 7.993265224099331823e-01
7.000000000000000000e+00 2.400000000000000000e+01 8.541373532487783748e-01
7.000000000000000000e+00 2.500000000000000000e+01 9.574574553503147900e-01
7.000000000000000000e+00 2.600000000000000000e+01 9.858789295382464068e-01
7.000000000000000000e+00 2.700000000000000000e+01 1.005180877704686448e+00
7.000000000000000000e+00 2.800000000000000000e+01 9.414129581342827180e-01
7.000000000000000000e+00 2.900000000000000000e+01 9.375879075930595441e-01
7.000000000000000000e+00 3.000000000000000000e+01 9.412209423984578827e-01
7.000000000000000000e+00 3.100000000000000000e+01 9.633776853364293125e-01
7.000000000000000000e+00 3.200000000000000000e+01 1.022457174806871372e+00
8.000000000000000000e+00 9.000000000000000000e+00 7.575566005811685821e-01
8.000000000000000000e+00 1.000000000000000000e+01 5.332910640547970926e-01
8.000000000000000000e+00 1.100000000000000000e+01 7.350129520246118098e-01
8.000000000000000000e+00 1.200000000000000000e+01 6.982672149347408652e-01
8.000000000000000000e+00 1.300000000000000000e+01 8.247098930058420763e-01
8.000000000000000000e+00 1.400000000000000000e+01 9.306833750555765228e-01
8.000000000000000000e+00 1.500000000000000000e+01 8.446045407730302657e-01
8.000000000000000000e+00 1.600000000000000000e+01 8.855796406662468367e-01
8.000000000000000000e+00 1.700000000000000000e+01 9.101821019410047953e-01
8.000000000000000000e+00 1.800000000000000000e+01 9.002566863552186049e-01
8.000000000000000000e+00 1.900000000000000000e+01 9.458859777685841852e-01
8.000000000000000000e+00 2.000000000000000000e+01 9.217604934533076833e-01
8.000000000000000000e+00 2.100000000000000000e+01 8.305282953915165134e-01
8.000000000000000000e+00 2.200000000000000000e+01 9.206408485369070860e-01
8.000000000000000000e+00 2.300000000000000000e+01 8.106391701222347423e-01
8.000000000000000000e+00 2.400000000000000000e+01 8.633641815521475582e-01
8.000000000000000000e+00 2.500000000000000000e+01 9.511902085456342970e-01
8.000000000000000000e+00 2.600000000000000000e+01 9.802795028173152403e-01
8.000000000000000000e+00 2.700000000000000000e+01 1.000183865397792804e+00
8.000000000000000000e+00 2.800000000000000000e+01 9.434056614804524621e-01
8.000000000000000000e+00 2.900000000000000000e+01 9.410856657426385219e-01
8.000000000000000000e+00 3.000000000000000000e+01 9.472073573503787536e-01
8.000000000000000000e+00 3.100000000000000000e+01 9.656057396932875569e-01
8.000000000000000000e+00 3.200000000000000000e+01 1.022021899014174728e+00
9.000000000000000000e+00 1.000000000000000000e+01 7.309431373891949191e-01
9.000000000000000000e+00 1.100000000000000000e+01 6.245634029592692649e-01
9.000000000000000000e+00 1.200000000000000000e+01 6.811683935901071685e-01
9.000000000000000000e+00 1.300000000000000000e+01 7.364886337488254497e-01
9.000000000000000000e+00 1.400000000000000000e+01 9.756222040906026294e-01
9.000000000000000000e+00 1.500000000000000000e+01 7.898157653434181302e-01
9.000000000000000000e+00 1.600000000000000000e+01 9.237340824157551644e-01
9.000000000000000000e+00 1.700000000000000000e+01 9.492001643358558560e-01
9.000000000000000000e+00 1.800000000000000000e+01 9.360007524521620770e-01
9.000000000000000000e+00 1.900000000000000000e+01 9.805216209168714503e-01
9.000000000000000000e+00 2.000000000000000000e+01 9.553527824684719949e-01
9.000000000000000000e+00 2.100000000000000000e+01 8.014374841411884276e-01
9.000000000000000000e+00 2.200000000000000000e+01 9.478388005443765252e-01
9.000000000000000000e+00 2.300000000000000000e+01 7.840421818692643319e-01
9.000000000000000000e+00 2.400000000000000000e+01 8.412188655938772630e-01
9.000000000000000000e+00 2.500000000000000000e+01 9.611670952761455222e-01
9.000000000000000000e+00 2.600000000000000000e+01 9.885789983623523014e-01
9.000000000000000000e+00 2.700000000000000000e+01 1.007077076466969423e+00
9.000000000000000000e+00 2.800000000000000000e+01 9.355667888817991162e-01
9.000000000000000000e+00 2.900000000000000000e+01 9.299075232750366737e-01
9.000000000000000000e+00 3.000000000000000000e+01 9.302438310850971170e-01
9.000000000000000000e+00 3.100000000000000000e+01 9.569307013886709790e-01
9.000000000000000000e+00 3.200000000000000000e+01 1.018869941021848913e+00
1.000000000000000000e+01 1.100000000000000000e+01 7.022096063305691693e-01
1.000000000000000000e+01 1.200000000000000000e+01 6.560086258132928894e-01
1.000000000000000000e+01 1.300000000000000000e+01 8.072804703701672580e-01
1.000000000000000000e+01 1.400000000000000000e+01 9.357481779605718586e-01
1.000000000000000000e+01 1.500000000000000000e+01 8.302392412160124469e-01
1.000000000000000000e+01 1.600000000000000000e+01 8.885077182655187755e-01
1.000000000000000000e+01 1.700000000000000000e+01 9.136233696230080525e-01
1.000000000000000000e+01 1.800000000000000000e+01 9.027755927262359759e-01
1.000000000000000000e+01 1.900000000000000000e+01 9.484801091261372274e-01
1.000000000000000000e+01 2.000000000000000000e+01 9.239618053275522325e-01
1.000000000000000000e+01 2.100000000000000000e+01 8.191834839513068012e-01
1.000000000000000000e+01 2.200000000000000000e+01 9.213258646768958116e-01
1.000000000000000000e+01 2.300000000000000000e+01 8.001628956316372276e-01
1.000000000000000000e+01 2.400000000000000000e+01 8.537679251073040376e-01
1.000000000000000000e+01 2.500000000000000000e+01 9.484318011401888793e-01
1.000000000000000000e+01 2.600000000000000000e+01 9.773603669770909441e-01
1.000000000000000000e+01 2.700000000000000000e+01 9.970701399776609186e-01
1.000000000000000000e+01 2.800000000000000000e+01 9.372987466919857624e-01
1.000000000000000000e+01 2.900000000000000000e+01 9.344039467546441102e-01
1.000000000000000000e+01 3.000000000000000000e+01 9.396857454463276582e-01
1.000000000000000000e+01 3.100000000000000000e+01 9.595490157972976775e-01
1.000000000000000000e+01 3.200000000000000000e+01 1.017151949965365620e+00
1.100000000000000000e+01 1.200000000000000000e+01 5.747989818378629323e-01
1.100000000000000000e+01 1.300000000000000000e+01 7.227286868835705036e-01
1.100000000000000000e+01 1.400000000000000000e+01 9.502383873409501192e-01
1.100000000000000000e+01 1.500000000000000000e+01 7.667953995739258399e-01
1.100000000000000000e+01 1.600000000000000000e+01 8.973550921949557946e-01
1.100000000000000000e+01 1.700000000000000000e+01 9.234249293941818593e-01
1.100000000000000000e+01 1.800000000000000000e+01 9.099435546838938738e-01
1.100000000000000000e+01 1.900000000000000000e+01 9.551579604107429677e-01
1.100000000000000000e+01 2.000000000000000000e+01 9.296935785208881864e-01
1.100000000000000000e+01 2.100000000000000000e+01 7.737024215704637609e-01
1.100000000000000000e+01 2.200000000000000000e+01 9.221853096606502653e-01
1.100000000000000000e+01 2.300000000000000000e+01 7.582844568081225090e-01
1.100000000000000000e+01 2.400000000000000000e+01 8.158848950654282728e-01
1.100000000000000000e+01 2.500000000000000000e+01 9.369153699504193522e-01
1.100000000000000000e+01 2.600000000000000000e+01 9.649602653328592794e-01
1.100000000000000000e+01 2.700000000000000000e+01 9.838307765189915344e-01
1.100000000000000000e+01 2.800000000000000000e+01 9.130703340654349187e-01
1.100000000000000000e+01 2.900000000000000000e+01 9.078462605779853423e-01
1.100000000000000000e+01 3.000000000000000000e+01 9.095317903511581648e-01
1.100000000000000000e+01 3.100000000000000000e+01 9.352793593418096130e-01
1.100000000000000000e+01 3.200000000000000000e+01 9.972248719707836884e-01
1.200000000000000000e+01 1.300000000000000000e+01 7.531163905794162616e-01
1.200000000000000000e+01 1.400000000000000000e+01 9.364448248379377837e-01
1.200000000000000000e+01 1.500000000000000000e+01 7.823349123205980415e-01
1.200000000000000000e+01 1.600000000000000000e+01 8.843716701002626301e-01
1.200000000000000000e+01 1.700000000000000000e+01 9.106351339054352678e-01
1.200000000000000000e+01 1.800000000000000000e+01 8.976784260298080742e-01
1.200000000000000000e+01 1.900000000000000000e+01 9.435449667357744818e-01
1.200000000000000000e+01 2.000000000000000000e+01 9.181274853376575340e-01
1.200000000000000000e+01 2.100000000000000000e+01 7.785862095784030767e-01
1.200000000000000000e+01 2.200000000000000000e+01 9.119962764321138948e-01
1.200000000000000000e+01 2.300000000000000000e+01 7.626244648647640956e-01
1.200000000000000000e+01 2.400000000000000000e+01 8.187997972019107618e-01
1.200000000000000000e+01 2.500000000000000000e+01 9.312234525010951725e-01
1.200000000000000000e+01 2.600000000000000000e+01 9.599008722317425857e-01
1.200000000000000000e+01 2.700000000000000000e+01 9.792324043462743433e-01
1.200000000000000000e+01 2.800000000000000000e+01 9.123540837201280507e-01
1.200000000000000000e+01 2.900000000000000000e+01 9.081364255642874195e-01
1.200000000000000000e+01 3.000000000000000000e+01 9.117036189753064956e-01
1.200000000000000000e+01 3.100000000000000000e+01 9.349854421544443461e-01
1.200000000000000000e+01 3.200000000000000000e+01 9.955193365671575201e-01
1.300000000000000000e+01 1.400000000000000000e+01 9.694182704726221900e-01
1.300000000000000000e+01 1.500000000000000000e+01 6.731457993571974274e-01
1.300000000000000000e+01 1.600000000000000000e+01 9.128181642483643721e-01
1.300000000000000000e+01 1.700000000000000000e+01 9.389054234280820310e-01
1.300000000000000000e+01 1.800000000000000000e+01 9.234548041076078295e-01
1.300000000000000000e+01 1.900000000000000000e+01 9.672729046559174204e-01
1.300000000000000000e+01 2.000000000000000000e+01 9.413617421990629897e-01
1.300000000000000000e+01 2.100000000000000000e+01 7.342486870335560578e-01
1.300000000000000000e+01 2.200000000000000000e+01 9.294611883386370010e-01
1.300000000000000000e+01 2.300000000000000000e+01 7.197665650132784032e-01
1.300000000000000000e+01 2.400000000000000000e+01 7.820870875900405306e-01
1.300000000000000000e+01 2.500000000000000000e+01 9.309779074388815356e-01
1.300000000000000000e+01 2.600000000000000000e+01 9.574433716373222936e-01
1.300000000000000000e+01 2.700000000000000000e+01 9.751079609500319378e-01
1.300000000000000000e+01 2.800000000000000000e+01 8.923878092428636499e-01
1.300000000000000000e+01 2.900000000000000000e+01 8.841398950646899291e-01
1.300000000000000000e+01 3.000000000000000000e+01 8.804724923008251380e-01
1.300000000000000000e+01 3.100000000000000000e+01 9.138277259758100790e-01
1.300000000000000000e+01 3.200000000000000000e+01 9.804148253159574722e-01
1.400000000000000000e+01 1.500000000000000000e+01 9.527756925920225495e-01
1.400000000000000000e+01 1.600000000000000000e+01 6.487694329678574956e-01
1.400000000000000000e+01 1.700000000000000000e+01 5.691187087047344662e-01
1.400000000000000000e+01 1.800000000000000000e+01 6.385389776902730130e-01
1.400000000000000000e+01 1.900000000000000000e+01 5.945429369689967380e-01
1.400000000000000000e+01 2.000000000000000000e+01 6.287596402866959533e-01
1.400000000000000000e+01 2.100000000000000000e+01 9.005771113390279581e-01
1.400000000000000000e+01 2.200000000000000000e+01 7.021713586609039659e-01
1.400000000000000000e+01 2.300000000000000000e+01 8.677838319820633251e-01
1.400000000000000000e+01 2.400000000000000000e+01 9.071307395510435079e-01
1.400000000000000000e+01 2.500000000000000000e+01 8.325062664350755259e-01
1.400000000000000000e+01 2.600000000000000000e+01 8.579543717258084623e-01
1.400000000000000000e+01 2.700000000000000000e+01 8.803658488759160683e-01
1.400000000000000000e+01 2.800000000000000000e+01 9.130408967855827562e-01
1.400000000000000000e+01 2.900000000000000000e+01 9.235286403319316051e-01
1.400000000000000000e+01 3.000000000000000000e+01 9.467333361275245274e-01
1.400000000000000000e+01 3.100000000000000000e+01 9.309229310493427612e-01
1.400000000000000000e+01 3.200000000000000000e+01 9.518871316022021745e-01
1.500000000000000000e+01 1.600000000000000000e+01 8.933548536960429498e-01
1.500000000000000000e+01 1.700000000000000000e+01 9.198842998696541429e-01
1.500000000000000000e+01 1.800000000000000000e+01 9.030792035868240308e-01
1.500000000000000000e+01 1.900000000000000000e+01 9.466430884924064149e-01
1.500000000000000000e+01 2.000000000000000000e+01 9.202293932808116583e-01
1.500000000000000000e+01 2.100000000000000000e+01 6.588428637913228414e-01
1.500000000000000000e+01 2.200000000000000000e+01 9.057452025220902314e-01
1.500000000000000000e+01 2.300000000000000000e+01 6.497619150839349933e-01
1.500000000000000000e+01 2.400000000000000000e+01 7.203663049954995845e-01
1.500000000000000000e+01 2.500000000000000000e+01 9.006874034204310764e-01
1.500000000000000000e+01 2.600000000000000000e+01 9.271669063156524615e-01
1.500000000000000000e+01 2.700000000000000000e+01 9.446895284082748034e-01
1.500000000000000000e+01 2.800000000000000000e+01 8.538455559953064267e-01
1.500000000000000000e+01 2.900000000000000000e+01 8.438136826962701065e-01
1.500000000000000000e+01 3.000000000000000000e+01 8.385620274040568312e-01
1.500000000000000000e+01 3.100000000000000000e+01 8.767822123682302848e-01
1.500000000000000000e+01 3.200000000000000000e+01 9.474162217640516026e-01
1.600000000000000000e+01 1.700000000000000000e+01 5.472406918776606677e-01
1.600000000000000000e+01 1.800000000000000000e+01 4.617230388262203444e-01
1.600000000000000000e+01 1.900000000000000000e+01 6.424400471859275097e-01
1.600000000000000000e+01 2.000000000000000000e+01 5.775510531402245906e-01
1.600000000000000000e+01 2.100000000000000000e+01 8.375264079693747199e-01
1.600000000000000000e+01 2.200000000000000000e+01 6.166875194160692519e-01
1.600000000000000000e+01 2.300000000000000000e+01 8.039705579033048499e-01
1.600000000000000000e+01 2.400000000000000000e+01 8.422117556705372987e-01
1.600000000000000000e+01 2.500000000000000000e+01 7.673197918960845687e-01
1.600000000000000000e+01 2.600000000000000000e+01 8.002746138370802065e-01
1.600000000000000000e+01 2.700000000000000000e+01 8.253176845254726057e-01
1.600000000000000000e+01 2.800000000000000000e+01 8.469651188023505917e-01
1.600000000000000000e+01 2.900000000000000000e+01 8.579488795407681501e-01
1.600000000000000000e+01 3.000000000000000000e+01 8.825976372269148662e-01
1.600000000000000000e+01 3.100000000000000000e+01 8.667043706423558369e-01
1.600000000000000000e+01 3.200000000000000000e+01 8.923267422762588552e-01
1.700000000000000000e+01 1.800000000000000000e+01 5.045613119450602646e-01
1.700000000000000000e+01 1.900000000000000000e+01 5.570781595169356226e-01
1.700000000000000000e+01 2.000000000000000000e+01 5.090289145672077797e-01
1.700000000000000000e+01 2.100000000000000000e+01 8.651086868391495432e-01
1.700000000000000000e+01 2.200000000000000000e+01 6.236549228283900792e-01
1.700000000000000000e+01 2.300000000000000000e+01 8.312497239656310155e-01
1.700000000000000000e+01 2.400000000000000000e+01 8.695212630588273761e-01
1.700000000000000000e+01 2.500000000000000000e+01 7.812868188174959538e-01
1.700000000000000000e+01 2.600000000000000000e+01 8.087844523741685165e-01
1.700000000000000000e+01 2.700000000000000000e+01 8.323350367800452787e-01
1.700000000000000000e+01 2.800000000000000000e+01 8.693628199481924224e-01
1.700000000000000000e+01 2.900000000000000000e+01 8.809242220964168535e-01
1.700000000000000000e+01 3.000000000000000000e+01 9.056044087886789828e-01
1.700000000000000000e+01 3.100000000000000000e+01 8.872029608107996346e-01
1.700000000000000000e+01 3.200000000000000000e+01 9.065131845947775879e-01
1.800000000000000000e+01 1.900000000000000000e+01 6.046850839671031874e-01
1.800000000000000000e+01 2.000000000000000000e+01 5.046455201645219102e-01
1.800000000000000000e+01 2.100000000000000000e+01 8.466588278584894489e-01
1.800000000000000000e+01 2.200000000000000000e+01 5.772085480528246215e-01
1.800000000000000000e+01 2.300000000000000000e+01 8.122699084797110336e-01
1.800000000000000000e+01 2.400000000000000000e+01 8.499197477173359161e-01
1.800000000000000000e+01 2.500000000000000000e+01 7.575178607456332092e-01
1.800000000000000000e+01 2.600000000000000000e+01 7.887757318529040607e-01
1.800000000000000000e+01 2.700000000000000000e+01 8.137768813677745960e-01
1.800000000000000000e+01 2.800000000000000000e+01 8.476714328106511598e-01
1.800000000000000000e+01 2.900000000000000000e+01 8.596981811930293205e-01
1.800000000000000000e+01 3.000000000000000000e+01 8.852498070717405021e-01
1.800000000000000000e+01 3.100000000000000000e+01 8.661557882012993481e-01
1.800000000000000000e+01 3.200000000000000000e+01 8.868329738994993328e-01
1.900000000000000000e+01 2.000000000000000000e+01 5.298792146440567397e-01
1.900000000000000000e+01 2.100000000000000000e+01 8.908422243403966156e-01
1.900000000000000000e+01 2.200000000000000000e+01 6.273816353416508118e-01
1.900000000000000000e+01 2.300000000000000000e+01 8.556624834085820863e-01
1.900000000000000000e+01 2.400000000000000000e+01 8.930225122581809671e-01
1.900000000000000000e+01 2.500000000000000000e+01 7.779912937438266951e-01
1.900000000000000000e+01 2.600000000000000000e+01 7.981951726195766206e-01
1.900000000000000000e+01 2.700000000000000000e+01 8.197830821778966381e-01
1.900000000000000000e+01 2.800000000000000000e+01 8.815581216667607301e-01
1.900000000000000000e+01 2.900000000000000000e+01 8.947122051160647516e-01
1.900000000000000000e+01 3.000000000000000000e+01 9.206285197381287588e-01
1.900000000000000000e+01 3.100000000000000000e+01 8.968219204777958531e-01
1.900000000000000000e+01 3.200000000000000000e+01 9.060238912940752343e-01
2.000000000000000000e+01 2.100000000000000000e+01 8.635549534867337229e-01
2.000000000000000000e+01 2.200000000000000000e+01 5.566535976037387812e-01
2.000000000000000000e+01 2.300000000000000000e+01 8.283465351195874460e-01
2.000000000000000000e+01 2.400000000000000000e+01 8.655001468476077875e-01
2.000000000000000000e+01 2.500000000000000000e+01 7.534176540119250642e-01
2.000000000000000000e+01 2.600000000000000000e+01 7.798336234381775256e-01
2.000000000000000000e+01 2.700000000000000000e+01 8.037885451137207760e-01
2.000000000000000000e+01 2.800000000000000000e+01 8.554772150118687968e-01
2.000000000000000000e+01 2.900000000000000000e+01 8.685842357639750322e-01
2.000000000000000000e+01 3.000000000000000000e+01 8.948642751817104113e-01
2.000000000000000000e+01 3.100000000000000000e+01 8.720167718455005268e-01
2.000000000000000000e+01 3.200000000000000000e+01 8.854596891444415085e-01
2.100000000000000000e+01 2.200000000000000000e+01 8.464585906305615026e-01
2.100000000000000000e+01 2.300000000000000000e+01 4.810291194974719575e-01
2.100000000000000000e+01 2.400000000000000000e+01 5.875792327279167893e-01
2.100000000000000000e+01 2.500000000000000000e+01 8.369817184924632780e-01
2.100000000000000000e+01 2.600000000000000000e+01 8.652056816498707725e-01
2.100000000000000000e+01 2.700000000000000000e+01 8.835863213922121595e-01
2.100000000000000000e+01 2.800000000000000000e+01 7.845136824721574698e-01
2.100000000000000000e+01 2.900000000000000000e+01 7.738004109621277049e-01
2.100000000000000000e+01 3.000000000000000000e+01 7.722497063490876279e-01
2.100000000000000000e+01 3.100000000000000000e+01 8.122605044761539439e-01
2.100000000000000000e+01 3.200000000000000000e+01 8.877163573657549378e-01
2.200000000000000000e+01 2.300000000000000000e+01 8.097069842578618060e-01
2.200000000000000000e+01 2.400000000000000000e+01 8.454545960403447857e-01
2.200000000000000000e+01 2.500000000000000000e+01 7.061335587730286356e-01
2.200000000000000000e+01 2.600000000000000000e+01 7.395017843506368482e-01
2.200000000000000000e+01 2.700000000000000000e+01 7.671225870899291976e-01
2.200000000000000000e+01 2.800000000000000000e+01 8.251301091517406761e-01
2.200000000000000000e+01 2.900000000000000000e+01 8.400473526416627479e-01
2.200000000000000000e+01 3.000000000000000000e+01 8.685402876644787717e-01
2.200000000000000000e+01 3.100000000000000000e+01 8.414047800093940044e-01
2.200000000000000000e+01 3.200000000000000000e+01 8.525510637757474086e-01
2.300000000000000000e+01 2.400000000000000000e+01 4.748440456591860315e-01
2.300000000000000000e+01 2.500000000000000000e+01 7.947547350100767627e-01
2.300000000000000000e+01 2.600000000000000000e+01 8.226161422141426982e-01
2.300000000000000000e+01 2.700000000000000000e+01 8.407139245665384841e-01
2.300000000000000000e+01 2.800000000000000000e+01 7.338758439729078376e-01
2.300000000000000000e+01 2.900000000000000000e+01 7.211278399061225031e-01
2.300000000000000000e+01 3.000000000000000000e+01 7.180322230363520575e-01
2.300000000000000000e+01 3.100000000000000000e+01 7.629936110376180913e-01
2.300000000000000000e+01 3.200000000000000000e+01 8.422138048545262379e-01
2.400000000000000000e+01 2.500000000000000000e+01 8.265675766206899144e-01
2.400000000000000000e+01 2.600000000000000000e+01 8.549200736271354018e-01
2.400000000000000000e+01 2.700000000000000000e+01 8.732284149702809195e-01
2.400000000000000000e+01 2.800000000000000000e+01 7.596400795361926139e-01
2.400000000000000000e+01 2.900000000000000000e+01 7.459654873976537814e-01
2.400000000000000000e+01 3.000000000000000000e+01 7.452591789459341864e-01
2.400000000000000000e+01 3.100000000000000000e+01 7.916563679598196401e-01
2.400000000000000000e+01 3.200000000000000000e+01 8.742428915324946814e-01
2.500000000000000000e+01 2.600000000000000000e+01 5.842677974483354575e-01
2.500000000000000000e+01 2.700000000000000000e+01 6.536227176801243655e-01
2.500000000000000000e+01 2.800000000000000000e+01 7.520196989941012600e-01
2.500000000000000000e+01 2.900000000000000000e+01 7.767520294755672072e-01
2.500000000000000000e+01 3.000000000000000000e+01 8.139567313170124052e-01
2.500000000000000000e+01 3.100000000000000000e+01 7.607509111151800063e-01
2.500000000000000000e+01 3.200000000000000000e+01 7.541828353394790518e-01
2.600000000000000000e+01 2.700000000000000000e+01 5.293231864764227357e-01
2.600000000000000000e+01 2.800000000000000000e+01 7.752730986872298224e-01
2.600000000000000000e+01 2.900000000000000000e+01 7.986343722925204336e-01
2.600000000000000000e+01 3.000000000000000000e+01 8.322540595793197493e-01
2.600000000000000000e+01 3.100000000000000000e+01 7.734103677264587695e-01
2.600000000000000000e+01 3.200000000000000000e+01 7.240548475940331574e-01
2.700000000000000000e+01 2.800000000000000000e+01 7.919845979891833032e-01
2.700000000000000000e+01 2.900000000000000000e+01 8.140071948756464337e-01
2.700000000000000000e+01 3.000000000000000000e+01 8.451221882180137701e-01
2.700000000000000000e+01 3.100000000000000000e+01 7.848125811828754461e-01
2.700000000000000000e+01 3.200000000000000000e+01 7.065466877779549293e-01
2.800000000000000000e+01 2.900000000000000000e+01 5.294627881290887572e-01
2.800000000000000000e+01 3.000000000000000000e+01 6.622686780391697781e-01
2.800000000000000000e+01 3.100000000000000000e+01 5.852679406028808984e-01
2.800000000000000000e+01 3.200000000000000000e+01 7.703734819873013784e-01
2.900000000000000000e+01 3.000000000000000000e+01 6.047103194592682307e-01
2.900000000000000000e+01 3.100000000000000000e+01 6.221207253923308755e-01
2.900000000000000000e+01 3.200000000000000000e+01 7.901875756616421054e-01
3.000000000000000000e+01 3.100000000000000000e+01 6.815676221779853883e-01
3.000000000000000000e+01 3.200000000000000000e+01 8.150293810618407520e-01
3.100000000000000000e+01 3.200000000000000000e+01 7.383742180629360163e-01
