1.000000000000000000e+00 2.000000000000000000e+00 1.571094130686743418e+00
1.000000000000000000e+00 3.000000000000000000e+00 2.343313401237383520e+00
1.000000000000000000e+00 4.000000000000000000e+00 1.707369742273446622e+00
1.000000000000000000e+00 5.000000000000000000e+00 1.742413404789203923e+00
1.000000000000000000e+00 6.000000000000000000e+00 1.725958584734943235e+00
1.000000000000000000e+00 7.000000000000000000e+00 1.707261988211182802e+00
1.000000000000000000e+00 8.000000000000000000e+00 1.763198360620982896e+00
1.000000000000000000e+00 9.000000000000000000e+00 1.661885010156238796e+00
1.000000000000000000e+00 1.000000000000000000e+01 1.737161875670250044e+00
1.000000000000000000e+00 1.100000000000000000e+01 1.697601755343500995e+00
1.000000000000000000e+00 1.200000000000000000e+01 1.719830683382157499e+00
1.000000000000000000e+00 1.300000000000000000e+01 1.686592495587787122e+00
1.000000000000000000e+00 1.400000000000000000e+01 2.073972255856136648e+00
1.000000000000000000e+00 1.500000000000000000e+01 1.787479409757488646e+00
1.000000000000000000e+00 1.600000000000000000e+01 2.779151235130127517e+00
1.000000000000000000e+00 1.700000000000000000e+01 2.900159336484225303e+00
1.000000000000000000e+00 1.800000000000000000e+01 2.112640654588492595e+00
1.000000000000000000e+00 1.900000000000000000e+01 2.667515661903707258e+00
1.000000000000000000e+00 2.000000000000000000e+01 2.096734823062257114e+00
1.000000000000000000e+00 2.100000000000000000e+01 1.788453730246458484e+00
1.000000000000000000e+00 2.200000000000000000e+01 2.728652909471757759e+00
1.000000000000000000e+00 2.300000000000000000e+01 1.776458922780038696e+00
1.000000000000000000e+00 2.400000000000000000e+01 1.791396252894056129e+00
1.000000000000000000e+00 2.500000000000000000e+01 1.956505266599811721e+00
1.000000000000000000e+00 2.600000000000000000e+01 1.998108932739296462e+00
1.000000000000000000e+00 2.700000000000000000e+01 2.033052663581481845e+00
1.000000000000000000e+00 2.800000000000000000e+01 1.888914704405280087e+00
1.000000000000000000e+00 2.900000000000000000e+01 1.879417644589420622e+00
1.000000000000000000e+00 3.000000000000000000e+01 1.864024358057700503e+00
1.000000000000000000e+00 3.100000000000000000e+01 1.928570386625715560e+00
1.000000000000000000e+00 3.200000000000000000e+01 2.803481188371913735e+00
2.000000000000000000e+00 3.000000000000000000e+00 1.572831027848295538e+00
2.000000000000000000e+00 4.000000000000000000e+00 9.235138522407893014e-01
2.000000000000000000e+00 5.000000000000000000e+00 9.694092132308269605e-01
2.000000000000000000e+00 6.000000000000000000e+00 9.582978837378177683e-01
2.000000000000000000e+00 7.000000000000000000e+00 9.360804012305063981e-01
2.000000000000000000e+00 8.000000000000000000e+00 1.004154119481233565e+00
2.000000000000000000e+00 9.000000000000000000e+00 8.665467277332390417e-01
2.000000000000000000e+00 1.000000000000000000e+01 9.744508455087852461e-01
2.000000000000000000e+00 1.100000000000000000e+01 9.255045703480908603e-01
2.000000000000000000e+00 1.200000000000000000e+01 9.547081570102737835e-01
2.000000000000000000e+00 1.300000000000000000e+01 9.563852952906317650e-01
2.000000000000000000e+00 1.400000000000000000e+01 1.348397442014752645e+00
2.000000000000000000e+00 1.500000000000000000e+01 1.073743804707461447e+00
2.000000000000000000e+00 1.600000000000000000e+01 2.055944244327884363e+00
2.000000000000000000e+00 1.700000000000000000e+01 2.177283172029953473e+00
2.000000000000000000e+00 1.800000000000000000e+01 1.391296453371957842e+00
2.000000000000000000e+00 1.900000000000000000e+01 1.945371541914201696e+00
2.000000000000000000e+00 2.000000000000000000e+01 1.376148278675327852e+00
2.000000000000000000e+00 2.100000000000000000e+01 1.072198417308543039e+00
2.000000000000000000e+00 2.200000000000000000e+01 2.009332166445224388e+00
2.000000000000000000e+00 2.300000000000000000e+01 1.064424081224901952e+00
2.000000000000000000e+00 2.400000000000000000e+01 1.080519524177850244e+00
2.000000000000000000e+00 2.500000000000000000e+01 1.244555542103909174e+00
2.000000000000000000e+00 2.600000000000000000e+01 1.287591814111939792e+00
2.000000000000000000e+00 2.700000000000000000e+01 1.323849424276873243e+00
2.000000000000000000e+00 2.800000000000000000e+01 1.183941569112693326e+00
2.000000000000000000e+00 2.900000000000000000e+01 1.175875907943769061e+00
2.000000000000000000e+00 3.000000000000000000e+01 1.163827948803136891e+00
2.000000000000000000e+00 3.100000000000000000e+01 1.225976212025837508e+00
2.000000000000000000e+00 3.200000000000000000e+01 2.100085450638931039e+00
3.000000000000000000e+00 4.000000000000000000e+00 1.244787821437582487e+00
3.000000000000000000e+00 5.000000000000000000e+00 1.052983772682661634e+00
3.000000000000000000e+00 6.000000000000000000e+00 1.186631974464058326e+00
3.000000000000000000e+00 7.000000000000000000e+00 1.246766815037259279e+00
3.000000000000000000e+00 8.000000000000000000e+00 1.312078534260232576e+00
3.000000000000000000e+00 9.000000000000000000e+00 1.396155040170203865e+00
3.000000000000000000e+00 1.000000000000000000e+01 1.283527258194741894e+00
3.000000000000000000e+00 1.100000000000000000e+01 1.399337459382289817e+00
3.000000000000000000e+00 1.200000000000000000e+01 1.386712197276955827e+00
3.000000000000000000e+00 1.300000000000000000e+01 1.583002981155624100e+00
3.000000000000000000e+00 1.400000000000000000e+01 1.842798006415152123e+00
3.000000000000000000e+00 1.500000000000000000e+01 1.684242942185761205e+00
3.000000000000000000e+00 1.600000000000000000e+01 2.563407929748874103e+00
3.000000000000000000e+00 1.700000000000000000e+01 2.683741575065943241e+00
3.000000000000000000e+00 1.800000000000000000e+01 1.904625843379266215e+00
3.000000000000000000e+00 1.900000000000000000e+01 2.453210533793170445e+00
3.000000000000000000e+00 2.000000000000000000e+01 1.891502532969132844e+00
3.000000000000000000e+00 2.100000000000000000e+01 1.642370415873859457e+00
3.000000000000000000e+00 2.200000000000000000e+01 2.529849865393496877e+00
3.000000000000000000e+00 2.300000000000000000e+01 1.637885534018194145e+00
3.000000000000000000e+00 2.400000000000000000e+01 1.652564451124624689e+00
3.000000000000000000e+00 2.500000000000000000e+01 1.790508118551709105e+00
3.000000000000000000e+00 2.600000000000000000e+01 1.836237994210718094e+00
3.000000000000000000e+00 2.700000000000000000e+01 1.875662475671552976e+00
3.000000000000000000e+00 2.800000000000000000e+01 1.752397003779542217e+00
3.000000000000000000e+00 2.900000000000000000e+01 1.748644815067655678e+00
3.000000000000000000e+00 3.000000000000000000e+01 1.745491725450590614e+00
3.000000000000000000e+00 3.100000000000000000e+01 1.798879515361474279e+00
3.000000000000000000e+00 3.200000000000000000e+01 2.667605970291641260e+00
4.000000000000000000e+00 5.000000000000000000e+00 6.139533786848621055e-01
4.000000000000000000e+00 6.000000000000000000e+00 6.772591962833949264e-01
4.000000000000000000e+00 7.000000000000000000e+00 6.626068619818366034e-01
4.000000000000000000e+00 8.000000000000000000e+00 7.783070097296334033e-01
4.000000000000000000e+00 9.000000000000000000e+00 7.365809831158567356e-01
4.000000000000000000e+00 1.000000000000000000e+01 7.383623669674097556e-01
4.000000000000000000e+00 1.100000000000000000e+01 7.706429493419764132e-01
4.000000000000000000e+00 1.200000000000000000e+01 7.771238629137586784e-01
4.000000000000000000e+00 1.300000000000000000e+01 9.538486661256115884e-01
4.000000000000000000e+00 1.400000000000000000e+01 1.248577440611091660e+00
4.000000000000000000e+00 1.500000000000000000e+01 1.061331202877132895e+00
4.000000000000000000e+00 1.600000000000000000e+01 1.965458663580564647e+00
4.000000000000000000e+00 1.700000000000000000e+01 2.086346164443094953e+00
4.000000000000000000e+00 1.800000000000000000e+01 1.305426979553942601e+00
4.000000000000000000e+00 1.900000000000000000e+01 1.855665367357935747e+00
4.000000000000000000e+00 2.000000000000000000e+01 1.291923547504690184e+00
4.000000000000000000e+00 2.100000000000000000e+01 1.027313169491745448e+00
4.000000000000000000e+00 2.200000000000000000e+01 1.928982857322459665e+00
4.000000000000000000e+00 2.300000000000000000e+01 1.023230359879451656e+00
4.000000000000000000e+00 2.400000000000000000e+01 1.038597068450594296e+00
4.000000000000000000e+00 2.500000000000000000e+01 1.183828041756216143e+00
4.000000000000000000e+00 2.600000000000000000e+01 1.229177062730294923e+00
4.000000000000000000e+00 2.700000000000000000e+01 1.268015422472825726e+00
4.000000000000000000e+00 2.800000000000000000e+01 1.140916485682018422e+00
4.000000000000000000e+00 2.900000000000000000e+01 1.136308515562484356e+00
4.000000000000000000e+00 3.000000000000000000e+01 1.131501186290610583e+00
4.000000000000000000e+00 3.100000000000000000e+01 1.186724976740016757e+00
4.000000000000000000e+00 3.200000000000000000e+01 2.056802624430582593e+00
5.000000000000000000e+00 6.000000000000000000e+00 5.659011311955828294e-01
5.000000000000000000e+00 7.000000000000000000e+00 6.127017441402806686e-01
5.000000000000000000e+00 8.000000000000000000e+00 7.162162095852360189e-01
5.000000000000000000e+00 9.000000000000000000e+00 7.789254808822656528e-01
5.000000000000000000e+00 1.000000000000000000e+01 6.753072406028048924e-01
5.000000000000000000e+00 1.100000000000000000e+01 7.816705944173893972e-01
5.000000000000000000e+00 1.200000000000000000e+01 7.696227571800671186e-01
5.000000000000000000e+00 1.300000000000000000e+01 9.750011412082348894e-01
5.000000000000000000e+00 1.400000000000000000e+01 1.242755382607993120e+00
5.000000000000000000e+00 1.500000000000000000e+01 1.077367739958398740e+00
5.000000000000000000e+00 1.600000000000000000e+01 1.961783123334315704e+00
5.000000000000000000e+00 1.700000000000000000e+01 2.082555049575752104e+00
5.000000000000000000e+00 1.800000000000000000e+01 1.302809391266331218e+00
5.000000000000000000e+00 1.900000000000000000e+01 1.852143834514265119e+00
5.000000000000000000e+00 2.000000000000000000e+01 1.289669998960239816e+00
5.000000000000000000e+00 2.100000000000000000e+01 1.036063646429112417e+00
5.000000000000000000e+00 2.200000000000000000e+01 1.927629476180256596e+00
5.000000000000000000e+00 2.300000000000000000e+01 1.032027848312608631e+00
5.000000000000000000e+00 2.400000000000000000e+01 1.046940945142893487e+00
5.000000000000000000e+00 2.500000000000000000e+01 1.186910985321679712e+00
5.000000000000000000e+00 2.600000000000000000e+01 1.232680226616290176e+00
5.000000000000000000e+00 2.700000000000000000e+01 1.272038386003964128e+00
5.000000000000000000e+00 2.800000000000000000e+01 1.147883307061490665e+00
5.000000000000000000e+00 2.900000000000000000e+01 1.144007960327184659e+00
5.000000000000000000e+00 3.000000000000000000e+01 1.140670894753598397e+00
5.000000000000000000e+00 3.100000000000000000e+01 1.194369743015405216e+00
5.000000000000000000e+00 3.200000000000000000e+01 2.063452717320131580e+00
6.000000000000000000e+00 7.000000000000000000e+00 5.356423597789958801e-01
6.000000000000000000e+00 8.000000000000000000e+00 6.168498839620912833e-01
6.000000000000000000e+00 9.000000000000000000e+00 7.627344338252792788e-01
6.000000000000000000e+00 1.000000000000000000e+01 5.524629838323353859e-01
6.000000000000000000e+00 1.100000000000000000e+01 7.437630579837024580e-01
6.000000000000000000e+00 1.200000000000000000e+01 7.154917525200708006e-01
6.000000000000000000e+00 1.300000000000000000e+01 9.444894981435962844e-01
6.000000000000000000e+00 1.400000000000000000e+01 1.195645534128255694e+00
6.000000000000000000e+00 1.500000000000000000e+01 1.043303227603408434e+00
6.000000000000000000e+00 1.600000000000000000e+01 1.915207359574665702e+00
6.000000000000000000e+00 1.700000000000000000e+01 2.036231806130152311e+00
6.000000000000000000e+00 1.800000000000000000e+01 1.256969201298419492e+00
6.000000000000000000e+00 1.900000000000000000e+01 1.806140758801367152e+00
6.000000000000000000e+00 2.000000000000000000e+01 1.244119976159894225e+00
6.000000000000000000e+00 2.100000000000000000e+01 9.965678283588710329e-01
6.000000000000000000e+00 2.200000000000000000e+01 1.882527234717812803e+00
6.000000000000000000e+00 2.300000000000000000e+01 9.927601385730675521e-01
6.000000000000000000e+00 2.400000000000000000e+01 1.007424446874461754e+00
6.000000000000000000e+00 2.500000000000000000e+01 1.144417164289471822e+00
6.000000000000000000e+00 2.600000000000000000e+01 1.190546237161655307e+00
6.000000000000000000e+00 2.700000000000000000e+01 1.230271731471352048e+00
6.000000000000000000e+00 2.800000000000000000e+01 1.107873174950269490e+00
6.000000000000000000e+00 2.900000000000000000e+01 1.104499374762785369e+00
6.000000000000000000e+00 3.000000000000000000e+01 1.102204786708425921e+00
6.000000000000000000e+00 3.100000000000000000e+01 1.154891230079576392e+00
6.000000000000000000e+00 3.200000000000000000e+01 2.023412179214227447e+00
7.000000000000000000e+00 8.000000000000000000e+00 6.688708761218515875e-01
7.000000000000000000e+00 9.000000000000000000e+00 7.161800368661888072e-01
7.000000000000000000e+00 1.000000000000000000e+01 5.888791330489917542e-01
7.000000000000000000e+00 1.100000000000000000e+01 6.887965622558180900e-01
7.000000000000000000e+00 1.200000000000000000e+01 6.592174702179707246e-01
7.000000000000000000e+00 1.300000000000000000e+01 9.158471115853148437e-01
7.000000000000000000e+00 1.400000000000000000e+01 1.188331460390627647e+00
7.000000000000000000e+00 1.500000000000000000e+01 1.017839033182151631e+00
7.000000000000000000e+00 1.600000000000000000e+01 1.904659439708771274e+00
7.000000000000000000e+00 1.700000000000000000e+01 2.026417648295948393e+00
7.000000000000000000e+00 1.800000000000000000e+01 1.245749753738660370e+00
7.000000000000000000e+00 1.900000000000000000e+01 1.796425973531329046e+00
7.000000000000000000e+00 2.000000000000000000e+01 1.232754931845314150e+00
7.000000000000000000e+00 2.100000000000000000e+01 9.736515695576231089e-01
7.000000000000000000e+00 2.200000000000000000e+01 1.870232567112796396e+00
7.000000000000000000e+00 2.300000000000000000e+01 9.708620849177134193e-01
7.000000000000000000e+00 2.400000000000000000e+01 9.861422733688582909e-01
7.000000000000000000e+00 2.500000000000000000e+01 1.128449270170625018e+00
7.000000000000000000e+00 2.600000000000000000e+01 1.174550849767847405e+00
7.000000000000000000e+00 2.700000000000000000e+01 1.214028167970544914e+00
7.000000000000000000e+00 2.800000000000000000e+01 1.089230319157267868e+00
7.000000000000000000e+00 2.900000000000000000e+01 1.085447676796635008e+00
7.000000000000000000e+00 3.000000000000000000e+01 1.082462132188182657e+00
7.000000000000000000e+00 3.100000000000000000e+01 1.136108413628668323e+00
7.000000000000000000e+00 3.200000000000000000e+01 2.005552593839641684e+00
8.000000000000000000e+00 9.000000000000000000e+00 8.259271684414777326e-01
8.000000000000000000e+00 1.000000000000000000e+01 5.411007562212160060e-01
8.000000000000000000e+00 1.100000000000000000e+01 7.953211303464555737e-01
8.000000000000000000e+00 1.200000000000000000e+01 7.578306257606626239e-01
8.000000000000000000e+00 1.300000000000000000e+01 9.744586259080427748e-01
8.000000000000000000e+00 1.400000000000000000e+01 1.179391459216748039e+00
8.000000000000000000e+00 1.500000000000000000e+01 1.065501796133351498e+00
8.000000000000000000e+00 1.600000000000000000e+01 1.903465066419302687e+00
8.000000000000000000e+00 1.700000000000000000e+01 2.023975650785433178e+00
8.000000000000000000e+00 1.800000000000000000e+01 1.247026606277672478e+00
8.000000000000000000e+00 1.900000000000000000e+01 1.794205906339342516e+00
8.000000000000000000e+00 2.000000000000000000e+01 1.234741069374194478e+00
8.000000000000000000e+00 2.100000000000000000e+01 1.009307495240860053e+00
8.000000000000000000e+00 2.200000000000000000e+01 1.874856859575275259e+00
8.000000000000000000e+00 2.300000000000000000e+01 1.004441189052220240e+00
8.000000000000000000e+00 2.400000000000000000e+01 1.018014844213129155e+00
8.000000000000000000e+00 2.500000000000000000e+01 1.144593149934772347e+00
8.000000000000000000e+00 2.600000000000000000e+01 1.191199493364079709e+00
8.000000000000000000e+00 2.700000000000000000e+01 1.231687923266563622e+00
8.000000000000000000e+00 2.800000000000000000e+01 1.114469765398189427e+00
8.000000000000000000e+00 2.900000000000000000e+01 1.112223815325962928e+00
8.000000000000000000e+00 3.000000000000000000e+01 1.112068985064097681e+00
8.000000000000000000e+00 3.100000000000000000e+01 1.162309386319898774e+00
8.000000000000000000e+00 3.200000000000000000e+01 2.028976337350334003e+00
9.000000000000000000e+00 1.000000000000000000e+01 7.813974140794179846e-01
9.000000000000000000e+00 1.100000000000000000e+01 6.538200054772176362e-01
9.000000000000000000e+00 1.200000000000000000e+01 7.239154206619033971e-01
9.000000000000000000e+00 1.300000000000000000e+01 8.626969014523482304e-01
9.000000000000000000e+00 1.400000000000000000e+01 1.225505831840993931e+00
9.000000000000000000e+00 1.500000000000000000e+01 9.863764565134940376e-01
9.000000000000000000e+00 1.600000000000000000e+01 1.934930401364111319e+00
9.000000000000000000e+00 1.700000000000000000e+01 2.057309006988390809e+00
9.000000000000000000e+00 1.800000000000000000e+01 1.273030338735655409e+00
9.000000000000000000e+00 1.900000000000000000e+01 1.826679729272503661e+00
9.000000000000000000e+00 2.000000000000000000e+01 1.259045421187004354e+00
9.000000000000000000e+00 2.100000000000000000e+01 9.648884730918751984e-01
9.000000000000000000e+00 2.200000000000000000e+01 1.893816345676575530e+00
9.000000000000000000e+00 2.300000000000000000e+01 9.629686041581428935e-01
9.000000000000000000e+00 2.400000000000000000e+01 9.799832856428469796e-01
9.000000000000000000e+00 2.500000000000000000e+01 1.139096027100574338e+00
9.000000000000000000e+00 2.600000000000000000e+01 1.184142661288825282e+00
9.000000000000000000e+00 2.700000000000000000e+01 1.222204193052419896e+00
9.000000000000000000e+00 2.800000000000000000e+01 1.088719040090205592e+00
9.000000000000000000e+00 2.900000000000000000e+01 1.082866437541118554e+00
9.000000000000000000e+00 3.000000000000000000e+01 1.075824840468228238e+00
9.000000000000000000e+00 3.100000000000000000e+01 1.133884793115503609e+00
9.000000000000000000e+00 3.200000000000000000e+01 2.006376884143349582e+00
1.000000000000000000e+01 1.100000000000000000e+01 7.444625347060009890e-01
1.000000000000000000e+01 1.200000000000000000e+01 6.990689415961957032e-01
1.000000000000000000e+01 1.300000000000000000e+01 9.429109672726425639e-01
1.000000000000000000e+01 1.400000000000000000e+01 1.174187519867440965e+00
1.000000000000000000e+01 1.500000000000000000e+01 1.037174663169995625e+00
1.000000000000000000e+01 1.600000000000000000e+01 1.894100859564575856e+00
1.000000000000000000e+01 1.700000000000000000e+01 2.015526496444779436e+00
1.000000000000000000e+01 1.800000000000000000e+01 1.236745629313946715e+00
1.000000000000000000e+01 1.900000000000000000e+01 1.785856154100633031e+00
1.000000000000000000e+01 2.000000000000000000e+01 1.224252264277662317e+00
1.000000000000000000e+01 2.100000000000000000e+01 9.840584569441457319e-01
1.000000000000000000e+01 2.200000000000000000e+01 1.863146280504048846e+00
1.000000000000000000e+01 2.300000000000000000e+01 9.803443005179153236e-01
1.000000000000000000e+01 2.400000000000000000e+01 9.946489481541411770e-01
1.000000000000000000e+01 2.500000000000000000e+01 1.128005192822848501e+00
1.000000000000000000e+01 2.600000000000000000e+01 1.174554843631718137e+00
1.000000000000000000e+01 2.700000000000000000e+01 1.214702276267496828e+00
1.000000000000000000e+01 2.800000000000000000e+01 1.094324879544292362e+00
1.000000000000000000e+01 2.900000000000000000e+01 1.091532548837467420e+00
1.000000000000000000e+01 3.000000000000000000e+01 1.090438955310002900e+00
1.000000000000000000e+01 3.100000000000000000e+01 1.141945238615623914e+00
1.000000000000000000e+01 3.200000000000000000e+01 2.009811735861548154e+00
1.100000000000000000e+01 1.200000000000000000e+01 5.920604891578205020e-01
1.100000000000000000e+01 1.300000000000000000e+01 8.581431246535371482e-01
1.100000000000000000e+01 1.400000000000000000e+01 1.195982705509505806e+00
1.100000000000000000e+01 1.500000000000000000e+01 9.722097757952177233e-01
1.100000000000000000e+01 1.600000000000000000e+01 1.904143116957006221e+00
1.100000000000000000e+01 1.700000000000000000e+01 2.027605950210121133e+00
1.100000000000000000e+01 1.800000000000000000e+01 1.243272688380684166e+00
1.100000000000000000e+01 1.900000000000000000e+01 1.797739624224171440e+00
1.100000000000000000e+01 2.000000000000000000e+01 1.229812821441269577e+00
1.100000000000000000e+01 2.100000000000000000e+01 9.360654687258866957e-01
1.100000000000000000e+01 2.200000000000000000e+01 1.864803626893191790e+00
1.100000000000000000e+01 2.300000000000000000e+01 9.371689941064789142e-01
1.100000000000000000e+01 2.400000000000000000e+01 9.546163466514041573e-01
1.100000000000000000e+01 2.500000000000000000e+01 1.112962949208338381e+00
1.100000000000000000e+01 2.600000000000000000e+01 1.158991072038360270e+00
1.100000000000000000e+01 2.700000000000000000e+01 1.197798921812986084e+00
1.100000000000000000e+01 2.800000000000000000e+01 1.066305412607016390e+00
1.100000000000000000e+01 2.900000000000000000e+01 1.061375262083548154e+00
1.100000000000000000e+01 3.000000000000000000e+01 1.056496623861801432e+00
1.100000000000000000e+01 3.100000000000000000e+01 1.112879940949855762e+00
1.100000000000000000e+01 3.200000000000000000e+01 1.984953863589357770e+00
1.200000000000000000e+01 1.300000000000000000e+01 8.863037286845252272e-01
1.200000000000000000e+01 1.400000000000000000e+01 1.181734785759128048e+00
1.200000000000000000e+01 1.500000000000000000e+01 9.875407842693357807e-01
1.200000000000000000e+01 1.600000000000000000e+01 1.891358172517819902e+00
1.200000000000000000e+01 1.700000000000000000e+01 2.015099281589456393e+00
1.200000000000000000e+01 1.800000000000000000e+01 1.231799100061376162e+00
1.200000000000000000e+01 1.900000000000000000e+01 1.785733455093288402e+00
1.200000000000000000e+01 2.000000000000000000e+01 1.218841100812677603e+00
1.200000000000000000e+01 2.100000000000000000e+01 9.387536592075464981e-01
1.200000000000000000e+01 2.200000000000000000e+01 1.854723727378310372e+00
1.200000000000000000e+01 2.300000000000000000e+01 9.395756066637808157e-01
1.200000000000000000e+01 2.400000000000000000e+01 9.562059057099547843e-01
1.200000000000000000e+01 2.500000000000000000e+01 1.107831873441736947e+00
1.200000000000000000e+01 2.600000000000000000e+01 1.154476688839671583e+00
1.200000000000000000e+01 2.700000000000000000e+01 1.193943820221130103e+00
1.200000000000000000e+01 2.800000000000000000e+01 1.065893282213936200e+00
1.200000000000000000e+01 2.900000000000000000e+01 1.061912750845980469e+00
1.200000000000000000e+01 3.000000000000000000e+01 1.058958047139849867e+00
1.200000000000000000e+01 3.100000000000000000e+01 1.113362796053523951e+00
1.200000000000000000e+01 3.200000000000000000e+01 1.984265912251586439e+00
1.300000000000000000e+01 1.400000000000000000e+01 1.244694706236317394e+00
1.300000000000000000e+01 1.500000000000000000e+01 8.031698653191741144e-01
1.300000000000000000e+01 1.600000000000000000e+01 1.940737251965217958e+00
1.300000000000000000e+01 1.700000000000000000e+01 2.064455736768421534e+00
1.300000000000000000e+01 1.800000000000000000e+01 1.273290835878445826e+00
1.300000000000000000e+01 1.900000000000000000e+01 1.832729983014044439e+00
1.300000000000000000e+01 2.000000000000000000e+01 1.257485909015852776e+00
1.300000000000000000e+01 2.100000000000000000e+01 8.881572743715882012e-01
1.300000000000000000e+01 2.200000000000000000e+01 1.887123342149177319e+00
1.300000000000000000e+01 2.300000000000000000e+01 8.881574014394078009e-01
1.300000000000000000e+01 2.400000000000000000e+01 9.100830490799407535e-01
1.300000000000000000e+01 2.500000000000000000e+01 1.107956883485227584e+00
1.300000000000000000e+01 2.600000000000000000e+01 1.151174436315580918e+00
1.300000000000000000e+01 2.700000000000000000e+01 1.186673005924648194e+00
1.300000000000000000e+01 2.800000000000000000e+01 1.035726647129255884e+00
1.300000000000000000e+01 2.900000000000000000e+01 1.025684538320464245e+00
1.300000000000000000e+01 3.000000000000000000e+01 1.010673332253710477e+00
1.300000000000000000e+01 3.100000000000000000e+01 1.078149472452903712e+00
1.300000000000000000e+01 3.200000000000000000e+01 1.957286938732408554e+00
1.400000000000000000e+01 1.500000000000000000e+01 1.287935985554858220e+00
1.400000000000000000e+01 1.600000000000000000e+01 1.619471695995111205e+00
1.400000000000000000e+01 1.700000000000000000e+01 1.575183027183540307e+00
1.400000000000000000e+01 1.800000000000000000e+01 9.316904052256909097e-01
1.400000000000000000e+01 1.900000000000000000e+01 1.241104578122844249e+00
1.400000000000000000e+01 2.000000000000000000e+01 8.925911305127947060e-01
1.400000000000000000e+01 2.100000000000000000e+01 1.181836928397848929e+00
1.400000000000000000e+01 2.200000000000000000e+01 1.601228883313686069e+00
1.400000000000000000e+01 2.300000000000000000e+01 1.152310572447558856e+00
1.400000000000000000e+01 2.400000000000000000e+01 1.150142226818330116e+00
1.400000000000000000e+01 2.500000000000000000e+01 1.056655584845610063e+00
1.400000000000000000e+01 2.600000000000000000e+01 1.092410768176072411e+00
1.400000000000000000e+01 2.700000000000000000e+01 1.140984521127270668e+00
1.400000000000000000e+01 2.800000000000000000e+01 1.147508334095035831e+00
1.400000000000000000e+01 2.900000000000000000e+01 1.160449632794011254e+00
1.400000000000000000e+01 3.000000000000000000e+01 1.184178721023916303e+00
1.400000000000000000e+01 3.100000000000000000e+01 1.196539902402026900e+00
1.400000000000000000e+01 3.200000000000000000e+01 2.015439520780945681e+00
1.500000000000000000e+01 1.600000000000000000e+01 1.978075286343417893e+00
1.500000000000000000e+01 1.700000000000000000e+01 2.102460797098656631e+00
1.500000000000000000e+01 1.800000000000000000e+01 1.308260039663981189e+00
1.500000000000000000e+01 1.900000000000000000e+01 1.870354337236201925e+00
1.500000000000000000e+01 2.000000000000000000e+01 1.291735827041403439e+00
1.500000000000000000e+01 2.100000000000000000e+01 8.630504513313197457e-01
1.500000000000000000e+01 2.200000000000000000e+01 1.919089322180499657e+00
1.500000000000000000e+01 2.300000000000000000e+01 8.695475036062705332e-01
1.500000000000000000e+01 2.400000000000000000e+01 8.986808608677532284e-01
1.500000000000000000e+01 2.500000000000000000e+01 1.129480630438600697e+00
1.500000000000000000e+01 2.600000000000000000e+01 1.172547055049442344e+00
1.500000000000000000e+01 2.700000000000000000e+01 1.207357442200907904e+00
1.500000000000000000e+01 2.800000000000000000e+01 1.047513429008738672e+00
1.500000000000000000e+01 2.900000000000000000e+01 1.035603040584286649e+00
1.500000000000000000e+01 3.000000000000000000e+01 1.017769471158728400e+00
1.500000000000000000e+01 3.100000000000000000e+01 1.090202608829779596e+00
1.500000000000000000e+01 3.200000000000000000e+01 1.973505027031204673e+00
1.600000000000000000e+01 1.700000000000000000e+01 2.293956773078008826e+00
1.600000000000000000e+01 1.800000000000000000e+01 1.410375225515154707e+00
1.600000000000000000e+01 1.900000000000000000e+01 2.192928471912507948e+00
1.600000000000000000e+01 2.000000000000000000e+01 1.514918044617851844e+00
1.600000000000000000e+01 2.100000000000000000e+01 1.864202453675610549e+00
1.600000000000000000e+01 2.200000000000000000e+01 2.205045050686376129e+00
1.600000000000000000e+01 2.300000000000000000e+01 1.831186983029202020e+00
1.600000000000000000e+01 2.400000000000000000e+01 1.826648265873254573e+00
1.600000000000000000e+01 2.500000000000000000e+01 1.718356087572644908e+00
1.600000000000000000e+01 2.600000000000000000e+01 1.767719957168542022e+00
1.600000000000000000e+01 2.700000000000000000e+01 1.820337232655021786e+00
1.600000000000000000e+01 2.800000000000000000e+01 1.815527013872008766e+00
1.600000000000000000e+01 2.900000000000000000e+01 1.830499364461159573e+00
1.600000000000000000e+01 3.000000000000000000e+01 1.858215506708742470e+00
1.600000000000000000e+01 3.100000000000000000e+01 1.867776846252025447e+00
1.600000000000000000e+01 3.200000000000000000e+01 2.691741469741415482e+00
1.700000000000000000e+01 1.800000000000000000e+01 1.471056695481050447e+00
1.700000000000000000e+01 1.900000000000000000e+01 2.111500369586341908e+00
1.700000000000000000e+01 2.000000000000000000e+01 1.465911988225599316e+00
1.700000000000000000e+01 2.100000000000000000e+01 1.991232384353527785e+00
1.700000000000000000e+01 2.200000000000000000e+01 2.271117502807928012e+00
1.700000000000000000e+01 2.300000000000000000e+01 1.958134762108119320e+00
1.700000000000000000e+01 2.400000000000000000e+01 1.953751416513974437e+00
1.700000000000000000e+01 2.500000000000000000e+01 1.825714729776690470e+00
1.700000000000000000e+01 2.600000000000000000e+01 1.864244963270146771e+00
1.700000000000000000e+01 2.700000000000000000e+01 1.915328270466992500e+00
1.700000000000000000e+01 2.800000000000000000e+01 1.935747355335307063e+00
1.700000000000000000e+01 2.900000000000000000e+01 1.951024282938354837e+00
1.700000000000000000e+01 3.000000000000000000e+01 1.978350556432628693e+00
1.700000000000000000e+01 3.100000000000000000e+01 1.985298454123991085e+00
1.700000000000000000e+01 3.200000000000000000e+01 2.799033838886529235e+00
1.800000000000000000e+01 1.900000000000000000e+01 1.431450427170485096e+00
1.800000000000000000e+01 2.000000000000000000e+01 6.141924845666353328e-01
1.800000000000000000e+01 2.100000000000000000e+01 1.193875872325724341e+00
1.800000000000000000e+01 2.200000000000000000e+01 1.386114558790407791e+00
1.800000000000000000e+01 2.300000000000000000e+01 1.158636570167944635e+00
1.800000000000000000e+01 2.400000000000000000e+01 1.152905691637994057e+00
1.800000000000000000e+01 2.500000000000000000e+01 1.006334764906061663e+00
1.800000000000000000e+01 2.600000000000000000e+01 1.049434087348872557e+00
1.800000000000000000e+01 2.700000000000000000e+01 1.102588816477564126e+00
1.800000000000000000e+01 2.800000000000000000e+01 1.126456315114461759e+00
1.800000000000000000e+01 2.900000000000000000e+01 1.143134441382853250e+00
1.800000000000000000e+01 3.000000000000000000e+01 1.172730887979645864e+00
1.800000000000000000e+01 3.100000000000000000e+01 1.176824970120022407e+00
1.800000000000000000e+01 3.200000000000000000e+01 1.989465588399491391e+00
1.900000000000000000e+01 2.000000000000000000e+01 1.331795385018637035e+00
1.900000000000000000e+01 2.100000000000000000e+01 1.760357409730862077e+00
1.900000000000000000e+01 2.200000000000000000e+01 2.071955468977227710e+00
1.900000000000000000e+01 2.300000000000000000e+01 1.726665081307481975e+00
1.900000000000000000e+01 2.400000000000000000e+01 1.722088776815471345e+00
1.900000000000000000e+01 2.500000000000000000e+01 1.574890172908298025e+00
1.900000000000000000e+01 2.600000000000000000e+01 1.601067823173979887e+00
1.900000000000000000e+01 2.700000000000000000e+01 1.649967126062331424e+00
1.900000000000000000e+01 2.800000000000000000e+01 1.696500631158475603e+00
1.900000000000000000e+01 2.900000000000000000e+01 1.712230358289086762e+00
1.900000000000000000e+01 3.000000000000000000e+01 1.739553551964306166e+00
1.900000000000000000e+01 3.100000000000000000e+01 1.743540136446771083e+00
1.900000000000000000e+01 3.200000000000000000e+01 2.546605644534309487e+00
2.000000000000000000e+01 2.100000000000000000e+01 1.177824449311867028e+00
2.000000000000000000e+01 2.200000000000000000e+01 1.322639320525998308e+00
2.000000000000000000e+01 2.300000000000000000e+01 1.141855013369249550e+00
2.000000000000000000e+01 2.400000000000000000e+01 1.135797325753258313e+00
2.000000000000000000e+01 2.500000000000000000e+01 9.712188350425254857e-01
2.000000000000000000e+01 2.600000000000000000e+01 1.006308837157091185e+00
2.000000000000000000e+01 2.700000000000000000e+01 1.058547146524356108e+00
2.000000000000000000e+01 2.800000000000000000e+01 1.102364875512505282e+00
2.000000000000000000e+01 2.900000000000000000e+01 1.119611933091434697e+00
2.000000000000000000e+01 3.000000000000000000e+01 1.149558487764925641e+00
2.000000000000000000e+01 3.100000000000000000e+01 1.150989952702511143e+00
2.000000000000000000e+01 3.200000000000000000e+01 1.955605017289340442e+00
2.100000000000000000e+01 2.200000000000000000e+01 1.803110414165359998e+00
2.100000000000000000e+01 2.300000000000000000e+01 5.891141120720504443e-01
2.100000000000000000e+01 2.400000000000000000e+01 6.760750879151089521e-01
2.100000000000000000e+01 2.500000000000000000e+01 1.009514033419085299e+00
2.100000000000000000e+01 2.600000000000000000e+01 1.056823398676610681e+00
2.100000000000000000e+01 2.700000000000000000e+01 1.093999541528979158e+00
2.100000000000000000e+01 2.800000000000000000e+01 9.286521073714015806e-01
2.100000000000000000e+01 2.900000000000000000e+01 9.186617069198885766e-01
2.100000000000000000e+01 3.000000000000000000e+01 9.090152442796357590e-01
2.100000000000000000e+01 3.100000000000000000e+01 9.794366839907677758e-01
2.100000000000000000e+01 3.200000000000000000e+01 1.867091369945922619e+00
2.200000000000000000e+01 2.300000000000000000e+01 1.765331037670723413e+00
2.200000000000000000e+01 2.400000000000000000e+01 1.758155213203332679e+00
2.200000000000000000e+01 2.500000000000000000e+01 1.571575632112768739e+00
2.200000000000000000e+01 2.600000000000000000e+01 1.614471613839592701e+00
2.200000000000000000e+01 2.700000000000000000e+01 1.670004564657623369e+00
2.200000000000000000e+01 2.800000000000000000e+01 1.716128937872725135e+00
2.200000000000000000e+01 2.900000000000000000e+01 1.734796761844730639e+00
2.200000000000000000e+01 3.000000000000000000e+01 1.766880933819578559e+00
2.200000000000000000e+01 3.100000000000000000e+01 1.765516637085632556e+00
2.200000000000000000e+01 3.200000000000000000e+01 2.569641754314417437e+00
2.300000000000000000e+01 2.400000000000000000e+01 5.212424638776211872e-01
2.300000000000000000e+01 2.500000000000000000e+01 9.627830336235614350e-01
2.300000000000000000e+01 2.600000000000000000e+01 1.010361234677541686e+00
2.300000000000000000e+01 2.700000000000000000e+01 1.047233448695099600e+00
2.300000000000000000e+01 2.800000000000000000e+01 8.724997330498731607e-01
2.300000000000000000e+01 2.900000000000000000e+01 8.610314312807534343e-01
2.300000000000000000e+01 3.000000000000000000e+01 8.507875850759241132e-01
2.300000000000000000e+01 3.100000000000000000e+01 9.252949269623824691e-01
2.300000000000000000e+01 3.200000000000000000e+01 1.817531048990438602e+00
2.400000000000000000e+01 2.500000000000000000e+01 9.505952108308901582e-01
2.400000000000000000e+01 2.600000000000000000e+01 9.989664430949984908e-01
2.400000000000000000e+01 2.700000000000000000e+01 1.036075126214494269e+00
2.400000000000000000e+01 2.800000000000000000e+01 8.550098361920324130e-01
2.400000000000000000e+01 2.900000000000000000e+01 8.431650822103380349e-01
2.400000000000000000e+01 3.000000000000000000e+01 8.348396729882820999e-01
2.400000000000000000e+01 3.100000000000000000e+01 9.106981433267962167e-01
2.400000000000000000e+01 3.200000000000000000e+01 1.806176207310199455e+00
2.500000000000000000e+01 2.600000000000000000e+01 6.144236688679078906e-01
2.500000000000000000e+01 2.700000000000000000e+01 7.258556534261622062e-01
2.500000000000000000e+01 2.800000000000000000e+01 8.383738256492514473e-01
2.500000000000000000e+01 2.900000000000000000e+01 8.676866266088172353e-01
2.500000000000000000e+01 3.000000000000000000e+01 9.115659291894226968e-01
2.500000000000000000e+01 3.100000000000000000e+01 8.844398359552236855e-01
2.500000000000000000e+01 3.200000000000000000e+01 1.667087019698020089e+00
2.600000000000000000e+01 2.700000000000000000e+01 5.598228821256201471e-01
2.600000000000000000e+01 2.800000000000000000e+01 8.815718342306886335e-01
2.600000000000000000e+01 2.900000000000000000e+01 9.073997503028037315e-01
2.600000000000000000e+01 3.000000000000000000e+01 9.448603668758819296e-01
2.600000000000000000e+01 3.100000000000000000e+01 9.130957209276786557e-01
2.600000000000000000e+01 3.200000000000000000e+01 1.635066247407964912e+00
2.700000000000000000e+01 2.800000000000000000e+01 9.139721924584498502e-01
2.700000000000000000e+01 2.900000000000000000e+01 9.374238345427539087e-01
2.700000000000000000e+01 3.000000000000000000e+01 9.708024122132061784e-01
2.700000000000000000e+01 3.100000000000000000e+01 9.361661461545529583e-01
2.700000000000000000e+01 3.200000000000000000e+01 1.614295720968515813e+00
2.800000000000000000e+01 2.900000000000000000e+01 5.392827045713470824e-01
2.800000000000000000e+01 3.000000000000000000e+01 6.956210845158397049e-01
2.800000000000000000e+01 3.100000000000000000e+01 6.384719303162165183e-01
2.800000000000000000e+01 3.200000000000000000e+01 1.655878486485845347e+00
2.900000000000000000e+01 3.000000000000000000e+01 6.248596698166650754e-01
2.900000000000000000e+01 3.100000000000000000e+01 6.646315639817426124e-01
2.900000000000000000e+01 3.200000000000000000e+01 1.671707782704210832e+00
3.000000000000000000e+01 3.100000000000000000e+01 7.283476343996109215e-01
3.000000000000000000e+01 3.200000000000000000e+01 1.692529520002002297e+00
3.100000000000000000e+01 3.200000000000000000e+01 1.641094066068676138e+00
