1.000000000000000000e+00 2.000000000000000000e+00 8.735475420683236347e-01
1.000000000000000000e+00 3.000000000000000000e+00 1.002445925413665506e+00
1.000000000000000000e+00 4.000000000000000000e+00 9.769424920936982115e-01
1.000000000000000000e+00 5.000000000000000000e+00 9.987523830568239003e-01
1.000000000000000000e+00 6.000000000000000000e+00 1.018183144260666584e+00
1.000000000000000000e+00 7.000000000000000000e+00 1.011206781920100495e+00
1.000000000000000000e+00 8.000000000000000000e+00 1.062281023538889313e+00
1.000000000000000000e+00 9.000000000000000000e+00 9.611881052301231021e-01
1.000000000000000000e+00 1.000000000000000000e+01 1.046760065837521569e+00
1.000000000000000000e+00 1.100000000000000000e+01 1.000782378356478652e+00
1.000000000000000000e+00 1.200000000000000000e+01 1.544547053543060100e+00
1.000000000000000000e+00 1.300000000000000000e+01 9.782619334145064016e-01
1.000000000000000000e+00 1.400000000000000000e+01 1.315652632885894846e+00
1.000000000000000000e+00 1.500000000000000000e+01 1.016137279464576437e+00
1.000000000000000000e+00 1.600000000000000000e+01 1.245943003227985901e+00
1.000000000000000000e+00 1.700000000000000000e+01 1.274351011597217642e+00
1.000000000000000000e+00 1.800000000000000000e+01 1.254234325207620460e+00
1.000000000000000000e+00 1.900000000000000000e+01 1.311734670157129745e+00
1.000000000000000000e+00 2.000000000000000000e+01 1.273229423783964975e+00
1.000000000000000000e+00 2.100000000000000000e+01 1.061473536787808092e+00
1.000000000000000000e+00 2.200000000000000000e+01 1.255566864557493334e+00
1.000000000000000000e+00 2.300000000000000000e+01 1.074635229570682027e+00
1.000000000000000000e+00 2.400000000000000000e+01 1.087783774237462531e+00
1.000000000000000000e+00 2.500000000000000000e+01 1.258043784189921022e+00
1.000000000000000000e+00 2.600000000000000000e+01 1.299209056187061950e+00
1.000000000000000000e+00 2.700000000000000000e+01 1.331439813513249026e+00
1.000000000000000000e+00 2.800000000000000000e+01 1.202178328776232652e+00
1.000000000000000000e+00 2.900000000000000000e+01 1.188045377863507834e+00
1.000000000000000000e+00 3.000000000000000000e+01 1.179191164334519426e+00
1.000000000000000000e+00 3.100000000000000000e+01 1.240570233623124352e+00
1.000000000000000000e+00 3.200000000000000000e+01 1.361264567782491053e+00
2.000000000000000000e+00 3.000000000000000000e+00 8.488291005323624905e-01
2.000000000000000000e+00 4.000000000000000000e+00 8.128586533569597261e-01
2.000000000000000000e+00 5.000000000000000000e+00 8.428861145906227925e-01
2.000000000000000000e+00 6.000000000000000000e+00 8.656670156544601369e-01
2.000000000000000000e+00 7.000000000000000000e+00 8.556985440100530749e-01
2.000000000000000000e+00 8.000000000000000000e+00 9.158710641998841773e-01
2.000000000000000000e+00 9.000000000000000000e+00 7.895585394422727221e-01
2.000000000000000000e+00 1.000000000000000000e+01 8.975502312838559149e-01
2.000000000000000000e+00 1.100000000000000000e+01 8.459464522621007454e-01
2.000000000000000000e+00 1.200000000000000000e+01 1.394542704144556611e+00
2.000000000000000000e+00 1.300000000000000000e+01 8.481483851035112043e-01
2.000000000000000000e+00 1.400000000000000000e+01 1.195788279615515037e+00
2.000000000000000000e+00 1.500000000000000000e+01 9.003333088404719131e-01
2.000000000000000000e+00 1.600000000000000000e+01 1.127117025170277120e+00
2.000000000000000000e+00 1.700000000000000000e+01 1.155424727317820199e+00
2.000000000000000000e+00 1.800000000000000000e+01 1.135790582989536501e+00
2.000000000000000000e+00 1.900000000000000000e+01 1.193450985930995856e+00
2.000000000000000000e+00 2.000000000000000000e+01 1.155144353795925838e+00
2.000000000000000000e+00 2.100000000000000000e+01 9.471580631632809943e-01
2.000000000000000000e+00 2.200000000000000000e+01 1.138503334633378605e+00
2.000000000000000000e+00 2.300000000000000000e+01 9.631722065021721679e-01
2.000000000000000000e+00 2.400000000000000000e+01 9.772974284328550532e-01
2.000000000000000000e+00 2.500000000000000000e+01 1.144203949869344816e+00
2.000000000000000000e+00 2.600000000000000000e+01 1.185763163938944764e+00
2.000000000000000000e+00 2.700000000000000000e+01 1.218264979079226373e+00
2.000000000000000000e+00 2.800000000000000000e+01 1.092998337062171865e+00
2.000000000000000000e+00 2.900000000000000000e+01 1.080140927221425073e+00
2.000000000000000000e+00 3.000000000000000000e+01 1.074290703481733056e+00
2.000000000000000000e+00 3.100000000000000000e+01 1.131644191717613879e+00
2.000000000000000000e+00 3.200000000000000000e+01 1.250005084549615564e+00
3.000000000000000000e+00 4.000000000000000000e+00 6.012052182685052593e-01
3.000000000000000000e+00 5.000000000000000000e+00 4.616292705966225096e-01
3.000000000000000000e+00 6.000000000000000000e+00 5.784838191456722623e-01
3.000000000000000000e+00 7.000000000000000000e+00 6.332779290405803341e-01
3.000000000000000000e+00 8.000000000000000000e+00 6.778905450911236752e-01
3.000000000000000000e+00 9.000000000000000000e+00 7.452844324472479576e-01
3.000000000000000000e+00 1.000000000000000000e+01 6.638673506853249862e-01
3.000000000000000000e+00 1.100000000000000000e+01 7.782961637309719904e-01
3.000000000000000000e+00 1.200000000000000000e+01 1.280045057489077154e+00
3.000000000000000000e+00 1.300000000000000000e+01 8.756432593432128542e-01
3.000000000000000000e+00 1.400000000000000000e+01 1.134671715154135452e+00
3.000000000000000000e+00 1.500000000000000000e+01 9.143922979747409752e-01
3.000000000000000000e+00 1.600000000000000000e+01 1.073571333359824909e+00
3.000000000000000000e+00 1.700000000000000000e+01 1.100069248900799046e+00
3.000000000000000000e+00 1.800000000000000000e+01 1.083605388585397344e+00
3.000000000000000000e+00 1.900000000000000000e+01 1.140714587320081908e+00
3.000000000000000000e+00 2.000000000000000000e+01 1.104018357538830486e+00
3.000000000000000000e+00 2.100000000000000000e+01 9.406711138159453700e-01
3.000000000000000000e+00 2.200000000000000000e+01 1.092723466861848847e+00
3.000000000000000000e+00 2.300000000000000000e+01 9.578820780767827170e-01
3.000000000000000000e+00 2.400000000000000000e+01 9.704051658030627969e-01
3.000000000000000000e+00 2.500000000000000000e+01 1.111528149759042128e+00
3.000000000000000000e+00 2.600000000000000000e+01 1.153843456077626950e+00
3.000000000000000000e+00 2.700000000000000000e+01 1.187073861865242330e+00
3.000000000000000000e+00 2.800000000000000000e+01 1.076222335251211470e+00
3.000000000000000000e+00 2.900000000000000000e+01 1.067056793252603164e+00
3.000000000000000000e+00 3.000000000000000000e+01 1.068262462854115080e+00
3.000000000000000000e+00 3.100000000000000000e+01 1.114518713634731206e+00
3.000000000000000000e+00 3.200000000000000000e+01 1.225115226748458408e+00
4.000000000000000000e+00 5.000000000000000000e+00 5.695126153686820292e-01
4.000000000000000000e+00 6.000000000000000000e+00 6.466300584483977154e-01
4.000000000000000000e+00 7.000000000000000000e+00 6.406387519643070849e-01
4.000000000000000000e+00 8.000000000000000000e+00 7.387257179920576622e-01
4.000000000000000000e+00 9.000000000000000000e+00 6.897308358616146551e-01
4.000000000000000000e+00 1.000000000000000000e+01 7.110325392426473101e-01
4.000000000000000000e+00 1.100000000000000000e+01 7.449122790770816849e-01
4.000000000000000000e+00 1.200000000000000000e+01 1.267096984167473517e+00
4.000000000000000000e+00 1.300000000000000000e+01 8.477697159399664173e-01
4.000000000000000000e+00 1.400000000000000000e+01 1.136807850063967784e+00
4.000000000000000000e+00 1.500000000000000000e+01 8.925368123176364854e-01
4.000000000000000000e+00 1.600000000000000000e+01 1.073017218560706976e+00
4.000000000000000000e+00 1.700000000000000000e+01 1.100252884097794315e+00
4.000000000000000000e+00 1.800000000000000000e+01 1.082697275536032011e+00
4.000000000000000000e+00 1.900000000000000000e+01 1.140151045595865664e+00
4.000000000000000000e+00 2.000000000000000000e+01 1.102870926567871557e+00
4.000000000000000000e+00 2.100000000000000000e+01 9.244597723775802578e-01
4.000000000000000000e+00 2.200000000000000000e+01 1.089869921435097977e+00
4.000000000000000000e+00 2.300000000000000000e+01 9.423406651243608767e-01
4.000000000000000000e+00 2.400000000000000000e+01 9.557132243195844978e-01
4.000000000000000000e+00 2.500000000000000000e+01 1.104919159066359180e+00
4.000000000000000000e+00 2.600000000000000000e+01 1.147123046222558340e+00
4.000000000000000000e+00 2.700000000000000000e+01 1.180190137238832593e+00
4.000000000000000000e+00 2.800000000000000000e+01 1.065465719018154234e+00
4.000000000000000000e+00 2.900000000000000000e+01 1.055431177278974619e+00
4.000000000000000000e+00 3.000000000000000000e+01 1.055180502690324706e+00
4.000000000000000000e+00 3.100000000000000000e+01 1.103994650339188865e+00
4.000000000000000000e+00 3.200000000000000000e+01 1.216600774966038578e+00
5.000000000000000000e+00 6.000000000000000000e+00 5.484950131322618994e-01
5.000000000000000000e+00 7.000000000000000000e+00 5.935991114199858920e-01
5.000000000000000000e+00 8.000000000000000000e+00 6.779951145480593855e-01
5.000000000000000000e+00 9.000000000000000000e+00 7.251943324007804614e-01
5.000000000000000000e+00 1.000000000000000000e+01 6.501552046203797897e-01
5.000000000000000000e+00 1.100000000000000000e+01 7.579586939803486523e-01
5.000000000000000000e+00 1.200000000000000000e+01 1.259471542319652082e+00
5.000000000000000000e+00 1.300000000000000000e+01 8.640697830460815076e-01
5.000000000000000000e+00 1.400000000000000000e+01 1.130304137327600600e+00
5.000000000000000000e+00 1.500000000000000000e+01 9.039823148687857746e-01
5.000000000000000000e+00 1.600000000000000000e+01 1.068256062129031125e+00
5.000000000000000000e+00 1.700000000000000000e+01 1.095054774188813695e+00
5.000000000000000000e+00 1.800000000000000000e+01 1.078226926454020740e+00
5.000000000000000000e+00 1.900000000000000000e+01 1.135521561108209010e+00
5.000000000000000000e+00 2.000000000000000000e+01 1.098616758994534592e+00
5.000000000000000000e+00 2.100000000000000000e+01 9.311023258806523373e-01
5.000000000000000000e+00 2.200000000000000000e+01 1.086815444733865155e+00
5.000000000000000000e+00 2.300000000000000000e+01 9.487013971692352943e-01
5.000000000000000000e+00 2.400000000000000000e+01 9.614935205143773089e-01
5.000000000000000000e+00 2.500000000000000000e+01 1.104680878868494753e+00
5.000000000000000000e+00 2.600000000000000000e+01 1.147007855368040286e+00
5.000000000000000000e+00 2.700000000000000000e+01 1.180214067727196836e+00
5.000000000000000000e+00 2.800000000000000000e+01 1.068493523665608125e+00
5.000000000000000000e+00 2.900000000000000000e+01 1.059178437638061521e+00
5.000000000000000000e+00 3.000000000000000000e+01 1.060204521026703484e+00
5.000000000000000000e+00 3.100000000000000000e+01 1.106886756255675230e+00
5.000000000000000000e+00 3.200000000000000000e+01 1.217908247841169800e+00
6.000000000000000000e+00 7.000000000000000000e+00 5.340598206395070768e-01
6.000000000000000000e+00 8.000000000000000000e+00 6.094863615800958367e-01
6.000000000000000000e+00 9.000000000000000000e+00 7.398302343190231722e-01
6.000000000000000000e+00 1.000000000000000000e+01 5.510699319555554254e-01
6.000000000000000000e+00 1.100000000000000000e+01 7.551464260937157391e-01
6.000000000000000000e+00 1.200000000000000000e+01 1.234329568305697622e+00
6.000000000000000000e+00 1.300000000000000000e+01 8.692266291243098131e-01
6.000000000000000000e+00 1.400000000000000000e+01 1.121910056643394604e+00
6.000000000000000000e+00 1.500000000000000000e+01 9.057407860659867360e-01
6.000000000000000000e+00 1.600000000000000000e+01 1.060302551305305929e+00
6.000000000000000000e+00 1.700000000000000000e+01 1.087081730673219671e+00
6.000000000000000000e+00 1.800000000000000000e+01 1.070486290219159864e+00
6.000000000000000000e+00 1.900000000000000000e+01 1.127883007369146373e+00
6.000000000000000000e+00 2.000000000000000000e+01 1.091067669590482847e+00
6.000000000000000000e+00 2.100000000000000000e+01 9.291174251981411114e-01
6.000000000000000000e+00 2.200000000000000000e+01 1.079785021067437123e+00
6.000000000000000000e+00 2.300000000000000000e+01 9.468616002379441898e-01
6.000000000000000000e+00 2.400000000000000000e+01 9.593894991083793400e-01
6.000000000000000000e+00 2.500000000000000000e+01 1.099212687133083177e+00
6.000000000000000000e+00 2.600000000000000000e+01 1.141676546515816959e+00
6.000000000000000000e+00 2.700000000000000000e+01 1.174988582566527606e+00
6.000000000000000000e+00 2.800000000000000000e+01 1.065107312996030453e+00
6.000000000000000000e+00 2.900000000000000000e+01 1.056306705285325442e+00
6.000000000000000000e+00 3.000000000000000000e+01 1.058346712540180201e+00
6.000000000000000000e+00 3.100000000000000000e+01 1.103486988723731077e+00
6.000000000000000000e+00 3.200000000000000000e+01 1.213497059838211545e+00
7.000000000000000000e+00 8.000000000000000000e+00 6.640486214212113492e-01
7.000000000000000000e+00 9.000000000000000000e+00 7.036690426643171792e-01
7.000000000000000000e+00 1.000000000000000000e+01 5.897871606826752267e-01
7.000000000000000000e+00 1.100000000000000000e+01 7.104327026375303333e-01
7.000000000000000000e+00 1.200000000000000000e+01 1.186607817492880246e+00
7.000000000000000000e+00 1.300000000000000000e+01 8.490122926542167381e-01
7.000000000000000000e+00 1.400000000000000000e+01 1.120747846707902173e+00
7.000000000000000000e+00 1.500000000000000000e+01 8.886406810856863903e-01
7.000000000000000000e+00 1.600000000000000000e+01 1.057023665802801826e+00
7.000000000000000000e+00 1.700000000000000000e+01 1.084434951214139353e+00
7.000000000000000000e+00 1.800000000000000000e+01 1.067000654716071528e+00
7.000000000000000000e+00 1.900000000000000000e+01 1.124748992794610825e+00
7.000000000000000000e+00 2.000000000000000000e+01 1.087468625834158154e+00
7.000000000000000000e+00 2.100000000000000000e+01 9.147300652877279337e-01
7.000000000000000000e+00 2.200000000000000000e+01 1.074951695260758511e+00
7.000000000000000000e+00 2.300000000000000000e+01 9.333732800948542074e-01
7.000000000000000000e+00 2.400000000000000000e+01 9.465949745699080431e-01
7.000000000000000000e+00 2.500000000000000000e+01 1.091912399576492776e+00
7.000000000000000000e+00 2.600000000000000000e+01 1.134366760959018894e+00
7.000000000000000000e+00 2.700000000000000000e+01 1.167598746677388943e+00
7.000000000000000000e+00 2.800000000000000000e+01 1.055336624112017008e+00
7.000000000000000000e+00 2.900000000000000000e+01 1.046078872217678590e+00
7.000000000000000000e+00 3.000000000000000000e+01 1.047481683610131720e+00
7.000000000000000000e+00 3.100000000000000000e+01 1.093938645117560782e+00
7.000000000000000000e+00 3.200000000000000000e+01 1.205138953939142166e+00
8.000000000000000000e+00 9.000000000000000000e+00 8.054616707655372077e-01
8.000000000000000000e+00 1.000000000000000000e+01 5.387860085346050099e-01
8.000000000000000000e+00 1.100000000000000000e+01 8.121831875838676496e-01
8.000000000000000000e+00 1.200000000000000000e+01 1.280391262420588427e+00
8.000000000000000000e+00 1.300000000000000000e+01 9.088545957391642727e-01
8.000000000000000000e+00 1.400000000000000000e+01 1.121726196743673576e+00
8.000000000000000000e+00 1.500000000000000000e+01 9.378451249083754604e-01
8.000000000000000000e+00 1.600000000000000000e+01 1.063210530092145500e+00
8.000000000000000000e+00 1.700000000000000000e+01 1.089221276654697590e+00
8.000000000000000000e+00 1.800000000000000000e+01 1.073938931015683940e+00
8.000000000000000000e+00 1.900000000000000000e+01 1.131065681427225744e+00
8.000000000000000000e+00 2.000000000000000000e+01 1.094921733265969976e+00
8.000000000000000000e+00 2.100000000000000000e+01 9.534325063018067592e-01
8.000000000000000000e+00 2.200000000000000000e+01 1.085818860393055862e+00
8.000000000000000000e+00 2.300000000000000000e+01 9.702384908330430324e-01
8.000000000000000000e+00 2.400000000000000000e+01 9.815777108664747175e-01
8.000000000000000000e+00 2.500000000000000000e+01 1.110299786228884367e+00
8.000000000000000000e+00 2.600000000000000000e+01 1.152950170427947896e+00
8.000000000000000000e+00 2.700000000000000000e+01 1.186496241076258729e+00
8.000000000000000000e+00 2.800000000000000000e+01 1.081907451680552912e+00
8.000000000000000000e+00 2.900000000000000000e+01 1.074325860115238118e+00
8.000000000000000000e+00 3.000000000000000000e+01 1.078438294526677277e+00
8.000000000000000000e+00 3.100000000000000000e+01 1.119991796222521430e+00
8.000000000000000000e+00 3.200000000000000000e+01 1.227240308529909729e+00
9.000000000000000000e+00 1.000000000000000000e+01 7.722682685948365489e-01
9.000000000000000000e+00 1.100000000000000000e+01 6.394114036305831306e-01
9.000000000000000000e+00 1.200000000000000000e+01 1.227531719751656647e+00
9.000000000000000000e+00 1.300000000000000000e+01 7.715530172452411684e-01
9.000000000000000000e+00 1.400000000000000000e+01 1.120353241493970309e+00
9.000000000000000000e+00 1.500000000000000000e+01 8.317753676525510009e-01
9.000000000000000000e+00 1.600000000000000000e+01 1.051500654413028535e+00
9.000000000000000000e+00 1.700000000000000000e+01 1.080213974905166019e+00
9.000000000000000000e+00 1.800000000000000000e+01 1.060643385406485839e+00
9.000000000000000000e+00 1.900000000000000000e+01 1.118888296321840059e+00
9.000000000000000000e+00 2.000000000000000000e+01 1.080499836434247296e+00
9.000000000000000000e+00 2.100000000000000000e+01 8.740918582703491868e-01
9.000000000000000000e+00 2.200000000000000000e+01 1.064483594362757080e+00
9.000000000000000000e+00 2.300000000000000000e+01 8.943655566064261375e-01
9.000000000000000000e+00 2.400000000000000000e+01 9.096993492641196610e-01
9.000000000000000000e+00 2.500000000000000000e+01 1.073324038243400169e+00
9.000000000000000000e+00 2.600000000000000000e+01 1.115461499194205341e+00
9.000000000000000000e+00 2.700000000000000000e+01 1.148309607692389767e+00
9.000000000000000000e+00 2.800000000000000000e+01 1.027456772924204786e+00
9.000000000000000000e+00 2.900000000000000000e+01 1.016194008769290669e+00
9.000000000000000000e+00 3.000000000000000000e+01 1.014186243714875646e+00
9.000000000000000000e+00 3.100000000000000000e+01 1.066529180778072128e+00
9.000000000000000000e+00 3.200000000000000000e+01 1.182220249134734225e+00
1.000000000000000000e+01 1.100000000000000000e+01 7.734368786504095539e-01
1.000000000000000000e+01 1.200000000000000000e+01 1.227180543109928523e+00
1.000000000000000000e+01 1.300000000000000000e+01 8.860433011935948677e-01
1.000000000000000000e+01 1.400000000000000000e+01 1.121064911096962824e+00
1.000000000000000000e+01 1.500000000000000000e+01 9.179381841870226655e-01
1.000000000000000000e+01 1.600000000000000000e+01 1.059935161624670830e+00
1.000000000000000000e+01 1.700000000000000000e+01 1.086715778946118149e+00
1.000000000000000000e+01 1.800000000000000000e+01 1.070387145804145179e+00
1.000000000000000000e+01 1.900000000000000000e+01 1.127929118336822079e+00
1.000000000000000000e+01 2.000000000000000000e+01 1.091210828995150095e+00
1.000000000000000000e+01 2.100000000000000000e+01 9.365023055836461108e-01
1.000000000000000000e+01 2.200000000000000000e+01 1.080549612525486536e+00
1.000000000000000000e+01 2.300000000000000000e+01 9.542426968272004206e-01
1.000000000000000000e+01 2.400000000000000000e+01 9.663583441172010069e-01
1.000000000000000000e+01 2.500000000000000000e+01 1.101875863214654805e+00
1.000000000000000000e+01 2.600000000000000000e+01 1.144503212015421045e+00
1.000000000000000000e+01 2.700000000000000000e+01 1.177942210359680830e+00
1.000000000000000000e+01 2.800000000000000000e+01 1.070291532043008198e+00
1.000000000000000000e+01 2.900000000000000000e+01 1.062107782381327414e+00
1.000000000000000000e+01 3.000000000000000000e+01 1.065338511533683752e+00
1.000000000000000000e+01 3.100000000000000000e+01 1.108640920560781673e+00
1.000000000000000000e+01 3.200000000000000000e+01 1.217430815904272823e+00
1.100000000000000000e+01 1.200000000000000000e+01 1.121663020055533311e+00
1.100000000000000000e+01 1.300000000000000000e+01 7.660893898555038994e-01
1.100000000000000000e+01 1.400000000000000000e+01 1.108832237145752408e+00
1.100000000000000000e+01 1.500000000000000000e+01 8.178734527818625200e-01
1.100000000000000000e+01 1.600000000000000000e+01 1.038134381810957407e+00
1.100000000000000000e+01 1.700000000000000000e+01 1.067597642685523152e+00
1.100000000000000000e+01 1.800000000000000000e+01 1.047372519539244484e+00
1.100000000000000000e+01 1.900000000000000000e+01 1.106236500608889006e+00
1.100000000000000000e+01 2.000000000000000000e+01 1.067419555812315402e+00
1.100000000000000000e+01 2.100000000000000000e+01 8.548215994432759590e-01
1.100000000000000000e+01 2.200000000000000000e+01 1.050741640296197543e+00
1.100000000000000000e+01 2.300000000000000000e+01 8.777579433763336159e-01
1.100000000000000000e+01 2.400000000000000000e+01 8.939493273329586209e-01
1.100000000000000000e+01 2.500000000000000000e+01 1.059324321828768012e+00
1.100000000000000000e+01 2.600000000000000000e+01 1.101768662007289734e+00
1.100000000000000000e+01 2.700000000000000000e+01 1.134740485854896841e+00
1.100000000000000000e+01 2.800000000000000000e+01 1.014423803375722466e+00
1.100000000000000000e+01 2.900000000000000000e+01 1.003668495138880790e+00
1.100000000000000000e+01 3.000000000000000000e+01 1.003173618856276539e+00
1.100000000000000000e+01 3.100000000000000000e+01 1.053868621325084742e+00
1.100000000000000000e+01 3.200000000000000000e+01 1.169052743819656737e+00
1.200000000000000000e+01 1.300000000000000000e+01 1.326377923245368518e+00
1.200000000000000000e+01 1.400000000000000000e+01 1.622121267008775902e+00
1.200000000000000000e+01 1.500000000000000000e+01 1.363014222455907198e+00
1.200000000000000000e+01 1.600000000000000000e+01 1.553023357516973402e+00
1.200000000000000000e+01 1.700000000000000000e+01 1.582227033415390949e+00
1.200000000000000000e+01 1.800000000000000000e+01 1.562734701640676738e+00
1.200000000000000000e+01 1.900000000000000000e+01 1.621668647538312857e+00
1.200000000000000000e+01 2.000000000000000000e+01 1.583186554259053302e+00
1.200000000000000000e+01 2.100000000000000000e+01 1.387602364576065339e+00
1.200000000000000000e+01 2.200000000000000000e+01 1.567926112986564258e+00
1.200000000000000000e+01 2.300000000000000000e+01 1.409701634643339085e+00
1.200000000000000000e+01 2.400000000000000000e+01 1.424624214834371294e+00
1.200000000000000000e+01 2.500000000000000000e+01 1.580401537649975596e+00
1.200000000000000000e+01 2.600000000000000000e+01 1.623117579259523158e+00
1.200000000000000000e+01 2.700000000000000000e+01 1.656323064885939056e+00
1.200000000000000000e+01 2.800000000000000000e+01 1.540461774930696359e+00
1.200000000000000000e+01 2.900000000000000000e+01 1.530874044690922364e+00
1.200000000000000000e+01 3.000000000000000000e+01 1.532495331049506193e+00
1.200000000000000000e+01 3.100000000000000000e+01 1.579759837696588676e+00
1.200000000000000000e+01 3.200000000000000000e+01 1.692552398777061651e+00
1.300000000000000000e+01 1.400000000000000000e+01 1.095000203975172504e+00
1.300000000000000000e+01 1.500000000000000000e+01 6.844810568136021622e-01
1.300000000000000000e+01 1.600000000000000000e+01 1.018721921571946964e+00
1.300000000000000000e+01 1.700000000000000000e+01 1.049347870431343477e+00
1.300000000000000000e+01 1.800000000000000000e+01 1.026716757906468880e+00
1.300000000000000000e+01 1.900000000000000000e+01 1.085731760091581233e+00
1.300000000000000000e+01 2.000000000000000000e+01 1.045739647876551714e+00
1.300000000000000000e+01 2.100000000000000000e+01 7.833181871916330419e-01
1.300000000000000000e+01 2.200000000000000000e+01 1.024752830668321346e+00
1.300000000000000000e+01 2.300000000000000000e+01 8.079344549368403516e-01
1.300000000000000000e+01 2.400000000000000000e+01 8.281904130048007850e-01
1.300000000000000000e+01 2.500000000000000000e+01 1.022104601023889225e+00
1.300000000000000000e+01 2.600000000000000000e+01 1.063837337428961138e+00
1.300000000000000000e+01 2.700000000000000000e+01 1.096164277900433470e+00
1.300000000000000000e+01 2.800000000000000000e+01 9.630890950812862616e-01
1.300000000000000000e+01 2.900000000000000000e+01 9.490334143521206300e-01
1.300000000000000000e+01 3.000000000000000000e+01 9.427319337796979948e-01
1.300000000000000000e+01 3.100000000000000000e+01 1.003050273540777582e+00
1.300000000000000000e+01 3.200000000000000000e+01 1.125035572842845166e+00
1.400000000000000000e+01 1.500000000000000000e+01 1.064600477302283466e+00
1.400000000000000000e+01 1.600000000000000000e+01 6.616967720240247708e-01
1.400000000000000000e+01 1.700000000000000000e+01 5.752901165794810368e-01
1.400000000000000000e+01 1.800000000000000000e+01 6.506457325634189548e-01
1.400000000000000000e+01 1.900000000000000000e+01 6.106303817844729309e-01
1.400000000000000000e+01 2.000000000000000000e+01 6.416899954443551213e-01
1.400000000000000000e+01 2.100000000000000000e+01 1.009939913695792280e+00
1.400000000000000000e+01 2.200000000000000000e+01 7.248896457126925430e-01
1.400000000000000000e+01 2.300000000000000000e+01 1.004661922592501755e+00
1.400000000000000000e+01 2.400000000000000000e+01 9.955004501785160720e-01
1.400000000000000000e+01 2.500000000000000000e+01 8.814033332245549968e-01
1.400000000000000000e+01 2.600000000000000000e+01 9.197425826708034435e-01
1.400000000000000000e+01 2.700000000000000000e+01 9.560344203544268726e-01
1.400000000000000000e+01 2.800000000000000000e+01 9.761639195975690964e-01
1.400000000000000000e+01 2.900000000000000000e+01 9.900047359536467972e-01
1.400000000000000000e+01 3.000000000000000000e+01 1.024836526906436118e+00
1.400000000000000000e+01 3.100000000000000000e+01 1.002579765940764034e+00
1.400000000000000000e+01 3.200000000000000000e+01 1.048146638632411420e+00
1.500000000000000000e+01 1.600000000000000000e+01 9.844334756272594689e-01
1.500000000000000000e+01 1.700000000000000000e+01 1.016029171060210956e+00
1.500000000000000000e+01 1.800000000000000000e+01 9.917729698545405537e-01
1.500000000000000000e+01 1.900000000000000000e+01 1.051155380427434505e+00
1.500000000000000000e+01 2.000000000000000000e+01 1.010316127955994236e+00
1.500000000000000000e+01 2.100000000000000000e+01 6.958191251372243258e-01
1.500000000000000000e+01 2.200000000000000000e+01 9.866332839741469574e-01
1.500000000000000000e+01 2.300000000000000000e+01 7.286533934850092376e-01
1.500000000000000000e+01 2.400000000000000000e+01 7.568282830657793170e-01
1.500000000000000000e+01 2.500000000000000000e+01 9.777201431996844772e-01
1.500000000000000000e+01 2.600000000000000000e+01 1.019346686110595979e+00
1.500000000000000000e+01 2.700000000000000000e+01 1.051447635099012734e+00
1.500000000000000000e+01 2.800000000000000000e+01 9.116780542515601216e-01
1.500000000000000000e+01 2.900000000000000000e+01 8.962827855550155043e-01
1.500000000000000000e+01 3.000000000000000000e+01 8.890113914597963518e-01
1.500000000000000000e+01 3.100000000000000000e+01 9.526390521843395298e-01
1.500000000000000000e+01 3.200000000000000000e+01 1.077841912260766755e+00
1.600000000000000000e+01 1.700000000000000000e+01 5.493903349138715697e-01
1.600000000000000000e+01 1.800000000000000000e+01 4.621800487045695238e-01
1.600000000000000000e+01 1.900000000000000000e+01 6.532645090949706912e-01
1.600000000000000000e+01 2.000000000000000000e+01 5.799232300374577154e-01
1.600000000000000000e+01 2.100000000000000000e+01 9.246179726438759072e-01
1.600000000000000000e+01 2.200000000000000000e+01 6.212794083258310618e-01
1.600000000000000000e+01 2.300000000000000000e+01 9.180745630479572039e-01
1.600000000000000000e+01 2.400000000000000000e+01 9.076471288558727313e-01
1.600000000000000000e+01 2.500000000000000000e+01 7.911490447720297414e-01
1.600000000000000000e+01 2.600000000000000000e+01 8.355468349330297251e-01
1.600000000000000000e+01 2.700000000000000000e+01 8.736051026542683839e-01
1.600000000000000000e+01 2.800000000000000000e+01 8.854791208029120231e-01
1.600000000000000000e+01 2.900000000000000000e+01 9.000262336636613014e-01
1.600000000000000000e+01 3.000000000000000000e+01 9.365307398633995195e-01
1.600000000000000000e+01 3.100000000000000000e+01 9.132117176703431483e-01
1.600000000000000000e+01 3.200000000000000000e+01 9.620622094916710942e-01
1.700000000000000000e+01 1.800000000000000000e+01 5.059615753209529831e-01
1.700000000000000000e+01 1.900000000000000000e+01 5.630085209556039416e-01
1.700000000000000000e+01 2.000000000000000000e+01 5.107287765281229852e-01
1.700000000000000000e+01 2.100000000000000000e+01 9.578396513943465695e-01
1.700000000000000000e+01 2.200000000000000000e+01 6.309341335933058570e-01
1.700000000000000000e+01 2.300000000000000000e+01 9.511818081499570088e-01
1.700000000000000000e+01 2.400000000000000000e+01 9.407758784938970997e-01
1.700000000000000000e+01 2.500000000000000000e+01 8.110161170565877153e-01
1.700000000000000000e+01 2.600000000000000000e+01 8.505621183964366949e-01
1.700000000000000000e+01 2.700000000000000000e+01 8.875508001938092750e-01
1.700000000000000000e+01 2.800000000000000000e+01 9.138260370377111474e-01
1.700000000000000000e+01 2.900000000000000000e+01 9.290043705546837671e-01
1.700000000000000000e+01 3.000000000000000000e+01 9.657163307793059648e-01
1.700000000000000000e+01 3.100000000000000000e+01 9.396555116169080790e-01
1.700000000000000000e+01 3.200000000000000000e+01 9.821025474210833828e-01
1.800000000000000000e+01 1.900000000000000000e+01 6.128574864988014514e-01
1.800000000000000000e+01 2.000000000000000000e+01 5.054681158998142187e-01
1.800000000000000000e+01 2.100000000000000000e+01 9.314938802784566985e-01
1.800000000000000000e+01 2.200000000000000000e+01 5.801681454698621732e-01
1.800000000000000000e+01 2.300000000000000000e+01 9.241559029162356165e-01
1.800000000000000000e+01 2.400000000000000000e+01 9.131097588111334318e-01
1.800000000000000000e+01 2.500000000000000000e+01 7.790191348641999358e-01
1.800000000000000000e+01 2.600000000000000000e+01 8.215751046088208831e-01
1.800000000000000000e+01 2.700000000000000000e+01 8.595442799488173247e-01
1.800000000000000000e+01 2.800000000000000000e+01 8.836221940194592950e-01
1.800000000000000000e+01 2.900000000000000000e+01 8.993074588230114408e-01
1.800000000000000000e+01 3.000000000000000000e+01 9.369278111902794581e-01
1.800000000000000000e+01 3.100000000000000000e+01 9.098186844459830169e-01
1.800000000000000000e+01 3.200000000000000000e+01 9.530340370803802585e-01
1.900000000000000000e+01 2.000000000000000000e+01 5.348492965306208546e-01
1.900000000000000000e+01 2.100000000000000000e+01 9.919483504666912754e-01
1.900000000000000000e+01 2.200000000000000000e+01 6.406171825579412005e-01
1.900000000000000000e+01 2.300000000000000000e+01 9.840755312160613943e-01
1.900000000000000000e+01 2.400000000000000000e+01 9.727145650827528911e-01
1.900000000000000000e+01 2.500000000000000000e+01 8.167013790440444954e-01
1.900000000000000000e+01 2.600000000000000000e+01 8.498687924421610695e-01
1.900000000000000000e+01 2.700000000000000000e+01 8.854453926904326533e-01
1.900000000000000000e+01 2.800000000000000000e+01 9.344469445600311897e-01
1.900000000000000000e+01 2.900000000000000000e+01 9.513574153717132553e-01
1.900000000000000000e+01 3.000000000000000000e+01 9.897392544414220783e-01
1.900000000000000000e+01 3.100000000000000000e+01 9.575159292197943373e-01
1.900000000000000000e+01 3.200000000000000000e+01 9.895509785760165933e-01
2.000000000000000000e+01 2.100000000000000000e+01 9.498972016993161294e-01
2.000000000000000000e+01 2.200000000000000000e+01 5.594628583955227885e-01
2.000000000000000000e+01 2.300000000000000000e+01 9.417919072412248571e-01
2.000000000000000000e+01 2.400000000000000000e+01 9.301745250767332607e-01
2.000000000000000000e+01 2.500000000000000000e+01 7.756978179469371515e-01
2.000000000000000000e+01 2.600000000000000000e+01 8.135910672594848236e-01
2.000000000000000000e+01 2.700000000000000000e+01 8.507206091363042066e-01
2.000000000000000000e+01 2.800000000000000000e+01 8.924018950831109631e-01
2.000000000000000000e+01 2.900000000000000000e+01 9.093348825104015098e-01
2.000000000000000000e+01 3.000000000000000000e+01 9.480418726888937275e-01
2.000000000000000000e+01 3.100000000000000000e+01 9.163977840621226889e-01
2.000000000000000000e+01 3.200000000000000000e+01 9.516141806403868308e-01
2.100000000000000000e+01 2.200000000000000000e+01 9.231991033326989449e-01
2.100000000000000000e+01 2.300000000000000000e+01 5.499867306257890665e-01
2.100000000000000000e+01 2.400000000000000000e+01 6.237941581375636702e-01
2.100000000000000000e+01 2.500000000000000000e+01 9.094989915268716363e-01
2.100000000000000000e+01 2.600000000000000000e+01 9.521051997607696826e-01
2.100000000000000000e+01 2.700000000000000000e+01 9.845189391861410844e-01
2.100000000000000000e+01 2.800000000000000000e+01 8.417848657961786163e-01
2.100000000000000000e+01 2.900000000000000000e+01 8.276317885850561495e-01
2.100000000000000000e+01 3.000000000000000000e+01 8.278139681851401921e-01
2.100000000000000000e+01 3.100000000000000000e+01 8.857257777125564502e-01
2.100000000000000000e+01 3.200000000000000000e+01 1.011060876302920075e+00
2.200000000000000000e+01 2.300000000000000000e+01 9.133317579998725400e-01
2.200000000000000000e+01 2.400000000000000000e+01 9.002073230300158269e-01
2.200000000000000000e+01 2.500000000000000000e+01 7.173973206966322014e-01
2.200000000000000000e+01 2.600000000000000000e+01 7.603323754200554951e-01
2.200000000000000000e+01 2.700000000000000000e+01 7.999877426603363428e-01
2.200000000000000000e+01 2.800000000000000000e+01 8.506277010208547207e-01
2.200000000000000000e+01 2.900000000000000000e+01 8.695772397994359082e-01
2.200000000000000000e+01 3.000000000000000000e+01 9.107776983114825864e-01
2.200000000000000000e+01 3.100000000000000000e+01 8.734975423617208357e-01
2.200000000000000000e+01 3.200000000000000000e+01 9.042324580176424043e-01
2.300000000000000000e+01 2.400000000000000000e+01 5.162920755412643281e-01
2.300000000000000000e+01 2.500000000000000000e+01 8.934917583272656838e-01
2.300000000000000000e+01 2.600000000000000000e+01 9.356398837132835489e-01
2.300000000000000000e+01 2.700000000000000000e+01 9.676965935451244949e-01
2.300000000000000000e+01 2.800000000000000000e+01 8.166905609720764847e-01
2.300000000000000000e+01 2.900000000000000000e+01 8.005465682717691767e-01
2.300000000000000000e+01 3.000000000000000000e+01 7.998972384371663136e-01
2.300000000000000000e+01 3.100000000000000000e+01 8.620549072799832402e-01
2.300000000000000000e+01 3.200000000000000000e+01 9.913625409615076656e-01
2.400000000000000000e+01 2.500000000000000000e+01 8.755381145442420188e-01
2.400000000000000000e+01 2.600000000000000000e+01 9.175564913156617486e-01
2.400000000000000000e+01 2.700000000000000000e+01 9.494441638327846267e-01
2.400000000000000000e+01 2.800000000000000000e+01 7.920846750692096538e-01
2.400000000000000000e+01 2.900000000000000000e+01 7.749185780144447477e-01
2.400000000000000000e+01 3.000000000000000000e+01 7.763527725499204113e-01
2.400000000000000000e+01 3.100000000000000000e+01 8.393890466619362556e-01
2.400000000000000000e+01 3.200000000000000000e+01 9.713387521474445840e-01
2.500000000000000000e+01 2.600000000000000000e+01 5.866743091676975830e-01
2.500000000000000000e+01 2.700000000000000000e+01 6.622912285851556558e-01
2.500000000000000000e+01 2.800000000000000000e+01 7.631724453644328499e-01
2.500000000000000000e+01 2.900000000000000000e+01 7.930476241341120058e-01
2.500000000000000000e+01 3.000000000000000000e+01 8.445589965465647442e-01
2.500000000000000000e+01 3.100000000000000000e+01 7.743276513595751531e-01
2.500000000000000000e+01 3.200000000000000000e+01 7.766346012045679537e-01
2.600000000000000000e+01 2.700000000000000000e+01 5.315569692345130104e-01
2.600000000000000000e+01 2.800000000000000000e+01 7.937425324487821232e-01
2.600000000000000000e+01 2.900000000000000000e+01 8.237865959365748836e-01
2.600000000000000000e+01 3.000000000000000000e+01 8.741300732633237036e-01
2.600000000000000000e+01 3.100000000000000000e+01 7.924077900083390524e-01
2.600000000000000000e+01 3.200000000000000000e+01 7.411191964043304381e-01
2.700000000000000000e+01 2.800000000000000000e+01 8.198214883207850523e-01
2.700000000000000000e+01 2.900000000000000000e+01 8.496265404742420202e-01
2.700000000000000000e+01 3.000000000000000000e+01 8.991683625336024388e-01
2.700000000000000000e+01 3.100000000000000000e+01 8.119183698687924000e-01
2.700000000000000000e+01 3.200000000000000000e+01 7.228365031606931446e-01
2.800000000000000000e+01 2.900000000000000000e+01 5.303105069382332282e-01
2.800000000000000000e+01 3.000000000000000000e+01 6.697671798326292336e-01
2.800000000000000000e+01 3.100000000000000000e+01 5.877805110917235787e-01
2.800000000000000000e+01 3.200000000000000000e+01 8.053078075705379923e-01
2.900000000000000000e+01 3.000000000000000000e+01 6.081661803606372985e-01
2.900000000000000000e+01 3.100000000000000000e+01 6.272748709557713909e-01
2.900000000000000000e+01 3.200000000000000000e+01 8.351191429778332953e-01
3.000000000000000000e+01 3.100000000000000000e+01 6.962862054202676454e-01
3.000000000000000000e+01 3.200000000000000000e+01 8.822595700062909607e-01
3.100000000000000000e+01 3.200000000000000000e+01 7.656389130057990045e-01
