1.000000000000000000e+00 2.000000000000000000e+00 1.640109425006021970e+00
1.000000000000000000e+00 3.000000000000000000e+00 1.771321409531185997e+00
1.000000000000000000e+00 4.000000000000000000e+00 1.751263948313948049e+00
1.000000000000000000e+00 5.000000000000000000e+00 1.769447281287629847e+00
1.000000000000000000e+00 6.000000000000000000e+00 1.783996228490154712e+00
1.000000000000000000e+00 7.000000000000000000e+00 1.779436861280902393e+00
1.000000000000000000e+00 8.000000000000000000e+00 1.808184164735045174e+00
1.000000000000000000e+00 9.000000000000000000e+00 1.749635227854765995e+00
1.000000000000000000e+00 1.000000000000000000e+01 1.798901442188312716e+00
1.000000000000000000e+00 1.100000000000000000e+01 1.781079498453725929e+00
1.000000000000000000e+00 1.200000000000000000e+01 1.795157046643651944e+00
1.000000000000000000e+00 1.300000000000000000e+01 1.839176205838206846e+00
1.000000000000000000e+00 1.400000000000000000e+01 2.041636867104399844e+00
1.000000000000000000e+00 1.500000000000000000e+01 1.912164254841000055e+00
1.000000000000000000e+00 1.600000000000000000e+01 1.982824344340066158e+00
1.000000000000000000e+00 1.700000000000000000e+01 2.011299405610520008e+00
1.000000000000000000e+00 1.800000000000000000e+01 1.997251374269722657e+00
1.000000000000000000e+00 1.900000000000000000e+01 2.057407640907291668e+00
1.000000000000000000e+00 2.000000000000000000e+01 2.020996100558285491e+00
1.000000000000000000e+00 2.100000000000000000e+01 1.895518602305989786e+00
1.000000000000000000e+00 2.200000000000000000e+01 2.014995152726907879e+00
1.000000000000000000e+00 2.300000000000000000e+01 1.910601111292142162e+00
1.000000000000000000e+00 2.400000000000000000e+01 1.920470491978540917e+00
1.000000000000000000e+00 2.500000000000000000e+01 2.044451437225268453e+00
1.000000000000000000e+00 2.600000000000000000e+01 2.087021028040327408e+00
1.000000000000000000e+00 2.700000000000000000e+01 2.120574002527490176e+00
1.000000000000000000e+00 2.800000000000000000e+01 2.016340733462352208e+00
1.000000000000000000e+00 2.900000000000000000e+01 2.008308781759132522e+00
1.000000000000000000e+00 3.000000000000000000e+01 2.010956165040250099e+00
1.000000000000000000e+00 3.100000000000000000e+01 2.053948742064320765e+00
1.000000000000000000e+00 3.200000000000000000e+01 2.161458538313345112e+00
2.000000000000000000e+00 3.000000000000000000e+00 8.479809677275398361e-01
2.000000000000000000e+00 4.000000000000000000e+00 8.161455777754698104e-01
2.000000000000000000e+00 5.000000000000000000e+00 8.428537567021108234e-01
2.000000000000000000e+00 6.000000000000000000e+00 8.597392162892829592e-01
2.000000000000000000e+00 7.000000000000000000e+00 8.505490900244285779e-01
2.000000000000000000e+00 8.000000000000000000e+00 8.904350166176413506e-01
2.000000000000000000e+00 9.000000000000000000e+00 7.981114083549154525e-01
2.000000000000000000e+00 1.000000000000000000e+01 8.771745362133420709e-01
2.000000000000000000e+00 1.100000000000000000e+01 8.452663386109935395e-01
2.000000000000000000e+00 1.200000000000000000e+01 8.666942327250668487e-01
2.000000000000000000e+00 1.300000000000000000e+01 9.084590089003292679e-01
2.000000000000000000e+00 1.400000000000000000e+01 1.138049722372235006e+00
2.000000000000000000e+00 1.500000000000000000e+01 1.001532767246757327e+00
2.000000000000000000e+00 1.600000000000000000e+01 1.079586088685269285e+00
2.000000000000000000e+00 1.700000000000000000e+01 1.108254114529729772e+00
2.000000000000000000e+00 1.800000000000000000e+01 1.094475018565416402e+00
2.000000000000000000e+00 1.900000000000000000e+01 1.155048772463906470e+00
2.000000000000000000e+00 2.000000000000000000e+01 1.118681251415811317e+00
2.000000000000000000e+00 2.100000000000000000e+01 9.932518192951518277e-01
2.000000000000000000e+00 2.200000000000000000e+01 1.113531516966669965e+00
2.000000000000000000e+00 2.300000000000000000e+01 1.012391150708982002e+00
2.000000000000000000e+00 2.400000000000000000e+01 1.024048957606400023e+00
2.000000000000000000e+00 2.500000000000000000e+01 1.146244245430192432e+00
2.000000000000000000e+00 2.600000000000000000e+01 1.189306851025136336e+00
2.000000000000000000e+00 2.700000000000000000e+01 1.223174595622525285e+00
2.000000000000000000e+00 2.800000000000000000e+01 1.123156304079528933e+00
2.000000000000000000e+00 2.900000000000000000e+01 1.116566883925277587e+00
2.000000000000000000e+00 3.000000000000000000e+01 1.122796238698698268e+00
2.000000000000000000e+00 3.100000000000000000e+01 1.161168413300968982e+00
2.000000000000000000e+00 3.200000000000000000e+01 1.266145442616647632e+00
3.000000000000000000e+00 4.000000000000000000e+00 5.997038519998518780e-01
3.000000000000000000e+00 5.000000000000000000e+00 4.614060544911822159e-01
3.000000000000000000e+00 6.000000000000000000e+00 5.763560552881499266e-01
3.000000000000000000e+00 7.000000000000000000e+00 6.285167095254904357e-01
3.000000000000000000e+00 8.000000000000000000e+00 6.638362924780027985e-01
3.000000000000000000e+00 9.000000000000000000e+00 7.340884094820550043e-01
3.000000000000000000e+00 1.000000000000000000e+01 6.527279421042837537e-01
3.000000000000000000e+00 1.100000000000000000e+01 7.417747475868643470e-01
3.000000000000000000e+00 1.200000000000000000e+01 7.270317699560748803e-01
3.000000000000000000e+00 1.300000000000000000e+01 8.829252438740387010e-01
3.000000000000000000e+00 1.400000000000000000e+01 1.012567044600023003e+00
3.000000000000000000e+00 1.500000000000000000e+01 9.421894510561492631e-01
3.000000000000000000e+00 1.600000000000000000e+01 9.588539295645523985e-01
3.000000000000000000e+00 1.700000000000000000e+01 9.867432397729767324e-01
3.000000000000000000e+00 1.800000000000000000e+01 9.752158104914920855e-01
3.000000000000000000e+00 1.900000000000000000e+01 1.036030994664685956e+00
3.000000000000000000e+00 2.000000000000000000e+01 1.000668119824530411e+00
3.000000000000000000e+00 2.100000000000000000e+01 9.153104811092991344e-01
3.000000000000000000e+00 2.200000000000000000e+01 9.998609535678517624e-01
3.000000000000000000e+00 2.300000000000000000e+01 9.349483397139815022e-01
3.000000000000000000e+00 2.400000000000000000e+01 9.451727234409363909e-01
3.000000000000000000e+00 2.500000000000000000e+01 1.044249505452838900e+00
3.000000000000000000e+00 2.600000000000000000e+01 1.088116253859719773e+00
3.000000000000000000e+00 2.700000000000000000e+01 1.122684196234962517e+00
3.000000000000000000e+00 2.800000000000000000e+01 1.035754950518291473e+00
3.000000000000000000e+00 2.900000000000000000e+01 1.032611654557582082e+00
3.000000000000000000e+00 3.000000000000000000e+01 1.045556834868593299e+00
3.000000000000000000e+00 3.100000000000000000e+01 1.073545872802224910e+00
3.000000000000000000e+00 3.200000000000000000e+01 1.171414791176132564e+00
4.000000000000000000e+00 5.000000000000000000e+00 5.684807557900926067e-01
4.000000000000000000e+00 6.000000000000000000e+00 6.418793070936643641e-01
4.000000000000000000e+00 7.000000000000000000e+00 6.356928274662736467e-01
4.000000000000000000e+00 8.000000000000000000e+00 7.174217335249306604e-01
4.000000000000000000e+00 9.000000000000000000e+00 6.850658549402790509e-01
4.000000000000000000e+00 1.000000000000000000e+01 6.945667234884995711e-01
4.000000000000000000e+00 1.100000000000000000e+01 7.198598230878086035e-01
4.000000000000000000e+00 1.200000000000000000e+01 7.218898941230047495e-01
4.000000000000000000e+00 1.300000000000000000e+01 8.648808515150434584e-01
4.000000000000000000e+00 1.400000000000000000e+01 1.029284243316223701e+00
4.000000000000000000e+00 1.500000000000000000e+01 9.346489289723964866e-01
4.000000000000000000e+00 1.600000000000000000e+01 9.736008960502764431e-01
4.000000000000000000e+00 1.700000000000000000e+01 1.001952567911505110e+00
4.000000000000000000e+00 1.800000000000000000e+01 9.895563188967080315e-01
4.000000000000000000e+00 1.900000000000000000e+01 1.050490966504619816e+00
4.000000000000000000e+00 2.000000000000000000e+01 1.014699088017139594e+00
4.000000000000000000e+00 2.100000000000000000e+01 9.144727351512627056e-01
4.000000000000000000e+00 2.200000000000000000e+01 1.012402809249191904e+00
4.000000000000000000e+00 2.300000000000000000e+01 9.350526583757379218e-01
4.000000000000000000e+00 2.400000000000000000e+01 9.462183144094407083e-01
4.000000000000000000e+00 2.500000000000000000e+01 1.053265385782391927e+00
4.000000000000000000e+00 2.600000000000000000e+01 1.096997244643911351e+00
4.000000000000000000e+00 2.700000000000000000e+01 1.131400559747231860e+00
4.000000000000000000e+00 2.800000000000000000e+01 1.040771164828714124e+00
4.000000000000000000e+00 2.900000000000000000e+01 1.036778423074925293e+00
4.000000000000000000e+00 3.000000000000000000e+01 1.048294795920244216e+00
4.000000000000000000e+00 3.100000000000000000e+01 1.078775503757412491e+00
4.000000000000000000e+00 3.200000000000000000e+01 1.178572431578688295e+00
5.000000000000000000e+00 6.000000000000000000e+00 5.469099908831125401e-01
5.000000000000000000e+00 7.000000000000000000e+00 5.904519028818160375e-01
5.000000000000000000e+00 8.000000000000000000e+00 6.636410819689400054e-01
5.000000000000000000e+00 9.000000000000000000e+00 7.151795519818808788e-01
5.000000000000000000e+00 1.000000000000000000e+01 6.398298473304635525e-01
5.000000000000000000e+00 1.100000000000000000e+01 7.231479588142923909e-01
5.000000000000000000e+00 1.200000000000000000e+01 7.088272927595109518e-01
5.000000000000000000e+00 1.300000000000000000e+01 8.716524588407750240e-01
5.000000000000000000e+00 1.400000000000000000e+01 1.010019560365682967e+00
5.000000000000000000e+00 1.500000000000000000e+01 9.325924502009681483e-01
5.000000000000000000e+00 1.600000000000000000e+01 9.554590385767776084e-01
5.000000000000000000e+00 1.700000000000000000e+01 9.836040398067900092e-01
5.000000000000000000e+00 1.800000000000000000e+01 9.717354211990150148e-01
5.000000000000000000e+00 1.900000000000000000e+01 1.032691152137220847e+00
5.000000000000000000e+00 2.000000000000000000e+01 9.971411150706073201e-01
5.000000000000000000e+00 2.100000000000000000e+01 9.071675855589325099e-01
5.000000000000000000e+00 2.200000000000000000e+01 9.958324853269364674e-01
5.000000000000000000e+00 2.300000000000000000e+01 9.272837136646565614e-01
5.000000000000000000e+00 2.400000000000000000e+01 9.378436466686319584e-01
5.000000000000000000e+00 2.500000000000000000e+01 1.039234791229149302e+00
5.000000000000000000e+00 2.600000000000000000e+01 1.083104520456933173e+00
5.000000000000000000e+00 2.700000000000000000e+01 1.117643529803203251e+00
5.000000000000000000e+00 2.800000000000000000e+01 1.029778734815781416e+00
5.000000000000000000e+00 2.900000000000000000e+01 1.026466112039560841e+00
5.000000000000000000e+00 3.000000000000000000e+01 1.039201912599174715e+00
5.000000000000000000e+00 3.100000000000000000e+01 1.067670308139179181e+00
5.000000000000000000e+00 3.200000000000000000e+01 1.165999963610837131e+00
6.000000000000000000e+00 7.000000000000000000e+00 5.319131421754084155e-01
6.000000000000000000e+00 8.000000000000000000e+00 6.008321915383409983e-01
6.000000000000000000e+00 9.000000000000000000e+00 7.223466244478651266e-01
6.000000000000000000e+00 1.000000000000000000e+01 5.469281386587752092e-01
6.000000000000000000e+00 1.100000000000000000e+01 7.090389533576360037e-01
6.000000000000000000e+00 1.200000000000000000e+01 6.783055064608369822e-01
6.000000000000000000e+00 1.300000000000000000e+01 8.647584069890676961e-01
6.000000000000000000e+00 1.400000000000000000e+01 9.888184735732736819e-01
6.000000000000000000e+00 1.500000000000000000e+01 9.193249107987426783e-01
6.000000000000000000e+00 1.600000000000000000e+01 9.341818922524507407e-01
6.000000000000000000e+00 1.700000000000000000e+01 9.624866599290271552e-01
6.000000000000000000e+00 1.800000000000000000e+01 9.506683916801677015e-01
6.000000000000000000e+00 1.900000000000000000e+01 1.011851362911377006e+00
6.000000000000000000e+00 2.000000000000000000e+01 9.762791896461591179e-01
6.000000000000000000e+00 2.100000000000000000e+01 8.905071749466675346e-01
6.000000000000000000e+00 2.200000000000000000e+01 9.752656025673913653e-01
6.000000000000000000e+00 2.300000000000000000e+01 9.107108084741455389e-01
6.000000000000000000e+00 2.400000000000000000e+01 9.210714059921545349e-01
6.000000000000000000e+00 2.500000000000000000e+01 1.019853618541914919e+00
6.000000000000000000e+00 2.600000000000000000e+01 1.063862416230251462e+00
6.000000000000000000e+00 2.700000000000000000e+01 1.098495888607874615e+00
6.000000000000000000e+00 2.800000000000000000e+01 1.012104777433337599e+00
6.000000000000000000e+00 2.900000000000000000e+01 1.009232349044380861e+00
6.000000000000000000e+00 3.000000000000000000e+01 1.022868597120674572e+00
6.000000000000000000e+00 3.100000000000000000e+01 1.050012109627824319e+00
6.000000000000000000e+00 3.200000000000000000e+01 1.147515268049480230e+00
7.000000000000000000e+00 8.000000000000000000e+00 6.467591442250271161e-01
7.000000000000000000e+00 9.000000000000000000e+00 6.880100750301421098e-01
7.000000000000000000e+00 1.000000000000000000e+01 5.812602307255401168e-01
7.000000000000000000e+00 1.100000000000000000e+01 6.669722690301429502e-01
7.000000000000000000e+00 1.200000000000000000e+01 6.344429327957443743e-01
7.000000000000000000e+00 1.300000000000000000e+01 8.442958652791625607e-01
7.000000000000000000e+00 1.400000000000000000e+01 9.903677823924454948e-01
7.000000000000000000e+00 1.500000000000000000e+01 9.032582927556069841e-01
7.000000000000000000e+00 1.600000000000000000e+01 9.339593318551284717e-01
7.000000000000000000e+00 1.700000000000000000e+01 9.627547941707246260e-01
7.000000000000000000e+00 1.800000000000000000e+01 9.501914540993614544e-01
7.000000000000000000e+00 1.900000000000000000e+01 1.011598743428428815e+00
7.000000000000000000e+00 2.000000000000000000e+01 9.756351445712496684e-01
7.000000000000000000e+00 2.100000000000000000e+01 8.783672032012395103e-01
7.000000000000000000e+00 2.200000000000000000e+01 9.734528759618474858e-01
7.000000000000000000e+00 2.300000000000000000e+01 8.997102004279444731e-01
7.000000000000000000e+00 2.400000000000000000e+01 9.109084392147521747e-01
7.000000000000000000e+00 2.500000000000000000e+01 1.015570887394450672e+00
7.000000000000000000e+00 2.600000000000000000e+01 1.059554047355831585e+00
7.000000000000000000e+00 2.700000000000000000e+01 1.094101639057197151e+00
7.000000000000000000e+00 2.800000000000000000e+01 1.005289005428082305e+00
7.000000000000000000e+00 2.900000000000000000e+01 1.001942237773194577e+00
7.000000000000000000e+00 3.000000000000000000e+01 1.014927227610697091e+00
7.000000000000000000e+00 3.100000000000000000e+01 1.043424644097766141e+00
7.000000000000000000e+00 3.200000000000000000e+01 1.142139993926375663e+00
8.000000000000000000e+00 9.000000000000000000e+00 7.661618786669166514e-01
8.000000000000000000e+00 1.000000000000000000e+01 5.333993057097015100e-01
8.000000000000000000e+00 1.100000000000000000e+01 7.403722112740882544e-01
8.000000000000000000e+00 1.200000000000000000e+01 7.002067060143983834e-01
8.000000000000000000e+00 1.300000000000000000e+01 8.798952859269777438e-01
8.000000000000000000e+00 1.400000000000000000e+01 9.600657513158741274e-01
8.000000000000000000e+00 1.500000000000000000e+01 9.220953008002132911e-01
8.000000000000000000e+00 1.600000000000000000e+01 9.074595247022121391e-01
8.000000000000000000e+00 1.700000000000000000e+01 9.353894386745955636e-01
8.000000000000000000e+00 1.800000000000000000e+01 9.245451369459387614e-01
8.000000000000000000e+00 1.900000000000000000e+01 9.857672127333696466e-01
8.000000000000000000e+00 2.000000000000000000e+01 9.506386929004388975e-01
8.000000000000000000e+00 2.100000000000000000e+01 8.845648029302470849e-01
8.000000000000000000e+00 2.200000000000000000e+01 9.514478453709118710e-01
8.000000000000000000e+00 2.300000000000000000e+01 9.034244371260113926e-01
8.000000000000000000e+00 2.400000000000000000e+01 9.124864548397222386e-01
8.000000000000000000e+00 2.500000000000000000e+01 1.000615412440594820e+00
8.000000000000000000e+00 2.600000000000000000e+01 1.044828586199456844e+00
8.000000000000000000e+00 2.700000000000000000e+01 1.079686779794573948e+00
8.000000000000000000e+00 2.800000000000000000e+01 9.981628319041790931e-01
8.000000000000000000e+00 2.900000000000000000e+01 9.964276368643805171e-01
8.000000000000000000e+00 3.000000000000000000e+01 1.011982831651049075e+00
8.000000000000000000e+00 3.100000000000000000e+01 1.035798184316398807e+00
8.000000000000000000e+00 3.200000000000000000e+01 1.130757275723891286e+00
9.000000000000000000e+00 1.000000000000000000e+01 7.382620857574770934e-01
9.000000000000000000e+00 1.100000000000000000e+01 6.302391849510762256e-01
9.000000000000000000e+00 1.200000000000000000e+01 6.887894543048143081e-01
9.000000000000000000e+00 1.300000000000000000e+01 7.938356318657870947e-01
9.000000000000000000e+00 1.400000000000000000e+01 1.029572778031459190e+00
9.000000000000000000e+00 1.500000000000000000e+01 8.868840001577855681e-01
9.000000000000000000e+00 1.600000000000000000e+01 9.701488055422502477e-01
9.000000000000000000e+00 1.700000000000000000e+01 9.994617435247028503e-01
9.000000000000000000e+00 1.800000000000000000e+01 9.854582823577779926e-01
9.000000000000000000e+00 1.900000000000000000e+01 1.046754496658997891e+00
9.000000000000000000e+00 2.000000000000000000e+01 1.010140444917260183e+00
9.000000000000000000e+00 2.100000000000000000e+01 8.814649447498095203e-01
9.000000000000000000e+00 2.200000000000000000e+01 1.005209574506217951e+00
9.000000000000000000e+00 2.300000000000000000e+01 9.049461653269006423e-01
9.000000000000000000e+00 2.400000000000000000e+01 9.183818230648364001e-01
9.000000000000000000e+00 2.500000000000000000e+01 1.040179796679635338e+00
9.000000000000000000e+00 2.600000000000000000e+01 1.083783324909263435e+00
9.000000000000000000e+00 2.700000000000000000e+01 1.117954165184628756e+00
9.000000000000000000e+00 2.800000000000000000e+01 1.021349467292489432e+00
9.000000000000000000e+00 2.900000000000000000e+01 1.016108977467935048e+00
9.000000000000000000e+00 3.000000000000000000e+01 1.025823504072169712e+00
9.000000000000000000e+00 3.100000000000000000e+01 1.059865036328124344e+00
9.000000000000000000e+00 3.200000000000000000e+01 1.162688446450304891e+00
1.000000000000000000e+01 1.100000000000000000e+01 7.063258365449720522e-01
1.000000000000000000e+01 1.200000000000000000e+01 6.572803510532707616e-01
1.000000000000000000e+01 1.300000000000000000e+01 8.610301630697085873e-01
1.000000000000000000e+01 1.400000000000000000e+01 9.668943698235867856e-01
1.000000000000000000e+01 1.500000000000000000e+01 9.076598228795549339e-01
1.000000000000000000e+01 1.600000000000000000e+01 9.120197623947592369e-01
1.000000000000000000e+01 1.700000000000000000e+01 9.405745138950578621e-01
1.000000000000000000e+01 1.800000000000000000e+01 9.287690628655655978e-01
1.000000000000000000e+01 1.900000000000000000e+01 9.902698649027987798e-01
1.000000000000000000e+01 2.000000000000000000e+01 9.546398637569399881e-01
1.000000000000000000e+01 2.100000000000000000e+01 8.742842025088350955e-01
1.000000000000000000e+01 2.200000000000000000e+01 9.539346612440993134e-01
1.000000000000000000e+01 2.300000000000000000e+01 8.944073293113767864e-01
1.000000000000000000e+01 2.400000000000000000e+01 9.044262589251572670e-01
1.000000000000000000e+01 2.500000000000000000e+01 9.998961977692504277e-01
1.000000000000000000e+01 2.600000000000000000e+01 1.044072150575626079e+00
1.000000000000000000e+01 2.700000000000000000e+01 1.078816987916650039e+00
1.000000000000000000e+01 2.800000000000000000e+01 9.941516678624631176e-01
1.000000000000000000e+01 2.900000000000000000e+01 9.917944611707030234e-01
1.000000000000000000e+01 3.000000000000000000e+01 1.006462307190817640e+00
1.000000000000000000e+01 3.100000000000000000e+01 1.032067729530629752e+00
1.000000000000000000e+01 3.200000000000000000e+01 1.128606430784132808e+00
1.100000000000000000e+01 1.200000000000000000e+01 5.762527914275510366e-01
1.100000000000000000e+01 1.300000000000000000e+01 7.737450585099405753e-01
1.100000000000000000e+01 1.400000000000000000e+01 9.939997132222524456e-01
1.100000000000000000e+01 1.500000000000000000e+01 8.490802628021834053e-01
1.100000000000000000e+01 1.600000000000000000e+01 9.331374532764793450e-01
1.100000000000000000e+01 1.700000000000000000e+01 9.630593022231628275e-01
1.100000000000000000e+01 1.800000000000000000e+01 9.485538799428003820e-01
1.100000000000000000e+01 1.900000000000000000e+01 1.010363572599401571e+00
1.100000000000000000e+01 2.000000000000000000e+01 9.734150822514004986e-01
1.100000000000000000e+01 2.100000000000000000e+01 8.400112787934894687e-01
1.100000000000000000e+01 2.200000000000000000e+01 9.680162570347277118e-01
1.100000000000000000e+01 2.300000000000000000e+01 8.655490155071106084e-01
1.100000000000000000e+01 2.400000000000000000e+01 8.797617072677481609e-01
1.100000000000000000e+01 2.500000000000000000e+01 1.002967032810580417e+00
1.100000000000000000e+01 2.600000000000000000e+01 1.046829493619829687e+00
1.100000000000000000e+01 2.700000000000000000e+01 1.081110863535846178e+00
1.100000000000000000e+01 2.800000000000000000e+01 9.851237338589551307e-01
1.100000000000000000e+01 2.900000000000000000e+01 9.803378157792801417e-01
1.100000000000000000e+01 3.000000000000000000e+01 9.913933054756922658e-01
1.100000000000000000e+01 3.100000000000000000e+01 1.023949411186631853e+00
1.100000000000000000e+01 3.200000000000000000e+01 1.126259010913145620e+00
1.200000000000000000e+01 1.300000000000000000e+01 8.030297760491558190e-01
1.200000000000000000e+01 1.400000000000000000e+01 9.712140974371901159e-01
1.200000000000000000e+01 1.500000000000000000e+01 8.570650954470009353e-01
1.200000000000000000e+01 1.600000000000000000e+01 9.110770268863270793e-01
1.200000000000000000e+01 1.700000000000000000e+01 9.410502972834007274e-01
1.200000000000000000e+01 1.800000000000000000e+01 9.269878155245945273e-01
1.200000000000000000e+01 1.900000000000000000e+01 9.890947667273191080e-01
1.200000000000000000e+01 2.000000000000000000e+01 9.522956025340856279e-01
1.200000000000000000e+01 2.100000000000000000e+01 8.346645137889250332e-01
1.200000000000000000e+01 2.200000000000000000e+01 9.479816503161333507e-01
1.200000000000000000e+01 2.300000000000000000e+01 8.589544453793493961e-01
1.200000000000000000e+01 2.400000000000000000e+01 8.718429594696552876e-01
1.200000000000000000e+01 2.500000000000000000e+01 9.862690137217868802e-01
1.200000000000000000e+01 2.600000000000000000e+01 1.030390178365354181e+00
1.200000000000000000e+01 2.700000000000000000e+01 1.064880648503306215e+00
1.200000000000000000e+01 2.800000000000000000e+01 9.727599024063118271e-01
1.200000000000000000e+01 2.900000000000000000e+01 9.689925394321869945e-01
1.200000000000000000e+01 3.000000000000000000e+01 9.818688098227821293e-01
1.200000000000000000e+01 3.100000000000000000e+01 1.011450103811532220e+00
1.200000000000000000e+01 3.200000000000000000e+01 1.111685065101911452e+00
1.300000000000000000e+01 1.400000000000000000e+01 1.063480066876011598e+00
1.300000000000000000e+01 1.500000000000000000e+01 7.624012163114310958e-01
1.300000000000000000e+01 1.600000000000000000e+01 9.979685164315736934e-01
1.300000000000000000e+01 1.700000000000000000e+01 1.028521325371384076e+00
1.300000000000000000e+01 1.800000000000000000e+01 1.011726803476701075e+00
1.300000000000000000e+01 1.900000000000000000e+01 1.073117215015678472e+00
1.300000000000000000e+01 2.000000000000000000e+01 1.035176657637148168e+00
1.300000000000000000e+01 2.100000000000000000e+01 8.370553120498727129e-01
1.300000000000000000e+01 2.200000000000000000e+01 1.025178758619288200e+00
1.300000000000000000e+01 2.300000000000000000e+01 8.686195631251261151e-01
1.300000000000000000e+01 2.400000000000000000e+01 8.891098299566473351e-01
1.300000000000000000e+01 2.500000000000000000e+01 1.047586539785668958e+00
1.300000000000000000e+01 2.600000000000000000e+01 1.090714640420261006e+00
1.300000000000000000e+01 2.700000000000000000e+01 1.124310380809064203e+00
1.300000000000000000e+01 2.800000000000000000e+01 1.014278606108203196e+00
1.300000000000000000e+01 2.900000000000000000e+01 1.006024650689412159e+00
1.300000000000000000e+01 3.000000000000000000e+01 1.011416305168586049e+00
1.300000000000000000e+01 3.100000000000000000e+01 1.053911908728462521e+00
1.300000000000000000e+01 3.200000000000000000e+01 1.163590601139890435e+00
1.400000000000000000e+01 1.500000000000000000e+01 1.047044132655309046e+00
1.400000000000000000e+01 1.600000000000000000e+01 6.556847278952244729e-01
1.400000000000000000e+01 1.700000000000000000e+01 5.732405544603191849e-01
1.400000000000000000e+01 1.800000000000000000e+01 6.457995514423027217e-01
1.400000000000000000e+01 1.900000000000000000e+01 6.083658787787045163e-01
1.400000000000000000e+01 2.000000000000000000e+01 6.377593202155318330e-01
1.400000000000000000e+01 2.100000000000000000e+01 9.587315706414420990e-01
1.400000000000000000e+01 2.200000000000000000e+01 7.169730808920262710e-01
1.400000000000000000e+01 2.300000000000000000e+01 9.586785555449048868e-01
1.400000000000000000e+01 2.400000000000000000e+01 9.526475158178233649e-01
1.400000000000000000e+01 2.500000000000000000e+01 8.651566095278737656e-01
1.400000000000000000e+01 2.600000000000000000e+01 9.041294376335238248e-01
1.400000000000000000e+01 2.700000000000000000e+01 9.403528806353018688e-01
1.400000000000000000e+01 2.800000000000000000e+01 9.506871497722455544e-01
1.400000000000000000e+01 2.900000000000000000e+01 9.632679132399681876e-01
1.400000000000000000e+01 3.000000000000000000e+01 9.979339040644568115e-01
1.400000000000000000e+01 3.100000000000000000e+01 9.788563105761594052e-01
1.400000000000000000e+01 3.200000000000000000e+01 1.029055295915909163e+00
1.500000000000000000e+01 1.600000000000000000e+01 9.765233398453250224e-01
1.500000000000000000e+01 1.700000000000000000e+01 1.007908338461110720e+00
1.500000000000000000e+01 1.800000000000000000e+01 9.887250706165713332e-01
1.500000000000000000e+01 1.900000000000000000e+01 1.049912462519797085e+00
1.500000000000000000e+01 2.000000000000000000e+01 1.010887322201273086e+00
1.500000000000000000e+01 2.100000000000000000e+01 7.299504580134652532e-01
1.500000000000000000e+01 2.200000000000000000e+01 9.962827154782316619e-01
1.500000000000000000e+01 2.300000000000000000e+01 7.711610121771947934e-01
1.500000000000000000e+01 2.400000000000000000e+01 8.030066991462621040e-01
1.500000000000000000e+01 2.500000000000000000e+01 1.006629280239298208e+00
1.500000000000000000e+01 2.600000000000000000e+01 1.049259399518691183e+00
1.500000000000000000e+01 2.700000000000000000e+01 1.082293800733934219e+00
1.500000000000000000e+01 2.800000000000000000e+01 9.589081987169776333e-01
1.500000000000000000e+01 2.900000000000000000e+01 9.476314886641525881e-01
1.500000000000000000e+01 3.000000000000000000e+01 9.494169989599621218e-01
1.500000000000000000e+01 3.100000000000000000e+01 9.999623685504417381e-01
1.500000000000000000e+01 3.200000000000000000e+01 1.116346538386355558e+00
1.600000000000000000e+01 1.700000000000000000e+01 5.482695364005887306e-01
1.600000000000000000e+01 1.800000000000000000e+01 4.619490423596457340e-01
1.600000000000000000e+01 1.900000000000000000e+01 6.516423483576203601e-01
1.600000000000000000e+01 2.000000000000000000e+01 5.791037686716027366e-01
1.600000000000000000e+01 2.100000000000000000e+01 8.835779784674528958e-01
1.600000000000000000e+01 2.200000000000000000e+01 6.194614681195083072e-01
1.600000000000000000e+01 2.300000000000000000e+01 8.820016005483168886e-01
1.600000000000000000e+01 2.400000000000000000e+01 8.746958735365910620e-01
1.600000000000000000e+01 2.500000000000000000e+01 7.831417771176365505e-01
1.600000000000000000e+01 2.600000000000000000e+01 8.277655632108498196e-01
1.600000000000000000e+01 2.700000000000000000e+01 8.656758052764392808e-01
1.600000000000000000e+01 2.800000000000000000e+01 8.691746092262371270e-01
1.600000000000000000e+01 2.900000000000000000e+01 8.824513320374167691e-01
1.600000000000000000e+01 3.000000000000000000e+01 9.185731400688661452e-01
1.600000000000000000e+01 3.100000000000000000e+01 8.983937936901718047e-01
1.600000000000000000e+01 3.200000000000000000e+01 9.512847866690798959e-01
1.700000000000000000e+01 1.800000000000000000e+01 5.053071483012034903e-01
1.700000000000000000e+01 1.900000000000000000e+01 5.627066331861430015e-01
1.700000000000000000e+01 2.000000000000000000e+01 5.101993580750852075e-01
1.700000000000000000e+01 2.100000000000000000e+01 9.158980689058384694e-01
1.700000000000000000e+01 2.200000000000000000e+01 6.282822915943349074e-01
1.700000000000000000e+01 2.300000000000000000e+01 9.141017098967505472e-01
1.700000000000000000e+01 2.400000000000000000e+01 9.066983259919090266e-01
1.700000000000000000e+01 2.500000000000000000e+01 8.016761813059298802e-01
1.700000000000000000e+01 2.600000000000000000e+01 8.416171324123222774e-01
1.700000000000000000e+01 2.700000000000000000e+01 8.785012394673081815e-01
1.700000000000000000e+01 2.800000000000000000e+01 8.961480059848407898e-01
1.700000000000000000e+01 2.900000000000000000e+01 9.101083792050914667e-01
1.700000000000000000e+01 3.000000000000000000e+01 9.465604054407177337e-01
1.700000000000000000e+01 3.100000000000000000e+01 9.235251127035200014e-01
1.700000000000000000e+01 3.200000000000000000e+01 9.700996776001216126e-01
1.800000000000000000e+01 1.900000000000000000e+01 6.121286745711520538e-01
1.800000000000000000e+01 2.000000000000000000e+01 5.052841078274323827e-01
1.800000000000000000e+01 2.100000000000000000e+01 8.945159086812590754e-01
1.800000000000000000e+01 2.200000000000000000e+01 5.791458402222020574e-01
1.800000000000000000e+01 2.300000000000000000e+01 8.917997886375499395e-01
1.800000000000000000e+01 2.400000000000000000e+01 8.836528610251170868e-01
1.800000000000000000e+01 2.500000000000000000e+01 7.726586008110576387e-01
1.800000000000000000e+01 2.600000000000000000e+01 8.154649101701090252e-01
1.800000000000000000e+01 2.700000000000000000e+01 8.533168830535862170e-01
1.800000000000000000e+01 2.800000000000000000e+01 8.697417366853330556e-01
1.800000000000000000e+01 2.900000000000000000e+01 8.842812049255917017e-01
1.800000000000000000e+01 3.000000000000000000e+01 9.216519465628070229e-01
1.800000000000000000e+01 3.100000000000000000e+01 8.973358917608260654e-01
1.800000000000000000e+01 3.200000000000000000e+01 9.442399450899006119e-01
1.900000000000000000e+01 2.000000000000000000e+01 5.345936172708012357e-01
1.900000000000000000e+01 2.100000000000000000e+01 9.558231158412515693e-01
1.900000000000000000e+01 2.200000000000000000e+01 6.388857152409843643e-01
1.900000000000000000e+01 2.300000000000000000e+01 9.523160376172701280e-01
1.900000000000000000e+01 2.400000000000000000e+01 9.436550561538661341e-01
1.900000000000000000e+01 2.500000000000000000e+01 8.097050890608814555e-01
1.900000000000000000e+01 2.600000000000000000e+01 8.432433997731827446e-01
1.900000000000000000e+01 2.700000000000000000e+01 8.787451616021262346e-01
1.900000000000000000e+01 2.800000000000000000e+01 9.202656513309466213e-01
1.900000000000000000e+01 2.900000000000000000e+01 9.361224424655083531e-01
1.900000000000000000e+01 3.000000000000000000e+01 9.743936183197012824e-01
1.900000000000000000e+01 3.100000000000000000e+01 9.447294112758628515e-01
1.900000000000000000e+01 3.200000000000000000e+01 9.803462019879538580e-01
2.000000000000000000e+01 2.100000000000000000e+01 9.157324597065941152e-01
2.000000000000000000e+01 2.200000000000000000e+01 5.586455316289424822e-01
2.000000000000000000e+01 2.300000000000000000e+01 9.119377936462422785e-01
2.000000000000000000e+01 2.400000000000000000e+01 9.030170254188329970e-01
2.000000000000000000e+01 2.500000000000000000e+01 7.701452002289386201e-01
2.000000000000000000e+01 2.600000000000000000e+01 8.083230578932720789e-01
2.000000000000000000e+01 2.700000000000000000e+01 8.453629462047755894e-01
2.000000000000000000e+01 2.800000000000000000e+01 8.799234711088659289e-01
2.000000000000000000e+01 2.900000000000000000e+01 8.958104885090847347e-01
2.000000000000000000e+01 3.000000000000000000e+01 9.343749398349245894e-01
2.000000000000000000e+01 3.100000000000000000e+01 9.052517956685268707e-01
2.000000000000000000e+01 3.200000000000000000e+01 9.438952561705664657e-01
2.100000000000000000e+01 2.200000000000000000e+01 8.970883908671791751e-01
2.100000000000000000e+01 2.300000000000000000e+01 5.507081902586958844e-01
2.100000000000000000e+01 2.400000000000000000e+01 6.252546558731371107e-01
2.100000000000000000e+01 2.500000000000000000e+01 8.981135749565303250e-01
2.100000000000000000e+01 2.600000000000000000e+01 9.410539455689521660e-01
2.100000000000000000e+01 2.700000000000000000e+01 9.739765519116017067e-01
2.100000000000000000e+01 2.800000000000000000e+01 8.417120615877378142e-01
2.100000000000000000e+01 2.900000000000000000e+01 8.296954495269606156e-01
2.100000000000000000e+01 3.000000000000000000e+01 8.343917706348236152e-01
2.100000000000000000e+01 3.100000000000000000e+01 8.853893483359271954e-01
2.100000000000000000e+01 3.200000000000000000e+01 1.005372452345571599e+00
2.200000000000000000e+01 2.300000000000000000e+01 8.908717322021260099e-01
2.200000000000000000e+01 2.400000000000000000e+01 8.800826236277430326e-01
2.200000000000000000e+01 2.500000000000000000e+01 7.150665210391342619e-01
2.200000000000000000e+01 2.600000000000000000e+01 7.581439785063750492e-01
2.200000000000000000e+01 2.700000000000000000e+01 7.977260939704913234e-01
2.200000000000000000e+01 2.800000000000000000e+01 8.431016380651934483e-01
2.200000000000000000e+01 2.900000000000000000e+01 8.612133037780567157e-01
2.200000000000000000e+01 3.000000000000000000e+01 9.024101255475902583e-01
2.200000000000000000e+01 3.100000000000000000e+01 8.670381233157802292e-01
2.200000000000000000e+01 3.200000000000000000e+01 9.003388992319334427e-01
2.300000000000000000e+01 2.400000000000000000e+01 5.164779863731743248e-01
2.300000000000000000e+01 2.500000000000000000e+01 8.837104874699499568e-01
2.300000000000000000e+01 2.600000000000000000e+01 9.260229682590050970e-01
2.300000000000000000e+01 2.700000000000000000e+01 9.584543831475018649e-01
2.300000000000000000e+01 2.800000000000000000e+01 8.156040459858102665e-01
2.300000000000000000e+01 2.900000000000000000e+01 8.009540164980619714e-01
2.300000000000000000e+01 3.000000000000000000e+01 8.034836635857041109e-01
2.300000000000000000e+01 3.100000000000000000e+01 8.606990233760520859e-01
2.300000000000000000e+01 3.200000000000000000e+01 9.859347858532032660e-01
2.400000000000000000e+01 2.500000000000000000e+01 8.669185382856530175e-01
2.400000000000000000e+01 2.600000000000000000e+01 9.090034172776340071e-01
2.400000000000000000e+01 2.700000000000000000e+01 9.411888703393294087e-01
2.400000000000000000e+01 2.800000000000000000e+01 7.906849062692824504e-01
2.400000000000000000e+01 2.900000000000000000e+01 7.746561676201522140e-01
2.400000000000000000e+01 3.000000000000000000e+01 7.784970932123256304e-01
2.400000000000000000e+01 3.100000000000000000e+01 8.377048840322962597e-01
2.400000000000000000e+01 3.200000000000000000e+01 9.663060345079279578e-01
2.500000000000000000e+01 2.600000000000000000e+01 5.866694891080310725e-01
2.500000000000000000e+01 2.700000000000000000e+01 6.622878969194867516e-01
2.500000000000000000e+01 2.800000000000000000e+01 7.616879605907813655e-01
2.500000000000000000e+01 2.900000000000000000e+01 7.912079461233312294e-01
2.500000000000000000e+01 3.000000000000000000e+01 8.430221426755455383e-01
2.500000000000000000e+01 3.100000000000000000e+01 7.733519088547962106e-01
2.500000000000000000e+01 3.200000000000000000e+01 7.764580242178422687e-01
2.600000000000000000e+01 2.700000000000000000e+01 5.315564299768524847e-01
2.600000000000000000e+01 2.800000000000000000e+01 7.921425796462577829e-01
2.600000000000000000e+01 2.900000000000000000e+01 8.218077580889664446e-01
2.600000000000000000e+01 3.000000000000000000e+01 8.723895465034567920e-01
2.600000000000000000e+01 3.100000000000000000e+01 7.913139001997806510e-01
2.600000000000000000e+01 3.200000000000000000e+01 7.408882919954749013e-01
2.700000000000000000e+01 2.800000000000000000e+01 8.182809252029312752e-01
2.700000000000000000e+01 2.900000000000000000e+01 8.477097617470801261e-01
2.700000000000000000e+01 3.000000000000000000e+01 8.974681132005910555e-01
2.700000000000000000e+01 3.100000000000000000e+01 8.108657556344067707e-01
2.700000000000000000e+01 3.200000000000000000e+01 7.226236153731240286e-01
2.800000000000000000e+01 2.900000000000000000e+01 5.303011957611643012e-01
2.800000000000000000e+01 3.000000000000000000e+01 6.700802622791219854e-01
2.800000000000000000e+01 3.100000000000000000e+01 5.877635579001840860e-01
2.800000000000000000e+01 3.200000000000000000e+01 8.047144464612223658e-01
2.900000000000000000e+01 3.000000000000000000e+01 6.083914370473122446e-01
2.900000000000000000e+01 3.100000000000000000e+01 6.271517410475615506e-01
2.900000000000000000e+01 3.200000000000000000e+01 8.342691647006561517e-01
3.000000000000000000e+01 3.100000000000000000e+01 6.963188026415991772e-01
3.000000000000000000e+01 3.200000000000000000e+01 8.815932443896645765e-01
3.100000000000000000e+01 3.200000000000000000e+01 7.653198308168600583e-01
