1.000000000000000000e+00 2.000000000000000000e+00 1.876546669939314738e+00
1.000000000000000000e+00 3.000000000000000000e+00 4.483164877476201404e+00
1.000000000000000000e+00 4.000000000000000000e+00 1.989425458221447673e+00
1.000000000000000000e+00 5.000000000000000000e+00 3.189028429240515106e+00
1.000000000000000000e+00 6.000000000000000000e+00 2.095938771536971945e+00
1.000000000000000000e+00 7.000000000000000000e+00 2.024075195161043172e+00
1.000000000000000000e+00 8.000000000000000000e+00 2.117715861412275746e+00
1.000000000000000000e+00 9.000000000000000000e+00 1.996281862451745548e+00
1.000000000000000000e+00 1.000000000000000000e+01 2.070320725247149607e+00
1.000000000000000000e+00 1.100000000000000000e+01 2.044547153573960774e+00
1.000000000000000000e+00 1.200000000000000000e+01 2.041427689008457058e+00
1.000000000000000000e+00 1.300000000000000000e+01 2.007910960767769648e+00
1.000000000000000000e+00 1.400000000000000000e+01 5.409832774192874894e+00
1.000000000000000000e+00 1.500000000000000000e+01 2.047596961590369524e+00
1.000000000000000000e+00 1.600000000000000000e+01 5.397751998533995454e+00
1.000000000000000000e+00 1.700000000000000000e+01 5.488483433525766841e+00
1.000000000000000000e+00 1.800000000000000000e+01 5.481088442296907282e+00
1.000000000000000000e+00 1.900000000000000000e+01 5.486833540873946369e+00
1.000000000000000000e+00 2.000000000000000000e+01 5.546518214598531671e+00
1.000000000000000000e+00 2.100000000000000000e+01 4.864599317805270218e+00
1.000000000000000000e+00 2.200000000000000000e+01 5.543559820495526758e+00
1.000000000000000000e+00 2.300000000000000000e+01 4.767570381935695600e+00
1.000000000000000000e+00 2.400000000000000000e+01 4.586304530541677416e+00
1.000000000000000000e+00 2.500000000000000000e+01 3.613226348249138908e+00
1.000000000000000000e+00 2.600000000000000000e+01 4.780338910619180481e+00
1.000000000000000000e+00 2.700000000000000000e+01 5.115768402008976423e+00
1.000000000000000000e+00 2.800000000000000000e+01 2.354699052552833738e+00
1.000000000000000000e+00 2.900000000000000000e+01 2.316994082452367376e+00
1.000000000000000000e+00 3.000000000000000000e+01 2.264596181595254887e+00
1.000000000000000000e+00 3.100000000000000000e+01 2.384152281225573766e+00
1.000000000000000000e+00 3.200000000000000000e+01 2.562117627717013235e+00
2.000000000000000000e+00 3.000000000000000000e+00 3.525352788535454529e+00
2.000000000000000000e+00 4.000000000000000000e+00 1.008124891504965870e+00
2.000000000000000000e+00 5.000000000000000000e+00 2.229859457510255272e+00
2.000000000000000000e+00 6.000000000000000000e+00 1.155669342222735096e+00
2.000000000000000000e+00 7.000000000000000000e+00 1.079841079907405632e+00
2.000000000000000000e+00 8.000000000000000000e+00 1.201831862163695863e+00
2.000000000000000000e+00 9.000000000000000000e+00 1.021849445620860442e+00
2.000000000000000000e+00 1.000000000000000000e+01 1.145508513000776940e+00
2.000000000000000000e+00 1.100000000000000000e+01 1.110921859893402530e+00
2.000000000000000000e+00 1.200000000000000000e+01 1.117182228750795758e+00
2.000000000000000000e+00 1.300000000000000000e+01 1.301088672398850843e+00
2.000000000000000000e+00 1.400000000000000000e+01 4.572490348098652291e+00
2.000000000000000000e+00 1.500000000000000000e+01 1.345377047867962972e+00
2.000000000000000000e+00 1.600000000000000000e+01 4.562430170389213835e+00
2.000000000000000000e+00 1.700000000000000000e+01 4.657746256432744758e+00
2.000000000000000000e+00 1.800000000000000000e+01 4.654055976134370276e+00
2.000000000000000000e+00 1.900000000000000000e+01 4.669208133069166600e+00
2.000000000000000000e+00 2.000000000000000000e+01 4.727901375829709707e+00
2.000000000000000000e+00 2.100000000000000000e+01 4.118169774787837412e+00
2.000000000000000000e+00 2.200000000000000000e+01 4.738253092065568772e+00
2.000000000000000000e+00 2.300000000000000000e+01 4.023265522095814894e+00
2.000000000000000000e+00 2.400000000000000000e+01 3.835198200096207266e+00
2.000000000000000000e+00 2.500000000000000000e+01 2.862727866489949591e+00
2.000000000000000000e+00 2.600000000000000000e+01 4.027968160409233889e+00
2.000000000000000000e+00 2.700000000000000000e+01 4.362377931756141081e+00
2.000000000000000000e+00 2.800000000000000000e+01 1.617446298554783279e+00
2.000000000000000000e+00 2.900000000000000000e+01 1.583306273136683817e+00
2.000000000000000000e+00 3.000000000000000000e+01 1.539502752138853570e+00
2.000000000000000000e+00 3.100000000000000000e+01 1.647313278818333337e+00
2.000000000000000000e+00 3.200000000000000000e+01 1.817843801290214500e+00
3.000000000000000000e+00 4.000000000000000000e+00 3.111471840117528753e+00
3.000000000000000000e+00 5.000000000000000000e+00 3.851925901550695475e+00
3.000000000000000000e+00 6.000000000000000000e+00 3.117281634317520922e+00
3.000000000000000000e+00 7.000000000000000000e+00 3.120252607730957362e+00
3.000000000000000000e+00 8.000000000000000000e+00 3.255566109146392773e+00
3.000000000000000000e+00 9.000000000000000000e+00 3.263508951784188206e+00
3.000000000000000000e+00 1.000000000000000000e+01 3.190911958874445897e+00
3.000000000000000000e+00 1.100000000000000000e+01 3.274599157040977371e+00
3.000000000000000000e+00 1.200000000000000000e+01 3.246210705420548237e+00
3.000000000000000000e+00 1.300000000000000000e+01 3.740326354359245986e+00
3.000000000000000000e+00 1.400000000000000000e+01 6.785633859714639726e+00
3.000000000000000000e+00 1.500000000000000000e+01 3.772833755588895777e+00
3.000000000000000000e+00 1.600000000000000000e+01 6.778405036833627939e+00
3.000000000000000000e+00 1.700000000000000000e+01 6.880188293543779920e+00
3.000000000000000000e+00 1.800000000000000000e+01 6.881795879805708616e+00
3.000000000000000000e+00 1.900000000000000000e+01 6.910271741004138768e+00
3.000000000000000000e+00 2.000000000000000000e+01 6.967557378450198513e+00
3.000000000000000000e+00 2.100000000000000000e+01 6.470498518055981307e+00
3.000000000000000000e+00 2.200000000000000000e+01 6.996809678559299250e+00
3.000000000000000000e+00 2.300000000000000000e+01 6.375066231527255489e+00
3.000000000000000000e+00 2.400000000000000000e+01 6.175163105644522865e+00
3.000000000000000000e+00 2.500000000000000000e+01 5.198632684499688850e+00
3.000000000000000000e+00 2.600000000000000000e+01 6.361170147644982009e+00
3.000000000000000000e+00 2.700000000000000000e+01 6.694106624146801465e+00
3.000000000000000000e+00 2.800000000000000000e+01 3.971990207659892302e+00
3.000000000000000000e+00 2.900000000000000000e+01 3.942842861603275129e+00
3.000000000000000000e+00 3.000000000000000000e+01 3.910738283803509407e+00
3.000000000000000000e+00 3.100000000000000000e+01 4.002276099135081644e+00
3.000000000000000000e+00 3.200000000000000000e+01 4.162358792225993476e+00
4.000000000000000000e+00 5.000000000000000000e+00 1.751137460571245530e+00
4.000000000000000000e+00 6.000000000000000000e+00 7.656624769618485260e-01
4.000000000000000000e+00 7.000000000000000000e+00 6.914213787175365056e-01
4.000000000000000000e+00 8.000000000000000000e+00 8.883714077149895694e-01
4.000000000000000000e+00 9.000000000000000000e+00 7.393270027398568534e-01
4.000000000000000000e+00 1.000000000000000000e+01 8.074613412616495900e-01
4.000000000000000000e+00 1.100000000000000000e+01 8.022577779612549698e-01
4.000000000000000000e+00 1.200000000000000000e+01 8.009159981775137993e-01
4.000000000000000000e+00 1.300000000000000000e+01 1.264850329449232813e+00
4.000000000000000000e+00 1.400000000000000000e+01 4.369469027801072158e+00
4.000000000000000000e+00 1.500000000000000000e+01 1.301620360652672836e+00
4.000000000000000000e+00 1.600000000000000000e+01 4.359367450384540099e+00
4.000000000000000000e+00 1.700000000000000000e+01 4.460561580724343500e+00
4.000000000000000000e+00 1.800000000000000000e+01 4.460219099372403129e+00
4.000000000000000000e+00 1.900000000000000000e+01 4.486614162841532583e+00
4.000000000000000000e+00 2.000000000000000000e+01 4.543549521708024841e+00
4.000000000000000000e+00 2.100000000000000000e+01 4.015261998545069488e+00
4.000000000000000000e+00 2.200000000000000000e+01 4.567650609435196962e+00
4.000000000000000000e+00 2.300000000000000000e+01 3.920899895259958079e+00
4.000000000000000000e+00 2.400000000000000000e+01 3.723836872216552685e+00
4.000000000000000000e+00 2.500000000000000000e+01 2.750537047677724445e+00
4.000000000000000000e+00 2.600000000000000000e+01 3.913877881220319210e+00
4.000000000000000000e+00 2.700000000000000000e+01 4.247261205463065181e+00
4.000000000000000000e+00 2.800000000000000000e+01 1.519447422109780010e+00
4.000000000000000000e+00 2.900000000000000000e+01 1.489145127660119527e+00
4.000000000000000000e+00 3.000000000000000000e+01 1.454515866930742529e+00
4.000000000000000000e+00 3.100000000000000000e+01 1.549740697685336066e+00
4.000000000000000000e+00 3.200000000000000000e+01 1.712371604584379980e+00
5.000000000000000000e+00 6.000000000000000000e+00 1.751124049830898866e+00
5.000000000000000000e+00 7.000000000000000000e+00 1.743052927613927938e+00
5.000000000000000000e+00 8.000000000000000000e+00 1.955687887098749744e+00
5.000000000000000000e+00 9.000000000000000000e+00 1.925903880224902887e+00
5.000000000000000000e+00 1.000000000000000000e+01 1.863450082496067139e+00
5.000000000000000000e+00 1.100000000000000000e+01 1.934667656759753829e+00
5.000000000000000000e+00 1.200000000000000000e+01 1.908741530947603682e+00
5.000000000000000000e+00 1.300000000000000000e+01 2.432582498130495541e+00
5.000000000000000000e+00 1.400000000000000000e+01 5.486771366200573041e+00
5.000000000000000000e+00 1.500000000000000000e+01 2.465734151038278199e+00
5.000000000000000000e+00 1.600000000000000000e+01 5.477011198975383799e+00
5.000000000000000000e+00 1.700000000000000000e+01 5.579707005655180296e+00
5.000000000000000000e+00 1.800000000000000000e+01 5.580437505033670753e+00
5.000000000000000000e+00 1.900000000000000000e+01 5.609836710264651138e+00
5.000000000000000000e+00 2.000000000000000000e+01 5.666385818276250319e+00
5.000000000000000000e+00 2.100000000000000000e+01 5.162885527046061185e+00
5.000000000000000000e+00 2.200000000000000000e+01 5.694497153073425189e+00
5.000000000000000000e+00 2.300000000000000000e+01 5.068122665453477005e+00
5.000000000000000000e+00 2.400000000000000000e+01 4.868413343585403119e+00
5.000000000000000000e+00 2.500000000000000000e+01 3.893933848364465433e+00
5.000000000000000000e+00 2.600000000000000000e+01 5.056702839679680039e+00
5.000000000000000000e+00 2.700000000000000000e+01 5.389775347243249470e+00
5.000000000000000000e+00 2.800000000000000000e+01 2.666828535542975498e+00
5.000000000000000000e+00 2.900000000000000000e+01 2.637592145860941262e+00
5.000000000000000000e+00 3.000000000000000000e+01 2.605438993198066822e+00
5.000000000000000000e+00 3.100000000000000000e+01 2.697203098051351056e+00
5.000000000000000000e+00 3.200000000000000000e+01 2.857607327863801672e+00
6.000000000000000000e+00 7.000000000000000000e+00 5.607915211050458204e-01
6.000000000000000000e+00 8.000000000000000000e+00 7.135872578319908399e-01
6.000000000000000000e+00 9.000000000000000000e+00 8.352306260888144873e-01
6.000000000000000000e+00 1.000000000000000000e+01 5.967022746876282646e-01
6.000000000000000000e+00 1.100000000000000000e+01 7.955614376369832819e-01
6.000000000000000000e+00 1.200000000000000000e+01 7.407902885803152593e-01
6.000000000000000000e+00 1.300000000000000000e+01 1.311648120068085621e+00
6.000000000000000000e+00 1.400000000000000000e+01 4.315087428105725209e+00
6.000000000000000000e+00 1.500000000000000000e+01 1.341006480362801234e+00
6.000000000000000000e+00 1.600000000000000000e+01 4.305554785897611758e+00
6.000000000000000000e+00 1.700000000000000000e+01 4.409798639066305981e+00
6.000000000000000000e+00 1.800000000000000000e+01 4.411581326291572402e+00
6.000000000000000000e+00 1.900000000000000000e+01 4.444048191580066920e+00
6.000000000000000000e+00 2.000000000000000000e+01 4.500175070761388341e+00
6.000000000000000000e+00 2.100000000000000000e+01 4.021898878700579161e+00
6.000000000000000000e+00 2.200000000000000000e+01 4.532285567699104512e+00
6.000000000000000000e+00 2.300000000000000000e+01 3.926549461638580318e+00
6.000000000000000000e+00 2.400000000000000000e+01 3.724167856240746310e+00
6.000000000000000000e+00 2.500000000000000000e+01 2.748238644375392781e+00
6.000000000000000000e+00 2.600000000000000000e+01 3.910436094558519926e+00
6.000000000000000000e+00 2.700000000000000000e+01 4.243198310598934597e+00
6.000000000000000000e+00 2.800000000000000000e+01 1.525100428628690441e+00
6.000000000000000000e+00 2.900000000000000000e+01 1.496922723844642089e+00
6.000000000000000000e+00 3.000000000000000000e+01 1.467208001390344574e+00
6.000000000000000000e+00 3.100000000000000000e+01 1.555546528125734795e+00
6.000000000000000000e+00 3.200000000000000000e+01 1.713736079627027564e+00
7.000000000000000000e+00 8.000000000000000000e+00 7.161188296966471967e-01
7.000000000000000000e+00 9.000000000000000000e+00 7.393272970996045412e-01
7.000000000000000000e+00 1.000000000000000000e+01 6.033952739918029273e-01
7.000000000000000000e+00 1.100000000000000000e+01 6.987706126381616478e-01
7.000000000000000000e+00 1.200000000000000000e+01 6.501919412585537295e-01
7.000000000000000000e+00 1.300000000000000000e+01 1.239725275144052397e+00
7.000000000000000000e+00 1.400000000000000000e+01 4.265484301140366696e+00
7.000000000000000000e+00 1.500000000000000000e+01 1.270657095603152875e+00
7.000000000000000000e+00 1.600000000000000000e+01 4.254461109438005373e+00
7.000000000000000000e+00 1.700000000000000000e+01 4.358684439903496965e+00
7.000000000000000000e+00 1.800000000000000000e+01 4.359597910165374124e+00
7.000000000000000000e+00 1.900000000000000000e+01 4.391514695801563839e+00
7.000000000000000000e+00 2.000000000000000000e+01 4.447377016617327428e+00
7.000000000000000000e+00 2.100000000000000000e+01 3.956272225225065498e+00
7.000000000000000000e+00 2.200000000000000000e+01 4.477447316703607960e+00
7.000000000000000000e+00 2.300000000000000000e+01 3.861682248644766169e+00
7.000000000000000000e+00 2.400000000000000000e+01 3.660318136000909384e+00
7.000000000000000000e+00 2.500000000000000000e+01 2.686388850166189002e+00
7.000000000000000000e+00 2.600000000000000000e+01 3.848920770710028805e+00
7.000000000000000000e+00 2.700000000000000000e+01 4.181870450276344187e+00
7.000000000000000000e+00 2.800000000000000000e+01 1.461645535716223687e+00
7.000000000000000000e+00 2.900000000000000000e+01 1.433063509521407486e+00
7.000000000000000000e+00 3.000000000000000000e+01 1.402533966274315258e+00
7.000000000000000000e+00 3.100000000000000000e+01 1.492131367434187172e+00
7.000000000000000000e+00 3.200000000000000000e+01 1.651253242197673998e+00
8.000000000000000000e+00 9.000000000000000000e+00 9.068588911561794585e-01
8.000000000000000000e+00 1.000000000000000000e+01 5.539560496046256333e-01
8.000000000000000000e+00 1.100000000000000000e+01 8.322983089971653925e-01
8.000000000000000000e+00 1.200000000000000000e+01 7.527372890829582275e-01
8.000000000000000000e+00 1.300000000000000000e+01 1.311353699717648258e+00
8.000000000000000000e+00 1.400000000000000000e+01 4.217945265637201402e+00
8.000000000000000000e+00 1.500000000000000000e+01 1.334245951847917055e+00
8.000000000000000000e+00 1.600000000000000000e+01 4.213526989706838144e+00
8.000000000000000000e+00 1.700000000000000000e+01 4.318549263124371151e+00
8.000000000000000000e+00 1.800000000000000000e+01 4.323737230602657355e+00
8.000000000000000000e+00 1.900000000000000000e+01 4.359464263350163016e+00
8.000000000000000000e+00 2.000000000000000000e+01 4.416284395830151865e+00
8.000000000000000000e+00 2.100000000000000000e+01 3.991852539198241345e+00
8.000000000000000000e+00 2.200000000000000000e+01 4.457086858797812745e+00
8.000000000000000000e+00 2.300000000000000000e+01 3.894025934361962094e+00
8.000000000000000000e+00 2.400000000000000000e+01 3.687100128083831585e+00
8.000000000000000000e+00 2.500000000000000000e+01 2.704189555138526657e+00
8.000000000000000000e+00 2.600000000000000000e+01 3.865004804145867112e+00
8.000000000000000000e+00 2.700000000000000000e+01 4.196996993799706033e+00
8.000000000000000000e+00 2.800000000000000000e+01 1.488270631690555401e+00
8.000000000000000000e+00 2.900000000000000000e+01 1.461941740764892028e+00
8.000000000000000000e+00 3.000000000000000000e+01 1.436123637864785252e+00
8.000000000000000000e+00 3.100000000000000000e+01 1.518629515325689461e+00
8.000000000000000000e+00 3.200000000000000000e+01 1.672665135832564154e+00
9.000000000000000000e+00 1.000000000000000000e+01 8.310002385674555292e-01
9.000000000000000000e+00 1.100000000000000000e+01 6.921123120383283478e-01
9.000000000000000000e+00 1.200000000000000000e+01 7.563032232259501164e-01
9.000000000000000000e+00 1.300000000000000000e+01 1.229514470962018269e+00
9.000000000000000000e+00 1.400000000000000000e+01 4.361778737811018658e+00
9.000000000000000000e+00 1.500000000000000000e+01 1.271207566069110229e+00
9.000000000000000000e+00 1.600000000000000000e+01 4.349561705380428300e+00
9.000000000000000000e+00 1.700000000000000000e+01 4.451088126395603695e+00
9.000000000000000000e+00 1.800000000000000000e+01 4.449743607653949162e+00
9.000000000000000000e+00 1.900000000000000000e+01 4.476072406698336614e+00
9.000000000000000000e+00 2.000000000000000000e+01 4.532520458158781906e+00
9.000000000000000000e+00 2.100000000000000000e+01 3.990331868816952010e+00
9.000000000000000000e+00 2.200000000000000000e+01 4.554616967602679090e+00
9.000000000000000000e+00 2.300000000000000000e+01 3.897410979246738627e+00
9.000000000000000000e+00 2.400000000000000000e+01 3.701547416710440963e+00
9.000000000000000000e+00 2.500000000000000000e+01 2.731195310668391940e+00
9.000000000000000000e+00 2.600000000000000000e+01 3.894886724670193701e+00
9.000000000000000000e+00 2.700000000000000000e+01 4.228469069014222370e+00
9.000000000000000000e+00 2.800000000000000000e+01 1.498691834214041396e+00
9.000000000000000000e+00 2.900000000000000000e+01 1.468046051148265807e+00
9.000000000000000000e+00 3.000000000000000000e+01 1.432816008878451175e+00
9.000000000000000000e+00 3.100000000000000000e+01 1.529068175635591942e+00
9.000000000000000000e+00 3.200000000000000000e+01 1.692537055888615249e+00
1.000000000000000000e+01 1.100000000000000000e+01 7.582018413478479602e-01
1.000000000000000000e+01 1.200000000000000000e+01 6.781133368990928112e-01
1.000000000000000000e+01 1.300000000000000000e+01 1.267209642637617151e+00
1.000000000000000000e+01 1.400000000000000000e+01 4.221377775580103631e+00
1.000000000000000000e+01 1.500000000000000000e+01 1.292795452352919483e+00
1.000000000000000000e+01 1.600000000000000000e+01 4.212504831748243639e+00
1.000000000000000000e+01 1.700000000000000000e+01 4.318028647628706196e+00
1.000000000000000000e+01 1.800000000000000000e+01 4.320961085176834082e+00
1.000000000000000000e+01 1.900000000000000000e+01 4.356131309111256122e+00
1.000000000000000000e+01 2.000000000000000000e+01 4.411994625968754136e+00
1.000000000000000000e+01 2.100000000000000000e+01 3.959038060152330729e+00
1.000000000000000000e+01 2.200000000000000000e+01 4.448057213941086552e+00
1.000000000000000000e+01 2.300000000000000000e+01 3.862788915427354475e+00
1.000000000000000000e+01 2.400000000000000000e+01 3.657860412373065806e+00
1.000000000000000000e+01 2.500000000000000000e+01 2.679828136188257659e+00
1.000000000000000000e+01 2.600000000000000000e+01 3.841443816024352031e+00
1.000000000000000000e+01 2.700000000000000000e+01 4.173888245209456116e+00
1.000000000000000000e+01 2.800000000000000000e+01 1.460455299641622684e+00
1.000000000000000000e+01 2.900000000000000000e+01 1.433271832357827957e+00
1.000000000000000000e+01 3.000000000000000000e+01 1.405788647951324855e+00
1.000000000000000000e+01 3.100000000000000000e+01 1.490937140615659295e+00
1.000000000000000000e+01 3.200000000000000000e+01 1.647013111269730601e+00
1.100000000000000000e+01 1.200000000000000000e+01 5.912083369220866302e-01
1.100000000000000000e+01 1.300000000000000000e+01 1.223964031781133333e+00
1.100000000000000000e+01 1.400000000000000000e+01 4.295839788557987760e+00
1.100000000000000000e+01 1.500000000000000000e+01 1.259275539565171798e+00
1.100000000000000000e+01 1.600000000000000000e+01 4.281073407950464649e+00
1.100000000000000000e+01 1.700000000000000000e+01 4.385716504828971907e+00
1.100000000000000000e+01 1.800000000000000000e+01 4.384704905095181182e+00
1.100000000000000000e+01 1.900000000000000000e+01 4.416140102526605382e+00
1.100000000000000000e+01 2.000000000000000000e+01 4.471194963258922073e+00
1.100000000000000000e+01 2.100000000000000000e+01 3.951937935421856452e+00
1.100000000000000000e+01 2.200000000000000000e+01 4.497224661073734531e+00
1.100000000000000000e+01 2.300000000000000000e+01 3.860310718492267590e+00
1.100000000000000000e+01 2.400000000000000000e+01 3.661052856053514937e+00
1.100000000000000000e+01 2.500000000000000000e+01 2.693256498877886429e+00
1.100000000000000000e+01 2.600000000000000000e+01 3.856491173328485900e+00
1.100000000000000000e+01 2.700000000000000000e+01 4.189837857830568169e+00
1.100000000000000000e+01 2.800000000000000000e+01 1.465641797172519301e+00
1.100000000000000000e+01 2.900000000000000000e+01 1.436367601165590813e+00
1.100000000000000000e+01 3.000000000000000000e+01 1.404649979731661613e+00
1.100000000000000000e+01 3.100000000000000000e+01 1.496302138277997074e+00
1.100000000000000000e+01 3.200000000000000000e+01 1.657116376634345301e+00
1.200000000000000000e+01 1.300000000000000000e+01 1.218110008741132511e+00
1.200000000000000000e+01 1.400000000000000000e+01 4.234429695994963438e+00
1.200000000000000000e+01 1.500000000000000000e+01 1.246862169129692610e+00
1.200000000000000000e+01 1.600000000000000000e+01 4.219167706929304096e+00
1.200000000000000000e+01 1.700000000000000000e+01 4.325641837790120903e+00
1.200000000000000000e+01 1.800000000000000000e+01 4.325411163878876586e+00
1.200000000000000000e+01 1.900000000000000000e+01 4.360189874529063481e+00
1.200000000000000000e+01 2.000000000000000000e+01 4.414611240398862435e+00
1.200000000000000000e+01 2.100000000000000000e+01 3.920226983238881857e+00
1.200000000000000000e+01 2.200000000000000000e+01 4.444308471554138329e+00
1.200000000000000000e+01 2.300000000000000000e+01 3.827604699661214305e+00
1.200000000000000000e+01 2.400000000000000000e+01 3.625286204449815308e+00
1.200000000000000000e+01 2.500000000000000000e+01 2.656342826412749325e+00
1.200000000000000000e+01 2.600000000000000000e+01 3.819073529895169017e+00
1.200000000000000000e+01 2.700000000000000000e+01 4.152149496993171596e+00
1.200000000000000000e+01 2.800000000000000000e+01 1.432631307382566721e+00
1.200000000000000000e+01 2.900000000000000000e+01 1.404412335777054377e+00
1.200000000000000000e+01 3.000000000000000000e+01 1.375160181968011930e+00
1.200000000000000000e+01 3.100000000000000000e+01 1.463387682513383581e+00
1.200000000000000000e+01 3.200000000000000000e+01 1.622047029984132749e+00
1.300000000000000000e+01 1.400000000000000000e+01 4.501121198236008425e+00
1.300000000000000000e+01 1.500000000000000000e+01 7.343229952344243472e-01
1.300000000000000000e+01 1.600000000000000000e+01 4.481414228220576668e+00
1.300000000000000000e+01 1.700000000000000000e+01 4.567774506549973523e+00
1.300000000000000000e+01 1.800000000000000000e+01 4.553652432579014864e+00
1.300000000000000000e+01 1.900000000000000000e+01 4.548608688834044678e+00
1.300000000000000000e+01 2.000000000000000000e+01 4.608155220899812221e+00
1.300000000000000000e+01 2.100000000000000000e+01 3.745170416888687015e+00
1.300000000000000000e+01 2.200000000000000000e+01 4.585009784954210410e+00
1.300000000000000000e+01 2.300000000000000000e+01 3.672156989951425921e+00
1.300000000000000000e+01 2.400000000000000000e+01 3.518330268665521565e+00
1.300000000000000000e+01 2.500000000000000000e+01 2.576555737467206342e+00
1.300000000000000000e+01 2.600000000000000000e+01 3.746849784462417787e+00
1.300000000000000000e+01 2.700000000000000000e+01 4.084040251955419976e+00
1.300000000000000000e+01 2.800000000000000000e+01 1.299333295949099298e+00
1.300000000000000000e+01 2.900000000000000000e+01 1.256737500905307225e+00
1.300000000000000000e+01 3.000000000000000000e+01 1.194645731074416517e+00
1.300000000000000000e+01 3.100000000000000000e+01 1.329232001997250556e+00
1.300000000000000000e+01 3.200000000000000000e+01 1.517676563500192088e+00
1.400000000000000000e+01 1.500000000000000000e+01 4.490847378040337290e+00
1.400000000000000000e+01 1.600000000000000000e+01 6.174601473135559182e+00
1.400000000000000000e+01 1.700000000000000000e+01 5.535489092831449298e+00
1.400000000000000000e+01 1.800000000000000000e+01 6.095606513821217654e+00
1.400000000000000000e+01 1.900000000000000000e+01 5.604534660078862807e+00
1.400000000000000000e+01 2.000000000000000000e+01 5.979803425736418987e+00
1.400000000000000000e+01 2.100000000000000000e+01 7.096524578963888885e+00
1.400000000000000000e+01 2.200000000000000000e+01 6.486464448238675295e+00
1.400000000000000000e+01 2.300000000000000000e+01 6.962536727211708687e+00
1.400000000000000000e+01 2.400000000000000000e+01 6.725053355632270247e+00
1.400000000000000000e+01 2.500000000000000000e+01 5.417041046068703736e+00
1.400000000000000000e+01 2.600000000000000000e+01 6.508731470546946341e+00
1.400000000000000000e+01 2.700000000000000000e+01 6.799811853429114095e+00
1.400000000000000000e+01 2.800000000000000000e+01 4.334013064732634035e+00
1.400000000000000000e+01 2.900000000000000000e+01 4.335474789350683977e+00
1.400000000000000000e+01 3.000000000000000000e+01 4.349149383438422944e+00
1.400000000000000000e+01 3.100000000000000000e+01 4.347291531914225793e+00
1.400000000000000000e+01 3.200000000000000000e+01 4.404296371300166157e+00
1.500000000000000000e+01 1.600000000000000000e+01 4.469687799062191935e+00
1.500000000000000000e+01 1.700000000000000000e+01 4.554275918008203305e+00
1.500000000000000000e+01 1.800000000000000000e+01 4.538311187622295684e+00
1.500000000000000000e+01 1.900000000000000000e+01 4.529423427696701587e+00
1.500000000000000000e+01 2.000000000000000000e+01 4.589209138236938657e+00
1.500000000000000000e+01 2.100000000000000000e+01 3.637798040334883964e+00
1.500000000000000000e+01 2.200000000000000000e+01 4.559959884148942599e+00
1.500000000000000000e+01 2.300000000000000000e+01 3.584020115780094606e+00
1.500000000000000000e+01 2.400000000000000000e+01 3.448355945174035320e+00
1.500000000000000000e+01 2.500000000000000000e+01 2.527244997690579531e+00
1.500000000000000000e+01 2.600000000000000000e+01 3.698546525182640821e+00
1.500000000000000000e+01 2.700000000000000000e+01 4.036293599133463417e+00
1.500000000000000000e+01 2.800000000000000000e+01 1.244169071713463026e+00
1.500000000000000000e+01 2.900000000000000000e+01 1.200061758145838819e+00
1.500000000000000000e+01 3.000000000000000000e+01 1.135535214056857978e+00
1.500000000000000000e+01 3.100000000000000000e+01 1.274446384083188555e+00
1.500000000000000000e+01 3.200000000000000000e+01 1.466102269180035833e+00
1.600000000000000000e+01 1.700000000000000000e+01 5.419191285702835259e+00
1.600000000000000000e+01 1.800000000000000000e+01 4.603028997165300673e+00
1.600000000000000000e+01 1.900000000000000000e+01 6.157628367333969344e+00
1.600000000000000000e+01 2.000000000000000000e+01 5.693659881138071199e+00
1.600000000000000000e+01 2.100000000000000000e+01 7.065161436555813523e+00
1.600000000000000000e+01 2.200000000000000000e+01 6.042431000828128340e+00
1.600000000000000000e+01 2.300000000000000000e+01 6.929655667181992662e+00
1.600000000000000000e+01 2.400000000000000000e+01 6.689956884956040462e+00
1.600000000000000000e+01 2.500000000000000000e+01 5.384822395655614713e+00
1.600000000000000000e+01 2.600000000000000000e+01 6.513276088707341316e+00
1.600000000000000000e+01 2.700000000000000000e+01 6.831839429826390031e+00
1.600000000000000000e+01 2.800000000000000000e+01 4.307821785241785051e+00
1.600000000000000000e+01 2.900000000000000000e+01 4.309797306747508827e+00
1.600000000000000000e+01 3.000000000000000000e+01 4.325321179697239060e+00
1.600000000000000000e+01 3.100000000000000000e+01 4.326259085049911413e+00
1.600000000000000000e+01 3.200000000000000000e+01 4.404816771809780818e+00
1.700000000000000000e+01 1.800000000000000000e+01 5.016755519777221117e+00
1.700000000000000000e+01 1.900000000000000000e+01 5.451889666882741459e+00
1.700000000000000000e+01 2.000000000000000000e+01 5.051734106584513384e+00
1.700000000000000000e+01 2.100000000000000000e+01 7.154256509889309612e+00
1.700000000000000000e+01 2.200000000000000000e+01 6.083198284631126107e+00
1.700000000000000000e+01 2.300000000000000000e+01 7.016352272105197407e+00
1.700000000000000000e+01 2.400000000000000000e+01 6.775482654409198169e+00
1.700000000000000000e+01 2.500000000000000000e+01 5.429308383831287443e+00
1.700000000000000000e+01 2.600000000000000000e+01 6.530497423187140882e+00
1.700000000000000000e+01 2.700000000000000000e+01 6.831474518430463050e+00
1.700000000000000000e+01 2.800000000000000000e+01 4.365661962426528930e+00
1.700000000000000000e+01 2.900000000000000000e+01 4.370266696464252476e+00
1.700000000000000000e+01 3.000000000000000000e+01 4.388585371632649057e+00
1.700000000000000000e+01 3.100000000000000000e+01 4.379303630958905735e+00
1.700000000000000000e+01 3.200000000000000000e+01 4.435998828502078162e+00
1.800000000000000000e+01 1.900000000000000000e+01 5.873522728630093503e+00
1.800000000000000000e+01 2.000000000000000000e+01 5.017377857598178892e+00
1.800000000000000000e+01 2.100000000000000000e+01 7.134079564340263246e+00
1.800000000000000000e+01 2.200000000000000000e+01 5.700778208403725067e+00
1.800000000000000000e+01 2.300000000000000000e+01 6.993828812442763443e+00
1.800000000000000000e+01 2.400000000000000000e+01 6.750832013383054608e+00
1.800000000000000000e+01 2.500000000000000000e+01 5.384151208072202266e+00
1.800000000000000000e+01 2.600000000000000000e+01 6.499917212454258575e+00
1.800000000000000000e+01 2.700000000000000000e+01 6.812767025108600549e+00
1.800000000000000000e+01 2.800000000000000000e+01 4.332286862485327461e+00
1.800000000000000000e+01 2.900000000000000000e+01 4.338698013771578488e+00
1.800000000000000000e+01 3.000000000000000000e+01 4.359859610732629065e+00
1.800000000000000000e+01 3.100000000000000000e+01 4.347358249303121980e+00
1.800000000000000000e+01 3.200000000000000000e+01 4.409208952737647458e+00
1.900000000000000000e+01 2.000000000000000000e+01 5.226301987592004039e+00
1.900000000000000000e+01 2.100000000000000000e+01 7.130543613773658862e+00
1.900000000000000000e+01 2.200000000000000000e+01 6.052484080460874161e+00
1.900000000000000000e+01 2.300000000000000000e+01 6.985332745648057617e+00
1.900000000000000000e+01 2.400000000000000000e+01 6.739508448463589652e+00
1.900000000000000000e+01 2.500000000000000000e+01 5.304786386425165645e+00
1.900000000000000000e+01 2.600000000000000000e+01 6.367887944197802241e+00
1.900000000000000000e+01 2.700000000000000000e+01 6.643544957592785849e+00
1.900000000000000000e+01 2.800000000000000000e+01 4.271749700794806870e+00
1.900000000000000000e+01 2.900000000000000000e+01 4.282954652564185949e+00
1.900000000000000000e+01 3.000000000000000000e+01 4.309475253546604989e+00
1.900000000000000000e+01 3.100000000000000000e+01 4.277960468933250660e+00
1.900000000000000000e+01 3.200000000000000000e+01 4.298259711938738903e+00
2.000000000000000000e+01 2.100000000000000000e+01 7.186667298455438058e+00
2.000000000000000000e+01 2.200000000000000000e+01 5.508881485303601444e+00
2.000000000000000000e+01 2.300000000000000000e+01 7.041761485180258795e+00
2.000000000000000000e+01 2.400000000000000000e+01 6.795704500599394571e+00
2.000000000000000000e+01 2.500000000000000000e+01 5.365925394100301560e+00
2.000000000000000000e+01 2.600000000000000000e+01 6.456433539628170237e+00
2.000000000000000000e+01 2.700000000000000000e+01 6.755093556084053930e+00
2.000000000000000000e+01 2.800000000000000000e+01 4.337952565815607286e+00
2.000000000000000000e+01 2.900000000000000000e+01 4.348785102460416496e+00
2.000000000000000000e+01 3.000000000000000000e+01 4.375334259821521243e+00
2.000000000000000000e+01 3.100000000000000000e+01 4.348021449911320779e+00
2.000000000000000000e+01 3.200000000000000000e+01 4.385975847546006001e+00
2.100000000000000000e+01 2.200000000000000000e+01 7.152332732782224589e+00
2.100000000000000000e+01 2.300000000000000000e+01 5.338328566251141716e+00
2.100000000000000000e+01 2.400000000000000000e+01 5.639216738916027261e+00
2.100000000000000000e+01 2.500000000000000000e+01 5.117834431889422220e+00
2.100000000000000000e+01 2.600000000000000000e+01 6.292772838447314498e+00
2.100000000000000000e+01 2.700000000000000000e+01 6.632619478772381783e+00
2.100000000000000000e+01 2.800000000000000000e+01 3.836978928844732462e+00
2.100000000000000000e+01 2.900000000000000000e+01 3.796002870603098156e+00
2.100000000000000000e+01 3.000000000000000000e+01 3.760477060996700427e+00
2.100000000000000000e+01 3.100000000000000000e+01 3.876837643223457697e+00
2.100000000000000000e+01 3.200000000000000000e+01 4.066188305426662986e+00
2.200000000000000000e+01 2.300000000000000000e+01 6.999466316304306268e+00
2.200000000000000000e+01 2.400000000000000000e+01 6.747203311735115783e+00
2.200000000000000000e+01 2.500000000000000000e+01 5.214848399420041858e+00
2.200000000000000000e+01 2.600000000000000000e+01 6.324013278836266849e+00
2.200000000000000000e+01 2.700000000000000000e+01 6.645963127978072649e+00
2.200000000000000000e+01 2.800000000000000000e+01 4.239680075172820750e+00
2.200000000000000000e+01 2.900000000000000000e+01 4.257830021472754467e+00
2.200000000000000000e+01 3.000000000000000000e+01 4.294412467125711785e+00
2.200000000000000000e+01 3.100000000000000000e+01 4.249356007225634002e+00
2.200000000000000000e+01 3.200000000000000000e+01 4.283277317994932609e+00
2.300000000000000000e+01 2.400000000000000000e+01 4.923321478382615801e+00
2.300000000000000000e+01 2.500000000000000000e+01 4.933780378578854098e+00
2.300000000000000000e+01 2.600000000000000000e+01 6.110786628366801310e+00
2.300000000000000000e+01 2.700000000000000000e+01 6.451804022587580789e+00
2.300000000000000000e+01 2.800000000000000000e+01 3.645098109949609810e+00
2.300000000000000000e+01 2.900000000000000000e+01 3.602787269353137756e+00
2.300000000000000000e+01 3.000000000000000000e+01 3.573811261934757066e+00
2.300000000000000000e+01 3.100000000000000000e+01 3.688729019095723594e+00
2.300000000000000000e+01 3.200000000000000000e+01 3.881679400666461000e+00
2.400000000000000000e+01 2.500000000000000000e+01 4.659151784204620839e+00
2.400000000000000000e+01 2.600000000000000000e+01 5.838379321307554548e+00
2.400000000000000000e+01 2.700000000000000000e+01 6.180674220319131607e+00
2.400000000000000000e+01 2.800000000000000000e+01 3.364634981581819506e+00
2.400000000000000000e+01 2.900000000000000000e+01 3.321913788875684670e+00
2.400000000000000000e+01 3.000000000000000000e+01 3.306111317474536460e+00
2.400000000000000000e+01 3.100000000000000000e+01 3.413823534325649334e+00
2.400000000000000000e+01 3.200000000000000000e+01 3.608916629579598023e+00
2.500000000000000000e+01 2.600000000000000000e+01 3.889578777832868539e+00
2.500000000000000000e+01 2.700000000000000000e+01 4.358331248416776660e+00
2.500000000000000000e+01 2.800000000000000000e+01 1.903555325627672712e+00
2.500000000000000000e+01 2.900000000000000000e+01 1.956571843844675751e+00
2.500000000000000000e+01 3.000000000000000000e+01 2.036811215532031927e+00
2.500000000000000000e+01 3.100000000000000000e+01 1.903554636025165614e+00
2.500000000000000000e+01 3.200000000000000000e+01 1.920480567717156362e+00
2.600000000000000000e+01 2.700000000000000000e+01 4.931365533346403041e+00
2.600000000000000000e+01 2.800000000000000000e+01 3.093740787310741869e+00
2.600000000000000000e+01 2.900000000000000000e+01 3.141461580667266329e+00
2.600000000000000000e+01 3.000000000000000000e+01 3.214066650918561141e+00
2.600000000000000000e+01 3.100000000000000000e+01 3.076699348610559603e+00
2.600000000000000000e+01 3.200000000000000000e+01 3.018086595571378261e+00
2.700000000000000000e+01 2.800000000000000000e+01 3.443698838338927093e+00
2.700000000000000000e+01 2.900000000000000000e+01 3.487585820641581957e+00
2.700000000000000000e+01 3.000000000000000000e+01 3.555153349090497183e+00
2.700000000000000000e+01 3.100000000000000000e+01 3.416857450799998475e+00
2.700000000000000000e+01 3.200000000000000000e+01 3.295376485605308048e+00
2.800000000000000000e+01 2.900000000000000000e+01 5.338029946106321866e-01
2.800000000000000000e+01 3.000000000000000000e+01 6.893189359702707186e-01
2.800000000000000000e+01 3.100000000000000000e+01 5.904677220525287318e-01
2.800000000000000000e+01 3.200000000000000000e+01 8.431069908166866078e-01
2.900000000000000000e+01 3.000000000000000000e+01 6.168047826238050035e-01
2.900000000000000000e+01 3.100000000000000000e+01 6.339068658301605375e-01
2.900000000000000000e+01 3.200000000000000000e+01 8.833657598213600082e-01
3.000000000000000000e+01 3.100000000000000000e+01 7.148148205918705145e-01
3.000000000000000000e+01 3.200000000000000000e+01 9.462940251894180754e-01
3.100000000000000000e+01 3.200000000000000000e+01 7.892091309174844582e-01
