1.000000000000000000e+00 2.000000000000000000e+00 5.533387155390138146e-01
1.000000000000000000e+00 3.000000000000000000e+00 6.562101175558588961e-01
1.000000000000000000e+00 4.000000000000000000e+00 6.805631578317542507e-01
1.000000000000000000e+00 5.000000000000000000e+00 6.779766833719422792e-01
1.000000000000000000e+00 6.000000000000000000e+00 6.903275567664967083e-01
1.000000000000000000e+00 7.000000000000000000e+00 6.916005052965478184e-01
1.000000000000000000e+00 8.000000000000000000e+00 6.936330585704197915e-01
1.000000000000000000e+00 9.000000000000000000e+00 6.615871641108805878e-01
1.000000000000000000e+00 1.000000000000000000e+01 6.919609970449489555e-01
1.000000000000000000e+00 1.100000000000000000e+01 6.797754782963654208e-01
1.000000000000000000e+00 1.200000000000000000e+01 6.860343326534104058e-01
1.000000000000000000e+00 1.300000000000000000e+01 6.811624476225315306e-01
1.000000000000000000e+00 1.400000000000000000e+01 4.753552958264055661e-01
1.000000000000000000e+00 1.500000000000000000e+01 7.021643430303283751e-01
1.000000000000000000e+00 1.600000000000000000e+01 6.476663252191661169e-01
1.000000000000000000e+00 1.700000000000000000e+01 7.015828109351168740e-01
1.000000000000000000e+00 1.800000000000000000e+01 6.973164419819380955e-01
1.000000000000000000e+00 1.900000000000000000e+01 6.113482065287253464e-01
1.000000000000000000e+00 2.000000000000000000e+01 7.124687168711114627e-01
1.000000000000000000e+00 2.100000000000000000e+01 4.622195194832449117e-01
1.000000000000000000e+00 2.200000000000000000e+01 6.980944919221238054e-01
1.000000000000000000e+00 2.300000000000000000e+01 4.615274625024627930e-01
1.000000000000000000e+00 2.400000000000000000e+01 4.484842721973952839e-01
1.000000000000000000e+00 2.500000000000000000e+01 4.654481364663501930e-01
1.000000000000000000e+00 2.600000000000000000e+01 4.768227976545023616e-01
1.000000000000000000e+00 2.700000000000000000e+01 4.874182427051046984e-01
1.000000000000000000e+00 2.800000000000000000e+01 7.434128562520244676e-01
1.000000000000000000e+00 2.900000000000000000e+01 7.485632229033655216e-01
1.000000000000000000e+00 3.000000000000000000e+01 7.566951161473202125e-01
1.000000000000000000e+00 3.100000000000000000e+01 7.582744907706679971e-01
1.000000000000000000e+00 3.200000000000000000e+01 7.635932794821967962e-01
2.000000000000000000e+00 3.000000000000000000e+00 6.664675622703307711e-01
2.000000000000000000e+00 4.000000000000000000e+00 6.801014735286926571e-01
2.000000000000000000e+00 5.000000000000000000e+00 6.846439573786109456e-01
2.000000000000000000e+00 6.000000000000000000e+00 6.975716814855391634e-01
2.000000000000000000e+00 7.000000000000000000e+00 6.945082878741885013e-01
2.000000000000000000e+00 8.000000000000000000e+00 7.045425268498988203e-01
2.000000000000000000e+00 9.000000000000000000e+00 6.404525790583488476e-01
2.000000000000000000e+00 1.000000000000000000e+01 7.003963770316603554e-01
2.000000000000000000e+00 1.100000000000000000e+01 6.742040800577533410e-01
2.000000000000000000e+00 1.200000000000000000e+01 6.880312315939538514e-01
2.000000000000000000e+00 1.300000000000000000e+01 6.786947419827671357e-01
2.000000000000000000e+00 1.400000000000000000e+01 4.897829849046529960e-01
2.000000000000000000e+00 1.500000000000000000e+01 7.130196873442158356e-01
2.000000000000000000e+00 1.600000000000000000e+01 6.621794488567414039e-01
2.000000000000000000e+00 1.700000000000000000e+01 7.161293389615114302e-01
2.000000000000000000e+00 1.800000000000000000e+01 7.119395730158931679e-01
2.000000000000000000e+00 1.900000000000000000e+01 6.259993613142119662e-01
2.000000000000000000e+00 2.000000000000000000e+01 7.272516606154311170e-01
2.000000000000000000e+00 2.100000000000000000e+01 4.749641425626244251e-01
2.000000000000000000e+00 2.200000000000000000e+01 7.130861133096154658e-01
2.000000000000000000e+00 2.300000000000000000e+01 4.757389315461595380e-01
2.000000000000000000e+00 2.400000000000000000e+01 4.631335274593680884e-01
2.000000000000000000e+00 2.500000000000000000e+01 4.809922722239977633e-01
2.000000000000000000e+00 2.600000000000000000e+01 4.926851956698538593e-01
2.000000000000000000e+00 2.700000000000000000e+01 5.035281377707895301e-01
2.000000000000000000e+00 2.800000000000000000e+01 7.605928163350453852e-01
2.000000000000000000e+00 2.900000000000000000e+01 7.661751250430811622e-01
2.000000000000000000e+00 3.000000000000000000e+01 7.760336982909620263e-01
2.000000000000000000e+00 3.100000000000000000e+01 7.766376336375884204e-01
2.000000000000000000e+00 3.200000000000000000e+01 7.816752675788570803e-01
3.000000000000000000e+00 4.000000000000000000e+00 5.786820760897727345e-01
3.000000000000000000e+00 5.000000000000000000e+00 4.556373666026325431e-01
3.000000000000000000e+00 6.000000000000000000e+00 5.545550086296778813e-01
3.000000000000000000e+00 7.000000000000000000e+00 5.987881265043825119e-01
3.000000000000000000e+00 8.000000000000000000e+00 6.102565642458968043e-01
3.000000000000000000e+00 9.000000000000000000e+00 6.741961519349553011e-01
3.000000000000000000e+00 1.000000000000000000e+01 6.077622384005081368e-01
3.000000000000000000e+00 1.100000000000000000e+01 6.747611038903027492e-01
3.000000000000000000e+00 1.200000000000000000e+01 6.586640512703119121e-01
3.000000000000000000e+00 1.300000000000000000e+01 7.345735850554424573e-01
3.000000000000000000e+00 1.400000000000000000e+01 4.598003421918758216e-01
3.000000000000000000e+00 1.500000000000000000e+01 7.401957149059579244e-01
3.000000000000000000e+00 1.600000000000000000e+01 6.399034440330650941e-01
3.000000000000000000e+00 1.700000000000000000e+01 6.903991825404248717e-01
3.000000000000000000e+00 1.800000000000000000e+01 6.900801878283572277e-01
3.000000000000000000e+00 1.900000000000000000e+01 6.000665026410906266e-01
3.000000000000000000e+00 2.000000000000000000e+01 7.057130174539201217e-01
3.000000000000000000e+00 2.100000000000000000e+01 4.797627396952320877e-01
3.000000000000000000e+00 2.200000000000000000e+01 6.969538035370420603e-01
3.000000000000000000e+00 2.300000000000000000e+01 4.779570490466784616e-01
3.000000000000000000e+00 2.400000000000000000e+01 4.649469552466510835e-01
3.000000000000000000e+00 2.500000000000000000e+01 4.714798087149639771e-01
3.000000000000000000e+00 2.600000000000000000e+01 4.833231227879372649e-01
3.000000000000000000e+00 2.700000000000000000e+01 4.947107035725495372e-01
3.000000000000000000e+00 2.800000000000000000e+01 7.593202265331747691e-01
3.000000000000000000e+00 2.900000000000000000e+01 7.670921336910573318e-01
3.000000000000000000e+00 3.000000000000000000e+01 7.819589360009114865e-01
3.000000000000000000e+00 3.100000000000000000e+01 7.767838455873807835e-01
3.000000000000000000e+00 3.200000000000000000e+01 7.784703308111243780e-01
4.000000000000000000e+00 5.000000000000000000e+00 5.618744696310429276e-01
4.000000000000000000e+00 6.000000000000000000e+00 6.271565039982461842e-01
4.000000000000000000e+00 7.000000000000000000e+00 6.237834997407015747e-01
4.000000000000000000e+00 8.000000000000000000e+00 6.760839019471713840e-01
4.000000000000000000e+00 9.000000000000000000e+00 6.636522352872262775e-01
4.000000000000000000e+00 1.000000000000000000e+01 6.645060622505096770e-01
4.000000000000000000e+00 1.100000000000000000e+01 6.882601077367374032e-01
4.000000000000000000e+00 1.200000000000000000e+01 6.850266671081597369e-01
4.000000000000000000e+00 1.300000000000000000e+01 7.569099089794655288e-01
4.000000000000000000e+00 1.400000000000000000e+01 5.057132007789478800e-01
4.000000000000000000e+00 1.500000000000000000e+01 7.697549518196038498e-01
4.000000000000000000e+00 1.600000000000000000e+01 6.833010716281926467e-01
4.000000000000000000e+00 1.700000000000000000e+01 7.349547814043649874e-01
4.000000000000000000e+00 1.800000000000000000e+01 7.333942132980025841e-01
4.000000000000000000e+00 1.900000000000000000e+01 6.447382000624682918e-01
4.000000000000000000e+00 2.000000000000000000e+01 7.489919080327782641e-01
4.000000000000000000e+00 2.100000000000000000e+01 5.144278125336055885e-01
4.000000000000000000e+00 2.200000000000000000e+01 7.385513703766298788e-01
4.000000000000000000e+00 2.300000000000000000e+01 5.137327402222663375e-01
4.000000000000000000e+00 2.400000000000000000e+01 5.009524840234196308e-01
4.000000000000000000e+00 2.500000000000000000e+01 5.111349919916056139e-01
4.000000000000000000e+00 2.600000000000000000e+01 5.230251152677281024e-01
4.000000000000000000e+00 2.700000000000000000e+01 5.343118527798594863e-01
4.000000000000000000e+00 2.800000000000000000e+01 7.968905509172422574e-01
4.000000000000000000e+00 2.900000000000000000e+01 8.041253808769440736e-01
4.000000000000000000e+00 3.000000000000000000e+01 8.179643940924484768e-01
4.000000000000000000e+00 3.100000000000000000e+01 8.142351650547021702e-01
4.000000000000000000e+00 3.200000000000000000e+01 8.168627074763644691e-01
5.000000000000000000e+00 6.000000000000000000e+00 5.390364998064575142e-01
5.000000000000000000e+00 7.000000000000000000e+00 5.791070531378320618e-01
5.000000000000000000e+00 8.000000000000000000e+00 6.301113210295681277e-01
5.000000000000000000e+00 9.000000000000000000e+00 6.799164392886549724e-01
5.000000000000000000e+00 1.000000000000000000e+01 6.153240247331976942e-01
5.000000000000000000e+00 1.100000000000000000e+01 6.821910310975907166e-01
5.000000000000000000e+00 1.200000000000000000e+01 6.667922257096685623e-01
5.000000000000000000e+00 1.300000000000000000e+01 7.507437459298964555e-01
5.000000000000000000e+00 1.400000000000000000e+01 4.822771601185902313e-01
5.000000000000000000e+00 1.500000000000000000e+01 7.577609802995055599e-01
5.000000000000000000e+00 1.600000000000000000e+01 6.613962659095851127e-01
5.000000000000000000e+00 1.700000000000000000e+01 7.123610196926165594e-01
5.000000000000000000e+00 1.800000000000000000e+01 7.115718389694479784e-01
5.000000000000000000e+00 1.900000000000000000e+01 6.221026065018747664e-01
5.000000000000000000e+00 2.000000000000000000e+01 7.272291095219232115e-01
5.000000000000000000e+00 2.100000000000000000e+01 4.982371025995809832e-01
5.000000000000000000e+00 2.200000000000000000e+01 7.178663193134539044e-01
5.000000000000000000e+00 2.300000000000000000e+01 4.968625348755000282e-01
5.000000000000000000e+00 2.400000000000000000e+01 4.839554004632561357e-01
5.000000000000000000e+00 2.500000000000000000e+01 4.917534238382247347e-01
5.000000000000000000e+00 2.600000000000000000e+01 5.036464942831668790e-01
5.000000000000000000e+00 2.700000000000000000e+01 5.150225090254839655e-01
5.000000000000000000e+00 2.800000000000000000e+01 7.790382560839393955e-01
5.000000000000000000e+00 2.900000000000000000e+01 7.866765207342284461e-01
5.000000000000000000e+00 3.000000000000000000e+01 8.013710659887470777e-01
5.000000000000000000e+00 3.100000000000000000e+01 7.965674505128750305e-01
5.000000000000000000e+00 3.200000000000000000e+01 7.985428898312790791e-01
6.000000000000000000e+00 7.000000000000000000e+00 5.285428018955468099e-01
6.000000000000000000e+00 8.000000000000000000e+00 5.882713005557178576e-01
6.000000000000000000e+00 9.000000000000000000e+00 6.902146023296416022e-01
6.000000000000000000e+00 1.000000000000000000e+01 5.406902005955636081e-01
6.000000000000000000e+00 1.100000000000000000e+01 6.777037497237210495e-01
6.000000000000000000e+00 1.200000000000000000e+01 6.508060057936995157e-01
6.000000000000000000e+00 1.300000000000000000e+01 7.527252682525924499e-01
6.000000000000000000e+00 1.400000000000000000e+01 4.771161827367952357e-01
6.000000000000000000e+00 1.500000000000000000e+01 7.563540105479211739e-01
6.000000000000000000e+00 1.600000000000000000e+01 6.562271226204827723e-01
6.000000000000000000e+00 1.700000000000000000e+01 7.072365698883263940e-01
6.000000000000000000e+00 1.800000000000000000e+01 7.064855665943293728e-01
6.000000000000000000e+00 1.900000000000000000e+01 6.170539929878421370e-01
6.000000000000000000e+00 2.000000000000000000e+01 7.222415417152039385e-01
6.000000000000000000e+00 2.100000000000000000e+01 4.942339362829565319e-01
6.000000000000000000e+00 2.200000000000000000e+01 7.130182039196027999e-01
6.000000000000000000e+00 2.300000000000000000e+01 4.927814775734757902e-01
6.000000000000000000e+00 2.400000000000000000e+01 4.798885777473561598e-01
6.000000000000000000e+00 2.500000000000000000e+01 4.872126598202574099e-01
6.000000000000000000e+00 2.600000000000000000e+01 4.991756882858699451e-01
6.000000000000000000e+00 2.700000000000000000e+01 5.106157179643339150e-01
6.000000000000000000e+00 2.800000000000000000e+01 7.751222804650158560e-01
6.000000000000000000e+00 2.900000000000000000e+01 7.829439795023763748e-01
6.000000000000000000e+00 3.000000000000000000e+01 7.981714998440901931e-01
6.000000000000000000e+00 3.100000000000000000e+01 7.928999566061476489e-01
6.000000000000000000e+00 3.200000000000000000e+01 7.946775919743233052e-01
7.000000000000000000e+00 8.000000000000000000e+00 6.271363807163485848e-01
7.000000000000000000e+00 9.000000000000000000e+00 6.674602343777797930e-01
7.000000000000000000e+00 1.000000000000000000e+01 5.739571835089749552e-01
7.000000000000000000e+00 1.100000000000000000e+01 6.490025735191582434e-01
7.000000000000000000e+00 1.200000000000000000e+01 6.202542057151032573e-01
7.000000000000000000e+00 1.300000000000000000e+01 7.456231382856559620e-01
7.000000000000000000e+00 1.400000000000000000e+01 4.814549248551492910e-01
7.000000000000000000e+00 1.500000000000000000e+01 7.517361204343300241e-01
7.000000000000000000e+00 1.600000000000000000e+01 6.589225923069850221e-01
7.000000000000000000e+00 1.700000000000000000e+01 7.107054770263477872e-01
7.000000000000000000e+00 1.800000000000000000e+01 7.091555011450160206e-01
7.000000000000000000e+00 1.900000000000000000e+01 6.206262616188343850e-01
7.000000000000000000e+00 2.000000000000000000e+01 7.249268309202132610e-01
7.000000000000000000e+00 2.100000000000000000e+01 4.913879286658837664e-01
7.000000000000000000e+00 2.200000000000000000e+01 7.146515791766877568e-01
7.000000000000000000e+00 2.300000000000000000e+01 4.907605241999739576e-01
7.000000000000000000e+00 2.400000000000000000e+01 4.780608323953825511e-01
7.000000000000000000e+00 2.500000000000000000e+01 4.876976596939609498e-01
7.000000000000000000e+00 2.600000000000000000e+01 4.997417962327333485e-01
7.000000000000000000e+00 2.700000000000000000e+01 5.111567495414549578e-01
7.000000000000000000e+00 2.800000000000000000e+01 7.745772187003331366e-01
7.000000000000000000e+00 2.900000000000000000e+01 7.821473624356688470e-01
7.000000000000000000e+00 3.000000000000000000e+01 7.970326654447820180e-01
7.000000000000000000e+00 3.100000000000000000e+01 7.924565727273920057e-01
7.000000000000000000e+00 3.200000000000000000e+01 7.947605948999102443e-01
8.000000000000000000e+00 9.000000000000000000e+00 7.101892669225027266e-01
8.000000000000000000e+00 1.000000000000000000e+01 5.265589951587756889e-01
8.000000000000000000e+00 1.100000000000000000e+01 6.883325418218846359e-01
8.000000000000000000e+00 1.200000000000000000e+01 6.544900707024794428e-01
8.000000000000000000e+00 1.300000000000000000e+01 7.496990548735533721e-01
8.000000000000000000e+00 1.400000000000000000e+01 4.528622986659178729e-01
8.000000000000000000e+00 1.500000000000000000e+01 7.466540306975009145e-01
8.000000000000000000e+00 1.600000000000000000e+01 6.337408136121036595e-01
8.000000000000000000e+00 1.700000000000000000e+01 6.839751901819853819e-01
8.000000000000000000e+00 1.800000000000000000e+01 6.841448161393012262e-01
8.000000000000000000e+00 1.900000000000000000e+01 5.937884787378627793e-01
8.000000000000000000e+00 2.000000000000000000e+01 7.000231563053191941e-01
8.000000000000000000e+00 2.100000000000000000e+01 4.793965771818078370e-01
8.000000000000000000e+00 2.200000000000000000e+01 6.921387776817810034e-01
8.000000000000000000e+00 2.300000000000000000e+01 4.769436483439162267e-01
8.000000000000000000e+00 2.400000000000000000e+01 4.638579592989967582e-01
8.000000000000000000e+00 2.500000000000000000e+01 4.680090696947836193e-01
8.000000000000000000e+00 2.600000000000000000e+01 4.799744469450987761e-01
8.000000000000000000e+00 2.700000000000000000e+01 4.915261220509498097e-01
8.000000000000000000e+00 2.800000000000000000e+01 7.578749355888098060e-01
8.000000000000000000e+00 2.900000000000000000e+01 7.662134898465983168e-01
8.000000000000000000e+00 3.000000000000000000e+01 7.825132002054798752e-01
8.000000000000000000e+00 3.100000000000000000e+01 7.758651717217388555e-01
8.000000000000000000e+00 3.200000000000000000e+01 7.768032643018086825e-01
9.000000000000000000e+00 1.000000000000000000e+01 6.967410204725061895e-01
9.000000000000000000e+00 1.100000000000000000e+01 6.178764144710400252e-01
9.000000000000000000e+00 1.200000000000000000e+01 6.619968183779330051e-01
9.000000000000000000e+00 1.300000000000000000e+01 7.094452085133515773e-01
9.000000000000000000e+00 1.400000000000000000e+01 5.064786784299406541e-01
9.000000000000000000e+00 1.500000000000000000e+01 7.385600287076317105e-01
9.000000000000000000e+00 1.600000000000000000e+01 6.793653449200349748e-01
9.000000000000000000e+00 1.700000000000000000e+01 7.331877628010950998e-01
9.000000000000000000e+00 1.800000000000000000e+01 7.293009122583681281e-01
9.000000000000000000e+00 1.900000000000000000e+01 6.431898552343805475e-01
9.000000000000000000e+00 2.000000000000000000e+01 7.448392298116737198e-01
9.000000000000000000e+00 2.100000000000000000e+01 4.932736039410930973e-01
9.000000000000000000e+00 2.200000000000000000e+01 7.312450680118464108e-01
9.000000000000000000e+00 2.300000000000000000e+01 4.950746841807451837e-01
9.000000000000000000e+00 2.400000000000000000e+01 4.828350730837567273e-01
9.000000000000000000e+00 2.500000000000000000e+01 5.002144163742950900e-01
9.000000000000000000e+00 2.600000000000000000e+01 5.122480441379240190e-01
9.000000000000000000e+00 2.700000000000000000e+01 5.233852943522921963e-01
9.000000000000000000e+00 2.800000000000000000e+01 7.822689268393246964e-01
9.000000000000000000e+00 2.900000000000000000e+01 7.885519595752620292e-01
9.000000000000000000e+00 3.000000000000000000e+01 8.007355993867985022e-01
9.000000000000000000e+00 3.100000000000000000e+01 7.995978999480917171e-01
9.000000000000000000e+00 3.200000000000000000e+01 8.039744191716394761e-01
1.000000000000000000e+01 1.100000000000000000e+01 6.706969807947509299e-01
1.000000000000000000e+01 1.200000000000000000e+01 6.304363323625672422e-01
1.000000000000000000e+01 1.300000000000000000e+01 7.437239592115783005e-01
1.000000000000000000e+01 1.400000000000000000e+01 4.563879694425239109e-01
1.000000000000000000e+01 1.500000000000000000e+01 7.423408472890924426e-01
1.000000000000000000e+01 1.600000000000000000e+01 6.357149623995093091e-01
1.000000000000000000e+01 1.700000000000000000e+01 6.866815023519233785e-01
1.000000000000000000e+01 1.800000000000000000e+01 6.860990977580353478e-01
1.000000000000000000e+01 1.900000000000000000e+01 5.965955435590041267e-01
1.000000000000000000e+01 2.000000000000000000e+01 7.019961846501912017e-01
1.000000000000000000e+01 2.100000000000000000e+01 4.764060369008736862e-01
1.000000000000000000e+01 2.200000000000000000e+01 6.931268691279731664e-01
1.000000000000000000e+01 2.300000000000000000e+01 4.746268937293190993e-01
1.000000000000000000e+01 2.400000000000000000e+01 4.617009165714260899e-01
1.000000000000000000e+01 2.500000000000000000e+01 4.679274530307598878e-01
1.000000000000000000e+01 2.600000000000000000e+01 4.799663714413135440e-01
1.000000000000000000e+01 2.700000000000000000e+01 4.914930521417945064e-01
1.000000000000000000e+01 2.800000000000000000e+01 7.568369508154640934e-01
1.000000000000000000e+01 2.900000000000000000e+01 7.649448645536497393e-01
1.000000000000000000e+01 3.000000000000000000e+01 7.809220593649667252e-01
1.000000000000000000e+01 3.100000000000000000e+01 7.749092610909340539e-01
1.000000000000000000e+01 3.200000000000000000e+01 7.763307109121536653e-01
1.100000000000000000e+01 1.200000000000000000e+01 5.669879030818707477e-01
1.100000000000000000e+01 1.300000000000000000e+01 6.975448582829084643e-01
1.100000000000000000e+01 1.400000000000000000e+01 4.787530008507802082e-01
1.100000000000000000e+01 1.500000000000000000e+01 7.135430365482320347e-01
1.100000000000000000e+01 1.600000000000000000e+01 6.505992512306053577e-01
1.100000000000000000e+01 1.700000000000000000e+01 7.049840379722326356e-01
1.100000000000000000e+01 1.800000000000000000e+01 7.006350207243182693e-01
1.100000000000000000e+01 1.900000000000000000e+01 6.151647615613548004e-01
1.100000000000000000e+01 2.000000000000000000e+01 7.163444797655600382e-01
1.100000000000000000e+01 2.100000000000000000e+01 4.608943120754144251e-01
1.100000000000000000e+01 2.200000000000000000e+01 7.022615965370920810e-01
1.100000000000000000e+01 2.300000000000000000e+01 4.640234536271807819e-01
1.100000000000000000e+01 2.400000000000000000e+01 4.521883990792679997e-01
1.100000000000000000e+01 2.500000000000000000e+01 4.710094933693033115e-01
1.100000000000000000e+01 2.600000000000000000e+01 4.833544925526704339e-01
1.100000000000000000e+01 2.700000000000000000e+01 4.946796402575930340e-01
1.100000000000000000e+01 2.800000000000000000e+01 7.539867339713156591e-01
1.100000000000000000e+01 2.900000000000000000e+01 7.605863290895377160e-01
1.100000000000000000e+01 3.000000000000000000e+01 7.741950817383583816e-01
1.100000000000000000e+01 3.100000000000000000e+01 7.723049165944073646e-01
1.100000000000000000e+01 3.200000000000000000e+01 7.766180100289113986e-01
1.200000000000000000e+01 1.300000000000000000e+01 7.118731770734914033e-01
1.200000000000000000e+01 1.400000000000000000e+01 4.581045464089749109e-01
1.200000000000000000e+01 1.500000000000000000e+01 7.153477777412247107e-01
1.200000000000000000e+01 1.600000000000000000e+01 6.323474605891594713e-01
1.200000000000000000e+01 1.700000000000000000e+01 6.856820302826597269e-01
1.200000000000000000e+01 1.800000000000000000e+01 6.825828112375361689e-01
1.200000000000000000e+01 1.900000000000000000e+01 5.958571156810651415e-01
1.200000000000000000e+01 2.000000000000000000e+01 6.984586262071219576e-01
1.200000000000000000e+01 2.100000000000000000e+01 4.539839812852971557e-01
1.200000000000000000e+01 2.200000000000000000e+01 6.861976108119937079e-01
1.200000000000000000e+01 2.300000000000000000e+01 4.552875289080263732e-01
1.200000000000000000e+01 2.400000000000000000e+01 4.430887271435774988e-01
1.200000000000000000e+01 2.500000000000000000e+01 4.572232487068570439e-01
1.200000000000000000e+01 2.600000000000000000e+01 4.695533020482636766e-01
1.200000000000000000e+01 2.700000000000000000e+01 4.810176187689728655e-01
1.200000000000000000e+01 2.800000000000000000e+01 7.428433678845557386e-01
1.200000000000000000e+01 2.900000000000000000e+01 7.501528246131820010e-01
1.200000000000000000e+01 3.000000000000000000e+01 7.651658742723964624e-01
1.200000000000000000e+01 3.100000000000000000e+01 7.613694601193305989e-01
1.200000000000000000e+01 3.200000000000000000e+01 7.645137705710264298e-01
1.300000000000000000e+01 1.400000000000000000e+01 5.073016388795843490e-01
1.300000000000000000e+01 1.500000000000000000e+01 6.560359086955553920e-01
1.300000000000000000e+01 1.600000000000000000e+01 6.743095631623341468e-01
1.300000000000000000e+01 1.700000000000000000e+01 7.308129974162863585e-01
1.300000000000000000e+01 1.800000000000000000e+01 7.239737805598845943e-01
1.300000000000000000e+01 1.900000000000000000e+01 6.410275002392612498e-01
1.300000000000000000e+01 2.000000000000000000e+01 7.393611220322797717e-01
1.300000000000000000e+01 2.100000000000000000e+01 4.610858319073546374e-01
1.300000000000000000e+01 2.200000000000000000e+01 7.216796180910028946e-01
1.300000000000000000e+01 2.300000000000000000e+01 4.679803587161228684e-01
1.300000000000000000e+01 2.400000000000000000e+01 4.568455318356834383e-01
1.300000000000000000e+01 2.500000000000000000e+01 4.858652487696187849e-01
1.300000000000000000e+01 2.600000000000000000e+01 4.981208461834258361e-01
1.300000000000000000e+01 2.700000000000000000e+01 5.090871680615379757e-01
1.300000000000000000e+01 2.800000000000000000e+01 7.627167819113626068e-01
1.300000000000000000e+01 2.900000000000000000e+01 7.675232350259849623e-01
1.300000000000000000e+01 3.000000000000000000e+01 7.772685701038867245e-01
1.300000000000000000e+01 3.100000000000000000e+01 7.802801355337731781e-01
1.300000000000000000e+01 3.200000000000000000e+01 7.872787737017351573e-01
1.400000000000000000e+01 1.500000000000000000e+01 4.851084423125602285e-01
1.400000000000000000e+01 1.600000000000000000e+01 2.864640428432541075e-01
1.400000000000000000e+01 1.700000000000000000e+01 3.056758372847411254e-01
1.400000000000000000e+01 1.800000000000000000e+01 3.301148982803038257e-01
1.400000000000000000e+01 1.900000000000000000e+01 1.987920234728982605e-01
1.400000000000000000e+01 2.000000000000000000e+01 3.359542912527369030e-01
1.400000000000000000e+01 2.100000000000000000e+01 2.006987591310770425e-01
1.400000000000000000e+01 2.200000000000000000e+01 3.534922590952490618e-01
1.400000000000000000e+01 2.300000000000000000e+01 1.909960614313189753e-01
1.400000000000000000e+01 2.400000000000000000e+01 1.761549712720550387e-01
1.400000000000000000e+01 2.500000000000000000e+01 1.484174353250062861e-01
1.400000000000000000e+01 2.600000000000000000e+01 1.584278927636895706e-01
1.400000000000000000e+01 2.700000000000000000e+01 1.703604957181520385e-01
1.400000000000000000e+01 2.800000000000000000e+01 4.549233991335724925e-01
1.400000000000000000e+01 2.900000000000000000e+01 4.670509865834459040e-01
1.400000000000000000e+01 3.000000000000000000e+01 4.890952680771035732e-01
1.400000000000000000e+01 3.100000000000000000e+01 4.719352818319213494e-01
1.400000000000000000e+01 3.200000000000000000e+01 4.642694376742947382e-01
1.500000000000000000e+01 1.600000000000000000e+01 6.485949697548061277e-01
1.500000000000000000e+01 1.700000000000000000e+01 7.067361248732862977e-01
1.500000000000000000e+01 1.800000000000000000e+01 6.981317895730135836e-01
1.500000000000000000e+01 1.900000000000000000e+01 6.171230279596081614e-01
1.500000000000000000e+01 2.000000000000000000e+01 7.134974054950800060e-01
1.500000000000000000e+01 2.100000000000000000e+01 4.084560625468758310e-01
1.500000000000000000e+01 2.200000000000000000e+01 6.933962554894929076e-01
1.500000000000000000e+01 2.300000000000000000e+01 4.236674470356057709e-01
1.500000000000000000e+01 2.400000000000000000e+01 4.144807284934362013e-01
1.500000000000000000e+01 2.500000000000000000e+01 4.548968466586786885e-01
1.500000000000000000e+01 2.600000000000000000e+01 4.675459518476364207e-01
1.500000000000000000e+01 2.700000000000000000e+01 4.785986484472301017e-01
1.500000000000000000e+01 2.800000000000000000e+01 7.291798940579500288e-01
1.500000000000000000e+01 2.900000000000000000e+01 7.330997125981951745e-01
1.500000000000000000e+01 3.000000000000000000e+01 7.423209860387057768e-01
1.500000000000000000e+01 3.100000000000000000e+01 7.480146783615413408e-01
1.500000000000000000e+01 3.200000000000000000e+01 7.568000668002162756e-01
1.600000000000000000e+01 1.700000000000000000e+01 4.799736543248774856e-01
1.600000000000000000e+01 1.800000000000000000e+01 4.312270701234898196e-01
1.600000000000000000e+01 1.900000000000000000e+01 4.209207340312882684e-01
1.600000000000000000e+01 2.000000000000000000e+01 5.008999883503906236e-01
1.600000000000000000e+01 2.100000000000000000e+01 3.607833441863728119e-01
1.600000000000000000e+01 2.200000000000000000e+01 5.033429243055488334e-01
1.600000000000000000e+01 2.300000000000000000e+01 3.495381299184092683e-01
1.600000000000000000e+01 2.400000000000000000e+01 3.343344578830310665e-01
1.600000000000000000e+01 2.500000000000000000e+01 3.035738700929958567e-01
1.600000000000000000e+01 2.600000000000000000e+01 3.156645199983794670e-01
1.600000000000000000e+01 2.700000000000000000e+01 3.280382528332125291e-01
1.600000000000000000e+01 2.800000000000000000e+01 6.111530715510463674e-01
1.600000000000000000e+01 2.900000000000000000e+01 6.238183491977590256e-01
1.600000000000000000e+01 3.000000000000000000e+01 6.470053118873076992e-01
1.600000000000000000e+01 3.100000000000000000e+01 6.287632382549530607e-01
1.600000000000000000e+01 3.200000000000000000e+01 6.218182766370426995e-01
1.700000000000000000e+01 1.800000000000000000e+01 4.819437714511448645e-01
1.700000000000000000e+01 1.900000000000000000e+01 4.277683777748463312e-01
1.700000000000000000e+01 2.000000000000000000e+01 4.916890315426620806e-01
1.700000000000000000e+01 2.100000000000000000e+01 4.205725157066103614e-01
1.700000000000000000e+01 2.200000000000000000e+01 5.555786170360489384e-01
1.700000000000000000e+01 2.300000000000000000e+01 4.099815705400553512e-01
1.700000000000000000e+01 2.400000000000000000e+01 3.949129256059988879e-01
1.700000000000000000e+01 2.500000000000000000e+01 3.626242891278058655e-01
1.700000000000000000e+01 2.600000000000000000e+01 3.725376316391499354e-01
1.700000000000000000e+01 2.700000000000000000e+01 3.845560921656374642e-01
1.700000000000000000e+01 2.800000000000000000e+01 6.714937523415386300e-01
1.700000000000000000e+01 2.900000000000000000e+01 6.841340159996082138e-01
1.700000000000000000e+01 3.000000000000000000e+01 7.068993769892611967e-01
1.700000000000000000e+01 3.100000000000000000e+01 6.883290617659314492e-01
1.700000000000000000e+01 3.200000000000000000e+01 6.795421679878245191e-01
1.800000000000000000e+01 1.900000000000000000e+01 4.542378936961547486e-01
1.800000000000000000e+01 2.000000000000000000e+01 4.852181961896315787e-01
1.800000000000000000e+01 2.100000000000000000e+01 4.102717726107619756e-01
1.800000000000000000e+01 2.200000000000000000e+01 5.298576445858010908e-01
1.800000000000000000e+01 2.300000000000000000e+01 3.988587218107967347e-01
1.800000000000000000e+01 2.400000000000000000e+01 3.835882308897564652e-01
1.800000000000000000e+01 2.500000000000000000e+01 3.487353893581685016e-01
1.800000000000000000e+01 2.600000000000000000e+01 3.596302286462104703e-01
1.800000000000000000e+01 2.700000000000000000e+01 3.718832461054012439e-01
1.800000000000000000e+01 2.800000000000000000e+01 6.587556709789700315e-01
1.800000000000000000e+01 2.900000000000000000e+01 6.717544084398746618e-01
1.800000000000000000e+01 3.000000000000000000e+01 6.951621619858620038e-01
1.800000000000000000e+01 3.100000000000000000e+01 6.757804637024187322e-01
1.800000000000000000e+01 3.200000000000000000e+01 6.670419591413486726e-01
1.900000000000000000e+01 2.000000000000000000e+01 4.349886834828977644e-01
1.900000000000000000e+01 2.100000000000000000e+01 3.312170589401449705e-01
1.900000000000000000e+01 2.200000000000000000e+01 4.690901429327366534e-01
1.900000000000000000e+01 2.300000000000000000e+01 3.206095784952642802e-01
1.900000000000000000e+01 2.400000000000000000e+01 3.055117759981719194e-01
1.900000000000000000e+01 2.500000000000000000e+01 2.693846226281277900e-01
1.900000000000000000e+01 2.600000000000000000e+01 2.772473758544437561e-01
1.900000000000000000e+01 2.700000000000000000e+01 2.889776256514776653e-01
1.900000000000000000e+01 2.800000000000000000e+01 5.806105857063142972e-01
1.900000000000000000e+01 2.900000000000000000e+01 5.935295982843088458e-01
1.900000000000000000e+01 3.000000000000000000e+01 6.163772187598405283e-01
1.900000000000000000e+01 3.100000000000000000e+01 5.966966085845659684e-01
1.900000000000000000e+01 3.200000000000000000e+01 5.856564423345932413e-01
2.000000000000000000e+01 2.100000000000000000e+01 4.257565139276946464e-01
2.000000000000000000e+01 2.200000000000000000e+01 5.239741168547146222e-01
2.000000000000000000e+01 2.300000000000000000e+01 4.142002453625674985e-01
2.000000000000000000e+01 2.400000000000000000e+01 3.988573766113049368e-01
2.000000000000000000e+01 2.500000000000000000e+01 3.578470649289923200e-01
2.000000000000000000e+01 2.600000000000000000e+01 3.659628867889480053e-01
2.000000000000000000e+01 2.700000000000000000e+01 3.778571943014584766e-01
2.000000000000000000e+01 2.800000000000000000e+01 6.716108025132560000e-01
2.000000000000000000e+01 2.900000000000000000e+01 6.850810865255548832e-01
2.000000000000000000e+01 3.000000000000000000e+01 7.087131333262109978e-01
2.000000000000000000e+01 3.100000000000000000e+01 6.875605270824904913e-01
2.000000000000000000e+01 3.200000000000000000e+01 6.755275577103759810e-01
2.100000000000000000e+01 2.200000000000000000e+01 4.033878261226043760e-01
2.100000000000000000e+01 2.300000000000000000e+01 1.024813051641595418e-01
2.100000000000000000e+01 2.400000000000000000e+01 1.025121977660656825e-01
2.100000000000000000e+01 2.500000000000000000e+01 1.626980173581527023e-01
2.100000000000000000e+01 2.600000000000000000e+01 1.761964108714957900e-01
2.100000000000000000e+01 2.700000000000000000e+01 1.876725212752606842e-01
2.100000000000000000e+01 2.800000000000000000e+01 4.369612551112301846e-01
2.100000000000000000e+01 2.900000000000000000e+01 4.410071619584917668e-01
2.100000000000000000e+01 3.000000000000000000e+01 4.537181465867333729e-01
2.100000000000000000e+01 3.100000000000000000e+01 4.588930418592338523e-01
2.100000000000000000e+01 3.200000000000000000e+01 4.685832719640451449e-01
2.200000000000000000e+01 2.300000000000000000e+01 3.905706063092723168e-01
2.200000000000000000e+01 2.400000000000000000e+01 3.748887866920301848e-01
2.200000000000000000e+01 2.500000000000000000e+01 3.261045497872290255e-01
2.200000000000000000e+01 2.600000000000000000e+01 3.353201988086971785e-01
2.200000000000000000e+01 2.700000000000000000e+01 3.476189312438853207e-01
2.200000000000000000e+01 2.800000000000000000e+01 6.440696675113189995e-01
2.200000000000000000e+01 2.900000000000000000e+01 6.583710683109561534e-01
2.200000000000000000e+01 3.000000000000000000e+01 6.831254143852883987e-01
2.200000000000000000e+01 3.100000000000000000e+01 6.598050945298397085e-01
2.200000000000000000e+01 3.200000000000000000e+01 6.465265465315689353e-01
2.300000000000000000e+01 2.400000000000000000e+01 6.554944410340679539e-02
2.300000000000000000e+01 2.500000000000000000e+01 1.482160094424770369e-01
2.300000000000000000e+01 2.600000000000000000e+01 1.618825291605585082e-01
2.300000000000000000e+01 2.700000000000000000e+01 1.733708958166847447e-01
2.300000000000000000e+01 2.800000000000000000e+01 4.197498152479935962e-01
2.300000000000000000e+01 2.900000000000000000e+01 4.227565004672805271e-01
2.300000000000000000e+01 3.000000000000000000e+01 4.348546691970082145e-01
2.300000000000000000e+01 3.100000000000000000e+01 4.427138882841090695e-01
2.300000000000000000e+01 3.200000000000000000e+01 4.539939504160087624e-01
2.400000000000000000e+01 2.500000000000000000e+01 1.320009801365545909e-01
2.400000000000000000e+01 2.600000000000000000e+01 1.456670989645795777e-01
2.400000000000000000e+01 2.700000000000000000e+01 1.571253772662316583e-01
2.400000000000000000e+01 2.800000000000000000e+01 4.019862686185652345e-01
2.400000000000000000e+01 2.900000000000000000e+01 4.042991891856982933e-01
2.400000000000000000e+01 3.000000000000000000e+01 4.155794847529193925e-01
2.400000000000000000e+01 3.100000000000000000e+01 4.252652699567029959e-01
2.400000000000000000e+01 3.200000000000000000e+01 4.373894704916559961e-01
2.500000000000000000e+01 2.600000000000000000e+01 6.434857483260653099e-02
2.500000000000000000e+01 2.700000000000000000e+01 8.057083550275123685e-02
2.500000000000000000e+01 2.800000000000000000e+01 3.906897361107209976e-01
2.500000000000000000e+01 2.900000000000000000e+01 4.074301308198949867e-01
2.500000000000000000e+01 3.000000000000000000e+01 4.343039033204708632e-01
2.500000000000000000e+01 3.100000000000000000e+01 4.037549583783699436e-01
2.500000000000000000e+01 3.200000000000000000e+01 3.841520863278774511e-01
2.600000000000000000e+01 2.700000000000000000e+01 5.819545953654903236e-02
2.600000000000000000e+01 2.800000000000000000e+01 4.009624974877089576e-01
2.600000000000000000e+01 2.900000000000000000e+01 4.180464661484636357e-01
2.600000000000000000e+01 3.000000000000000000e+01 4.443762818364881406e-01
2.600000000000000000e+01 3.100000000000000000e+01 4.103531503101891520e-01
2.600000000000000000e+01 3.200000000000000000e+01 3.770142067995644330e-01
2.700000000000000000e+01 2.800000000000000000e+01 4.098580807405191040e-01
2.700000000000000000e+01 2.900000000000000000e+01 4.271936652581879157e-01
2.700000000000000000e+01 3.000000000000000000e+01 4.531886686197733605e-01
2.700000000000000000e+01 3.100000000000000000e+01 4.167483556926434574e-01
2.700000000000000000e+01 3.200000000000000000e+01 3.729908519211261320e-01
2.800000000000000000e+01 2.900000000000000000e+01 5.238259405804307489e-01
2.800000000000000000e+01 3.000000000000000000e+01 6.380624559381443683e-01
2.800000000000000000e+01 3.100000000000000000e+01 5.661982794736666325e-01
2.800000000000000000e+01 3.200000000000000000e+01 6.668905836665320885e-01
2.900000000000000000e+01 3.000000000000000000e+01 5.952885039397167732e-01
2.900000000000000000e+01 3.100000000000000000e+01 6.014077822397727591e-01
2.900000000000000000e+01 3.200000000000000000e+01 6.864046282471648608e-01
3.000000000000000000e+01 3.100000000000000000e+01 6.507802073470443371e-01
3.000000000000000000e+01 3.200000000000000000e+01 7.100687692823898223e-01
3.100000000000000000e+01 3.200000000000000000e+01 6.507582943494550909e-01
