1.000000000000000000e+00 2.000000000000000000e+00 6.866768642560311386e-01
1.000000000000000000e+00 3.000000000000000000e+00 8.241806804365324757e-01
1.000000000000000000e+00 4.000000000000000000e+00 7.224586906877219494e-01
1.000000000000000000e+00 5.000000000000000000e+00 7.371369774214480142e-01
1.000000000000000000e+00 6.000000000000000000e+00 7.382430168232506640e-01
1.000000000000000000e+00 7.000000000000000000e+00 7.304600382820602977e-01
1.000000000000000000e+00 8.000000000000000000e+00 7.578139483844011925e-01
1.000000000000000000e+00 9.000000000000000000e+00 7.142162584391094082e-01
1.000000000000000000e+00 1.000000000000000000e+01 7.462901359189196837e-01
1.000000000000000000e+00 1.100000000000000000e+01 7.284768572640650808e-01
1.000000000000000000e+00 1.200000000000000000e+01 7.373831314816861049e-01
1.000000000000000000e+00 1.300000000000000000e+01 7.207067902381423252e-01
1.000000000000000000e+00 1.400000000000000000e+01 1.079009321258807219e+00
1.000000000000000000e+00 1.500000000000000000e+01 7.538078136884707181e-01
1.000000000000000000e+00 1.600000000000000000e+01 1.010309589817525611e+00
1.000000000000000000e+00 1.700000000000000000e+01 1.027620246913469870e+00
1.000000000000000000e+00 1.800000000000000000e+01 9.251988485236511961e-01
1.000000000000000000e+00 1.900000000000000000e+01 1.071913973330926639e+00
1.000000000000000000e+00 2.000000000000000000e+01 9.294133762419728439e-01
1.000000000000000000e+00 2.100000000000000000e+01 9.132282779226812419e-01
1.000000000000000000e+00 2.200000000000000000e+01 1.001737661575178961e+00
1.000000000000000000e+00 2.300000000000000000e+01 9.239324091420738627e-01
1.000000000000000000e+00 2.400000000000000000e+01 9.340970354172196677e-01
1.000000000000000000e+00 2.500000000000000000e+01 1.022034750657077939e+00
1.000000000000000000e+00 2.600000000000000000e+01 1.041135817726499546e+00
1.000000000000000000e+00 2.700000000000000000e+01 1.054578523712486504e+00
1.000000000000000000e+00 2.800000000000000000e+01 8.318605747566875097e-01
1.000000000000000000e+00 2.900000000000000000e+01 8.249028651064960194e-01
1.000000000000000000e+00 3.000000000000000000e+01 8.143909468568761856e-01
1.000000000000000000e+00 3.100000000000000000e+01 8.430322673519025090e-01
1.000000000000000000e+00 3.200000000000000000e+01 9.930595741985452918e-01
2.000000000000000000e+00 3.000000000000000000e+00 5.777831952585864572e-01
2.000000000000000000e+00 4.000000000000000000e+00 4.688299030403404455e-01
2.000000000000000000e+00 5.000000000000000000e+00 4.897270292642705858e-01
2.000000000000000000e+00 6.000000000000000000e+00 4.944227385737255398e-01
2.000000000000000000e+00 7.000000000000000000e+00 4.852251532568059300e-01
2.000000000000000000e+00 8.000000000000000000e+00 5.190488422873850149e-01
2.000000000000000000e+00 9.000000000000000000e+00 4.576400778771776423e-01
2.000000000000000000e+00 1.000000000000000000e+01 5.056794767549069869e-01
2.000000000000000000e+00 1.100000000000000000e+01 4.853478876415516785e-01
2.000000000000000000e+00 1.200000000000000000e+01 4.974456317789985871e-01
2.000000000000000000e+00 1.300000000000000000e+01 5.061766428168295029e-01
2.000000000000000000e+00 1.400000000000000000e+01 8.621655540926966843e-01
2.000000000000000000e+00 1.500000000000000000e+01 5.475097477618784403e-01
2.000000000000000000e+00 1.600000000000000000e+01 7.948248770337917879e-01
2.000000000000000000e+00 1.700000000000000000e+01 8.123584529346512539e-01
2.000000000000000000e+00 1.800000000000000000e+01 7.107005326602925388e-01
2.000000000000000000e+00 1.900000000000000000e+01 8.577719015773574984e-01
2.000000000000000000e+00 2.000000000000000000e+01 7.155446551089102991e-01
2.000000000000000000e+00 2.100000000000000000e+01 7.050836522783063831e-01
2.000000000000000000e+00 2.200000000000000000e+01 7.891020713648124740e-01
2.000000000000000000e+00 2.300000000000000000e+01 7.183927545316460828e-01
2.000000000000000000e+00 2.400000000000000000e+01 7.293459472338424954e-01
2.000000000000000000e+00 2.500000000000000000e+01 8.160053077562490209e-01
2.000000000000000000e+00 2.600000000000000000e+01 8.364790598908484753e-01
2.000000000000000000e+00 2.700000000000000000e+01 8.508891732814771736e-01
2.000000000000000000e+00 2.800000000000000000e+01 6.311883193128563496e-01
2.000000000000000000e+00 2.900000000000000000e+01 6.250209799546440070e-01
2.000000000000000000e+00 3.000000000000000000e+01 6.164410477660855481e-01
2.000000000000000000e+00 3.100000000000000000e+01 6.436153754426227058e-01
2.000000000000000000e+00 3.200000000000000000e+01 7.933167975417556583e-01
3.000000000000000000e+00 4.000000000000000000e+00 3.954245265863505221e-01
3.000000000000000000e+00 5.000000000000000000e+00 3.116437375682887811e-01
3.000000000000000000e+00 6.000000000000000000e+00 3.753284670718780580e-01
3.000000000000000000e+00 7.000000000000000000e+00 4.039350996089317025e-01
3.000000000000000000e+00 8.000000000000000000e+00 4.332120585214948028e-01
3.000000000000000000e+00 9.000000000000000000e+00 4.723730841589965923e-01
3.000000000000000000e+00 1.000000000000000000e+01 4.212276561428659472e-01
3.000000000000000000e+00 1.100000000000000000e+01 4.757251346707779271e-01
3.000000000000000000e+00 1.200000000000000000e+01 4.684390257242765365e-01
3.000000000000000000e+00 1.300000000000000000e+01 5.704195582227755690e-01
3.000000000000000000e+00 1.400000000000000000e+01 8.640939671432006364e-01
3.000000000000000000e+00 1.500000000000000000e+01 6.055178125464306671e-01
3.000000000000000000e+00 1.600000000000000000e+01 8.011286375350559208e-01
3.000000000000000000e+00 1.700000000000000000e+01 8.187743080137410701e-01
3.000000000000000000e+00 1.800000000000000000e+01 7.193212364453654972e-01
3.000000000000000000e+00 1.900000000000000000e+01 8.668390598980317829e-01
3.000000000000000000e+00 2.000000000000000000e+01 7.255712584058079395e-01
3.000000000000000000e+00 2.100000000000000000e+01 7.448389440154772334e-01
3.000000000000000000e+00 2.200000000000000000e+01 8.023695875801983846e-01
3.000000000000000000e+00 2.300000000000000000e+01 7.607988019892711895e-01
3.000000000000000000e+00 2.400000000000000000e+01 7.711260542029346743e-01
3.000000000000000000e+00 2.500000000000000000e+01 8.450807215695368413e-01
3.000000000000000000e+00 2.600000000000000000e+01 8.682315288535491504e-01
3.000000000000000000e+00 2.700000000000000000e+01 8.846056647819704466e-01
3.000000000000000000e+00 2.800000000000000000e+01 6.733516459853133851e-01
3.000000000000000000e+00 2.900000000000000000e+01 6.691288507239641081e-01
3.000000000000000000e+00 3.000000000000000000e+01 6.647030137244860359e-01
3.000000000000000000e+00 3.100000000000000000e+01 6.877429328984533408e-01
3.000000000000000000e+00 3.200000000000000000e+01 8.355248106960173615e-01
4.000000000000000000e+00 5.000000000000000000e+00 2.949418152582505837e-01
4.000000000000000000e+00 6.000000000000000000e+00 3.322356621936254362e-01
4.000000000000000000e+00 7.000000000000000000e+00 3.259232410244452538e-01
4.000000000000000000e+00 8.000000000000000000e+00 3.818415065339390013e-01
4.000000000000000000e+00 9.000000000000000000e+00 3.578785335121597022e-01
4.000000000000000000e+00 1.000000000000000000e+01 3.632100636754084233e-01
4.000000000000000000e+00 1.100000000000000000e+01 3.770329337627987831e-01
4.000000000000000000e+00 1.200000000000000000e+01 3.795114785887387931e-01
4.000000000000000000e+00 1.300000000000000000e+01 4.719398862619792467e-01
4.000000000000000000e+00 1.400000000000000000e+01 7.836092043744649072e-01
4.000000000000000000e+00 1.500000000000000000e+01 5.100351246395169458e-01
4.000000000000000000e+00 1.600000000000000000e+01 7.192660741457217455e-01
4.000000000000000000e+00 1.700000000000000000e+01 7.370269905594846183e-01
4.000000000000000000e+00 1.800000000000000000e+01 6.369500361705321412e-01
4.000000000000000000e+00 1.900000000000000000e+01 7.844931533961936321e-01
4.000000000000000000e+00 2.000000000000000000e+01 6.429100329294007432e-01
4.000000000000000000e+00 2.100000000000000000e+01 6.534152925529446154e-01
4.000000000000000000e+00 2.200000000000000000e+01 7.188811167315480866e-01
4.000000000000000000e+00 2.300000000000000000e+01 6.693835143029279733e-01
4.000000000000000000e+00 2.400000000000000000e+01 6.801143761716611502e-01
4.000000000000000000e+00 2.500000000000000000e+01 7.579624694079638569e-01
4.000000000000000000e+00 2.600000000000000000e+01 7.806072503369378968e-01
4.000000000000000000e+00 2.700000000000000000e+01 7.965882118070968243e-01
4.000000000000000000e+00 2.800000000000000000e+01 5.833139732687312451e-01
4.000000000000000000e+00 2.900000000000000000e+01 5.786782605754710040e-01
4.000000000000000000e+00 3.000000000000000000e+01 5.734426666734082634e-01
4.000000000000000000e+00 3.100000000000000000e+01 5.973981250051759728e-01
4.000000000000000000e+00 3.200000000000000000e+01 7.457160908266085020e-01
5.000000000000000000e+00 6.000000000000000000e+00 2.788822989955236364e-01
5.000000000000000000e+00 7.000000000000000000e+00 3.012604332550061770e-01
5.000000000000000000e+00 8.000000000000000000e+00 3.496077130924121201e-01
5.000000000000000000e+00 9.000000000000000000e+00 3.774498592671757802e-01
5.000000000000000000e+00 1.000000000000000000e+01 3.313158405828885433e-01
5.000000000000000000e+00 1.100000000000000000e+01 3.808582297935670935e-01
5.000000000000000000e+00 1.200000000000000000e+01 3.739785988015544849e-01
5.000000000000000000e+00 1.300000000000000000e+01 4.800098777002024253e-01
5.000000000000000000e+00 1.400000000000000000e+01 7.774148337264410458e-01
5.000000000000000000e+00 1.500000000000000000e+01 5.156656682805687009e-01
5.000000000000000000e+00 1.600000000000000000e+01 7.139600991457335510e-01
5.000000000000000000e+00 1.700000000000000000e+01 7.317161192895815791e-01
5.000000000000000000e+00 1.800000000000000000e+01 6.320780473161945467e-01
5.000000000000000000e+00 1.900000000000000000e+01 7.796794093358587752e-01
5.000000000000000000e+00 2.000000000000000000e+01 6.382956646478686880e-01
5.000000000000000000e+00 2.100000000000000000e+01 6.553876239718026131e-01
5.000000000000000000e+00 2.200000000000000000e+01 7.148946818649011270e-01
5.000000000000000000e+00 2.300000000000000000e+01 6.715342754350651644e-01
5.000000000000000000e+00 2.400000000000000000e+01 6.819963254473303538e-01
5.000000000000000000e+00 2.500000000000000000e+01 7.569322812843644055e-01
5.000000000000000000e+00 2.600000000000000000e+01 7.800370179025817308e-01
5.000000000000000000e+00 2.700000000000000000e+01 7.963627511568256434e-01
5.000000000000000000e+00 2.800000000000000000e+01 5.847174617683940090e-01
5.000000000000000000e+00 2.900000000000000000e+01 5.804369360509404885e-01
5.000000000000000000e+00 3.000000000000000000e+01 5.759250455400815039e-01
5.000000000000000000e+00 3.100000000000000000e+01 5.991062825728895591e-01
5.000000000000000000e+00 3.200000000000000000e+01 7.470159359324926029e-01
6.000000000000000000e+00 7.000000000000000000e+00 2.674232905543273420e-01
6.000000000000000000e+00 8.000000000000000000e+00 3.065137348131080630e-01
6.000000000000000000e+00 9.000000000000000000e+00 3.773355165598089034e-01
6.000000000000000000e+00 1.000000000000000000e+01 2.756044599827284225e-01
6.000000000000000000e+00 1.100000000000000000e+01 3.686239472457318866e-01
6.000000000000000000e+00 1.200000000000000000e+01 3.528835312030718097e-01
6.000000000000000000e+00 1.300000000000000000e+01 4.726348723851576672e-01
6.000000000000000000e+00 1.400000000000000000e+01 7.604698762708559379e-01
6.000000000000000000e+00 1.500000000000000000e+01 5.065295559551705740e-01
6.000000000000000000e+00 1.600000000000000000e+01 6.973158774777366009e-01
6.000000000000000000e+00 1.700000000000000000e+01 7.151864522468533991e-01
6.000000000000000000e+00 1.800000000000000000e+01 6.157600413569782605e-01
6.000000000000000000e+00 1.900000000000000000e+01 7.635051259360807752e-01
6.000000000000000000e+00 2.000000000000000000e+01 6.221831887520020699e-01
6.000000000000000000e+00 2.100000000000000000e+01 6.433004727128355249e-01
6.000000000000000000e+00 2.200000000000000000e+01 6.991553446139247008e-01
6.000000000000000000e+00 2.300000000000000000e+01 6.597374654441251485e-01
6.000000000000000000e+00 2.400000000000000000e+01 6.700607465134035268e-01
6.000000000000000000e+00 2.500000000000000000e+01 7.432216720269071430e-01
6.000000000000000000e+00 2.600000000000000000e+01 7.666972743439695037e-01
6.000000000000000000e+00 2.700000000000000000e+01 7.832875581711280510e-01
6.000000000000000000e+00 2.800000000000000000e+01 5.727486948775960540e-01
6.000000000000000000e+00 2.900000000000000000e+01 5.687349479838288424e-01
6.000000000000000000e+00 3.000000000000000000e+01 5.647927443416931315e-01
6.000000000000000000e+00 3.100000000000000000e+01 5.874055279487050418e-01
6.000000000000000000e+00 3.200000000000000000e+01 7.350624508959731074e-01
7.000000000000000000e+00 8.000000000000000000e+00 3.328320537845149696e-01
7.000000000000000000e+00 9.000000000000000000e+00 3.549575722350006846e-01
7.000000000000000000e+00 1.000000000000000000e+01 2.940486219871921714e-01
7.000000000000000000e+00 1.100000000000000000e+01 3.420941877941120479e-01
7.000000000000000000e+00 1.200000000000000000e+01 3.258272928359753351e-01
7.000000000000000000e+00 1.300000000000000000e+01 4.591749938702940348e-01
7.000000000000000000e+00 1.400000000000000000e+01 7.579892787924724651e-01
7.000000000000000000e+00 1.500000000000000000e+01 4.946341975094916688e-01
7.000000000000000000e+00 1.600000000000000000e+01 6.936473990362230779e-01
7.000000000000000000e+00 1.700000000000000000e+01 7.117347197974035478e-01
7.000000000000000000e+00 1.800000000000000000e+01 6.118277799743402356e-01
7.000000000000000000e+00 1.900000000000000000e+01 7.597222475009799414e-01
7.000000000000000000e+00 2.000000000000000000e+01 6.181197972610138480e-01
7.000000000000000000e+00 2.100000000000000000e+01 6.329015294066604458e-01
7.000000000000000000e+00 2.200000000000000000e+01 6.945329615407183077e-01
7.000000000000000000e+00 2.300000000000000000e+01 6.497921010732788938e-01
7.000000000000000000e+00 2.400000000000000000e+01 6.604975258698085883e-01
7.000000000000000000e+00 2.500000000000000000e+01 7.365170191196810379e-01
7.000000000000000000e+00 2.600000000000000000e+01 7.597996013905987667e-01
7.000000000000000000e+00 2.700000000000000000e+01 7.762148566132565097e-01
7.000000000000000000e+00 2.800000000000000000e+01 5.644759295145497235e-01
7.000000000000000000e+00 2.900000000000000000e+01 5.602633751833390185e-01
7.000000000000000000e+00 3.000000000000000000e+01 5.559917075982891976e-01
7.000000000000000000e+00 3.100000000000000000e+01 5.790731758043147215e-01
7.000000000000000000e+00 3.200000000000000000e+01 7.271003677206746563e-01
8.000000000000000000e+00 9.000000000000000000e+00 4.101199225150216066e-01
8.000000000000000000e+00 1.000000000000000000e+01 2.696682765161441120e-01
8.000000000000000000e+00 1.100000000000000000e+01 3.946767541199512896e-01
8.000000000000000000e+00 1.200000000000000000e+01 3.737509099554821024e-01
8.000000000000000000e+00 1.300000000000000000e+01 4.886799503944572187e-01
8.000000000000000000e+00 1.400000000000000000e+01 7.515564051838596882e-01
8.000000000000000000e+00 1.500000000000000000e+01 5.187833758485638214e-01
8.000000000000000000e+00 1.600000000000000000e+01 6.902337663251250088e-01
8.000000000000000000e+00 1.700000000000000000e+01 7.079807261569741605e-01
8.000000000000000000e+00 1.800000000000000000e+01 6.094128017967733735e-01
8.000000000000000000e+00 1.900000000000000000e+01 7.571519201213463557e-01
8.000000000000000000e+00 2.000000000000000000e+01 6.162532057648354433e-01
8.000000000000000000e+00 2.100000000000000000e+01 6.503914230649903150e-01
8.000000000000000000e+00 2.200000000000000000e+01 6.943819857818995800e-01
8.000000000000000000e+00 2.300000000000000000e+01 6.665363194007828396e-01
8.000000000000000000e+00 2.400000000000000000e+01 6.761921603728461294e-01
8.000000000000000000e+00 2.500000000000000000e+01 7.435196980823945978e-01
8.000000000000000000e+00 2.600000000000000000e+01 7.676761661878375165e-01
8.000000000000000000e+00 2.700000000000000000e+01 7.848007727243486720e-01
8.000000000000000000e+00 2.800000000000000000e+01 5.771133850193174153e-01
8.000000000000000000e+00 2.900000000000000000e+01 5.736669263946698738e-01
8.000000000000000000e+00 3.000000000000000000e+01 5.708088454105506582e-01
8.000000000000000000e+00 3.100000000000000000e+01 5.921544210647716744e-01
8.000000000000000000e+00 3.200000000000000000e+01 7.390334532456126482e-01
9.000000000000000000e+00 1.000000000000000000e+01 3.886238945775614129e-01
9.000000000000000000e+00 1.100000000000000000e+01 3.246861058024134161e-01
9.000000000000000000e+00 1.200000000000000000e+01 3.588718903440384356e-01
9.000000000000000000e+00 1.300000000000000000e+01 4.363147844121062491e-01
9.000000000000000000e+00 1.400000000000000000e+01 7.794185073692809773e-01
9.000000000000000000e+00 1.500000000000000000e+01 4.821402795544795783e-01
9.000000000000000000e+00 1.600000000000000000e+01 7.127641902033083898e-01
9.000000000000000000e+00 1.700000000000000000e+01 7.308671191638753672e-01
9.000000000000000000e+00 1.800000000000000000e+01 6.298193842203462234e-01
9.000000000000000000e+00 1.900000000000000000e+01 7.775684899822616902e-01
9.000000000000000000e+00 2.000000000000000000e+01 6.354451869653062746e-01
9.000000000000000000e+00 2.100000000000000000e+01 6.316902245080151523e-01
9.000000000000000000e+00 2.200000000000000000e+01 7.102266799530556618e-01
9.000000000000000000e+00 2.300000000000000000e+01 6.484885508836114587e-01
9.000000000000000000e+00 2.400000000000000000e+01 6.601470862296411335e-01
9.000000000000000000e+00 2.500000000000000000e+01 7.445481462522913763e-01
9.000000000000000000e+00 2.600000000000000000e+01 7.666686167947207586e-01
9.000000000000000000e+00 2.700000000000000000e+01 7.822089485279710708e-01
9.000000000000000000e+00 2.800000000000000000e+01 5.661483616237948935e-01
9.000000000000000000e+00 2.900000000000000000e+01 5.610029508742935267e-01
9.000000000000000000e+00 3.000000000000000000e+01 5.548736532423810264e-01
9.000000000000000000e+00 3.100000000000000000e+01 5.800230238198446076e-01
9.000000000000000000e+00 3.200000000000000000e+01 7.291917387589672561e-01
1.000000000000000000e+01 1.100000000000000000e+01 3.699493984789105072e-01
1.000000000000000000e+01 1.200000000000000000e+01 3.448619444511353826e-01
1.000000000000000000e+01 1.300000000000000000e+01 4.738478422678282787e-01
1.000000000000000000e+01 1.400000000000000000e+01 7.510563965638539230e-01
1.000000000000000000e+01 1.500000000000000000e+01 5.055910701777475147e-01
1.000000000000000000e+01 1.600000000000000000e+01 6.880935460988322205e-01
1.000000000000000000e+01 1.700000000000000000e+01 7.061302023648881043e-01
1.000000000000000000e+01 1.800000000000000000e+01 6.068910093190528210e-01
1.000000000000000000e+01 1.900000000000000000e+01 7.548254013694977171e-01
1.000000000000000000e+01 2.000000000000000000e+01 6.135395594284790421e-01
1.000000000000000000e+01 2.100000000000000000e+01 6.390793290049712194e-01
1.000000000000000000e+01 2.200000000000000000e+01 6.908805269515925218e-01
1.000000000000000000e+01 2.300000000000000000e+01 6.557466195560633926e-01
1.000000000000000000e+01 2.400000000000000000e+01 6.658785655249627178e-01
1.000000000000000000e+01 2.500000000000000000e+01 7.370553044982299795e-01
1.000000000000000000e+01 2.600000000000000000e+01 7.609249453288273735e-01
1.000000000000000000e+01 2.700000000000000000e+01 7.777936361522215236e-01
1.000000000000000000e+01 2.800000000000000000e+01 5.684216738921937795e-01
1.000000000000000000e+01 2.900000000000000000e+01 5.646923803476628922e-01
1.000000000000000000e+01 3.000000000000000000e+01 5.613530063416061200e-01
1.000000000000000000e+01 3.100000000000000000e+01 5.833571180817539448e-01
1.000000000000000000e+01 3.200000000000000000e+01 7.307424808560361029e-01
1.100000000000000000e+01 1.200000000000000000e+01 2.933500970177702616e-01
1.100000000000000000e+01 1.300000000000000000e+01 4.291723804547404875e-01
1.100000000000000000e+01 1.400000000000000000e+01 7.610685156897130099e-01
1.100000000000000000e+01 1.500000000000000000e+01 4.707075464524352881e-01
1.100000000000000000e+01 1.600000000000000000e+01 6.938870877633489531e-01
1.100000000000000000e+01 1.700000000000000000e+01 7.124457487646509435e-01
1.100000000000000000e+01 1.800000000000000000e+01 6.113596846236394322e-01
1.100000000000000000e+01 1.900000000000000000e+01 7.595674047389608941e-01
1.100000000000000000e+01 2.000000000000000000e+01 6.172920892405363569e-01
1.100000000000000000e+01 2.100000000000000000e+01 6.140272143280562922e-01
1.100000000000000000e+01 2.200000000000000000e+01 6.922966709457616385e-01
1.100000000000000000e+01 2.300000000000000000e+01 6.326178269566425927e-01
1.100000000000000000e+01 2.400000000000000000e+01 6.446116996979623925e-01
1.100000000000000000e+01 2.500000000000000000e+01 7.289100783063311439e-01
1.100000000000000000e+01 2.600000000000000000e+01 7.517009043739029117e-01
1.100000000000000000e+01 2.700000000000000000e+01 7.676718291685236117e-01
1.100000000000000000e+01 2.800000000000000000e+01 5.527405771951724445e-01
1.100000000000000000e+01 2.900000000000000000e+01 5.479971251325053139e-01
1.100000000000000000e+01 3.000000000000000000e+01 5.428797337275013124e-01
1.100000000000000000e+01 3.100000000000000000e+01 5.672334323730389150e-01
1.100000000000000000e+01 3.200000000000000000e+01 7.162857753730058619e-01
1.200000000000000000e+01 1.300000000000000000e+01 4.427671214308199765e-01
1.200000000000000000e+01 1.400000000000000000e+01 7.509203665838022346e-01
1.200000000000000000e+01 1.500000000000000000e+01 4.774326377339250804e-01
1.200000000000000000e+01 1.600000000000000000e+01 6.842349473866538023e-01
1.200000000000000000e+01 1.700000000000000000e+01 7.030001128937248822e-01
1.200000000000000000e+01 1.800000000000000000e+01 6.022654759697546600e-01
1.200000000000000000e+01 1.900000000000000000e+01 7.507278125279090997e-01
1.200000000000000000e+01 2.000000000000000000e+01 6.085523824317474739e-01
1.200000000000000000e+01 2.100000000000000000e+01 6.134380053157548751e-01
1.200000000000000000e+01 2.200000000000000000e+01 6.841891347205479867e-01
1.200000000000000000e+01 2.300000000000000000e+01 6.322296725485635482e-01
1.200000000000000000e+01 2.400000000000000000e+01 6.437435707835598153e-01
1.200000000000000000e+01 2.500000000000000000e+01 7.243055101041095956e-01
1.200000000000000000e+01 2.600000000000000000e+01 7.477336979567712483e-01
1.200000000000000000e+01 2.700000000000000000e+01 7.641571701814704465e-01
1.200000000000000000e+01 2.800000000000000000e+01 5.512226295158547673e-01
1.200000000000000000e+01 2.900000000000000000e+01 5.469629857933702155e-01
1.200000000000000000e+01 3.000000000000000000e+01 5.428502162458477276e-01
1.200000000000000000e+01 3.100000000000000000e+01 5.661458203431982694e-01
1.200000000000000000e+01 3.200000000000000000e+01 7.146981648898487194e-01
1.300000000000000000e+01 1.400000000000000000e+01 7.863089064955735008e-01
1.300000000000000000e+01 1.500000000000000000e+01 3.781899186970649751e-01
1.300000000000000000e+01 1.600000000000000000e+01 7.145639576074898081e-01
1.300000000000000000e+01 1.700000000000000000e+01 7.326802611980616220e-01
1.300000000000000000e+01 1.800000000000000000e+01 6.291218003172428519e-01
1.300000000000000000e+01 1.900000000000000000e+01 7.765387534443111139e-01
1.300000000000000000e+01 2.000000000000000000e+01 6.332669288944675623e-01
1.300000000000000000e+01 2.100000000000000000e+01 5.801321334437037347e-01
1.300000000000000000e+01 2.200000000000000000e+01 7.044350206159677441e-01
1.300000000000000000e+01 2.300000000000000000e+01 5.978919647140635840e-01
1.300000000000000000e+01 2.400000000000000000e+01 6.133308944750784919e-01
1.300000000000000000e+01 2.500000000000000000e+01 7.216810149067689473e-01
1.300000000000000000e+01 2.600000000000000000e+01 7.413298120245714884e-01
1.300000000000000000e+01 2.700000000000000000e+01 7.550039802167731740e-01
1.300000000000000000e+01 2.800000000000000000e+01 5.285917279761717102e-01
1.300000000000000000e+01 2.900000000000000000e+01 5.212060956097830378e-01
1.300000000000000000e+01 3.000000000000000000e+01 5.108484083475353099e-01
1.300000000000000000e+01 3.100000000000000000e+01 5.412143902645999427e-01
1.300000000000000000e+01 3.200000000000000000e+01 6.935066447697673109e-01
1.400000000000000000e+01 1.500000000000000000e+01 7.916517492926449240e-01
1.400000000000000000e+01 1.600000000000000000e+01 6.407178529845589665e-01
1.400000000000000000e+01 1.700000000000000000e+01 5.650319607982947634e-01
1.400000000000000000e+01 1.800000000000000000e+01 5.385598976528406245e-01
1.400000000000000000e+01 1.900000000000000000e+01 6.008193172969462648e-01
1.400000000000000000e+01 2.000000000000000000e+01 5.270314686178262376e-01
1.400000000000000000e+01 2.100000000000000000e+01 8.941616509441636662e-01
1.400000000000000000e+01 2.200000000000000000e+01 6.588064982447447981e-01
1.400000000000000000e+01 2.300000000000000000e+01 8.987417066682884537e-01
1.400000000000000000e+01 2.400000000000000000e+01 8.979608474104839866e-01
1.400000000000000000e+01 2.500000000000000000e+01 8.326376315307011389e-01
1.400000000000000000e+01 2.600000000000000000e+01 8.605168207037605654e-01
1.400000000000000000e+01 2.700000000000000000e+01 8.849963167000316488e-01
1.400000000000000000e+01 2.800000000000000000e+01 7.462355322559318660e-01
1.400000000000000000e+01 2.900000000000000000e+01 7.510525850357667732e-01
1.400000000000000000e+01 3.000000000000000000e+01 7.607620445224296812e-01
1.400000000000000000e+01 3.100000000000000000e+01 7.616833403157147186e-01
1.400000000000000000e+01 3.200000000000000000e+01 8.871777538377945138e-01
1.500000000000000000e+01 1.600000000000000000e+01 7.178600567107664698e-01
1.500000000000000000e+01 1.700000000000000000e+01 7.360462608740345747e-01
1.500000000000000000e+01 1.800000000000000000e+01 6.314902979386235460e-01
1.500000000000000000e+01 1.900000000000000000e+01 7.788710069749851250e-01
1.500000000000000000e+01 2.000000000000000000e+01 6.351121178128410483e-01
1.500000000000000000e+01 2.100000000000000000e+01 5.446065652434852744e-01
1.500000000000000000e+01 2.200000000000000000e+01 7.048775372048323717e-01
1.500000000000000000e+01 2.300000000000000000e+01 5.668278965371092992e-01
1.500000000000000000e+01 2.400000000000000000e+01 5.876858352416839404e-01
1.500000000000000000e+01 2.500000000000000000e+01 7.158641278533488528e-01
1.500000000000000000e+01 2.600000000000000000e+01 7.349666917707453617e-01
1.500000000000000000e+01 2.700000000000000000e+01 7.481758045425417336e-01
1.500000000000000000e+01 2.800000000000000000e+01 5.169033934590466783e-01
1.500000000000000000e+01 2.900000000000000000e+01 5.085897906288330272e-01
1.500000000000000000e+01 3.000000000000000000e+01 4.970279438432410046e-01
1.500000000000000000e+01 3.100000000000000000e+01 5.298647666203447626e-01
1.500000000000000000e+01 3.200000000000000000e+01 6.841730455548922230e-01
1.600000000000000000e+01 1.700000000000000000e+01 5.238143826709005246e-01
1.600000000000000000e+01 1.800000000000000000e+01 3.753443389465821456e-01
1.600000000000000000e+01 1.900000000000000000e+01 6.187855838618097071e-01
1.600000000000000000e+01 2.000000000000000000e+01 4.434638377229523920e-01
1.600000000000000000e+01 2.100000000000000000e+01 8.174290460211688369e-01
1.600000000000000000e+01 2.200000000000000000e+01 5.539583554849927260e-01
1.600000000000000000e+01 2.300000000000000000e+01 8.209280915135698242e-01
1.600000000000000000e+01 2.400000000000000000e+01 8.190970397018261240e-01
1.600000000000000000e+01 2.500000000000000000e+01 7.465003296169030467e-01
1.600000000000000000e+01 2.600000000000000000e+01 7.789187899945577698e-01
1.600000000000000000e+01 2.700000000000000000e+01 8.049178425010765636e-01
1.600000000000000000e+01 2.800000000000000000e+01 6.639825487272444926e-01
1.600000000000000000e+01 2.900000000000000000e+01 6.695169798176054954e-01
1.600000000000000000e+01 3.000000000000000000e+01 6.805563137082515368e-01
1.600000000000000000e+01 3.100000000000000000e+01 6.802756546039731012e-01
1.600000000000000000e+01 3.200000000000000000e+01 8.066166292189276277e-01
1.700000000000000000e+01 1.800000000000000000e+01 3.908952877584476182e-01
1.700000000000000000e+01 1.900000000000000000e+01 5.432180105368147327e-01
1.700000000000000000e+01 2.000000000000000000e+01 3.909003507029150670e-01
1.700000000000000000e+01 2.100000000000000000e+01 8.366711267842010802e-01
1.700000000000000000e+01 2.200000000000000000e+01 5.498819582245026982e-01
1.700000000000000000e+01 2.300000000000000000e+01 8.398567228832111153e-01
1.700000000000000000e+01 2.400000000000000000e+01 8.379367776263527690e-01
1.700000000000000000e+01 2.500000000000000000e+01 7.555303470556273826e-01
1.700000000000000000e+01 2.600000000000000000e+01 7.850743902017724984e-01
1.700000000000000000e+01 2.700000000000000000e+01 8.108593024311043784e-01
1.700000000000000000e+01 2.800000000000000000e+01 6.794306928785095456e-01
1.700000000000000000e+01 2.900000000000000000e+01 6.852232514782192752e-01
1.700000000000000000e+01 3.000000000000000000e+01 6.963192002138685055e-01
1.700000000000000000e+01 3.100000000000000000e+01 6.948845480314992384e-01
1.700000000000000000e+01 3.200000000000000000e+01 8.180936813025612153e-01
1.800000000000000000e+01 1.900000000000000000e+01 4.855519797237162205e-01
1.800000000000000000e+01 2.000000000000000000e+01 2.821074781521563102e-01
1.800000000000000000e+01 2.100000000000000000e+01 7.310265587044000313e-01
1.800000000000000000e+01 2.200000000000000000e+01 4.148489408992044325e-01
1.800000000000000000e+01 2.300000000000000000e+01 7.335116136284044464e-01
1.800000000000000000e+01 2.400000000000000000e+01 7.309950061063011928e-01
1.800000000000000000e+01 2.500000000000000000e+01 6.411515577607498351e-01
1.800000000000000000e+01 2.600000000000000000e+01 6.728156082247509495e-01
1.800000000000000000e+01 2.700000000000000000e+01 6.995223749494350329e-01
1.800000000000000000e+01 2.800000000000000000e+01 5.694472082459288709e-01
1.800000000000000000e+01 2.900000000000000000e+01 5.757270658474553660e-01
1.800000000000000000e+01 3.000000000000000000e+01 5.875767728435816739e-01
1.800000000000000000e+01 3.100000000000000000e+01 5.851255514979553096e-01
1.800000000000000000e+01 3.200000000000000000e+01 7.079544687975345418e-01
1.900000000000000000e+01 2.000000000000000000e+01 4.290326413992781029e-01
1.900000000000000000e+01 2.100000000000000000e+01 8.795285720070789015e-01
1.900000000000000000e+01 2.200000000000000000e+01 5.753764466838577896e-01
1.900000000000000000e+01 2.300000000000000000e+01 8.816428526172356284e-01
1.900000000000000000e+01 2.400000000000000000e+01 8.790257203733314872e-01
1.900000000000000000e+01 2.500000000000000000e+01 7.784305275898211196e-01
1.900000000000000000e+01 2.600000000000000000e+01 8.039294923708897311e-01
1.900000000000000000e+01 2.700000000000000000e+01 8.294653827082745234e-01
1.900000000000000000e+01 2.800000000000000000e+01 7.134534813907308370e-01
1.900000000000000000e+01 2.900000000000000000e+01 7.199875719051751499e-01
1.900000000000000000e+01 3.000000000000000000e+01 7.318092288777893195e-01
1.900000000000000000e+01 3.100000000000000000e+01 7.278976462576939310e-01
1.900000000000000000e+01 3.200000000000000000e+01 8.460763965160682520e-01
2.000000000000000000e+01 2.100000000000000000e+01 7.348939275085177858e-01
2.000000000000000000e+01 2.200000000000000000e+01 3.916607099808711023e-01
2.000000000000000000e+01 2.300000000000000000e+01 7.367578116701939406e-01
2.000000000000000000e+01 2.400000000000000000e+01 7.338617203000202815e-01
2.000000000000000000e+01 2.500000000000000000e+01 6.318671246741631720e-01
2.000000000000000000e+01 2.600000000000000000e+01 6.612160037636622967e-01
2.000000000000000000e+01 2.700000000000000000e+01 6.879872007870078132e-01
2.000000000000000000e+01 2.800000000000000000e+01 5.678676507649188521e-01
2.000000000000000000e+01 2.900000000000000000e+01 5.746011632661653934e-01
2.000000000000000000e+01 3.000000000000000000e+01 5.868528797158254484e-01
2.000000000000000000e+01 3.100000000000000000e+01 5.828487098145666012e-01
2.000000000000000000e+01 3.200000000000000000e+01 7.024390978385106621e-01
2.100000000000000000e+01 2.200000000000000000e+01 8.037122322370864325e-01
2.100000000000000000e+01 2.300000000000000000e+01 5.451404996249137325e-01
2.100000000000000000e+01 2.400000000000000000e+01 6.138049612494961282e-01
2.100000000000000000e+01 2.500000000000000000e+01 8.147791163127271474e-01
2.100000000000000000e+01 2.600000000000000000e+01 8.363550850284808824e-01
2.100000000000000000e+01 2.700000000000000000e+01 8.509493783809571887e-01
2.100000000000000000e+01 2.800000000000000000e+01 6.164187702320732543e-01
2.100000000000000000e+01 2.900000000000000000e+01 6.089837715880508373e-01
2.100000000000000000e+01 3.000000000000000000e+01 6.025414119996124196e-01
2.100000000000000000e+01 3.100000000000000000e+01 6.338677514235725452e-01
2.100000000000000000e+01 3.200000000000000000e+01 7.909096889109288320e-01
2.200000000000000000e+01 2.300000000000000000e+01 8.043495866507378578e-01
2.200000000000000000e+01 2.400000000000000000e+01 8.005099708721009621e-01
2.200000000000000000e+01 2.500000000000000000e+01 6.795007252761440242e-01
2.200000000000000000e+01 2.600000000000000000e+01 7.130245744580252509e-01
2.200000000000000000e+01 2.700000000000000000e+01 7.420674824490831600e-01
2.200000000000000000e+01 2.800000000000000000e+01 6.278264035823407641e-01
2.200000000000000000e+01 2.900000000000000000e+01 6.355058999876259662e-01
2.200000000000000000e+01 3.000000000000000000e+01 6.490051107617584858e-01
2.200000000000000000e+01 3.100000000000000000e+01 6.427903392137207517e-01
2.200000000000000000e+01 3.200000000000000000e+01 7.605665710640261423e-01
2.300000000000000000e+01 2.400000000000000000e+01 5.145385733556190333e-01
2.300000000000000000e+01 2.500000000000000000e+01 8.088584524234323503e-01
2.300000000000000000e+01 2.600000000000000000e+01 8.299196373952288930e-01
2.300000000000000000e+01 2.700000000000000000e+01 8.440980805303235357e-01
2.300000000000000000e+01 2.800000000000000000e+01 6.030854336735566035e-01
2.300000000000000000e+01 2.900000000000000000e+01 5.945072178361479054e-01
2.300000000000000000e+01 3.000000000000000000e+01 5.877720141803808307e-01
2.300000000000000000e+01 3.100000000000000000e+01 6.217908712472167698e-01
2.300000000000000000e+01 3.200000000000000000e+01 7.816568396767307192e-01
2.400000000000000000e+01 2.500000000000000000e+01 8.006353792002616210e-01
2.400000000000000000e+01 2.600000000000000000e+01 8.219248203389426521e-01
2.400000000000000000e+01 2.700000000000000000e+01 8.361617919614681149e-01
2.400000000000000000e+01 2.800000000000000000e+01 5.894490865546190284e-01
2.400000000000000000e+01 2.900000000000000000e+01 5.802884840425268642e-01
2.400000000000000000e+01 3.000000000000000000e+01 5.752664881455511470e-01
2.400000000000000000e+01 3.100000000000000000e+01 6.104669929599156886e-01
2.400000000000000000e+01 3.200000000000000000e+01 7.730866320360005872e-01
2.500000000000000000e+01 2.600000000000000000e+01 5.830946129270637712e-01
2.500000000000000000e+01 2.700000000000000000e+01 6.515981012828682140e-01
2.500000000000000000e+01 2.800000000000000000e+01 5.782832293730907347e-01
2.500000000000000000e+01 2.900000000000000000e+01 5.929482500401990208e-01
2.500000000000000000e+01 3.000000000000000000e+01 6.136040272042735388e-01
2.500000000000000000e+01 3.100000000000000000e+01 5.895667525219437932e-01
2.500000000000000000e+01 3.200000000000000000e+01 6.917064758461293206e-01
2.600000000000000000e+01 2.700000000000000000e+01 5.294698069252476991e-01
2.600000000000000000e+01 2.800000000000000000e+01 5.950682705549764639e-01
2.600000000000000000e+01 2.900000000000000000e+01 6.080740497229644159e-01
2.600000000000000000e+01 3.000000000000000000e+01 6.255891866825760150e-01
2.600000000000000000e+01 3.100000000000000000e+01 5.984437222801596290e-01
2.600000000000000000e+01 3.200000000000000000e+01 6.683260767669922942e-01
2.700000000000000000e+01 2.800000000000000000e+01 6.075225730691572457e-01
2.700000000000000000e+01 2.900000000000000000e+01 6.191188699295262499e-01
2.700000000000000000e+01 3.000000000000000000e+01 6.343945822178405081e-01
2.700000000000000000e+01 3.100000000000000000e+01 6.064471450793024188e-01
2.700000000000000000e+01 3.200000000000000000e+01 6.539621785160476541e-01
2.800000000000000000e+01 2.900000000000000000e+01 2.679054499406501311e-01
2.800000000000000000e+01 3.000000000000000000e+01 3.433432240007361358e-01
2.800000000000000000e+01 3.100000000000000000e+01 3.084847470463650820e-01
2.800000000000000000e+01 3.200000000000000000e+01 5.300111369215183554e-01
2.900000000000000000e+01 3.000000000000000000e+01 3.091863932704537188e-01
2.900000000000000000e+01 3.100000000000000000e+01 3.242775717698985760e-01
2.900000000000000000e+01 3.200000000000000000e+01 5.382808528487406097e-01
3.000000000000000000e+01 3.100000000000000000e+01 3.558181167553068347e-01
3.000000000000000000e+01 3.200000000000000000e+01 5.480840711635415197e-01
3.100000000000000000e+01 3.200000000000000000e+01 5.128601566454737970e-01
