1.000000000000000000e+00 2.000000000000000000e+00 2.259389739421769239e+00
1.000000000000000000e+00 3.000000000000000000e+00 3.754075619389843244e+00
1.000000000000000000e+00 4.000000000000000000e+00 2.417551989572662041e+00
1.000000000000000000e+00 5.000000000000000000e+00 2.461839524514978894e+00
1.000000000000000000e+00 6.000000000000000000e+00 2.435025812797917411e+00
1.000000000000000000e+00 7.000000000000000000e+00 2.411007611056811939e+00
1.000000000000000000e+00 8.000000000000000000e+00 2.480448643254109520e+00
1.000000000000000000e+00 9.000000000000000000e+00 2.356460361487997091e+00
1.000000000000000000e+00 1.000000000000000000e+01 2.446302353978556443e+00
1.000000000000000000e+00 1.100000000000000000e+01 2.399665643443536389e+00
1.000000000000000000e+00 1.200000000000000000e+01 2.423320959630037130e+00
1.000000000000000000e+00 1.300000000000000000e+01 2.384990950221973716e+00
1.000000000000000000e+00 1.400000000000000000e+01 2.842831263417742615e+00
1.000000000000000000e+00 1.500000000000000000e+01 2.504112336205692735e+00
1.000000000000000000e+00 1.600000000000000000e+01 4.532666248979046131e+00
1.000000000000000000e+00 1.700000000000000000e+01 4.741911970118046327e+00
1.000000000000000000e+00 1.800000000000000000e+01 2.927872465191298623e+00
1.000000000000000000e+00 1.900000000000000000e+01 4.091888101663756494e+00
1.000000000000000000e+00 2.000000000000000000e+01 2.895719830401608519e+00
1.000000000000000000e+00 2.100000000000000000e+01 2.495139938962606774e+00
1.000000000000000000e+00 2.200000000000000000e+01 4.345205974976655838e+00
1.000000000000000000e+00 2.300000000000000000e+01 2.478051908981711904e+00
1.000000000000000000e+00 2.400000000000000000e+01 2.496076217416275611e+00
1.000000000000000000e+00 2.500000000000000000e+01 2.688042119946435271e+00
1.000000000000000000e+00 2.600000000000000000e+01 2.733400137669651730e+00
1.000000000000000000e+00 2.700000000000000000e+01 2.771960936869550363e+00
1.000000000000000000e+00 2.800000000000000000e+01 2.604988029976496033e+00
1.000000000000000000e+00 2.900000000000000000e+01 2.592911381370441415e+00
1.000000000000000000e+00 3.000000000000000000e+01 2.574762838738846593e+00
1.000000000000000000e+00 3.100000000000000000e+01 2.652975333547800130e+00
1.000000000000000000e+00 3.200000000000000000e+01 4.505960766404183637e+00
2.000000000000000000e+00 3.000000000000000000e+00 2.321582321262777970e+00
2.000000000000000000e+00 4.000000000000000000e+00 9.710984794141466203e-01
2.000000000000000000e+00 5.000000000000000000e+00 1.026939318464741735e+00
2.000000000000000000e+00 6.000000000000000000e+00 1.005876642580611602e+00
2.000000000000000000e+00 7.000000000000000000e+00 9.783874619263377426e-01
2.000000000000000000e+00 8.000000000000000000e+00 1.060290809938967627e+00
2.000000000000000000e+00 9.000000000000000000e+00 8.982899801424708564e-01
2.000000000000000000e+00 1.000000000000000000e+01 1.022485021319894383e+00
2.000000000000000000e+00 1.100000000000000000e+01 9.665458505991297855e-01
2.000000000000000000e+00 1.200000000000000000e+01 9.976432358490030516e-01
2.000000000000000000e+00 1.300000000000000000e+01 1.008777774827338547e+00
2.000000000000000000e+00 1.400000000000000000e+01 1.463222335712249578e+00
2.000000000000000000e+00 1.500000000000000000e+01 1.143857574350842121e+00
2.000000000000000000e+00 1.600000000000000000e+01 3.156487051257625964e+00
2.000000000000000000e+00 1.700000000000000000e+01 3.366192038758812899e+00
2.000000000000000000e+00 1.800000000000000000e+01 1.554283100723766076e+00
2.000000000000000000e+00 1.900000000000000000e+01 2.716165842100017436e+00
2.000000000000000000e+00 2.000000000000000000e+01 1.522853997169480778e+00
2.000000000000000000e+00 2.100000000000000000e+01 1.127907291456397676e+00
2.000000000000000000e+00 2.200000000000000000e+01 2.973500278261411722e+00
2.000000000000000000e+00 2.300000000000000000e+01 1.115934051628949319e+00
2.000000000000000000e+00 2.400000000000000000e+01 1.135123211953924738e+00
2.000000000000000000e+00 2.500000000000000000e+01 1.324706679937127873e+00
2.000000000000000000e+00 2.600000000000000000e+01 1.371526747454282269e+00
2.000000000000000000e+00 2.700000000000000000e+01 1.411583948714107972e+00
2.000000000000000000e+00 2.800000000000000000e+01 1.249801016771065587e+00
2.000000000000000000e+00 2.900000000000000000e+01 1.239406237142042233e+00
2.000000000000000000e+00 3.000000000000000000e+01 1.224982742950122105e+00
2.000000000000000000e+00 3.100000000000000000e+01 1.300542367026356505e+00
2.000000000000000000e+00 3.200000000000000000e+01 3.152319054736589798e+00
3.000000000000000000e+00 4.000000000000000000e+00 1.954362587189981237e+00
3.000000000000000000e+00 5.000000000000000000e+00 1.742172135882127382e+00
3.000000000000000000e+00 6.000000000000000000e+00 1.882274841032429258e+00
3.000000000000000000e+00 7.000000000000000000e+00 1.945260192847634073e+00
3.000000000000000000e+00 8.000000000000000000e+00 2.022090563882919412e+00
3.000000000000000000e+00 9.000000000000000000e+00 2.111173205452697488e+00
3.000000000000000000e+00 1.000000000000000000e+01 1.986175187714159573e+00
3.000000000000000000e+00 1.100000000000000000e+01 2.112665708506868079e+00
3.000000000000000000e+00 1.200000000000000000e+01 2.099411131875921654e+00
3.000000000000000000e+00 1.300000000000000000e+01 2.343025021961653298e+00
3.000000000000000000e+00 1.400000000000000000e+01 2.643549797980979665e+00
3.000000000000000000e+00 1.500000000000000000e+01 2.461854178816946792e+00
3.000000000000000000e+00 1.600000000000000000e+01 4.353851499892757104e+00
3.000000000000000000e+00 1.700000000000000000e+01 4.562822156432027043e+00
3.000000000000000000e+00 1.800000000000000000e+01 2.759792242655700001e+00
3.000000000000000000e+00 1.900000000000000000e+01 3.911105585143993757e+00
3.000000000000000000e+00 2.000000000000000000e+01 2.730235679721935149e+00
3.000000000000000000e+00 2.100000000000000000e+01 2.393920400348700905e+00
3.000000000000000000e+00 2.200000000000000000e+01 4.185472977905254410e+00
3.000000000000000000e+00 2.300000000000000000e+01 2.387043374711137034e+00
3.000000000000000000e+00 2.400000000000000000e+01 2.405013729602112349e+00
3.000000000000000000e+00 2.500000000000000000e+01 2.565274300604790447e+00
3.000000000000000000e+00 2.600000000000000000e+01 2.614661871776886581e+00
3.000000000000000000e+00 2.700000000000000000e+01 2.658325324927105715e+00
3.000000000000000000e+00 2.800000000000000000e+01 2.515537186594681618e+00
3.000000000000000000e+00 2.900000000000000000e+01 2.509967812883696414e+00
3.000000000000000000e+00 3.000000000000000000e+01 2.505365419162062235e+00
3.000000000000000000e+00 3.100000000000000000e+01 2.571766963757166291e+00
3.000000000000000000e+00 3.200000000000000000e+01 4.417193264175991452e+00
4.000000000000000000e+00 5.000000000000000000e+00 6.330859743402963424e-01
4.000000000000000000e+00 6.000000000000000000e+00 6.907175692920985988e-01
4.000000000000000000e+00 7.000000000000000000e+00 6.728457742087408100e-01
4.000000000000000000e+00 8.000000000000000000e+00 8.019770981372880136e-01
4.000000000000000000e+00 9.000000000000000000e+00 7.544694496149464413e-01
4.000000000000000000e+00 1.000000000000000000e+01 7.545532803335208705e-01
4.000000000000000000e+00 1.100000000000000000e+01 7.893050637567915473e-01
4.000000000000000000e+00 1.200000000000000000e+01 7.963690170230388610e-01
4.000000000000000000e+00 1.300000000000000000e+01 1.016196064563622770e+00
4.000000000000000000e+00 1.400000000000000000e+01 1.353230732887974685e+00
4.000000000000000000e+00 1.500000000000000000e+01 1.140812220350379214e+00
4.000000000000000000e+00 1.600000000000000000e+01 3.059173809088147067e+00
4.000000000000000000e+00 1.700000000000000000e+01 3.268597855313519318e+00
4.000000000000000000e+00 1.800000000000000000e+01 1.463451400011710035e+00
4.000000000000000000e+00 1.900000000000000000e+01 2.617455983296534505e+00
4.000000000000000000e+00 2.000000000000000000e+01 1.433562949055953162e+00
4.000000000000000000e+00 2.100000000000000000e+01 1.081846895385373042e+00
4.000000000000000000e+00 2.200000000000000000e+01 2.887737843185915310e+00
4.000000000000000000e+00 2.300000000000000000e+01 1.075125087106763466e+00
4.000000000000000000e+00 2.400000000000000000e+01 1.093700479983890972e+00
4.000000000000000000e+00 2.500000000000000000e+01 1.261383667897217897e+00
4.000000000000000000e+00 2.600000000000000000e+01 1.310454741550712843e+00
4.000000000000000000e+00 2.700000000000000000e+01 1.353484589443094688e+00
4.000000000000000000e+00 2.800000000000000000e+01 1.206643927830047147e+00
4.000000000000000000e+00 2.900000000000000000e+01 1.200181778544294975e+00
4.000000000000000000e+00 3.000000000000000000e+01 1.193842786031141134e+00
4.000000000000000000e+00 3.100000000000000000e+01 1.262035031560244658e+00
4.000000000000000000e+00 3.200000000000000000e+01 3.108908708069642479e+00
5.000000000000000000e+00 6.000000000000000000e+00 5.722451517194082626e-01
5.000000000000000000e+00 7.000000000000000000e+00 6.206963244267265090e-01
5.000000000000000000e+00 8.000000000000000000e+00 7.354920852759567751e-01
5.000000000000000000e+00 9.000000000000000000e+00 8.027641495238442282e-01
5.000000000000000000e+00 1.000000000000000000e+01 6.874623572601135102e-01
5.000000000000000000e+00 1.100000000000000000e+01 8.034331531747045396e-01
5.000000000000000000e+00 1.200000000000000000e+01 7.908202240976667241e-01
5.000000000000000000e+00 1.300000000000000000e+01 1.044074436390773020e+00
5.000000000000000000e+00 1.400000000000000000e+01 1.352530769610715833e+00
5.000000000000000000e+00 1.500000000000000000e+01 1.163855449384141316e+00
5.000000000000000000e+00 1.600000000000000000e+01 3.060915326709533701e+00
5.000000000000000000e+00 1.700000000000000000e+01 3.270368161254815220e+00
5.000000000000000000e+00 1.800000000000000000e+01 1.466591617544756865e+00
5.000000000000000000e+00 1.900000000000000000e+01 2.619046793365238379e+00
5.000000000000000000e+00 2.000000000000000000e+01 1.437034967142384545e+00
5.000000000000000000e+00 2.100000000000000000e+01 1.096232583590321941e+00
5.000000000000000000e+00 2.200000000000000000e+01 2.891945988622167008e+00
5.000000000000000000e+00 2.300000000000000000e+01 1.089823586310697756e+00
5.000000000000000000e+00 2.400000000000000000e+01 1.108007710718975858e+00
5.000000000000000000e+00 2.500000000000000000e+01 1.270267924116705416e+00
5.000000000000000000e+00 2.600000000000000000e+01 1.319735308619644609e+00
5.000000000000000000e+00 2.700000000000000000e+01 1.363335234471243940e+00
5.000000000000000000e+00 2.800000000000000000e+01 1.219624110038114662e+00
5.000000000000000000e+00 2.900000000000000000e+01 1.213941478291460374e+00
5.000000000000000000e+00 3.000000000000000000e+01 1.209165030298827936e+00
5.000000000000000000e+00 3.100000000000000000e+01 1.275847403198350438e+00
5.000000000000000000e+00 3.200000000000000000e+01 3.121645202292829602e+00
6.000000000000000000e+00 7.000000000000000000e+00 5.369394472767128335e-01
6.000000000000000000e+00 8.000000000000000000e+00 6.232702488758166126e-01
6.000000000000000000e+00 9.000000000000000000e+00 7.778245332528674894e-01
6.000000000000000000e+00 1.000000000000000000e+01 5.542858115775008976e-01
6.000000000000000000e+00 1.100000000000000000e+01 7.567638200536324078e-01
6.000000000000000000e+00 1.200000000000000000e+01 7.281215573128028140e-01
6.000000000000000000e+00 1.300000000000000000e+01 1.004263812773331654e+00
6.000000000000000000e+00 1.400000000000000000e+01 1.295237010976598935e+00
6.000000000000000000e+00 1.500000000000000000e+01 1.120759106536550753e+00
6.000000000000000000e+00 1.600000000000000000e+01 3.004420287203010353e+00
6.000000000000000000e+00 1.700000000000000000e+01 3.214157761657093992e+00
6.000000000000000000e+00 1.800000000000000000e+01 1.411012036675343140e+00
6.000000000000000000e+00 1.900000000000000000e+01 2.562914768076440808e+00
6.000000000000000000e+00 2.000000000000000000e+01 1.381704119254270502e+00
6.000000000000000000e+00 2.100000000000000000e+01 1.047098315208330188e+00
6.000000000000000000e+00 2.200000000000000000e+01 2.836996830239261413e+00
6.000000000000000000e+00 2.300000000000000000e+01 1.040999854113015211e+00
6.000000000000000000e+00 2.400000000000000000e+01 1.058952889312018364e+00
6.000000000000000000e+00 2.500000000000000000e+01 1.218042268168753051e+00
6.000000000000000000e+00 2.600000000000000000e+01 1.267828801963940766e+00
6.000000000000000000e+00 2.700000000000000000e+01 1.311809373373586940e+00
6.000000000000000000e+00 2.800000000000000000e+01 1.169954737232898889e+00
6.000000000000000000e+00 2.900000000000000000e+01 1.164783870896592965e+00
6.000000000000000000e+00 3.000000000000000000e+01 1.161051666390278125e+00
6.000000000000000000e+00 3.100000000000000000e+01 1.226764323743001039e+00
6.000000000000000000e+00 3.200000000000000000e+01 3.071942423595590554e+00
7.000000000000000000e+00 8.000000000000000000e+00 6.777769323646545274e-01
7.000000000000000000e+00 9.000000000000000000e+00 7.265256600278231502e-01
7.000000000000000000e+00 1.000000000000000000e+01 5.915366258562673174e-01
7.000000000000000000e+00 1.100000000000000000e+01 6.968715522651320882e-01
7.000000000000000000e+00 1.200000000000000000e+01 6.673597719363328906e-01
7.000000000000000000e+00 1.300000000000000000e+01 9.717979516253585359e-01
7.000000000000000000e+00 1.400000000000000000e+01 1.284352441477388584e+00
7.000000000000000000e+00 1.500000000000000000e+01 1.091138554531360327e+00
7.000000000000000000e+00 1.600000000000000000e+01 2.989689303308176171e+00
7.000000000000000000e+00 1.700000000000000000e+01 3.200173443587883249e+00
7.000000000000000000e+00 1.800000000000000000e+01 1.395376807061152746e+00
7.000000000000000000e+00 1.900000000000000000e+01 2.549615591864999864e+00
7.000000000000000000e+00 2.000000000000000000e+01 1.365959492673776587e+00
7.000000000000000000e+00 2.100000000000000000e+01 1.019797341806802482e+00
7.000000000000000000e+00 2.200000000000000000e+01 2.820478092941717918e+00
7.000000000000000000e+00 2.300000000000000000e+01 1.014706767983502012e+00
7.000000000000000000e+00 2.400000000000000000e+01 1.033222931381829746e+00
7.000000000000000000e+00 2.500000000000000000e+01 1.197602539400500099e+00
7.000000000000000000e+00 2.600000000000000000e+01 1.247438090836646474e+00
7.000000000000000000e+00 2.700000000000000000e+01 1.291161810299982005e+00
7.000000000000000000e+00 2.800000000000000000e+01 1.146809475286003632e+00
7.000000000000000000e+00 2.900000000000000000e+01 1.141236168971497822e+00
7.000000000000000000e+00 3.000000000000000000e+01 1.136804039327636850e+00
7.000000000000000000e+00 3.100000000000000000e+01 1.203417083472841043e+00
7.000000000000000000e+00 3.200000000000000000e+01 3.049561009633982245e+00
8.000000000000000000e+00 9.000000000000000000e+00 8.500627662788327044e-01
8.000000000000000000e+00 1.000000000000000000e+01 5.441051872501003750e-01
8.000000000000000000e+00 1.100000000000000000e+01 8.174377365302021303e-01
8.000000000000000000e+00 1.200000000000000000e+01 7.792798905130560172e-01
8.000000000000000000e+00 1.300000000000000000e+01 1.041607862206822777e+00
8.000000000000000000e+00 1.400000000000000000e+01 1.284834554917668736e+00
8.000000000000000000e+00 1.500000000000000000e+01 1.150977367897461967e+00
8.000000000000000000e+00 1.600000000000000000e+01 2.999575449575814901e+00
8.000000000000000000e+00 1.700000000000000000e+01 3.208844778853817026e+00
8.000000000000000000e+00 1.800000000000000000e+01 1.408493289499036294e+00
8.000000000000000000e+00 1.900000000000000000e+01 2.556916053682667389e+00
8.000000000000000000e+00 2.000000000000000000e+01 1.379653326558463178e+00
8.000000000000000000e+00 2.100000000000000000e+01 1.067363314510825223e+00
8.000000000000000000e+00 2.200000000000000000e+01 2.836379798384456308e+00
8.000000000000000000e+00 2.300000000000000000e+01 1.060319530056915482e+00
8.000000000000000000e+00 2.400000000000000000e+01 1.077268930866786434e+00
8.000000000000000000e+00 2.500000000000000000e+01 1.225735766767297896e+00
8.000000000000000000e+00 2.600000000000000000e+01 1.275857988666539544e+00
8.000000000000000000e+00 2.700000000000000000e+01 1.320631553173182038e+00
8.000000000000000000e+00 2.800000000000000000e+01 1.184207109984183326e+00
8.000000000000000000e+00 2.900000000000000000e+01 1.180171813465447972e+00
8.000000000000000000e+00 3.000000000000000000e+01 1.178601255943275472e+00
8.000000000000000000e+00 3.100000000000000000e+01 1.241989198561177066e+00
8.000000000000000000e+00 3.200000000000000000e+01 3.085188903065192889e+00
9.000000000000000000e+00 1.000000000000000000e+01 7.976959377980326060e-01
9.000000000000000000e+00 1.100000000000000000e+01 6.622280389010679613e-01
9.000000000000000000e+00 1.200000000000000000e+01 7.355819644409482549e-01
9.000000000000000000e+00 1.300000000000000000e+01 9.151853116290848966e-01
9.000000000000000000e+00 1.400000000000000000e+01 1.322351549583915986e+00
9.000000000000000000e+00 1.500000000000000000e+01 1.054438806904113513e+00
9.000000000000000000e+00 1.600000000000000000e+01 3.019002005531419286e+00
9.000000000000000000e+00 1.700000000000000000e+01 3.229987104679761245e+00
9.000000000000000000e+00 1.800000000000000000e+01 1.420708795346922848e+00
9.000000000000000000e+00 1.900000000000000000e+01 2.580375652743716053e+00
9.000000000000000000e+00 2.000000000000000000e+01 1.390424547285483037e+00
9.000000000000000000e+00 2.100000000000000000e+01 1.008389074021628584e+00
9.000000000000000000e+00 2.200000000000000000e+01 2.842621006895107882e+00
9.000000000000000000e+00 2.300000000000000000e+01 1.003656698347173748e+00
9.000000000000000000e+00 2.400000000000000000e+01 1.023743822835642359e+00
9.000000000000000000e+00 2.500000000000000000e+01 1.205720991838096889e+00
9.000000000000000000e+00 2.600000000000000000e+01 1.254650139137869935e+00
9.000000000000000000e+00 2.700000000000000000e+01 1.296828439176711090e+00
9.000000000000000000e+00 2.800000000000000000e+01 1.143084169332971189e+00
9.000000000000000000e+00 2.900000000000000000e+01 1.135326779041900824e+00
9.000000000000000000e+00 3.000000000000000000e+01 1.126611983608106105e+00
9.000000000000000000e+00 3.100000000000000000e+01 1.197586376300728173e+00
9.000000000000000000e+00 3.200000000000000000e+01 3.047079350317756230e+00
1.000000000000000000e+01 1.100000000000000000e+01 7.587378838195317776e-01
1.000000000000000000e+01 1.200000000000000000e+01 7.131996241180553753e-01
1.000000000000000000e+01 1.300000000000000000e+01 1.003131217407623677e+00
1.000000000000000000e+01 1.400000000000000000e+01 1.273095474469444266e+00
1.000000000000000000e+01 1.500000000000000000e+01 1.115423235145915903e+00
1.000000000000000000e+01 1.600000000000000000e+01 2.982944204891140316e+00
1.000000000000000000e+01 1.700000000000000000e+01 3.193126804132720764e+00
1.000000000000000000e+01 1.800000000000000000e+01 1.390648239697171995e+00
1.000000000000000000e+01 1.900000000000000000e+01 2.542050637153505654e+00
1.000000000000000000e+01 2.000000000000000000e+01 1.361651299973671847e+00
1.000000000000000000e+01 2.100000000000000000e+01 1.034705328650251221e+00
1.000000000000000000e+01 2.200000000000000000e+01 2.817372659564416182e+00
1.000000000000000000e+01 2.300000000000000000e+01 1.028794375741139078e+00
1.000000000000000000e+01 2.400000000000000000e+01 1.046409649082611804e+00
1.000000000000000000e+01 2.500000000000000000e+01 1.201587367410545504e+00
1.000000000000000000e+01 2.600000000000000000e+01 1.251754740059805915e+00
1.000000000000000000e+01 2.700000000000000000e+01 1.296180911849500905e+00
1.000000000000000000e+01 2.800000000000000000e+01 1.156499450731903078e+00
1.000000000000000000e+01 2.900000000000000000e+01 1.151931296164649954e+00
1.000000000000000000e+01 3.000000000000000000e+01 1.149423565470117481e+00
1.000000000000000000e+01 3.100000000000000000e+01 1.213988070957046528e+00
1.000000000000000000e+01 3.200000000000000000e+01 3.058434677859030337e+00
1.100000000000000000e+01 1.200000000000000000e+01 5.967770158863086039e-01
1.100000000000000000e+01 1.300000000000000000e+01 9.177855412443021166e-01
1.100000000000000000e+01 1.400000000000000000e+01 1.294011007332475760e+00
1.100000000000000000e+01 1.500000000000000000e+01 1.047547050274567404e+00
1.100000000000000000e+01 1.600000000000000000e+01 2.989508740456326308e+00
1.100000000000000000e+01 1.700000000000000000e+01 3.201759905799408834e+00
1.100000000000000000e+01 1.800000000000000000e+01 1.392630779481610404e+00
1.100000000000000000e+01 1.900000000000000000e+01 2.552893925502230488e+00
1.100000000000000000e+01 2.000000000000000000e+01 1.362870772684436460e+00
1.100000000000000000e+01 2.100000000000000000e+01 9.822911958515558872e-01
1.100000000000000000e+01 2.200000000000000000e+01 2.815317021107941464e+00
1.100000000000000000e+01 2.300000000000000000e+01 9.811648707945552772e-01
1.100000000000000000e+01 2.400000000000000000e+01 1.001663303797583282e+00
1.100000000000000000e+01 2.500000000000000000e+01 1.181794152528552466e+00
1.100000000000000000e+01 2.600000000000000000e+01 1.231790096113384525e+00
1.100000000000000000e+01 2.700000000000000000e+01 1.274842196626497337e+00
1.100000000000000000e+01 2.800000000000000000e+01 1.123634256412927801e+00
1.100000000000000000e+01 2.900000000000000000e+01 1.116969168513634703e+00
1.100000000000000000e+01 3.000000000000000000e+01 1.110684120952871279e+00
1.100000000000000000e+01 3.100000000000000000e+01 1.179796698502193042e+00
1.100000000000000000e+01 3.200000000000000000e+01 3.028643096422618086e+00
1.200000000000000000e+01 1.300000000000000000e+01 9.438732240563374454e-01
1.200000000000000000e+01 1.400000000000000000e+01 1.279440800106036225e+00
1.200000000000000000e+01 1.500000000000000000e+01 1.062462823365050824e+00
1.200000000000000000e+01 1.600000000000000000e+01 2.976614184214559700e+00
1.200000000000000000e+01 1.700000000000000000e+01 3.189264002405216125e+00
1.200000000000000000e+01 1.800000000000000000e+01 1.381317081196679730e+00
1.200000000000000000e+01 1.900000000000000000e+01 2.540463810112705723e+00
1.200000000000000000e+01 2.000000000000000000e+01 1.351981077897365324e+00
1.200000000000000000e+01 2.100000000000000000e+01 9.840195041307828738e-01
1.200000000000000000e+01 2.200000000000000000e+01 2.805119615965065982e+00
1.200000000000000000e+01 2.300000000000000000e+01 9.829623982827584427e-01
1.200000000000000000e+01 2.400000000000000000e+01 1.002790935644381598e+00
1.200000000000000000e+01 2.500000000000000000e+01 1.176465998201993379e+00
1.200000000000000000e+01 2.600000000000000000e+01 1.227027704765191185e+00
1.200000000000000000e+01 2.700000000000000000e+01 1.270759243509487657e+00
1.200000000000000000e+01 2.800000000000000000e+01 1.122969711254684810e+00
1.200000000000000000e+01 2.900000000000000000e+01 1.117248924715000147e+00
1.200000000000000000e+01 3.000000000000000000e+01 1.112873675520502648e+00
1.200000000000000000e+01 3.100000000000000000e+01 1.180158714350982851e+00
1.200000000000000000e+01 3.200000000000000000e+01 3.027826646615809025e+00
1.300000000000000000e+01 1.400000000000000000e+01 1.357302210645514595e+00
1.300000000000000000e+01 1.500000000000000000e+01 8.403838997077417439e-01
1.300000000000000000e+01 1.600000000000000000e+01 3.035648425869176492e+00
1.300000000000000000e+01 1.700000000000000000e+01 3.247636827211854538e+00
1.300000000000000000e+01 1.800000000000000000e+01 1.428919441176756955e+00
1.300000000000000000e+01 1.900000000000000000e+01 2.599990129912556291e+00
1.300000000000000000e+01 2.000000000000000000e+01 1.396766596920835823e+00
1.300000000000000000e+01 2.100000000000000000e+01 9.338884551314632354e-01
1.300000000000000000e+01 2.200000000000000000e+01 2.844070738158860578e+00
1.300000000000000000e+01 2.300000000000000000e+01 9.272585405186166696e-01
1.300000000000000000e+01 2.400000000000000000e+01 9.516442888887977070e-01
1.300000000000000000e+01 2.500000000000000000e+01 1.177261465156433928e+00
1.300000000000000000e+01 2.600000000000000000e+01 1.224136740755605413e+00
1.300000000000000000e+01 2.700000000000000000e+01 1.262956014757059986e+00
1.300000000000000000e+01 2.800000000000000000e+01 1.088061343558595961e+00
1.300000000000000000e+01 2.900000000000000000e+01 1.075172934260202329e+00
1.300000000000000000e+01 3.000000000000000000e+01 1.056466736493549163e+00
1.300000000000000000e+01 3.100000000000000000e+01 1.138122744688705890e+00
1.300000000000000000e+01 3.200000000000000000e+01 2.995596938424541555e+00
1.400000000000000000e+01 1.500000000000000000e+01 1.416799786034993680e+00
1.400000000000000000e+01 1.600000000000000000e+01 2.683919383250094270e+00
1.400000000000000000e+01 1.700000000000000000e+01 2.717380094126662371e+00
1.400000000000000000e+01 1.800000000000000000e+01 1.073272180912112184e+00
1.400000000000000000e+01 1.900000000000000000e+01 1.898358074826457909e+00
1.400000000000000000e+01 2.000000000000000000e+01 1.021305184169586155e+00
1.400000000000000000e+01 2.100000000000000000e+01 1.281672184570681328e+00
1.400000000000000000e+01 2.200000000000000000e+01 2.537683740341034166e+00
1.400000000000000000e+01 2.300000000000000000e+01 1.245472673750298576e+00
1.400000000000000000e+01 2.400000000000000000e+01 1.245764990634717240e+00
1.400000000000000000e+01 2.500000000000000000e+01 1.145611927234772232e+00
1.400000000000000000e+01 2.600000000000000000e+01 1.178691678392352227e+00
1.400000000000000000e+01 2.700000000000000000e+01 1.232603856439441703e+00
1.400000000000000000e+01 2.800000000000000000e+01 1.240180699277164234e+00
1.400000000000000000e+01 2.900000000000000000e+01 1.252621526465449886e+00
1.400000000000000000e+01 3.000000000000000000e+01 1.277755568170795275e+00
1.400000000000000000e+01 3.100000000000000000e+01 1.301429625075162466e+00
1.400000000000000000e+01 3.200000000000000000e+01 3.088444479841403911e+00
1.500000000000000000e+01 1.600000000000000000e+01 3.088151810025857813e+00
1.500000000000000000e+01 1.700000000000000000e+01 3.300599619327190481e+00
1.500000000000000000e+01 1.800000000000000000e+01 1.478278106714469686e+00
1.500000000000000000e+01 1.900000000000000000e+01 2.653784086650216700e+00
1.500000000000000000e+01 2.000000000000000000e+01 1.445486351874774478e+00
1.500000000000000000e+01 2.100000000000000000e+01 9.272069123880668506e-01
1.500000000000000000e+01 2.200000000000000000e+01 2.890885015139031289e+00
1.500000000000000000e+01 2.300000000000000000e+01 9.243509622846621809e-01
1.500000000000000000e+01 2.400000000000000000e+01 9.548788605789377826e-01
1.500000000000000000e+01 2.500000000000000000e+01 1.212865212691785821e+00
1.500000000000000000e+01 2.600000000000000000e+01 1.259597497898492957e+00
1.500000000000000000e+01 2.700000000000000000e+01 1.297570887064888101e+00
1.500000000000000000e+01 2.800000000000000000e+01 1.113556433478979368e+00
1.500000000000000000e+01 2.900000000000000000e+01 1.098722548976541091e+00
1.500000000000000000e+01 3.000000000000000000e+01 1.076780318651894941e+00
1.500000000000000000e+01 3.100000000000000000e+01 1.163330405530593303e+00
1.500000000000000000e+01 3.200000000000000000e+01 3.024994523120380308e+00
1.600000000000000000e+01 1.700000000000000000e+01 4.380686467151292618e+00
1.600000000000000000e+01 1.800000000000000000e+01 2.469641463281164739e+00
1.600000000000000000e+01 1.900000000000000000e+01 3.912738341911572881e+00
1.600000000000000000e+01 2.000000000000000000e+01 2.563936926389291493e+00
1.600000000000000000e+01 2.100000000000000000e+01 2.943897320046206634e+00
1.600000000000000000e+01 2.200000000000000000e+01 4.078819939654399818e+00
1.600000000000000000e+01 2.300000000000000000e+01 2.902844161402027723e+00
1.600000000000000000e+01 2.400000000000000000e+01 2.900214722049714311e+00
1.600000000000000000e+01 2.500000000000000000e+01 2.776296578487897904e+00
1.600000000000000000e+01 2.600000000000000000e+01 2.826298403488205491e+00
1.600000000000000000e+01 2.700000000000000000e+01 2.885441927876439383e+00
1.600000000000000000e+01 2.800000000000000000e+01 2.881928327885370233e+00
1.600000000000000000e+01 2.900000000000000000e+01 2.897179945746223506e+00
1.600000000000000000e+01 3.000000000000000000e+01 2.927638102694324562e+00
1.600000000000000000e+01 3.100000000000000000e+01 2.947391136465888462e+00
1.600000000000000000e+01 3.200000000000000000e+01 4.739717479932500588e+00
1.700000000000000000e+01 1.800000000000000000e+01 2.573147161323458221e+00
1.700000000000000000e+01 1.900000000000000000e+01 3.889728567768476530e+00
1.700000000000000000e+01 2.000000000000000000e+01 2.565859071743048503e+00
1.700000000000000000e+01 2.100000000000000000e+01 3.159489811211395160e+00
1.700000000000000000e+01 2.200000000000000000e+01 4.210422668761804488e+00
1.700000000000000000e+01 2.300000000000000000e+01 3.118239417868489127e+00
1.700000000000000000e+01 2.400000000000000000e+01 3.115753250584141654e+00
1.700000000000000000e+01 2.500000000000000000e+01 2.968997208826126943e+00
1.700000000000000000e+01 2.600000000000000000e+01 3.004947445519503102e+00
1.700000000000000000e+01 2.700000000000000000e+01 3.062193068161672915e+00
1.700000000000000000e+01 2.800000000000000000e+01 3.089425087064609610e+00
1.700000000000000000e+01 2.900000000000000000e+01 3.104893014130729600e+00
1.700000000000000000e+01 3.000000000000000000e+01 3.134822484057365077e+00
1.700000000000000000e+01 3.100000000000000000e+01 3.151744659366384926e+00
1.700000000000000000e+01 3.200000000000000000e+01 4.931435081086767092e+00
1.800000000000000000e+01 1.900000000000000000e+01 2.210892825945504292e+00
1.800000000000000000e+01 2.000000000000000000e+01 6.429319408864668794e-01
1.800000000000000000e+01 2.100000000000000000e+01 1.333730544060211631e+00
1.800000000000000000e+01 2.200000000000000000e+01 2.263748161628193145e+00
1.800000000000000000e+01 2.300000000000000000e+01 1.289582902740447956e+00
1.800000000000000000e+01 2.400000000000000000e+01 1.285488750582039152e+00
1.800000000000000000e+01 2.500000000000000000e+01 1.113757482430833168e+00
1.800000000000000000e+01 2.600000000000000000e+01 1.154437559948563674e+00
1.800000000000000000e+01 2.700000000000000000e+01 1.214182487531043630e+00
1.800000000000000000e+01 2.800000000000000000e+01 1.247907837959447708e+00
1.800000000000000000e+01 2.900000000000000000e+01 1.265142012230295432e+00
1.800000000000000000e+01 3.000000000000000000e+01 1.297951678184662949e+00
1.800000000000000000e+01 3.100000000000000000e+01 1.311329494318465461e+00
1.800000000000000000e+01 3.200000000000000000e+01 3.088822297771405267e+00
1.900000000000000000e+01 2.000000000000000000e+01 2.107015520066725323e+00
1.900000000000000000e+01 2.100000000000000000e+01 2.515302355057321915e+00
1.900000000000000000e+01 2.200000000000000000e+01 3.654352390882904089e+00
1.900000000000000000e+01 2.300000000000000000e+01 2.474446729250051824e+00
1.900000000000000000e+01 2.400000000000000000e+01 2.472360173132215344e+00
1.900000000000000000e+01 2.500000000000000000e+01 2.316578601577329977e+00
1.900000000000000000e+01 2.600000000000000000e+01 2.337871887660897041e+00
1.900000000000000000e+01 2.700000000000000000e+01 2.392015609716934943e+00
1.900000000000000000e+01 2.800000000000000000e+01 2.442864864174221662e+00
1.900000000000000000e+01 2.900000000000000000e+01 2.457999743756535960e+00
1.900000000000000000e+01 3.000000000000000000e+01 2.486795934687000109e+00
1.900000000000000000e+01 3.100000000000000000e+01 2.502382949821027491e+00
1.900000000000000000e+01 3.200000000000000000e+01 4.272071493927213304e+00
2.000000000000000000e+01 2.100000000000000000e+01 1.301676434866574805e+00
2.000000000000000000e+01 2.200000000000000000e+01 2.185914910622289042e+00
2.000000000000000000e+01 2.300000000000000000e+01 1.256876259361058956e+00
2.000000000000000000e+01 2.400000000000000000e+01 1.252550323211489847e+00
2.000000000000000000e+01 2.500000000000000000e+01 1.064802071737984690e+00
2.000000000000000000e+01 2.600000000000000000e+01 1.096037816257928288e+00
2.000000000000000000e+01 2.700000000000000000e+01 1.154588912702733783e+00
2.000000000000000000e+01 2.800000000000000000e+01 1.208736873185320082e+00
2.000000000000000000e+01 2.900000000000000000e+01 1.226329151931362826e+00
2.000000000000000000e+01 3.000000000000000000e+01 1.259261857085089975e+00
2.000000000000000000e+01 3.100000000000000000e+01 1.270395697021168058e+00
2.000000000000000000e+01 3.200000000000000000e+01 3.039521740826385710e+00
2.100000000000000000e+01 2.200000000000000000e+01 2.745346845654633938e+00
2.100000000000000000e+01 2.300000000000000000e+01 6.034780384880962245e-01
2.100000000000000000e+01 2.400000000000000000e+01 6.950286275543473558e-01
2.100000000000000000e+01 2.500000000000000000e+01 1.063777416296192158e+00
2.100000000000000000e+01 2.600000000000000000e+01 1.115866967556613520e+00
2.100000000000000000e+01 2.700000000000000000e+01 1.156966935710355582e+00
2.100000000000000000e+01 2.800000000000000000e+01 9.692298330817066265e-01
2.100000000000000000e+01 2.900000000000000000e+01 9.573583142640291754e-01
2.100000000000000000e+01 3.000000000000000000e+01 9.451375300925586309e-01
2.100000000000000000e+01 3.100000000000000000e+01 1.028612871251642247e+00
2.100000000000000000e+01 3.200000000000000000e+01 2.894099511808009062e+00
2.200000000000000000e+01 2.300000000000000000e+01 2.698844369507459540e+00
2.200000000000000000e+01 2.400000000000000000e+01 2.693568788850489781e+00
2.200000000000000000e+01 2.500000000000000000e+01 2.487104219124450566e+00
2.200000000000000000e+01 2.600000000000000000e+01 2.527400118755533942e+00
2.200000000000000000e+01 2.700000000000000000e+01 2.589330776856610061e+00
2.200000000000000000e+01 2.800000000000000000e+01 2.642518535991609685e+00
2.200000000000000000e+01 2.900000000000000000e+01 2.661390493202989038e+00
2.200000000000000000e+01 3.000000000000000000e+01 2.696359517564132613e+00
2.200000000000000000e+01 3.100000000000000000e+01 2.705393540775904437e+00
2.200000000000000000e+01 3.200000000000000000e+01 4.475465419629515829e+00
2.300000000000000000e+01 2.400000000000000000e+01 5.228333896499792743e-01
2.300000000000000000e+01 2.500000000000000000e+01 1.006971094344607742e+00
2.300000000000000000e+01 2.600000000000000000e+01 1.059602041708841202e+00
2.300000000000000000e+01 2.700000000000000000e+01 1.100392786526863009e+00
2.300000000000000000e+01 2.800000000000000000e+01 9.027739344512997199e-01
2.300000000000000000e+01 2.900000000000000000e+01 8.895365850807324115e-01
2.300000000000000000e+01 3.000000000000000000e+01 8.766207099052656382e-01
2.300000000000000000e+01 3.100000000000000000e+01 9.641244763560954389e-01
2.300000000000000000e+01 3.200000000000000000e+01 2.834419745035063443e+00
2.400000000000000000e+01 2.500000000000000000e+01 9.965222830229345519e-01
2.400000000000000000e+01 2.600000000000000000e+01 1.050135352564196989e+00
2.400000000000000000e+01 2.700000000000000000e+01 1.091231045248075571e+00
2.400000000000000000e+01 2.800000000000000000e+01 8.877046111873689860e-01
2.400000000000000000e+01 2.900000000000000000e+01 8.742955326019443696e-01
2.400000000000000000e+01 3.000000000000000000e+01 8.631801617733061427e-01
2.400000000000000000e+01 3.100000000000000000e+01 9.519163989467931408e-01
2.400000000000000000e+01 3.200000000000000000e+01 2.825273002623023721e+00
2.500000000000000000e+01 2.600000000000000000e+01 6.256463470895066159e-01
2.500000000000000000e+01 2.700000000000000000e+01 7.509392833484604957e-01
2.500000000000000000e+01 2.800000000000000000e+01 8.727339837287719782e-01
2.500000000000000000e+01 2.900000000000000000e+01 9.026178754391085413e-01
2.500000000000000000e+01 3.000000000000000000e+01 9.506476479937835400e-01
2.500000000000000000e+01 3.100000000000000000e+01 9.355388338962469241e-01
2.500000000000000000e+01 3.200000000000000000e+01 2.687371271161163477e+00
2.600000000000000000e+01 2.700000000000000000e+01 5.692925410419453769e-01
2.600000000000000000e+01 2.800000000000000000e+01 9.218816796605211472e-01
2.600000000000000000e+01 2.900000000000000000e+01 9.473602572896218099e-01
2.600000000000000000e+01 3.000000000000000000e+01 9.876982711623285560e-01
2.600000000000000000e+01 3.100000000000000000e+01 9.681939437449371688e-01
2.600000000000000000e+01 3.200000000000000000e+01 2.652800671920840792e+00
2.700000000000000000e+01 2.800000000000000000e+01 9.575552133719704706e-01
2.700000000000000000e+01 2.900000000000000000e+01 9.801847269597958601e-01
2.700000000000000000e+01 3.000000000000000000e+01 1.015760454718384498e+00
2.700000000000000000e+01 3.100000000000000000e+01 9.929330488721705983e-01
2.700000000000000000e+01 3.200000000000000000e+01 2.628516525479752453e+00
2.800000000000000000e+01 2.900000000000000000e+01 5.426054944264238067e-01
2.800000000000000000e+01 3.000000000000000000e+01 7.076857302956431894e-01
2.800000000000000000e+01 3.100000000000000000e+01 6.598074030055105510e-01
2.800000000000000000e+01 3.200000000000000000e+01 2.661546826899887641e+00
2.900000000000000000e+01 3.000000000000000000e+01 6.308792582786022507e-01
2.900000000000000000e+01 3.100000000000000000e+01 6.798910784719764955e-01
2.900000000000000000e+01 3.200000000000000000e+01 2.674329531418499606e+00
3.000000000000000000e+01 3.100000000000000000e+01 7.451451113292777428e-01
3.000000000000000000e+01 3.200000000000000000e+01 2.694613526551619564e+00
3.100000000000000000e+01 3.200000000000000000e+01 2.654059119095960817e+00
