1.000000000000000000e+00 2.000000000000000000e+00 8.696232465461414263e-01
1.000000000000000000e+00 3.000000000000000000e+00 9.843375884740136472e-01
1.000000000000000000e+00 4.000000000000000000e+00 9.651679985426303565e-01
1.000000000000000000e+00 5.000000000000000000e+00 9.810903043674221724e-01
1.000000000000000000e+00 6.000000000000000000e+00 9.916048961897617753e-01
1.000000000000000000e+00 7.000000000000000000e+00 9.848302116735518918e-01
1.000000000000000000e+00 8.000000000000000000e+00 1.012775678858290895e+00
1.000000000000000000e+00 9.000000000000000000e+00 9.528745358910699625e-01
1.000000000000000000e+00 1.000000000000000000e+01 1.002489211952268811e+00
1.000000000000000000e+00 1.100000000000000000e+01 9.755817182378173635e-01
1.000000000000000000e+00 1.200000000000000000e+01 9.903429583993003105e-01
1.000000000000000000e+00 1.300000000000000000e+01 9.680114439301070739e-01
1.000000000000000000e+00 1.400000000000000000e+01 1.221102109145347558e+00
1.000000000000000000e+00 1.500000000000000000e+01 1.000513641615224270e+00
1.000000000000000000e+00 1.600000000000000000e+01 1.159182064111267341e+00
1.000000000000000000e+00 1.700000000000000000e+01 1.188148607125724565e+00
1.000000000000000000e+00 1.800000000000000000e+01 1.172605940381215017e+00
1.000000000000000000e+00 1.900000000000000000e+01 1.232555901666673170e+00
1.000000000000000000e+00 2.000000000000000000e+01 1.195473000112684092e+00
1.000000000000000000e+00 2.100000000000000000e+01 1.037215711449072097e+00
1.000000000000000000e+00 2.200000000000000000e+01 1.186436654298912652e+00
1.000000000000000000e+00 2.300000000000000000e+01 1.049286894061605580e+00
1.000000000000000000e+00 2.400000000000000000e+01 1.060743839430549285e+00
1.000000000000000000e+00 2.500000000000000000e+01 1.206820182668151720e+00
1.000000000000000000e+00 2.600000000000000000e+01 1.248624574536960852e+00
1.000000000000000000e+00 2.700000000000000000e+01 1.281548391239964779e+00
1.000000000000000000e+00 2.800000000000000000e+01 1.165176950824117208e+00
1.000000000000000000e+00 2.900000000000000000e+01 1.153438677467167661e+00
1.000000000000000000e+00 3.000000000000000000e+01 1.148119127968210140e+00
1.000000000000000000e+00 3.100000000000000000e+01 1.202862384377467508e+00
1.000000000000000000e+00 3.200000000000000000e+01 1.317260638672683726e+00
2.000000000000000000e+00 3.000000000000000000e+00 8.375616884000346429e-01
2.000000000000000000e+00 4.000000000000000000e+00 8.074370881881530737e-01
2.000000000000000000e+00 5.000000000000000000e+00 8.321055527688183684e-01
2.000000000000000000e+00 6.000000000000000000e+00 8.464997803279991073e-01
2.000000000000000000e+00 7.000000000000000000e+00 8.367791918511560123e-01
2.000000000000000000e+00 8.000000000000000000e+00 8.743747185005545930e-01
2.000000000000000000e+00 9.000000000000000000e+00 7.867600931678218057e-01
2.000000000000000000e+00 1.000000000000000000e+01 8.611811631434709291e-01
2.000000000000000000e+00 1.100000000000000000e+01 8.268602643129153718e-01
2.000000000000000000e+00 1.200000000000000000e+01 8.470083204391160026e-01
2.000000000000000000e+00 1.300000000000000000e+01 8.408974409028737718e-01
2.000000000000000000e+00 1.400000000000000000e+01 1.100311051133906037e+00
2.000000000000000000e+00 1.500000000000000000e+01 8.870770090904729344e-01
2.000000000000000000e+00 1.600000000000000000e+01 1.039294158126935486e+00
2.000000000000000000e+00 1.700000000000000000e+01 1.068280492931263703e+00
2.000000000000000000e+00 1.800000000000000000e+01 1.053232829408546678e+00
2.000000000000000000e+00 1.900000000000000000e+01 1.113496156304757845e+00
2.000000000000000000e+00 2.000000000000000000e+01 1.076583711983727154e+00
2.000000000000000000e+00 2.100000000000000000e+01 9.244584161743889528e-01
2.000000000000000000e+00 2.200000000000000000e+01 1.068725298399745283e+00
2.000000000000000000e+00 2.300000000000000000e+01 9.393063907388272682e-01
2.000000000000000000e+00 2.400000000000000000e+01 9.516119097411841476e-01
2.000000000000000000e+00 2.500000000000000000e+01 1.092936740832441966e+00
2.000000000000000000e+00 2.600000000000000000e+01 1.135186894474957464e+00
2.000000000000000000e+00 2.700000000000000000e+01 1.168421439077375279e+00
2.000000000000000000e+00 2.800000000000000000e+01 1.056732696344657940e+00
2.000000000000000000e+00 2.900000000000000000e+01 1.046450901773277931e+00
2.000000000000000000e+00 3.000000000000000000e+01 1.044470738117249553e+00
2.000000000000000000e+00 3.100000000000000000e+01 1.094652847859957090e+00
2.000000000000000000e+00 3.200000000000000000e+01 1.206346475306259158e+00
3.000000000000000000e+00 4.000000000000000000e+00 5.995652130833276638e-01
3.000000000000000000e+00 5.000000000000000000e+00 4.613931329954250593e-01
3.000000000000000000e+00 6.000000000000000000e+00 5.761558254251873956e-01
3.000000000000000000e+00 7.000000000000000000e+00 6.281809692521591604e-01
3.000000000000000000e+00 8.000000000000000000e+00 6.631430609688413469e-01
3.000000000000000000e+00 9.000000000000000000e+00 7.327697167243878429e-01
3.000000000000000000e+00 1.000000000000000000e+01 6.520576597678462427e-01
3.000000000000000000e+00 1.100000000000000000e+01 7.398405154654154048e-01
3.000000000000000000e+00 1.200000000000000000e+01 7.252358690063361868e-01
3.000000000000000000e+00 1.300000000000000000e+01 8.447385577416837155e-01
3.000000000000000000e+00 1.400000000000000000e+01 1.002157833783169139e+00
3.000000000000000000e+00 1.500000000000000000e+01 8.735779944240511519e-01
3.000000000000000000e+00 1.600000000000000000e+01 9.470147944881706081e-01
3.000000000000000000e+00 1.700000000000000000e+01 9.750461086969417490e-01
3.000000000000000000e+00 1.800000000000000000e+01 9.627807748509504826e-01
3.000000000000000000e+00 1.900000000000000000e+01 1.023352986787935626e+00
3.000000000000000000e+00 2.000000000000000000e+01 9.876810504490396436e-01
3.000000000000000000e+00 2.100000000000000000e+01 8.860704292871222076e-01
3.000000000000000000e+00 2.200000000000000000e+01 9.851998830566903731e-01
3.000000000000000000e+00 2.300000000000000000e+01 9.020752996531262724e-01
3.000000000000000000e+00 2.400000000000000000e+01 9.123579252680016349e-01
3.000000000000000000e+00 2.500000000000000000e+01 1.023920374218578289e+00
3.000000000000000000e+00 2.600000000000000000e+01 1.067173586036046506e+00
3.000000000000000000e+00 2.700000000000000000e+01 1.101279108709830812e+00
3.000000000000000000e+00 2.800000000000000000e+01 1.005922852198745110e+00
3.000000000000000000e+00 2.900000000000000000e+01 9.999482646640980299e-01
3.000000000000000000e+00 3.000000000000000000e+01 1.006252625228529318e+00
3.000000000000000000e+00 3.100000000000000000e+01 1.043520310099709247e+00
3.000000000000000000e+00 3.200000000000000000e+01 1.146361348798322410e+00
4.000000000000000000e+00 5.000000000000000000e+00 5.683425531068067027e-01
4.000000000000000000e+00 6.000000000000000000e+00 6.413325810149269612e-01
4.000000000000000000e+00 7.000000000000000000e+00 6.350597270224980218e-01
4.000000000000000000e+00 8.000000000000000000e+00 7.160659455018298925e-01
4.000000000000000000e+00 9.000000000000000000e+00 6.841680830110445921e-01
4.000000000000000000e+00 1.000000000000000000e+01 6.933095150929622363e-01
4.000000000000000000e+00 1.100000000000000000e+01 7.176631121342916808e-01
4.000000000000000000e+00 1.200000000000000000e+01 7.194806239148491267e-01
4.000000000000000000e+00 1.300000000000000000e+01 8.266987713468239019e-01
4.000000000000000000e+00 1.400000000000000000e+01 1.016559526460948604e+00
4.000000000000000000e+00 1.500000000000000000e+01 8.623963673318142398e-01
4.000000000000000000e+00 1.600000000000000000e+01 9.593054502150990537e-01
4.000000000000000000e+00 1.700000000000000000e+01 9.878126764519776781e-01
4.000000000000000000e+00 1.800000000000000000e+01 9.746086014560195743e-01
4.000000000000000000e+00 1.900000000000000000e+01 1.035278168908703611e+00
4.000000000000000000e+00 2.000000000000000000e+01 9.991487167193591201e-01
4.000000000000000000e+00 2.100000000000000000e+01 8.815221328866382766e-01
4.000000000000000000e+00 2.200000000000000000e+01 9.950308215097700693e-01
4.000000000000000000e+00 2.300000000000000000e+01 8.981859688005950915e-01
4.000000000000000000e+00 2.400000000000000000e+01 9.094038489007478798e-01
4.000000000000000000e+00 2.500000000000000000e+01 1.029787991736297759e+00
4.000000000000000000e+00 2.600000000000000000e+01 1.072866425194285211e+00
4.000000000000000000e+00 2.700000000000000000e+01 1.106776975883512648e+00
4.000000000000000000e+00 2.800000000000000000e+01 1.007199503473136692e+00
4.000000000000000000e+00 2.900000000000000000e+01 1.000225236283995400e+00
4.000000000000000000e+00 3.000000000000000000e+01 1.004799699425422244e+00
4.000000000000000000e+00 3.100000000000000000e+01 1.045010763545108690e+00
4.000000000000000000e+00 3.200000000000000000e+01 1.150068380215857999e+00
5.000000000000000000e+00 6.000000000000000000e+00 5.467652727851687322e-01
5.000000000000000000e+00 7.000000000000000000e+00 5.902167319176323534e-01
5.000000000000000000e+00 8.000000000000000000e+00 6.630076557030077922e-01
5.000000000000000000e+00 9.000000000000000000e+00 7.140682398496662753e-01
5.000000000000000000e+00 1.000000000000000000e+01 6.392491666272577255e-01
5.000000000000000000e+00 1.100000000000000000e+01 7.215007164308634424e-01
5.000000000000000000e+00 1.200000000000000000e+01 7.072590712625811404e-01
5.000000000000000000e+00 1.300000000000000000e+01 8.345036040610001038e-01
5.000000000000000000e+00 1.400000000000000000e+01 9.997028601421558136e-01
5.000000000000000000e+00 1.500000000000000000e+01 8.646387869440719243e-01
5.000000000000000000e+00 1.600000000000000000e+01 9.437219069167164243e-01
5.000000000000000000e+00 1.700000000000000000e+01 9.720039595050617987e-01
5.000000000000000000e+00 1.800000000000000000e+01 9.594005410087960151e-01
5.000000000000000000e+00 1.900000000000000000e+01 1.020108333752998364e+00
5.000000000000000000e+00 2.000000000000000000e+01 9.842516589302350294e-01
5.000000000000000000e+00 2.100000000000000000e+01 8.781827861187057049e-01
5.000000000000000000e+00 2.200000000000000000e+01 9.812705099857577107e-01
5.000000000000000000e+00 2.300000000000000000e+01 8.945910164121519959e-01
5.000000000000000000e+00 2.400000000000000000e+01 9.051706849177516556e-01
5.000000000000000000e+00 2.500000000000000000e+01 1.018995372178805869e+00
5.000000000000000000e+00 2.600000000000000000e+01 1.062247147311722761e+00
5.000000000000000000e+00 2.700000000000000000e+01 1.096321513595203800e+00
5.000000000000000000e+00 2.800000000000000000e+01 1.000010772808509918e+00
5.000000000000000000e+00 2.900000000000000000e+01 9.938569530306047284e-01
5.000000000000000000e+00 3.000000000000000000e+01 9.999223776033820954e-01
5.000000000000000000e+00 3.100000000000000000e+01 1.037702825660798522e+00
5.000000000000000000e+00 3.200000000000000000e+01 1.141018229528107941e+00
6.000000000000000000e+00 7.000000000000000000e+00 5.318721271043724830e-01
6.000000000000000000e+00 8.000000000000000000e+00 6.006394842748146168e-01
6.000000000000000000e+00 9.000000000000000000e+00 7.210048068093979357e-01
6.000000000000000000e+00 1.000000000000000000e+01 5.467814919943294605e-01
6.000000000000000000e+00 1.100000000000000000e+01 7.079390409503557580e-01
6.000000000000000000e+00 1.200000000000000000e+01 6.774807393341278905e-01
6.000000000000000000e+00 1.300000000000000000e+01 8.294000745311709277e-01
6.000000000000000000e+00 1.400000000000000000e+01 9.805267604039311635e-01
6.000000000000000000e+00 1.500000000000000000e+01 8.557326142727068596e-01
6.000000000000000000e+00 1.600000000000000000e+01 9.246187629616189341e-01
6.000000000000000000e+00 1.700000000000000000e+01 9.530380316657069972e-01
6.000000000000000000e+00 1.800000000000000000e+01 9.405556802072587708e-01
6.000000000000000000e+00 1.900000000000000000e+01 1.001500992472132312e+00
6.000000000000000000e+00 2.000000000000000000e+01 9.656533687862254300e-01
6.000000000000000000e+00 2.100000000000000000e+01 8.651573529899290182e-01
6.000000000000000000e+00 2.200000000000000000e+01 9.631062481960148691e-01
6.000000000000000000e+00 2.300000000000000000e+01 8.817641295923608347e-01
6.000000000000000000e+00 2.400000000000000000e+01 8.920730815321873397e-01
6.000000000000000000e+00 2.500000000000000000e+01 1.002400693783410013e+00
6.000000000000000000e+00 2.600000000000000000e+01 1.045819365892611819e+00
6.000000000000000000e+00 2.700000000000000000e+01 1.080011660670798790e+00
6.000000000000000000e+00 2.800000000000000000e+01 9.856163020125940921e-01
6.000000000000000000e+00 2.900000000000000000e+01 9.800210756065577122e-01
6.000000000000000000e+00 3.000000000000000000e+01 9.872047376050945289e-01
6.000000000000000000e+00 3.100000000000000000e+01 1.023311581830116390e+00
6.000000000000000000e+00 3.200000000000000000e+01 1.125562193372201314e+00
7.000000000000000000e+00 8.000000000000000000e+00 6.464984354602028027e-01
7.000000000000000000e+00 9.000000000000000000e+00 6.869591716590608410e-01
7.000000000000000000e+00 1.000000000000000000e+01 5.811051399559095110e-01
7.000000000000000000e+00 1.100000000000000000e+01 6.662438125883939355e-01
7.000000000000000000e+00 1.200000000000000000e+01 6.338489832256485323e-01
7.000000000000000000e+00 1.300000000000000000e+01 8.107699600203530643e-01
7.000000000000000000e+00 1.400000000000000000e+01 9.818548501783159743e-01
7.000000000000000000e+00 1.500000000000000000e+01 8.404107177491160208e-01
7.000000000000000000e+00 1.600000000000000000e+01 9.241733881986147203e-01
7.000000000000000000e+00 1.700000000000000000e+01 9.530760035064871349e-01
7.000000000000000000e+00 1.800000000000000000e+01 9.398448323519619230e-01
7.000000000000000000e+00 1.900000000000000000e+01 1.001002204133586870e+00
7.000000000000000000e+00 2.000000000000000000e+01 9.647637839827065687e-01
7.000000000000000000e+00 2.100000000000000000e+01 8.529283520176225153e-01
7.000000000000000000e+00 2.200000000000000000e+01 9.610306395218823905e-01
7.000000000000000000e+00 2.300000000000000000e+01 8.704901790949186591e-01
7.000000000000000000e+00 2.400000000000000000e+01 8.815596511174099703e-01
7.000000000000000000e+00 2.500000000000000000e+01 9.977778501394096722e-01
7.000000000000000000e+00 2.600000000000000000e+01 1.041157028875269175e+00
7.000000000000000000e+00 2.700000000000000000e+01 1.075255067890116045e+00
7.000000000000000000e+00 2.800000000000000000e+01 9.783314945391821116e-01
7.000000000000000000e+00 2.900000000000000000e+01 9.722226193942682393e-01
7.000000000000000000e+00 3.000000000000000000e+01 9.786572400647082226e-01
7.000000000000000000e+00 3.100000000000000000e+01 1.016243345894701333e+00
7.000000000000000000e+00 3.200000000000000000e+01 1.119771328755419848e+00
8.000000000000000000e+00 9.000000000000000000e+00 7.638329827990109067e-01
8.000000000000000000e+00 1.000000000000000000e+01 5.333738665615270769e-01
8.000000000000000000e+00 1.100000000000000000e+01 7.391246052140240108e-01
8.000000000000000000e+00 1.200000000000000000e+01 6.996192353718547752e-01
8.000000000000000000e+00 1.300000000000000000e+01 8.442564383499584491e-01
8.000000000000000000e+00 1.400000000000000000e+01 9.540589586960948054e-01
8.000000000000000000e+00 1.500000000000000000e+01 8.624518341260070109e-01
8.000000000000000000e+00 1.600000000000000000e+01 9.003643415338431488e-01
8.000000000000000000e+00 1.700000000000000000e+01 9.283896888924048074e-01
8.000000000000000000e+00 1.800000000000000000e+01 9.169715345411222351e-01
8.000000000000000000e+00 1.900000000000000000e+01 9.779823972862169423e-01
8.000000000000000000e+00 2.000000000000000000e+01 9.426156238695024836e-01
8.000000000000000000e+00 2.100000000000000000e+01 8.632885691168457054e-01
8.000000000000000000e+00 2.200000000000000000e+01 9.420799094086456105e-01
8.000000000000000000e+00 2.300000000000000000e+01 8.789009565430221382e-01
8.000000000000000000e+00 2.400000000000000000e+01 8.879167606024656045e-01
8.000000000000000000e+00 2.500000000000000000e+01 9.865086084201295513e-01
8.000000000000000000e+00 2.600000000000000000e+01 1.030181437536646483e+00
8.000000000000000000e+00 2.700000000000000000e+01 1.064636592794616199e+00
8.000000000000000000e+00 2.800000000000000000e+01 9.757671501798170777e-01
8.000000000000000000e+00 2.900000000000000000e+01 9.714981903845099076e-01
8.000000000000000000e+00 3.000000000000000000e+01 9.809785436256479585e-01
8.000000000000000000e+00 3.100000000000000000e+01 1.013189103805388180e+00
8.000000000000000000e+00 3.200000000000000000e+01 1.112531315344869931e+00
9.000000000000000000e+00 1.000000000000000000e+01 7.363083554077771709e-01
9.000000000000000000e+00 1.100000000000000000e+01 6.290913364840459154e-01
9.000000000000000000e+00 1.200000000000000000e+01 6.867218829576545724e-01
9.000000000000000000e+00 1.300000000000000000e+01 7.628158727184886079e-01
9.000000000000000000e+00 1.400000000000000000e+01 1.015037891415982774e+00
9.000000000000000000e+00 1.500000000000000000e+01 8.155838514705506803e-01
9.000000000000000000e+00 1.600000000000000000e+01 9.540214320727571362e-01
9.000000000000000000e+00 1.700000000000000000e+01 9.834632441726907093e-01
9.000000000000000000e+00 1.800000000000000000e+01 9.686295501022268439e-01
9.000000000000000000e+00 1.900000000000000000e+01 1.029611337055239995e+00
9.000000000000000000e+00 2.000000000000000000e+01 9.926588071179700545e-01
9.000000000000000000e+00 2.100000000000000000e+01 8.468644052067901828e-01
9.000000000000000000e+00 2.200000000000000000e+01 9.858228243732642948e-01
9.000000000000000000e+00 2.300000000000000000e+01 8.657384194434862845e-01
9.000000000000000000e+00 2.400000000000000000e+01 8.789764069415835213e-01
9.000000000000000000e+00 2.500000000000000000e+01 1.014343466056007781e+00
9.000000000000000000e+00 2.600000000000000000e+01 1.057237903161930115e+00
9.000000000000000000e+00 2.700000000000000000e+01 1.090881283133252388e+00
9.000000000000000000e+00 2.800000000000000000e+01 9.848642314138749132e-01
9.000000000000000000e+00 2.900000000000000000e+01 9.764782596326289088e-01
9.000000000000000000e+00 3.000000000000000000e+01 9.788600062506129795e-01
9.000000000000000000e+00 3.100000000000000000e+01 1.023147456008870249e+00
9.000000000000000000e+00 3.200000000000000000e+01 1.131509353839109888e+00
1.000000000000000000e+01 1.100000000000000000e+01 7.054015799013980681e-01
1.000000000000000000e+01 1.200000000000000000e+01 6.568683349447229647e-01
1.000000000000000000e+01 1.300000000000000000e+01 8.267707517302156361e-01
1.000000000000000000e+01 1.400000000000000000e+01 9.604535255367618873e-01
1.000000000000000000e+01 1.500000000000000000e+01 8.481483725064222767e-01
1.000000000000000000e+01 1.600000000000000000e+01 9.044630353940328327e-01
1.000000000000000000e+01 1.700000000000000000e+01 9.331104386588304767e-01
1.000000000000000000e+01 1.800000000000000000e+01 9.207153838503567833e-01
1.000000000000000000e+01 1.900000000000000000e+01 9.819919496744919929e-01
1.000000000000000000e+01 2.000000000000000000e+01 9.461188381988880902e-01
1.000000000000000000e+01 2.100000000000000000e+01 8.524380313979389445e-01
1.000000000000000000e+01 2.200000000000000000e+01 9.440287024978510910e-01
1.000000000000000000e+01 2.300000000000000000e+01 8.691205073949732629e-01
1.000000000000000000e+01 2.400000000000000000e+01 8.790291430501380177e-01
1.000000000000000000e+01 2.500000000000000000e+01 9.851135774874362205e-01
1.000000000000000000e+01 2.600000000000000000e+01 1.028731403151930346e+00
1.000000000000000000e+01 2.700000000000000000e+01 1.063061343594445596e+00
1.000000000000000000e+01 2.800000000000000000e+01 9.708754202026879110e-01
1.000000000000000000e+01 2.900000000000000000e+01 9.659273596517627958e-01
1.000000000000000000e+01 3.000000000000000000e+01 9.743905518586100101e-01
1.000000000000000000e+01 3.100000000000000000e+01 1.008568775811292673e+00
1.000000000000000000e+01 3.200000000000000000e+01 1.109592404910821450e+00
1.100000000000000000e+01 1.200000000000000000e+01 5.759740671860532624e-01
1.100000000000000000e+01 1.300000000000000000e+01 7.478016125910129652e-01
1.100000000000000000e+01 1.400000000000000000e+01 9.847457553447047651e-01
1.100000000000000000e+01 1.500000000000000000e+01 7.907187481283528552e-01
1.100000000000000000e+01 1.600000000000000000e+01 9.226810808054817237e-01
1.100000000000000000e+01 1.700000000000000000e+01 9.526693941594059911e-01
1.100000000000000000e+01 1.800000000000000000e+01 9.375178679691926753e-01
1.100000000000000000e+01 1.900000000000000000e+01 9.990344580556584919e-01
1.100000000000000000e+01 2.000000000000000000e+01 9.618297697976661009e-01
1.100000000000000000e+01 2.100000000000000000e+01 8.152022564710514896e-01
1.100000000000000000e+01 2.200000000000000000e+01 9.548833212922354097e-01
1.100000000000000000e+01 2.300000000000000000e+01 8.362712081049092916e-01
1.100000000000000000e+01 2.400000000000000000e+01 8.500105527174601772e-01
1.100000000000000000e+01 2.500000000000000000e+01 9.843558657155186964e-01
1.100000000000000000e+01 2.600000000000000000e+01 1.027573782999792185e+00
1.100000000000000000e+01 2.700000000000000000e+01 1.061384427913303341e+00
1.100000000000000000e+01 2.800000000000000000e+01 9.570917086024646192e-01
1.100000000000000000e+01 2.900000000000000000e+01 9.494488704887800168e-01
1.100000000000000000e+01 3.000000000000000000e+01 9.536791285954064890e-01
1.100000000000000000e+01 3.100000000000000000e+01 9.956407678907110981e-01
1.100000000000000000e+01 3.200000000000000000e+01 1.102898158636191006e+00
1.200000000000000000e+01 1.300000000000000000e+01 7.743833985567656342e-01
1.200000000000000000e+01 1.400000000000000000e+01 9.646980701968792538e-01
1.200000000000000000e+01 1.500000000000000000e+01 8.021391161021904637e-01
1.200000000000000000e+01 1.600000000000000000e+01 9.035249509919767164e-01
1.200000000000000000e+01 1.700000000000000000e+01 9.335561552353974779e-01
1.200000000000000000e+01 1.800000000000000000e+01 9.189331795949620130e-01
1.200000000000000000e+01 1.900000000000000000e+01 9.807850815073291262e-01
1.200000000000000000e+01 2.000000000000000000e+01 9.437624851424379901e-01
1.200000000000000000e+01 2.100000000000000000e+01 8.141517766544648094e-01
1.200000000000000000e+01 2.200000000000000000e+01 9.380910805082594006e-01
1.200000000000000000e+01 2.300000000000000000e+01 8.344857894239972040e-01
1.200000000000000000e+01 2.400000000000000000e+01 8.469694171035067054e-01
1.200000000000000000e+01 2.500000000000000000e+01 9.714888756817527948e-01
1.200000000000000000e+01 2.600000000000000000e+01 1.015025383054242392e+00
1.200000000000000000e+01 2.700000000000000000e+01 1.049088786582347499e+00
1.200000000000000000e+01 2.800000000000000000e+01 9.493782454098302903e-01
1.200000000000000000e+01 2.900000000000000000e+01 9.429680574298107132e-01
1.200000000000000000e+01 3.000000000000000000e+01 9.494626541396131714e-01
1.200000000000000000e+01 3.100000000000000000e+01 9.878008056897178424e-01
1.200000000000000000e+01 3.200000000000000000e+01 1.092582102183748738e+00
1.300000000000000000e+01 1.400000000000000000e+01 1.017238934541822459e+00
1.300000000000000000e+01 1.500000000000000000e+01 6.830201498080539224e-01
1.300000000000000000e+01 1.600000000000000000e+01 9.504964837389549004e-01
1.300000000000000000e+01 1.700000000000000000e+01 9.809697422825316426e-01
1.300000000000000000e+01 1.800000000000000000e+01 9.634557350023995603e-01
1.300000000000000000e+01 1.900000000000000000e+01 1.024311215209486869e+00
1.300000000000000000e+01 2.000000000000000000e+01 9.861270147560270427e-01
1.300000000000000000e+01 2.100000000000000000e+01 7.768697882323085668e-01
1.300000000000000000e+01 2.200000000000000000e+01 9.742392454700234961e-01
1.300000000000000000e+01 2.300000000000000000e+01 8.003341272338353463e-01
1.300000000000000000e+01 2.400000000000000000e+01 8.191163737991586924e-01
1.300000000000000000e+01 2.500000000000000000e+01 9.896495759172996287e-01
1.300000000000000000e+01 2.600000000000000000e+01 1.031869185629865848e+00
1.300000000000000000e+01 2.700000000000000000e+01 1.064832994426777368e+00
1.300000000000000000e+01 2.800000000000000000e+01 9.443945800972339821e-01
1.300000000000000000e+01 2.900000000000000000e+01 9.325220329660779406e-01
1.300000000000000000e+01 3.000000000000000000e+01 9.292632601012016380e-01
1.300000000000000000e+01 3.100000000000000000e+01 9.835580225448825598e-01
1.300000000000000000e+01 3.200000000000000000e+01 1.099451158553446994e+00
1.400000000000000000e+01 1.500000000000000000e+01 9.973256727371477837e-01
1.400000000000000000e+01 1.600000000000000000e+01 6.556385806258797633e-01
1.400000000000000000e+01 1.700000000000000000e+01 5.732025405889478176e-01
1.400000000000000000e+01 1.800000000000000000e+01 6.457085976808256689e-01
1.400000000000000000e+01 1.900000000000000000e+01 6.082490084748413128e-01
1.400000000000000000e+01 2.000000000000000000e+01 6.376125058271411294e-01
1.400000000000000000e+01 2.100000000000000000e+01 9.523413277835188762e-01
1.400000000000000000e+01 2.200000000000000000e+01 7.165972516335818998e-01
1.400000000000000000e+01 2.300000000000000000e+01 9.517095050560691050e-01
1.400000000000000000e+01 2.400000000000000000e+01 9.461010737043149543e-01
1.400000000000000000e+01 2.500000000000000000e+01 8.634091957933582862e-01
1.400000000000000000e+01 2.600000000000000000e+01 9.021725323717928458e-01
1.400000000000000000e+01 2.700000000000000000e+01 9.382380086229313854e-01
1.400000000000000000e+01 2.800000000000000000e+01 9.452754626514836556e-01
1.400000000000000000e+01 2.900000000000000000e+01 9.565221255854821081e-01
1.400000000000000000e+01 3.000000000000000000e+01 9.876212275229399040e-01
1.400000000000000000e+01 3.100000000000000000e+01 9.732868704185511088e-01
1.400000000000000000e+01 3.200000000000000000e+01 1.025598375907347926e+00
1.500000000000000000e+01 1.600000000000000000e+01 9.273453529212223323e-01
1.500000000000000000e+01 1.700000000000000000e+01 9.583862000669338688e-01
1.500000000000000000e+01 1.800000000000000000e+01 9.393354872716503934e-01
1.500000000000000000e+01 1.900000000000000000e+01 1.000109897187224872e+00
1.500000000000000000e+01 2.000000000000000000e+01 9.612180086389263689e-01
1.500000000000000000e+01 2.100000000000000000e+01 6.939854399743003999e-01
1.500000000000000000e+01 2.200000000000000000e+01 9.464051511889637336e-01
1.500000000000000000e+01 2.300000000000000000e+01 7.260845446757584476e-01
1.500000000000000000e+01 2.400000000000000000e+01 7.532688652545720398e-01
1.500000000000000000e+01 2.500000000000000000e+01 9.543213718429170989e-01
1.500000000000000000e+01 2.600000000000000000e+01 9.963043320167714878e-01
1.500000000000000000e+01 2.700000000000000000e+01 1.028952893387670375e+00
1.500000000000000000e+01 2.800000000000000000e+01 9.003406172706995836e-01
1.500000000000000000e+01 2.900000000000000000e+01 8.867247717569104459e-01
1.500000000000000000e+01 3.000000000000000000e+01 8.817875428718857655e-01
1.500000000000000000e+01 3.100000000000000000e+01 9.405574381339671941e-01
1.500000000000000000e+01 3.200000000000000000e+01 1.060465392844749388e+00
1.600000000000000000e+01 1.700000000000000000e+01 5.482682229159536735e-01
1.600000000000000000e+01 1.800000000000000000e+01 4.619405271723917572e-01
1.600000000000000000e+01 1.900000000000000000e+01 6.516217806369690724e-01
1.600000000000000000e+01 2.000000000000000000e+01 5.790718287519991403e-01
1.600000000000000000e+01 2.100000000000000000e+01 8.779861462380562642e-01
1.600000000000000000e+01 2.200000000000000000e+01 6.192964561128238010e-01
1.600000000000000000e+01 2.300000000000000000e+01 8.760286266079486683e-01
1.600000000000000000e+01 2.400000000000000000e+01 8.691643364403855987e-01
1.600000000000000000e+01 2.500000000000000000e+01 7.818884862203150377e-01
1.600000000000000000e+01 2.600000000000000000e+01 8.263290510898542163e-01
1.600000000000000000e+01 2.700000000000000000e+01 8.641012145732478444e-01
1.600000000000000000e+01 2.800000000000000000e+01 8.646408709177231255e-01
1.600000000000000000e+01 2.900000000000000000e+01 8.766815019095526296e-01
1.600000000000000000e+01 3.000000000000000000e+01 9.094358223485161652e-01
1.600000000000000000e+01 3.100000000000000000e+01 8.937036001575358046e-01
1.600000000000000000e+01 3.200000000000000000e+01 9.485194289231708709e-01
1.700000000000000000e+01 1.800000000000000000e+01 5.052957997198432860e-01
1.700000000000000000e+01 1.900000000000000000e+01 5.626844590995807582e-01
1.700000000000000000e+01 2.000000000000000000e+01 5.101637018279290281e-01
1.700000000000000000e+01 2.100000000000000000e+01 9.101531284900439278e-01
1.700000000000000000e+01 2.200000000000000000e+01 6.281070743969425774e-01
1.700000000000000000e+01 2.300000000000000000e+01 9.079979278066436787e-01
1.700000000000000000e+01 2.400000000000000000e+01 9.010615363352780793e-01
1.700000000000000000e+01 2.500000000000000000e+01 8.003994913187582050e-01
1.700000000000000000e+01 2.600000000000000000e+01 8.401578953910726622e-01
1.700000000000000000e+01 2.700000000000000000e+01 8.769038497402932286e-01
1.700000000000000000e+01 2.800000000000000000e+01 8.915790736555038176e-01
1.700000000000000000e+01 2.900000000000000000e+01 9.043022153482382919e-01
1.700000000000000000e+01 3.000000000000000000e+01 9.373915931190652806e-01
1.700000000000000000e+01 3.100000000000000000e+01 9.188038691296276372e-01
1.700000000000000000e+01 3.200000000000000000e+01 9.673080981932851152e-01
1.800000000000000000e+01 1.900000000000000000e+01 6.121256082074963967e-01
1.800000000000000000e+01 2.000000000000000000e+01 5.052767675065321651e-01
1.800000000000000000e+01 2.100000000000000000e+01 8.891095603140977133e-01
1.800000000000000000e+01 2.200000000000000000e+01 5.790472611939840863e-01
1.800000000000000000e+01 2.300000000000000000e+01 8.861472811765565005e-01
1.800000000000000000e+01 2.400000000000000000e+01 8.784859744748816368e-01
1.800000000000000000e+01 2.500000000000000000e+01 7.716038203135500151e-01
1.800000000000000000e+01 2.600000000000000000e+01 8.142417070853376071e-01
1.800000000000000000e+01 2.700000000000000000e+01 8.519660311742622838e-01
1.800000000000000000e+01 2.800000000000000000e+01 8.655936657114480237e-01
1.800000000000000000e+01 2.900000000000000000e+01 8.789473456916931937e-01
1.800000000000000000e+01 3.000000000000000000e+01 9.130624723203983883e-01
1.800000000000000000e+01 3.100000000000000000e+01 8.930375805458206084e-01
1.800000000000000000e+01 3.200000000000000000e+01 9.417737094997873371e-01
1.900000000000000000e+01 2.000000000000000000e+01 5.345917963406447981e-01
1.900000000000000000e+01 2.100000000000000000e+01 9.503929641220094648e-01
1.900000000000000000e+01 2.200000000000000000e+01 6.388121982807393184e-01
1.900000000000000000e+01 2.300000000000000000e+01 9.467379264914685955e-01
1.900000000000000000e+01 2.400000000000000000e+01 9.386103379318817552e-01
1.900000000000000000e+01 2.500000000000000000e+01 8.087429927238285465e-01
1.900000000000000000e+01 2.600000000000000000e+01 8.421222620920973956e-01
1.900000000000000000e+01 2.700000000000000000e+01 8.775025536635130408e-01
1.900000000000000000e+01 2.800000000000000000e+01 9.163117788800108077e-01
1.900000000000000000e+01 2.900000000000000000e+01 9.310117534888848745e-01
1.900000000000000000e+01 3.000000000000000000e+01 9.660980566588972529e-01
1.900000000000000000e+01 3.100000000000000000e+01 9.406325114312543700e-01
1.900000000000000000e+01 3.200000000000000000e+01 9.780302325122409712e-01
2.000000000000000000e+01 2.100000000000000000e+01 9.104560812371704781e-01
2.000000000000000000e+01 2.200000000000000000e+01 5.585928745910997417e-01
2.000000000000000000e+01 2.300000000000000000e+01 9.065470618791420243e-01
2.000000000000000000e+01 2.400000000000000000e+01 8.981589510186498426e-01
2.000000000000000000e+01 2.500000000000000000e+01 7.692588128421522509e-01
2.000000000000000000e+01 2.600000000000000000e+01 8.072824101341706804e-01
2.000000000000000000e+01 2.700000000000000000e+01 8.442045266961604177e-01
2.000000000000000000e+01 2.800000000000000000e+01 8.761187385380575510e-01
2.000000000000000000e+01 2.900000000000000000e+01 8.908673882672792921e-01
2.000000000000000000e+01 3.000000000000000000e+01 9.262832490634500537e-01
2.000000000000000000e+01 3.100000000000000000e+01 9.013035709373837800e-01
2.000000000000000000e+01 3.200000000000000000e+01 9.416921998344336409e-01
2.100000000000000000e+01 2.200000000000000000e+01 8.923098723756115458e-01
2.100000000000000000e+01 2.300000000000000000e+01 5.498225203498494640e-01
2.100000000000000000e+01 2.400000000000000000e+01 6.232654640934689461e-01
2.100000000000000000e+01 2.500000000000000000e+01 8.938059282827546248e-01
2.100000000000000000e+01 2.600000000000000000e+01 9.365997118709408209e-01
2.100000000000000000e+01 2.700000000000000000e+01 9.694443332329241159e-01
2.100000000000000000e+01 2.800000000000000000e+01 8.359107682154809371e-01
2.100000000000000000e+01 2.900000000000000000e+01 8.230085822874368962e-01
2.100000000000000000e+01 3.000000000000000000e+01 8.246010466821434015e-01
2.100000000000000000e+01 3.100000000000000000e+01 8.791815314484077160e-01
2.100000000000000000e+01 3.200000000000000000e+01 1.000274020629525751e+00
2.200000000000000000e+01 2.300000000000000000e+01 8.862687824131856296e-01
2.200000000000000000e+01 2.400000000000000000e+01 8.760858388743419933e-01
2.200000000000000000e+01 2.500000000000000000e+01 7.145572210674799862e-01
2.200000000000000000e+01 2.600000000000000000e+01 7.575142460975070602e-01
2.200000000000000000e+01 2.700000000000000000e+01 7.970030754523360628e-01
2.200000000000000000e+01 2.800000000000000000e+01 8.401254875593797689e-01
2.200000000000000000e+01 2.900000000000000000e+01 8.572177599770101075e-01
2.200000000000000000e+01 3.000000000000000000e+01 8.955219651567420946e-01
2.200000000000000000e+01 3.100000000000000000e+01 8.639281613433518192e-01
2.200000000000000000e+01 3.200000000000000000e+01 8.987515304148483430e-01
2.300000000000000000e+01 2.400000000000000000e+01 5.161841836077385448e-01
2.300000000000000000e+01 2.500000000000000000e+01 8.805959565762244701e-01
2.300000000000000000e+01 2.600000000000000000e+01 9.229045789639565012e-01
2.300000000000000000e+01 2.700000000000000000e+01 9.553513922438687800e-01
2.300000000000000000e+01 2.800000000000000000e+01 8.125405055244068198e-01
2.300000000000000000e+01 2.900000000000000000e+01 7.974486970756577975e-01
2.300000000000000000e+01 3.000000000000000000e+01 7.979364517943290380e-01
2.300000000000000000e+01 3.100000000000000000e+01 8.573299252851620533e-01
2.300000000000000000e+01 3.200000000000000000e+01 9.828992936286722326e-01
2.400000000000000000e+01 2.500000000000000000e+01 8.647370608945332826e-01
2.400000000000000000e+01 2.600000000000000000e+01 9.068853472082334388e-01
2.400000000000000000e+01 2.700000000000000000e+01 9.391261038117741933e-01
2.400000000000000000e+01 2.800000000000000000e+01 7.891118504576608572e-01
2.400000000000000000e+01 2.900000000000000000e+01 7.728203593277069849e-01
2.400000000000000000e+01 3.000000000000000000e+01 7.751318187007749660e-01
2.400000000000000000e+01 3.100000000000000000e+01 8.359132951934167277e-01
2.400000000000000000e+01 3.200000000000000000e+01 9.645562191428180832e-01
2.500000000000000000e+01 2.600000000000000000e+01 5.866619402689958740e-01
2.500000000000000000e+01 2.700000000000000000e+01 6.622672797733621941e-01
2.500000000000000000e+01 2.800000000000000000e+01 7.606605387403664320e-01
2.500000000000000000e+01 2.900000000000000000e+01 7.895469925217781793e-01
2.500000000000000000e+01 3.000000000000000000e+01 8.393239535122165584e-01
2.500000000000000000e+01 3.100000000000000000e+01 7.722366538237557254e-01
2.500000000000000000e+01 3.200000000000000000e+01 7.761523326908070786e-01
2.600000000000000000e+01 2.700000000000000000e+01 5.315531203688101947e-01
2.600000000000000000e+01 2.800000000000000000e+01 7.912741120008861540e-01
2.600000000000000000e+01 2.900000000000000000e+01 8.203524123399488222e-01
2.600000000000000000e+01 3.000000000000000000e+01 8.690089776979434966e-01
2.600000000000000000e+01 3.100000000000000000e+01 7.903680095495877467e-01
2.600000000000000000e+01 3.200000000000000000e+01 7.406684422494995701e-01
2.700000000000000000e+01 2.800000000000000000e+01 8.175154078975295224e-01
2.700000000000000000e+01 2.900000000000000000e+01 8.463894479962672523e-01
2.700000000000000000e+01 3.000000000000000000e+01 8.942977205937885365e-01
2.700000000000000000e+01 3.100000000000000000e+01 8.100288769289634150e-01
2.700000000000000000e+01 3.200000000000000000e+01 7.224546561129447930e-01
2.800000000000000000e+01 2.900000000000000000e+01 5.302247447883101650e-01
2.800000000000000000e+01 3.000000000000000000e+01 6.692251932291508609e-01
2.800000000000000000e+01 3.100000000000000000e+01 5.877556498396767637e-01
2.800000000000000000e+01 3.200000000000000000e+01 8.044951368650963275e-01
2.900000000000000000e+01 3.000000000000000000e+01 6.079657126220172625e-01
2.900000000000000000e+01 3.100000000000000000e+01 6.270935396632391079e-01
2.900000000000000000e+01 3.200000000000000000e+01 8.337217666549436856e-01
3.000000000000000000e+01 3.100000000000000000e+01 6.955626742527314388e-01
3.000000000000000000e+01 3.200000000000000000e+01 8.797152364793516810e-01
3.100000000000000000e+01 3.200000000000000000e+01 7.650658148789921675e-01
