1.000000000000000000e+00 2.000000000000000000e+00 8.670785604528953305e-01
1.000000000000000000e+00 3.000000000000000000e+00 9.806688008608783758e-01
1.000000000000000000e+00 4.000000000000000000e+00 9.616513866682500078e-01
1.000000000000000000e+00 5.000000000000000000e+00 9.775213309392792871e-01
1.000000000000000000e+00 6.000000000000000000e+00 9.881280172193103173e-01
1.000000000000000000e+00 7.000000000000000000e+00 9.814832188846992489e-01
1.000000000000000000e+00 8.000000000000000000e+00 1.009287555792236279e+00
1.000000000000000000e+00 9.000000000000000000e+00 9.498534128237200447e-01
1.000000000000000000e+00 1.000000000000000000e+01 9.990890742280890136e-01
1.000000000000000000e+00 1.100000000000000000e+01 9.725519739628359916e-01
1.000000000000000000e+00 1.200000000000000000e+01 9.872181678473415101e-01
1.000000000000000000e+00 1.300000000000000000e+01 9.652480506367940860e-01
1.000000000000000000e+00 1.400000000000000000e+01 1.217939842364320846e+00
1.000000000000000000e+00 1.500000000000000000e+01 9.976390931366964088e-01
1.000000000000000000e+00 1.600000000000000000e+01 1.156055513658862388e+00
1.000000000000000000e+00 1.700000000000000000e+01 1.185014263148866487e+00
1.000000000000000000e+00 1.800000000000000000e+01 1.169486513875902300e+00
1.000000000000000000e+00 1.900000000000000000e+01 1.229434792174504354e+00
1.000000000000000000e+00 2.000000000000000000e+01 1.192358982627962583e+00
1.000000000000000000e+00 2.100000000000000000e+01 1.034269096464925042e+00
1.000000000000000000e+00 2.200000000000000000e+01 1.183346199939639298e+00
1.000000000000000000e+00 2.300000000000000000e+01 1.046323613313372203e+00
1.000000000000000000e+00 2.400000000000000000e+01 1.057768232204549408e+00
1.000000000000000000e+00 2.500000000000000000e+01 1.203775622172967852e+00
1.000000000000000000e+00 2.600000000000000000e+01 1.245581166330996803e+00
1.000000000000000000e+00 2.700000000000000000e+01 1.278506513057815930e+00
1.000000000000000000e+00 2.800000000000000000e+01 1.162160826790139989e+00
1.000000000000000000e+00 2.900000000000000000e+01 1.150423804801048222e+00
1.000000000000000000e+00 3.000000000000000000e+01 1.145096757039676616e+00
1.000000000000000000e+00 3.100000000000000000e+01 1.199843235001995190e+00
1.000000000000000000e+00 3.200000000000000000e+01 1.314231539645133617e+00
2.000000000000000000e+00 3.000000000000000000e+00 8.374487573294608911e-01
2.000000000000000000e+00 4.000000000000000000e+00 8.073519622926826900e-01
2.000000000000000000e+00 5.000000000000000000e+00 8.320127496484036600e-01
2.000000000000000000e+00 6.000000000000000000e+00 8.464222552794797849e-01
2.000000000000000000e+00 7.000000000000000000e+00 8.367163467250352538e-01
2.000000000000000000e+00 8.000000000000000000e+00 8.742938791586700731e-01
2.000000000000000000e+00 9.000000000000000000e+00 7.867122391851469887e-01
2.000000000000000000e+00 1.000000000000000000e+01 8.611103235411491363e-01
2.000000000000000000e+00 1.100000000000000000e+01 8.267835529870856126e-01
2.000000000000000000e+00 1.200000000000000000e+01 8.469349119583118313e-01
2.000000000000000000e+00 1.300000000000000000e+01 8.405604911937373247e-01
2.000000000000000000e+00 1.400000000000000000e+01 1.100170642882221550e+00
2.000000000000000000e+00 1.500000000000000000e+01 8.866347860448767770e-01
2.000000000000000000e+00 1.600000000000000000e+01 1.039134582970881127e+00
2.000000000000000000e+00 1.700000000000000000e+01 1.068124128349164259e+00
2.000000000000000000e+00 1.800000000000000000e+01 1.053066761669715135e+00
2.000000000000000000e+00 1.900000000000000000e+01 1.113328779395584389e+00
2.000000000000000000e+00 2.000000000000000000e+01 1.076411811026443566e+00
2.000000000000000000e+00 2.100000000000000000e+01 9.240808902663704139e-01
2.000000000000000000e+00 2.200000000000000000e+01 1.068532143300956694e+00
2.000000000000000000e+00 2.300000000000000000e+01 9.388944402319268079e-01
2.000000000000000000e+00 2.400000000000000000e+01 9.511971428310073140e-01
2.000000000000000000e+00 2.500000000000000000e+01 1.092673359591580295e+00
2.000000000000000000e+00 2.600000000000000000e+01 1.134917116019408256e+00
2.000000000000000000e+00 2.700000000000000000e+01 1.168146027613207405e+00
2.000000000000000000e+00 2.800000000000000000e+01 1.056353681644139009e+00
2.000000000000000000e+00 2.900000000000000000e+01 1.046039059087628287e+00
2.000000000000000000e+00 3.000000000000000000e+01 1.043984341906510460e+00
2.000000000000000000e+00 3.100000000000000000e+01 1.094272796693859906e+00
2.000000000000000000e+00 3.200000000000000000e+01 1.206026678837292865e+00
3.000000000000000000e+00 4.000000000000000000e+00 5.995629761599540197e-01
3.000000000000000000e+00 5.000000000000000000e+00 4.613912642717735713e-01
3.000000000000000000e+00 6.000000000000000000e+00 5.761444931251364920e-01
3.000000000000000000e+00 7.000000000000000000e+00 6.281524851975016643e-01
3.000000000000000000e+00 8.000000000000000000e+00 6.631266570965443918e-01
3.000000000000000000e+00 9.000000000000000000e+00 7.326764203743910686e-01
3.000000000000000000e+00 1.000000000000000000e+01 6.520303133383859029e-01
3.000000000000000000e+00 1.100000000000000000e+01 7.397033901835939895e-01
3.000000000000000000e+00 1.200000000000000000e+01 7.251268759852178558e-01
3.000000000000000000e+00 1.300000000000000000e+01 8.441810644071950920e-01
3.000000000000000000e+00 1.400000000000000000e+01 1.001956955122338400e+00
3.000000000000000000e+00 1.500000000000000000e+01 8.729035673237716120e-01
3.000000000000000000e+00 1.600000000000000000e+01 9.467781473107237389e-01
3.000000000000000000e+00 1.700000000000000000e+01 9.748158205777879282e-01
3.000000000000000000e+00 1.800000000000000000e+01 9.625332603024858713e-01
3.000000000000000000e+00 1.900000000000000000e+01 1.023103968025404376e+00
3.000000000000000000e+00 2.000000000000000000e+01 9.874240327013108498e-01
3.000000000000000000e+00 2.100000000000000000e+01 8.854966391240219892e-01
3.000000000000000000e+00 2.200000000000000000e+01 9.849076544408816858e-01
3.000000000000000000e+00 2.300000000000000000e+01 9.014592208609177870e-01
3.000000000000000000e+00 2.400000000000000000e+01 9.117406754852408479e-01
3.000000000000000000e+00 2.500000000000000000e+01 1.023521060581199960e+00
3.000000000000000000e+00 2.600000000000000000e+01 1.066765284459300966e+00
3.000000000000000000e+00 2.700000000000000000e+01 1.100862806914581604e+00
3.000000000000000000e+00 2.800000000000000000e+01 1.005361599658489258e+00
3.000000000000000000e+00 2.900000000000000000e+01 9.993430034553656416e-01
3.000000000000000000e+00 3.000000000000000000e+01 1.005550286066042132e+00
3.000000000000000000e+00 3.100000000000000000e+01 1.042958314991540902e+00
3.000000000000000000e+00 3.200000000000000000e+01 1.145882210624262987e+00
4.000000000000000000e+00 5.000000000000000000e+00 5.683424110337772506e-01
4.000000000000000000e+00 6.000000000000000000e+00 6.413274038081964168e-01
4.000000000000000000e+00 7.000000000000000000e+00 6.350428594588056752e-01
4.000000000000000000e+00 8.000000000000000000e+00 7.160567598195428651e-01
4.000000000000000000e+00 9.000000000000000000e+00 6.840988407223808077e-01
4.000000000000000000e+00 1.000000000000000000e+01 6.932927464842856269e-01
4.000000000000000000e+00 1.100000000000000000e+01 7.175540378680075326e-01
4.000000000000000000e+00 1.200000000000000000e+01 7.193958883865263498e-01
4.000000000000000000e+00 1.300000000000000000e+01 8.261985436453459508e-01
4.000000000000000000e+00 1.400000000000000000e+01 1.016389633138726545e+00
4.000000000000000000e+00 1.500000000000000000e+01 8.617830414920529813e-01
4.000000000000000000e+00 1.600000000000000000e+01 9.591027867272141627e-01
4.000000000000000000e+00 1.700000000000000000e+01 9.876158350633614802e-01
4.000000000000000000e+00 1.800000000000000000e+01 9.743959084023465778e-01
4.000000000000000000e+00 1.900000000000000000e+01 1.035064040062272595e+00
4.000000000000000000e+00 2.000000000000000000e+01 9.989272294710871414e-01
4.000000000000000000e+00 2.100000000000000000e+01 8.810036670861980390e-01
4.000000000000000000e+00 2.200000000000000000e+01 9.947766902343464501e-01
4.000000000000000000e+00 2.300000000000000000e+01 8.976269660637048453e-01
4.000000000000000000e+00 2.400000000000000000e+01 9.088435409972246415e-01
4.000000000000000000e+00 2.500000000000000000e+01 1.029433628528993117e+00
4.000000000000000000e+00 2.600000000000000000e+01 1.072503584485106076e+00
4.000000000000000000e+00 2.700000000000000000e+01 1.106406482998284702e+00
4.000000000000000000e+00 2.800000000000000000e+01 1.006691887177424416e+00
4.000000000000000000e+00 2.900000000000000000e+01 9.996757349146110361e-01
4.000000000000000000e+00 3.000000000000000000e+01 1.004157460195536311e+00
4.000000000000000000e+00 3.100000000000000000e+01 1.044502381361852361e+00
4.000000000000000000e+00 3.200000000000000000e+01 1.149638518335395210e+00
5.000000000000000000e+00 6.000000000000000000e+00 5.467611736726614158e-01
5.000000000000000000e+00 7.000000000000000000e+00 5.902008516683748818e-01
5.000000000000000000e+00 8.000000000000000000e+00 6.630001022627887153e-01
5.000000000000000000e+00 9.000000000000000000e+00 7.139994437109190573e-01
5.000000000000000000e+00 1.000000000000000000e+01 6.392339791316917763e-01
5.000000000000000000e+00 1.100000000000000000e+01 7.213936194286735271e-01
5.000000000000000000e+00 1.200000000000000000e+01 7.071765517865398198e-01
5.000000000000000000e+00 1.300000000000000000e+01 8.340083000731298712e-01
5.000000000000000000e+00 1.400000000000000000e+01 9.995378302092881029e-01
5.000000000000000000e+00 1.500000000000000000e+01 8.640323959309338386e-01
5.000000000000000000e+00 1.600000000000000000e+01 9.435243780055229124e-01
5.000000000000000000e+00 1.700000000000000000e+01 9.718122180557200451e-01
5.000000000000000000e+00 1.800000000000000000e+01 9.591930770318723987e-01
5.000000000000000000e+00 1.900000000000000000e+01 1.019899473018208491e+00
5.000000000000000000e+00 2.000000000000000000e+01 9.840354850060251124e-01
5.000000000000000000e+00 2.100000000000000000e+01 8.776713537395894882e-01
5.000000000000000000e+00 2.200000000000000000e+01 9.810219707472360717e-01
5.000000000000000000e+00 2.300000000000000000e+01 8.940395181634239741e-01
5.000000000000000000e+00 2.400000000000000000e+01 9.046180172592903634e-01
5.000000000000000000e+00 2.500000000000000000e+01 1.018647459820057888e+00
5.000000000000000000e+00 2.600000000000000000e+01 1.061890846631775576e+00
5.000000000000000000e+00 2.700000000000000000e+01 1.095957694894562184e+00
5.000000000000000000e+00 2.800000000000000000e+01 9.995107939190837065e-01
5.000000000000000000e+00 2.900000000000000000e+01 9.933153846486388883e-01
5.000000000000000000e+00 3.000000000000000000e+01 9.992887397073102473e-01
5.000000000000000000e+00 3.100000000000000000e+01 1.037202125484319559e+00
5.000000000000000000e+00 3.200000000000000000e+01 1.140595527743126558e+00
6.000000000000000000e+00 7.000000000000000000e+00 5.318681019664882603e-01
6.000000000000000000e+00 8.000000000000000000e+00 6.006390153125495956e-01
6.000000000000000000e+00 9.000000000000000000e+00 7.209643150272181389e-01
6.000000000000000000e+00 1.000000000000000000e+01 5.467780322502578949e-01
6.000000000000000000e+00 1.100000000000000000e+01 7.078693079765466800e-01
6.000000000000000000e+00 1.200000000000000000e+01 6.774307595350486100e-01
6.000000000000000000e+00 1.300000000000000000e+01 8.289904568681801811e-01
6.000000000000000000e+00 1.400000000000000000e+01 9.804097924919865648e-01
6.000000000000000000e+00 1.500000000000000000e+01 8.552219114035436442e-01
6.000000000000000000e+00 1.600000000000000000e+01 9.244741847107245114e-01
6.000000000000000000e+00 1.700000000000000000e+01 9.528983950152234428e-01
6.000000000000000000e+00 1.800000000000000000e+01 9.404025725198379426e-01
6.000000000000000000e+00 1.900000000000000000e+01 1.001346669867136496e+00
6.000000000000000000e+00 2.000000000000000000e+01 9.654927483468744853e-01
6.000000000000000000e+00 2.100000000000000000e+01 8.647335955469621638e-01
6.000000000000000000e+00 2.200000000000000000e+01 9.629175487058350136e-01
6.000000000000000000e+00 2.300000000000000000e+01 8.813038667401607018e-01
6.000000000000000000e+00 2.400000000000000000e+01 8.916117633054188030e-01
6.000000000000000000e+00 2.500000000000000000e+01 1.002124332554833908e+00
6.000000000000000000e+00 2.600000000000000000e+01 1.045535544570803443e+00
6.000000000000000000e+00 2.700000000000000000e+01 1.079721130667427698e+00
6.000000000000000000e+00 2.800000000000000000e+01 9.852029415729846029e-01
6.000000000000000000e+00 2.900000000000000000e+01 9.795698215003889597e-01
6.000000000000000000e+00 3.000000000000000000e+01 9.866691115270358470e-01
6.000000000000000000e+00 3.100000000000000000e+01 1.022897568473895014e+00
6.000000000000000000e+00 3.200000000000000000e+01 1.125218825171145243e+00
7.000000000000000000e+00 8.000000000000000000e+00 6.464962413956039100e-01
7.000000000000000000e+00 9.000000000000000000e+00 6.869396916898323768e-01
7.000000000000000000e+00 1.000000000000000000e+01 5.811049754649056931e-01
7.000000000000000000e+00 1.100000000000000000e+01 6.662030742960748375e-01
7.000000000000000000e+00 1.200000000000000000e+01 6.338228197743969172e-01
7.000000000000000000e+00 1.300000000000000000e+01 8.104357207044322609e-01
7.000000000000000000e+00 1.400000000000000000e+01 9.817752187534258823e-01
7.000000000000000000e+00 1.500000000000000000e+01 8.399838093320018961e-01
7.000000000000000000e+00 1.600000000000000000e+01 9.240708609549592722e-01
7.000000000000000000e+00 1.700000000000000000e+01 9.529775972062739520e-01
7.000000000000000000e+00 1.800000000000000000e+01 9.397351225464252167e-01
7.000000000000000000e+00 1.900000000000000000e+01 1.000891442058016390e+00
7.000000000000000000e+00 2.000000000000000000e+01 9.646477142225902135e-01
7.000000000000000000e+00 2.100000000000000000e+01 8.525801691915515512e-01
7.000000000000000000e+00 2.200000000000000000e+01 9.608906092104692043e-01
7.000000000000000000e+00 2.300000000000000000e+01 8.701086950232710393e-01
7.000000000000000000e+00 2.400000000000000000e+01 8.811771087714117545e-01
7.000000000000000000e+00 2.500000000000000000e+01 9.975612771182567062e-01
7.000000000000000000e+00 2.600000000000000000e+01 1.040933865285216475e+00
7.000000000000000000e+00 2.700000000000000000e+01 1.075025878528694356e+00
7.000000000000000000e+00 2.800000000000000000e+01 9.779921581391537444e-01
7.000000000000000000e+00 2.900000000000000000e+01 9.718488718584941122e-01
7.000000000000000000e+00 3.000000000000000000e+01 9.782063474097346667e-01
7.000000000000000000e+00 3.100000000000000000e+01 1.015903382391674992e+00
7.000000000000000000e+00 3.200000000000000000e+01 1.119494995678214755e+00
8.000000000000000000e+00 9.000000000000000000e+00 7.637985760426541093e-01
8.000000000000000000e+00 1.000000000000000000e+01 5.333723112705431868e-01
8.000000000000000000e+00 1.100000000000000000e+01 7.390647960389112869e-01
8.000000000000000000e+00 1.200000000000000000e+01 6.995777934810316623e-01
8.000000000000000000e+00 1.300000000000000000e+01 8.438731463682013212e-01
8.000000000000000000e+00 1.400000000000000000e+01 9.539570338383809300e-01
8.000000000000000000e+00 1.500000000000000000e+01 8.619718280133473742e-01
8.000000000000000000e+00 1.600000000000000000e+01 9.002364552208392823e-01
8.000000000000000000e+00 1.700000000000000000e+01 9.282664602631451878e-01
8.000000000000000000e+00 1.800000000000000000e+01 9.168355936651684246e-01
8.000000000000000000e+00 1.900000000000000000e+01 9.778453236651778457e-01
8.000000000000000000e+00 2.000000000000000000e+01 9.424725772261681733e-01
8.000000000000000000e+00 2.100000000000000000e+01 8.628931833602866419e-01
8.000000000000000000e+00 2.200000000000000000e+01 9.419102482684018618e-01
8.000000000000000000e+00 2.300000000000000000e+01 8.784704424378295684e-01
8.000000000000000000e+00 2.400000000000000000e+01 8.874853134193403381e-01
8.000000000000000000e+00 2.500000000000000000e+01 9.862553702886736051e-01
8.000000000000000000e+00 2.600000000000000000e+01 1.029921080590776361e+00
8.000000000000000000e+00 2.700000000000000000e+01 1.064369901222878223e+00
8.000000000000000000e+00 2.800000000000000000e+01 9.753822501715005977e-01
8.000000000000000000e+00 2.900000000000000000e+01 9.710767110107381139e-01
8.000000000000000000e+00 3.000000000000000000e+01 9.804754562099751158e-01
8.000000000000000000e+00 3.100000000000000000e+01 1.012803606486749608e+00
8.000000000000000000e+00 3.200000000000000000e+01 1.112213941386003269e+00
9.000000000000000000e+00 1.000000000000000000e+01 7.362868621011787740e-01
9.000000000000000000e+00 1.100000000000000000e+01 6.290857242210768918e-01
9.000000000000000000e+00 1.200000000000000000e+01 6.867190953195920766e-01
9.000000000000000000e+00 1.300000000000000000e+01 7.626158714431777730e-01
9.000000000000000000e+00 1.400000000000000000e+01 1.015008231002912265e+00
9.000000000000000000e+00 1.500000000000000000e+01 8.153073789158121754e-01
9.000000000000000000e+00 1.600000000000000000e+01 9.539790255671145580e-01
9.000000000000000000e+00 1.700000000000000000e+01 9.834231483284985309e-01
9.000000000000000000e+00 1.800000000000000000e+01 9.685828083909480135e-01
9.000000000000000000e+00 1.900000000000000000e+01 1.029563828214896892e+00
9.000000000000000000e+00 2.000000000000000000e+01 9.926081217068070117e-01
9.000000000000000000e+00 2.100000000000000000e+01 8.466482472704632833e-01
9.000000000000000000e+00 2.200000000000000000e+01 9.857569399659427134e-01
9.000000000000000000e+00 2.300000000000000000e+01 8.654954305109952006e-01
9.000000000000000000e+00 2.400000000000000000e+01 8.787321842144835138e-01
9.000000000000000000e+00 2.500000000000000000e+01 1.014224658670175083e+00
9.000000000000000000e+00 2.600000000000000000e+01 1.057114303410310763e+00
9.000000000000000000e+00 2.700000000000000000e+01 1.090753081408120551e+00
9.000000000000000000e+00 2.800000000000000000e+01 9.846527747968574218e-01
9.000000000000000000e+00 2.900000000000000000e+01 9.762397667404802970e-01
9.000000000000000000e+00 3.000000000000000000e+01 9.785595568252929422e-01
9.000000000000000000e+00 3.100000000000000000e+01 1.022935398616116043e+00
9.000000000000000000e+00 3.200000000000000000e+01 1.131346052091836585e+00
1.000000000000000000e+01 1.100000000000000000e+01 7.053590309054794671e-01
1.000000000000000000e+01 1.200000000000000000e+01 6.568410367972521424e-01
1.000000000000000000e+01 1.300000000000000000e+01 8.264328025372572606e-01
1.000000000000000000e+01 1.400000000000000000e+01 9.603735728240847536e-01
1.000000000000000000e+01 1.500000000000000000e+01 8.477185814296112065e-01
1.000000000000000000e+01 1.600000000000000000e+01 9.043599733666671803e-01
1.000000000000000000e+01 1.700000000000000000e+01 9.330115417300173242e-01
1.000000000000000000e+01 1.800000000000000000e+01 9.206050915737522544e-01
1.000000000000000000e+01 1.900000000000000000e+01 9.818806187207054226e-01
1.000000000000000000e+01 2.000000000000000000e+01 9.460021455011133895e-01
1.000000000000000000e+01 2.100000000000000000e+01 8.520878219792453745e-01
1.000000000000000000e+01 2.200000000000000000e+01 9.438878881979753110e-01
1.000000000000000000e+01 2.300000000000000000e+01 8.687370816915511718e-01
1.000000000000000000e+01 2.400000000000000000e+01 8.786447648528750154e-01
1.000000000000000000e+01 2.500000000000000000e+01 9.848958979713822171e-01
1.000000000000000000e+01 2.600000000000000000e+01 1.028507124939460615e+00
1.000000000000000000e+01 2.700000000000000000e+01 1.062831102470513489e+00
1.000000000000000000e+01 2.800000000000000000e+01 9.705346362925753034e-01
1.000000000000000000e+01 2.900000000000000000e+01 9.655520897889406928e-01
1.000000000000000000e+01 3.000000000000000000e+01 9.739380125938932320e-01
1.000000000000000000e+01 3.100000000000000000e+01 1.008227397250070823e+00
1.000000000000000000e+01 3.200000000000000000e+01 1.109314897441455949e+00
1.100000000000000000e+01 1.200000000000000000e+01 5.759723479215617115e-01
1.100000000000000000e+01 1.300000000000000000e+01 7.476595199147154647e-01
1.100000000000000000e+01 1.400000000000000000e+01 9.847360371960185432e-01
1.100000000000000000e+01 1.500000000000000000e+01 7.905128485260245474e-01
1.100000000000000000e+01 1.600000000000000000e+01 9.226638707144507734e-01
1.100000000000000000e+01 1.700000000000000000e+01 9.526536158972342960e-01
1.100000000000000000e+01 1.800000000000000000e+01 9.374978704996168588e-01
1.100000000000000000e+01 1.900000000000000000e+01 9.990139539023197290e-01
1.100000000000000000e+01 2.000000000000000000e+01 9.618071663751308620e-01
1.100000000000000000e+01 2.100000000000000000e+01 8.150486895573407775e-01
1.100000000000000000e+01 2.200000000000000000e+01 9.548502197113810652e-01
1.100000000000000000e+01 2.300000000000000000e+01 8.360949710275886737e-01
1.100000000000000000e+01 2.400000000000000000e+01 8.498333599481362466e-01
1.100000000000000000e+01 2.500000000000000000e+01 9.842827225300101457e-01
1.100000000000000000e+01 2.600000000000000000e+01 1.027496912633684145e+00
1.100000000000000000e+01 2.700000000000000000e+01 1.061303879209957390e+00
1.100000000000000000e+01 2.800000000000000000e+01 9.569425648966847220e-01
1.100000000000000000e+01 2.900000000000000000e+01 9.492767863443594134e-01
1.100000000000000000e+01 3.000000000000000000e+01 9.534536865427176711e-01
1.100000000000000000e+01 3.100000000000000000e+01 9.954911378287918389e-01
1.100000000000000000e+01 3.200000000000000000e+01 1.102789186703265534e+00
1.200000000000000000e+01 1.300000000000000000e+01 7.742099792418436488e-01
1.200000000000000000e+01 1.400000000000000000e+01 9.646823738555783123e-01
1.200000000000000000e+01 1.500000000000000000e+01 8.018972019254709815e-01
1.200000000000000000e+01 1.600000000000000000e+01 9.034987361557478280e-01
1.200000000000000000e+01 1.700000000000000000e+01 9.335319092640372851e-01
1.200000000000000000e+01 1.800000000000000000e+01 9.189033323234649941e-01
1.200000000000000000e+01 1.900000000000000000e+01 9.807546414894383613e-01
1.200000000000000000e+01 2.000000000000000000e+01 9.437293189676285721e-01
1.200000000000000000e+01 2.100000000000000000e+01 8.139677641720417522e-01
1.200000000000000000e+01 2.200000000000000000e+01 9.380448061482775657e-01
1.200000000000000000e+01 2.300000000000000000e+01 8.342772300454366352e-01
1.200000000000000000e+01 2.400000000000000000e+01 8.467599764938622542e-01
1.200000000000000000e+01 2.500000000000000000e+01 9.713955411338039969e-01
1.200000000000000000e+01 2.600000000000000000e+01 1.014927793124579258e+00
1.200000000000000000e+01 2.700000000000000000e+01 1.048987101091087837e+00
1.200000000000000000e+01 2.800000000000000000e+01 9.491999633576901907e-01
1.200000000000000000e+01 2.900000000000000000e+01 9.427646410901109331e-01
1.200000000000000000e+01 3.000000000000000000e+01 9.492013745978244987e-01
1.200000000000000000e+01 3.100000000000000000e+01 9.876220218695856978e-01
1.200000000000000000e+01 3.200000000000000000e+01 1.092448413966709664e+00
1.300000000000000000e+01 1.400000000000000000e+01 1.017146224479939853e+00
1.300000000000000000e+01 1.500000000000000000e+01 6.830129882220689064e-01
1.300000000000000000e+01 1.600000000000000000e+01 9.504251596895900711e-01
1.300000000000000000e+01 1.700000000000000000e+01 9.808948322531043651e-01
1.300000000000000000e+01 1.800000000000000000e+01 9.633898967905527577e-01
1.300000000000000000e+01 1.900000000000000000e+01 1.024245948075756418e+00
1.300000000000000000e+01 2.000000000000000000e+01 9.860656303028765279e-01
1.300000000000000000e+01 2.100000000000000000e+01 7.768667751374698227e-01
1.300000000000000000e+01 2.200000000000000000e+01 9.741926277753720775e-01
1.300000000000000000e+01 2.300000000000000000e+01 8.003288137616029196e-01
1.300000000000000000e+01 2.400000000000000000e+01 8.191105124180333430e-01
1.300000000000000000e+01 2.500000000000000000e+01 9.896317143244497405e-01
1.300000000000000000e+01 2.600000000000000000e+01 1.031853011808734566e+00
1.300000000000000000e+01 2.700000000000000000e+01 1.064817728766960236e+00
1.300000000000000000e+01 2.800000000000000000e+01 9.443890311715317232e-01
1.300000000000000000e+01 2.900000000000000000e+01 9.325152234248454963e-01
1.300000000000000000e+01 3.000000000000000000e+01 9.292481318697787263e-01
1.300000000000000000e+01 3.100000000000000000e+01 9.835523343175149869e-01
1.300000000000000000e+01 3.200000000000000000e+01 1.099442841518833314e+00
1.400000000000000000e+01 1.500000000000000000e+01 9.971852065716545477e-01
1.400000000000000000e+01 1.600000000000000000e+01 6.556368932872760347e-01
1.400000000000000000e+01 1.700000000000000000e+01 5.732012232477834424e-01
1.400000000000000000e+01 1.800000000000000000e+01 6.457058614931612262e-01
1.400000000000000000e+01 1.900000000000000000e+01 6.082462254701483939e-01
1.400000000000000000e+01 2.000000000000000000e+01 6.376087056132846431e-01
1.400000000000000000e+01 2.100000000000000000e+01 9.522451296184839542e-01
1.400000000000000000e+01 2.200000000000000000e+01 7.165886235878775601e-01
1.400000000000000000e+01 2.300000000000000000e+01 9.515958997858664503e-01
1.400000000000000000e+01 2.400000000000000000e+01 9.459870688610714229e-01
1.400000000000000000e+01 2.500000000000000000e+01 8.633752569613741823e-01
1.400000000000000000e+01 2.600000000000000000e+01 9.021362667101799904e-01
1.400000000000000000e+01 2.700000000000000000e+01 9.381993510750712417e-01
1.400000000000000000e+01 2.800000000000000000e+01 9.451848343924655893e-01
1.400000000000000000e+01 2.900000000000000000e+01 9.564133496168263360e-01
1.400000000000000000e+01 3.000000000000000000e+01 9.874691951267287049e-01
1.400000000000000000e+01 3.100000000000000000e+01 9.731959218989914007e-01
1.400000000000000000e+01 3.200000000000000000e+01 1.025539005850766960e+00
1.500000000000000000e+01 1.600000000000000000e+01 9.272325653443456162e-01
1.500000000000000000e+01 1.700000000000000000e+01 9.582688924784759088e-01
1.500000000000000000e+01 1.800000000000000000e+01 9.392299017748935164e-01
1.500000000000000000e+01 1.900000000000000000e+01 1.000005155978382243e+00
1.500000000000000000e+01 2.000000000000000000e+01 9.611183559505107610e-01
1.500000000000000000e+01 2.100000000000000000e+01 6.939811779345883558e-01
1.500000000000000000e+01 2.200000000000000000e+01 9.463253625823968562e-01
1.500000000000000000e+01 2.300000000000000000e+01 7.260827321935314771e-01
1.500000000000000000e+01 2.400000000000000000e+01 7.532668958114934199e-01
1.500000000000000000e+01 2.500000000000000000e+01 9.542843660922939453e-01
1.500000000000000000e+01 2.600000000000000000e+01 9.962701584136028909e-01
1.500000000000000000e+01 2.700000000000000000e+01 1.028920612098941145e+00
1.500000000000000000e+01 2.800000000000000000e+01 9.003340936668178252e-01
1.500000000000000000e+01 2.900000000000000000e+01 8.867214549995126038e-01
1.500000000000000000e+01 3.000000000000000000e+01 8.817853774339712292e-01
1.500000000000000000e+01 3.100000000000000000e+01 9.405509279704085124e-01
1.500000000000000000e+01 3.200000000000000000e+01 1.060447359733694528e+00
1.600000000000000000e+01 1.700000000000000000e+01 5.482682233353406431e-01
1.600000000000000000e+01 1.800000000000000000e+01 4.619403039460396876e-01
1.600000000000000000e+01 1.900000000000000000e+01 6.516216267322743061e-01
1.600000000000000000e+01 2.000000000000000000e+01 5.790714523802575897e-01
1.600000000000000000e+01 2.100000000000000000e+01 8.779122567200354776e-01
1.600000000000000000e+01 2.200000000000000000e+01 6.192934778866590051e-01
1.600000000000000000e+01 2.300000000000000000e+01 8.759393866667761763e-01
1.600000000000000000e+01 2.400000000000000000e+01 8.690747349982517189e-01
1.600000000000000000e+01 2.500000000000000000e+01 7.818672730361244660e-01
1.600000000000000000e+01 2.600000000000000000e+01 8.263059339768525913e-01
1.600000000000000000e+01 2.700000000000000000e+01 8.640761641273551064e-01
1.600000000000000000e+01 2.800000000000000000e+01 8.645717710680655976e-01
1.600000000000000000e+01 2.900000000000000000e+01 8.765964587549415210e-01
1.600000000000000000e+01 3.000000000000000000e+01 9.093121201045846203e-01
1.600000000000000000e+01 3.100000000000000000e+01 8.936342473229856864e-01
1.600000000000000000e+01 3.200000000000000000e+01 9.484772569305592871e-01
1.700000000000000000e+01 1.800000000000000000e+01 5.052954456785374582e-01
1.700000000000000000e+01 1.900000000000000000e+01 5.626840488088016290e-01
1.700000000000000000e+01 2.000000000000000000e+01 5.101629469386832483e-01
1.700000000000000000e+01 2.100000000000000000e+01 9.100755596483589560e-01
1.700000000000000000e+01 2.200000000000000000e+01 6.281032382186306773e-01
1.700000000000000000e+01 2.300000000000000000e+01 9.079046667265004977e-01
1.700000000000000000e+01 2.400000000000000000e+01 9.009679114656738985e-01
1.700000000000000000e+01 2.500000000000000000e+01 8.003762263110185682e-01
1.700000000000000000e+01 2.600000000000000000e+01 8.401326843039245151e-01
1.700000000000000000e+01 2.700000000000000000e+01 8.768766503955873759e-01
1.700000000000000000e+01 2.800000000000000000e+01 8.915064707949631462e-01
1.700000000000000000e+01 2.900000000000000000e+01 9.042132874172541523e-01
1.700000000000000000e+01 3.000000000000000000e+01 9.372632179417978993e-01
1.700000000000000000e+01 3.100000000000000000e+01 9.187309973739901103e-01
1.700000000000000000e+01 3.200000000000000000e+01 9.672631656932171307e-01
1.800000000000000000e+01 1.900000000000000000e+01 6.121255797402367360e-01
1.800000000000000000e+01 2.000000000000000000e+01 5.052765498967199953e-01
1.800000000000000000e+01 2.100000000000000000e+01 8.890415080367126688e-01
1.800000000000000000e+01 2.200000000000000000e+01 5.790452891654349621e-01
1.800000000000000000e+01 2.300000000000000000e+01 8.860644883186696852e-01
1.800000000000000000e+01 2.400000000000000000e+01 8.784028378623773836e-01
1.800000000000000000e+01 2.500000000000000000e+01 7.715856696654703750e-01
1.800000000000000000e+01 2.600000000000000000e+01 8.142218095463287231e-01
1.800000000000000000e+01 2.700000000000000000e+01 8.519443476943036053e-01
1.800000000000000000e+01 2.800000000000000000e+01 8.655302366477051201e-01
1.800000000000000000e+01 2.900000000000000000e+01 8.788686086400578912e-01
1.800000000000000000e+01 3.000000000000000000e+01 9.129464068175290326e-01
1.800000000000000000e+01 3.100000000000000000e+01 8.929739081393019973e-01
1.800000000000000000e+01 3.200000000000000000e+01 9.417359483799285780e-01
1.900000000000000000e+01 2.000000000000000000e+01 5.345916084621005204e-01
1.900000000000000000e+01 2.100000000000000000e+01 9.503256200452190328e-01
1.900000000000000000e+01 2.200000000000000000e+01 6.388103427765490228e-01
1.900000000000000000e+01 2.300000000000000000e+01 9.466559336597293317e-01
1.900000000000000000e+01 2.400000000000000000e+01 9.385280103394990636e-01
1.900000000000000000e+01 2.500000000000000000e+01 8.087251982888050694e-01
1.900000000000000000e+01 2.600000000000000000e+01 8.421027731042560749e-01
1.900000000000000000e+01 2.700000000000000000e+01 8.774812925602364366e-01
1.900000000000000000e+01 2.800000000000000000e+01 9.162491042115448181e-01
1.900000000000000000e+01 2.900000000000000000e+01 9.309338632100809807e-01
1.900000000000000000e+01 3.000000000000000000e+01 9.659830117011212192e-01
1.900000000000000000e+01 3.100000000000000000e+01 9.405696070964633115e-01
1.900000000000000000e+01 3.200000000000000000e+01 9.779930414247239856e-01
2.000000000000000000e+01 2.100000000000000000e+01 9.103928230074096462e-01
2.000000000000000000e+01 2.200000000000000000e+01 5.585914700249769993e-01
2.000000000000000000e+01 2.300000000000000000e+01 9.064695825071273916e-01
2.000000000000000000e+01 2.400000000000000000e+01 8.980811437297107069e-01
2.000000000000000000e+01 2.500000000000000000e+01 7.692430943047139369e-01
2.000000000000000000e+01 2.600000000000000000e+01 8.072650771847904583e-01
2.000000000000000000e+01 2.700000000000000000e+01 8.441855308071617436e-01
2.000000000000000000e+01 2.800000000000000000e+01 8.760599719850912237e-01
2.000000000000000000e+01 2.900000000000000000e+01 8.907938605309693170e-01
2.000000000000000000e+01 3.000000000000000000e+01 9.261735309088476864e-01
2.000000000000000000e+01 3.100000000000000000e+01 9.012445795805597015e-01
2.000000000000000000e+01 3.200000000000000000e+01 9.416580210197349476e-01
2.100000000000000000e+01 2.200000000000000000e+01 8.922624947104833559e-01
2.100000000000000000e+01 2.300000000000000000e+01 5.498218789496251979e-01
2.100000000000000000e+01 2.400000000000000000e+01 6.232646875704477285e-01
2.100000000000000000e+01 2.500000000000000000e+01 8.937898907888486288e-01
2.100000000000000000e+01 2.600000000000000000e+01 9.365856371812382175e-01
2.100000000000000000e+01 2.700000000000000000e+01 9.694313822946525327e-01
2.100000000000000000e+01 2.800000000000000000e+01 8.359103548126736172e-01
2.100000000000000000e+01 2.900000000000000000e+01 8.230077843731360421e-01
2.100000000000000000e+01 3.000000000000000000e+01 8.245939785922555831e-01
2.100000000000000000e+01 3.100000000000000000e+01 8.791811610499751239e-01
2.100000000000000000e+01 3.200000000000000000e+01 1.000269405972378456e+00
2.200000000000000000e+01 2.300000000000000000e+01 8.862088422010501176e-01
2.200000000000000000e+01 2.400000000000000000e+01 8.760256143999207712e-01
2.200000000000000000e+01 2.500000000000000000e+01 7.145488416922660679e-01
2.200000000000000000e+01 2.600000000000000000e+01 7.575046535853771079e-01
2.200000000000000000e+01 2.700000000000000000e+01 7.969922139824152651e-01
2.200000000000000000e+01 2.800000000000000000e+01 8.400818283771616102e-01
2.200000000000000000e+01 2.900000000000000000e+01 8.571612773185572909e-01
2.200000000000000000e+01 3.000000000000000000e+01 8.954333338200444192e-01
2.200000000000000000e+01 3.100000000000000000e+01 8.638843353192688923e-01
2.200000000000000000e+01 3.200000000000000000e+01 8.987286425898399767e-01
2.300000000000000000e+01 2.400000000000000000e+01 5.161841947572314293e-01
2.300000000000000000e+01 2.500000000000000000e+01 8.805723777435698896e-01
2.300000000000000000e+01 2.600000000000000000e+01 9.228833721364864129e-01
2.300000000000000000e+01 2.700000000000000000e+01 9.553316679276955270e-01
2.300000000000000000e+01 2.800000000000000000e+01 8.125389943776046842e-01
2.300000000000000000e+01 2.900000000000000000e+01 7.974484122837866007e-01
2.300000000000000000e+01 3.000000000000000000e+01 7.979332481228402774e-01
2.300000000000000000e+01 3.100000000000000000e+01 8.573285344139671693e-01
2.300000000000000000e+01 3.200000000000000000e+01 9.828905113758892309e-01
2.400000000000000000e+01 2.500000000000000000e+01 8.647132875831793353e-01
2.400000000000000000e+01 2.600000000000000000e+01 9.068639612167286312e-01
2.400000000000000000e+01 2.700000000000000000e+01 9.391062321631578058e-01
2.400000000000000000e+01 2.800000000000000000e+01 7.891103461051329759e-01
2.400000000000000000e+01 2.900000000000000000e+01 7.728201424355549687e-01
2.400000000000000000e+01 3.000000000000000000e+01 7.751288001794349736e-01
2.400000000000000000e+01 3.100000000000000000e+01 8.359118958409066380e-01
2.400000000000000000e+01 3.200000000000000000e+01 9.645473724112914038e-01
2.500000000000000000e+01 2.600000000000000000e+01 5.866622871755555746e-01
2.500000000000000000e+01 2.700000000000000000e+01 6.622671590358903959e-01
2.500000000000000000e+01 2.800000000000000000e+01 7.606466624595351611e-01
2.500000000000000000e+01 2.900000000000000000e+01 7.895255001432779363e-01
2.500000000000000000e+01 3.000000000000000000e+01 8.392812386375230194e-01
2.500000000000000000e+01 3.100000000000000000e+01 7.722226436428840657e-01
2.500000000000000000e+01 3.200000000000000000e+01 7.761487347353062116e-01
2.600000000000000000e+01 2.700000000000000000e+01 5.315530719414736094e-01
2.600000000000000000e+01 2.800000000000000000e+01 7.912619423305953248e-01
2.600000000000000000e+01 2.900000000000000000e+01 8.203330015131597985e-01
2.600000000000000000e+01 3.000000000000000000e+01 8.689691563218950865e-01
2.600000000000000000e+01 3.100000000000000000e+01 7.903557435916264140e-01
2.600000000000000000e+01 3.200000000000000000e+01 7.406656508221203250e-01
2.700000000000000000e+01 2.800000000000000000e+01 8.175044516313132448e-01
2.700000000000000000e+01 2.900000000000000000e+01 8.463716060212334025e-01
2.700000000000000000e+01 3.000000000000000000e+01 8.942601529096234625e-01
2.700000000000000000e+01 3.100000000000000000e+01 8.100178679784897362e-01
2.700000000000000000e+01 3.200000000000000000e+01 7.224524374842145047e-01
2.800000000000000000e+01 2.900000000000000000e+01 5.302238544340072135e-01
2.800000000000000000e+01 3.000000000000000000e+01 6.692170755860968878e-01
2.800000000000000000e+01 3.100000000000000000e+01 5.877556345900005752e-01
2.800000000000000000e+01 3.200000000000000000e+01 8.044918639720879394e-01
2.900000000000000000e+01 3.000000000000000000e+01 6.079619748560476378e-01
2.900000000000000000e+01 3.100000000000000000e+01 6.270927552088159107e-01
2.900000000000000000e+01 3.200000000000000000e+01 8.337143578489409901e-01
3.000000000000000000e+01 3.100000000000000000e+01 6.955549135811254224e-01
3.000000000000000000e+01 3.200000000000000000e+01 8.796939004638362203e-01
3.100000000000000000e+01 3.200000000000000000e+01 7.650625189051047936e-01
