1.000000000000000000e+00 2.000000000000000000e+00 8.698671717245975987e-01
1.000000000000000000e+00 3.000000000000000000e+00 9.898538523607069983e-01
1.000000000000000000e+00 4.000000000000000000e+00 9.695472563864964144e-01
1.000000000000000000e+00 5.000000000000000000e+00 9.866272141864101952e-01
1.000000000000000000e+00 6.000000000000000000e+00 9.983638053145589275e-01
1.000000000000000000e+00 7.000000000000000000e+00 9.913946403699593901e-01
1.000000000000000000e+00 8.000000000000000000e+00 1.021478338458479351e+00
1.000000000000000000e+00 9.000000000000000000e+00 9.568862212147372093e-01
1.000000000000000000e+00 1.000000000000000000e+01 1.010676200545501890e+00
1.000000000000000000e+00 1.100000000000000000e+01 9.820401767747550803e-01
1.000000000000000000e+00 1.200000000000000000e+01 9.984855915880007649e-01
1.000000000000000000e+00 1.300000000000000000e+01 9.734625607207020304e-01
1.000000000000000000e+00 1.400000000000000000e+01 1.252320457692070566e+00
1.000000000000000000e+00 1.500000000000000000e+01 1.026202122028385899e+00
1.000000000000000000e+00 1.600000000000000000e+01 1.192434902235166572e+00
1.000000000000000000e+00 1.700000000000000000e+01 1.221978062151330535e+00
1.000000000000000000e+00 1.800000000000000000e+01 1.207670270364221254e+00
1.000000000000000000e+00 1.900000000000000000e+01 1.269462080916051505e+00
1.000000000000000000e+00 2.000000000000000000e+01 1.232558746132895511e+00
1.000000000000000000e+00 2.100000000000000000e+01 1.076176023755646805e+00
1.000000000000000000e+00 2.200000000000000000e+01 1.227321760995595978e+00
1.000000000000000000e+00 2.300000000000000000e+01 1.098887493996372644e+00
1.000000000000000000e+00 2.400000000000000000e+01 1.113643384037510398e+00
1.000000000000000000e+00 2.500000000000000000e+01 1.264935319504234768e+00
1.000000000000000000e+00 2.600000000000000000e+01 1.315215445197377653e+00
1.000000000000000000e+00 2.700000000000000000e+01 1.354955994474117187e+00
1.000000000000000000e+00 2.800000000000000000e+01 1.245664298748772714e+00
1.000000000000000000e+00 2.900000000000000000e+01 1.243340207307128686e+00
1.000000000000000000e+00 3.000000000000000000e+01 1.378544289278619051e+00
1.000000000000000000e+00 3.100000000000000000e+01 1.324961150615184380e+00
1.000000000000000000e+00 3.200000000000000000e+01 1.451680294200619947e+00
2.000000000000000000e+00 3.000000000000000000e+00 8.401701397661893722e-01
2.000000000000000000e+00 4.000000000000000000e+00 8.092767895100976272e-01
2.000000000000000000e+00 5.000000000000000000e+00 8.346927006647927305e-01
2.000000000000000000e+00 6.000000000000000000e+00 8.498709034657536687e-01
2.000000000000000000e+00 7.000000000000000000e+00 8.399545470109461842e-01
2.000000000000000000e+00 8.000000000000000000e+00 8.791405327008094961e-01
2.000000000000000000e+00 9.000000000000000000e+00 7.882002195979948000e-01
2.000000000000000000e+00 1.000000000000000000e+01 8.655206278041873702e-01
2.000000000000000000e+00 1.100000000000000000e+01 8.297695002774461148e-01
2.000000000000000000e+00 1.200000000000000000e+01 8.511268141932394338e-01
2.000000000000000000e+00 1.300000000000000000e+01 8.433329794346983155e-01
2.000000000000000000e+00 1.400000000000000000e+01 1.123822466510559170e+00
2.000000000000000000e+00 1.500000000000000000e+01 9.069883121378770063e-01
2.000000000000000000e+00 1.600000000000000000e+01 1.064534382755957687e+00
2.000000000000000000e+00 1.700000000000000000e+01 1.094088729278726246e+00
2.000000000000000000e+00 1.800000000000000000e+01 1.080115061039024882e+00
2.000000000000000000e+00 1.900000000000000000e+01 1.142105042532973957e+00
2.000000000000000000e+00 2.000000000000000000e+01 1.105320836045040611e+00
2.000000000000000000e+00 2.100000000000000000e+01 9.544978723518007246e-01
2.000000000000000000e+00 2.200000000000000000e+01 1.100878162476674804e+00
2.000000000000000000e+00 2.300000000000000000e+01 9.791669829309963546e-01
2.000000000000000000e+00 2.400000000000000000e+01 9.944214644960367444e-01
2.000000000000000000e+00 2.500000000000000000e+01 1.141021373703194675e+00
2.000000000000000000e+00 2.600000000000000000e+01 1.191482374535247191e+00
2.000000000000000000e+00 2.700000000000000000e+01 1.231359012719203339e+00
2.000000000000000000e+00 2.800000000000000000e+01 1.125912691006340838e+00
2.000000000000000000e+00 2.900000000000000000e+01 1.124770681579075671e+00
2.000000000000000000e+00 3.000000000000000000e+01 1.262561853033144832e+00
2.000000000000000000e+00 3.100000000000000000e+01 1.205194262138228556e+00
2.000000000000000000e+00 3.200000000000000000e+01 1.329223227224697546e+00
3.000000000000000000e+00 4.000000000000000000e+00 5.996393277276810263e-01
3.000000000000000000e+00 5.000000000000000000e+00 4.613937379628169078e-01
3.000000000000000000e+00 6.000000000000000000e+00 5.761996487203016049e-01
3.000000000000000000e+00 7.000000000000000000e+00 6.282083001780403020e-01
3.000000000000000000e+00 8.000000000000000000e+00 6.634572381403374131e-01
3.000000000000000000e+00 9.000000000000000000e+00 7.330649837746151531e-01
3.000000000000000000e+00 1.000000000000000000e+01 6.522622264940454162e-01
3.000000000000000000e+00 1.100000000000000000e+01 7.399610479114167028e-01
3.000000000000000000e+00 1.200000000000000000e+01 7.254281358242947730e-01
3.000000000000000000e+00 1.300000000000000000e+01 8.475345825474090988e-01
3.000000000000000000e+00 1.400000000000000000e+01 1.013261112626273164e+00
3.000000000000000000e+00 1.500000000000000000e+01 8.910109870451343728e-01
3.000000000000000000e+00 1.600000000000000000e+01 9.592631659123793675e-01
3.000000000000000000e+00 1.700000000000000000e+01 9.877862070538767636e-01
3.000000000000000000e+00 1.800000000000000000e+01 9.762708067856979977e-01
3.000000000000000000e+00 1.900000000000000000e+01 1.038245771543332641e+00
3.000000000000000000e+00 2.000000000000000000e+01 1.002618796606732143e+00
3.000000000000000000e+00 2.100000000000000000e+01 9.031658000543687503e-01
3.000000000000000000e+00 2.200000000000000000e+01 1.002714870251948165e+00
3.000000000000000000e+00 2.300000000000000000e+01 9.267180745996466129e-01
3.000000000000000000e+00 2.400000000000000000e+01 9.389382655408580192e-01
3.000000000000000000e+00 2.500000000000000000e+01 1.054350017408023144e+00
3.000000000000000000e+00 2.600000000000000000e+01 1.105051369547933371e+00
3.000000000000000000e+00 2.700000000000000000e+01 1.145305100443680946e+00
3.000000000000000000e+00 2.800000000000000000e+01 1.054993034756633863e+00
3.000000000000000000e+00 2.900000000000000000e+01 1.057654711101132072e+00
3.000000000000000000e+00 3.000000000000000000e+01 1.202083851603088949e+00
3.000000000000000000e+00 3.100000000000000000e+01 1.133286811787849402e+00
3.000000000000000000e+00 3.200000000000000000e+01 1.247420537258391082e+00
4.000000000000000000e+00 5.000000000000000000e+00 5.684084664776661855e-01
4.000000000000000000e+00 6.000000000000000000e+00 6.415619094532378774e-01
4.000000000000000000e+00 7.000000000000000000e+00 6.352315301465900621e-01
4.000000000000000000e+00 8.000000000000000000e+00 7.167624291556491389e-01
4.000000000000000000e+00 9.000000000000000000e+00 6.842503040682851312e-01
4.000000000000000000e+00 1.000000000000000000e+01 6.938327700466504488e-01
4.000000000000000000e+00 1.100000000000000000e+01 7.178242619069601371e-01
4.000000000000000000e+00 1.200000000000000000e+01 7.199183677228183642e-01
4.000000000000000000e+00 1.300000000000000000e+01 8.288775852794251220e-01
4.000000000000000000e+00 1.400000000000000000e+01 1.029518024974473978e+00
4.000000000000000000e+00 1.500000000000000000e+01 8.793772227563121380e-01
4.000000000000000000e+00 1.600000000000000000e+01 9.735102457257522879e-01
4.000000000000000000e+00 1.700000000000000000e+01 1.002531178578599080e+00
4.000000000000000000e+00 1.800000000000000000e+01 9.901354277924381275e-01
4.000000000000000000e+00 1.900000000000000000e+01 1.052279422693172872e+00
4.000000000000000000e+00 2.000000000000000000e+01 1.016206936575615671e+00
4.000000000000000000e+00 2.100000000000000000e+01 9.002664294384081778e-01
4.000000000000000000e+00 2.200000000000000000e+01 1.014826467421737766e+00
4.000000000000000000e+00 2.300000000000000000e+01 9.249500258806016006e-01
4.000000000000000000e+00 2.400000000000000000e+01 9.383350357499748995e-01
4.000000000000000000e+00 2.500000000000000000e+01 1.063098190160992162e+00
4.000000000000000000e+00 2.600000000000000000e+01 1.113800546207808884e+00
4.000000000000000000e+00 2.700000000000000000e+01 1.153972322196542333e+00
4.000000000000000000e+00 2.800000000000000000e+01 1.059539215982780336e+00
4.000000000000000000e+00 2.900000000000000000e+01 1.061273795237287487e+00
4.000000000000000000e+00 3.000000000000000000e+01 1.204267076513851453e+00
4.000000000000000000e+00 3.100000000000000000e+01 1.138189066762173685e+00
4.000000000000000000e+00 3.200000000000000000e+01 1.254944700780852962e+00
5.000000000000000000e+00 6.000000000000000000e+00 5.468145860568971450e-01
5.000000000000000000e+00 7.000000000000000000e+00 5.902449695439662136e-01
5.000000000000000000e+00 8.000000000000000000e+00 6.633408736896433400e-01
5.000000000000000000e+00 9.000000000000000000e+00 7.143424590047645628e-01
5.000000000000000000e+00 1.000000000000000000e+01 6.394665060795106104e-01
5.000000000000000000e+00 1.100000000000000000e+01 7.216056702858228977e-01
5.000000000000000000e+00 1.200000000000000000e+01 7.074499589079942252e-01
5.000000000000000000e+00 1.300000000000000000e+01 8.372149727105976380e-01
5.000000000000000000e+00 1.400000000000000000e+01 1.010966139591181090e+00
5.000000000000000000e+00 1.500000000000000000e+01 8.818807576213594235e-01
5.000000000000000000e+00 1.600000000000000000e+01 9.561374485601574769e-01
5.000000000000000000e+00 1.700000000000000000e+01 9.849164222381243672e-01
5.000000000000000000e+00 1.800000000000000000e+01 9.730679423361581204e-01
5.000000000000000000e+00 1.900000000000000000e+01 1.035190075713808167e+00
5.000000000000000000e+00 2.000000000000000000e+01 9.993781470119640353e-01
5.000000000000000000e+00 2.100000000000000000e+01 8.952990567669092403e-01
5.000000000000000000e+00 2.200000000000000000e+01 9.989915652214784725e-01
5.000000000000000000e+00 2.300000000000000000e+01 9.193128745434728799e-01
5.000000000000000000e+00 2.400000000000000000e+01 9.318675815666788154e-01
5.000000000000000000e+00 2.500000000000000000e+01 1.049705055719182711e+00
5.000000000000000000e+00 2.600000000000000000e+01 1.100436725409461358e+00
5.000000000000000000e+00 2.700000000000000000e+01 1.140679581917753538e+00
5.000000000000000000e+00 2.800000000000000000e+01 1.049364771765534554e+00
5.000000000000000000e+00 2.900000000000000000e+01 1.051843995032513579e+00
5.000000000000000000e+00 3.000000000000000000e+01 1.196054301185096591e+00
5.000000000000000000e+00 3.100000000000000000e+01 1.127773390206187276e+00
5.000000000000000000e+00 3.200000000000000000e+01 1.242519255565024405e+00
6.000000000000000000e+00 7.000000000000000000e+00 5.318804227419431374e-01
6.000000000000000000e+00 8.000000000000000000e+00 6.007683060038966349e-01
6.000000000000000000e+00 9.000000000000000000e+00 7.215477790494640997e-01
6.000000000000000000e+00 1.000000000000000000e+01 5.468411481527446494e-01
6.000000000000000000e+00 1.100000000000000000e+01 7.080889550537281529e-01
6.000000000000000000e+00 1.200000000000000000e+01 6.775547715352078226e-01
6.000000000000000000e+00 1.300000000000000000e+01 8.326304900838085166e-01
6.000000000000000000e+00 1.400000000000000000e+01 9.905079837791750386e-01
6.000000000000000000e+00 1.500000000000000000e+01 8.731304435286542098e-01
6.000000000000000000e+00 1.600000000000000000e+01 9.356730606554095608e-01
6.000000000000000000e+00 1.700000000000000000e+01 9.645795319251633249e-01
6.000000000000000000e+00 1.800000000000000000e+01 9.528081979373059784e-01
6.000000000000000000e+00 1.900000000000000000e+01 1.015125185266684049e+00
6.000000000000000000e+00 2.000000000000000000e+01 9.793106989167403853e-01
6.000000000000000000e+00 2.100000000000000000e+01 8.808999175342255850e-01
6.000000000000000000e+00 2.200000000000000000e+01 9.792450509113213020e-01
6.000000000000000000e+00 2.300000000000000000e+01 9.047896846530458781e-01
6.000000000000000000e+00 2.400000000000000000e+01 9.169362032417258668e-01
6.000000000000000000e+00 2.500000000000000000e+01 1.031123208149734571e+00
6.000000000000000000e+00 2.600000000000000000e+01 1.081924496913534428e+00
6.000000000000000000e+00 2.700000000000000000e+01 1.122222502096607677e+00
6.000000000000000000e+00 2.800000000000000000e+01 1.032625703907897874e+00
6.000000000000000000e+00 2.900000000000000000e+01 1.035588479065980394e+00
6.000000000000000000e+00 3.000000000000000000e+01 1.180683238449486083e+00
6.000000000000000000e+00 3.100000000000000000e+01 1.110946376445574924e+00
6.000000000000000000e+00 3.200000000000000000e+01 1.224542400377226059e+00
7.000000000000000000e+00 8.000000000000000000e+00 6.466923089833118699e-01
7.000000000000000000e+00 9.000000000000000000e+00 6.873931492410380040e-01
7.000000000000000000e+00 1.000000000000000000e+01 5.812068585660503661e-01
7.000000000000000000e+00 1.100000000000000000e+01 6.663331367738505318e-01
7.000000000000000000e+00 1.200000000000000000e+01 6.339225363086585796e-01
7.000000000000000000e+00 1.300000000000000000e+01 8.136993870030245768e-01
7.000000000000000000e+00 1.400000000000000000e+01 9.924026811745374488e-01
7.000000000000000000e+00 1.500000000000000000e+01 8.573138558550896793e-01
7.000000000000000000e+00 1.600000000000000000e+01 9.358233966298579176e-01
7.000000000000000000e+00 1.700000000000000000e+01 9.652271414395119375e-01
7.000000000000000000e+00 1.800000000000000000e+01 9.527256202803833229e-01
7.000000000000000000e+00 1.900000000000000000e+01 1.015288856926060301e+00
7.000000000000000000e+00 2.000000000000000000e+01 9.790848288587050696e-01
7.000000000000000000e+00 2.100000000000000000e+01 8.689136398527013139e-01
7.000000000000000000e+00 2.200000000000000000e+01 9.778917762205014963e-01
7.000000000000000000e+00 2.300000000000000000e+01 8.939494563890026946e-01
7.000000000000000000e+00 2.400000000000000000e+01 9.069691731444167182e-01
7.000000000000000000e+00 2.500000000000000000e+01 1.027461393451141847e+00
7.000000000000000000e+00 2.600000000000000000e+01 1.078313336662295230e+00
7.000000000000000000e+00 2.700000000000000000e+01 1.118574718042459448e+00
7.000000000000000000e+00 2.800000000000000000e+01 1.026369599334082894e+00
7.000000000000000000e+00 2.900000000000000000e+01 1.028823410428017837e+00
7.000000000000000000e+00 3.000000000000000000e+01 1.173254947273000948e+00
7.000000000000000000e+00 3.100000000000000000e+01 1.104970305416657972e+00
7.000000000000000000e+00 3.200000000000000000e+01 1.220177613905248926e+00
8.000000000000000000e+00 9.000000000000000000e+00 7.650367809898296345e-01
8.000000000000000000e+00 1.000000000000000000e+01 5.333901275189993907e-01
8.000000000000000000e+00 1.100000000000000000e+01 7.396051300478758694e-01
8.000000000000000000e+00 1.200000000000000000e+01 6.997536533824791904e-01
8.000000000000000000e+00 1.300000000000000000e+01 8.486858118725809641e-01
8.000000000000000000e+00 1.400000000000000000e+01 9.619870916541892747e-01
8.000000000000000000e+00 1.500000000000000000e+01 8.808451006694022478e-01
8.000000000000000000e+00 1.600000000000000000e+01 9.092342880093449153e-01
8.000000000000000000e+00 1.700000000000000000e+01 9.377173147878348214e-01
8.000000000000000000e+00 1.800000000000000000e+01 9.269341464001861208e-01
8.000000000000000000e+00 1.900000000000000000e+01 9.892219887907818254e-01
8.000000000000000000e+00 2.000000000000000000e+01 9.538730087405586922e-01
8.000000000000000000e+00 2.100000000000000000e+01 8.772898239032731471e-01
8.000000000000000000e+00 2.200000000000000000e+01 9.556092009154613098e-01
8.000000000000000000e+00 2.300000000000000000e+01 8.995589402437427218e-01
8.000000000000000000e+00 2.400000000000000000e+01 9.101033647506109325e-01
8.000000000000000000e+00 2.500000000000000000e+01 1.011833933332494384e+00
8.000000000000000000e+00 2.600000000000000000e+01 1.062657733764851953e+00
8.000000000000000000e+00 2.700000000000000000e+01 1.103069845045411057e+00
8.000000000000000000e+00 2.800000000000000000e+01 1.018868809439551937e+00
8.000000000000000000e+00 2.900000000000000000e+01 1.023063157375231125e+00
8.000000000000000000e+00 3.000000000000000000e+01 1.170067190695564197e+00
8.000000000000000000e+00 3.100000000000000000e+01 1.096725610315957500e+00
8.000000000000000000e+00 3.200000000000000000e+01 1.206881881220468244e+00
9.000000000000000000e+00 1.000000000000000000e+01 7.372654743139088751e-01
9.000000000000000000e+00 1.100000000000000000e+01 6.293535219167585293e-01
9.000000000000000000e+00 1.200000000000000000e+01 6.874681564095862507e-01
9.000000000000000000e+00 1.300000000000000000e+01 7.642503536718080470e-01
9.000000000000000000e+00 1.400000000000000000e+01 1.030129078514973706e+00
9.000000000000000000e+00 1.500000000000000000e+01 8.312825241005363797e-01
9.000000000000000000e+00 1.600000000000000000e+01 9.704613644299642239e-01
9.000000000000000000e+00 1.700000000000000000e+01 1.000452828881214673e+00
9.000000000000000000e+00 1.800000000000000000e+01 9.864900079929654897e-01
9.000000000000000000e+00 1.900000000000000000e+01 1.049043040353055734e+00
9.000000000000000000e+00 2.000000000000000000e+01 1.012155827167861233e+00
9.000000000000000000e+00 2.100000000000000000e+01 8.670479670089317192e-01
9.000000000000000000e+00 2.200000000000000000e+01 1.008242351592173458e+00
9.000000000000000000e+00 2.300000000000000000e+01 8.945615857418540706e-01
9.000000000000000000e+00 2.400000000000000000e+01 9.102857465358162870e-01
9.000000000000000000e+00 2.500000000000000000e+01 1.051005394761785672e+00
9.000000000000000000e+00 2.600000000000000000e+01 1.101769307694354660e+00
9.000000000000000000e+00 2.700000000000000000e+01 1.141831197282797916e+00
9.000000000000000000e+00 2.800000000000000000e+01 1.040895537388290437e+00
9.000000000000000000e+00 2.900000000000000000e+01 1.041270346604968200e+00
9.000000000000000000e+00 3.000000000000000000e+01 1.182386239949437812e+00
9.000000000000000000e+00 3.100000000000000000e+01 1.120203250502694647e+00
9.000000000000000000e+00 3.200000000000000000e+01 1.241020329082179519e+00
1.000000000000000000e+01 1.100000000000000000e+01 7.057226031538734734e-01
1.000000000000000000e+01 1.200000000000000000e+01 6.569329873685517684e-01
1.000000000000000000e+01 1.300000000000000000e+01 8.307163184877172091e-01
1.000000000000000000e+01 1.400000000000000000e+01 9.691126503852447449e-01
1.000000000000000000e+01 1.500000000000000000e+01 8.659207679373148725e-01
1.000000000000000000e+01 1.600000000000000000e+01 9.141069357517763727e-01
1.000000000000000000e+01 1.700000000000000000e+01 9.432298718491176626e-01
1.000000000000000000e+01 1.800000000000000000e+01 9.314966268652156156e-01
1.000000000000000000e+01 1.900000000000000000e+01 9.940958554835095384e-01
1.000000000000000000e+01 2.000000000000000000e+01 9.582431365558501390e-01
1.000000000000000000e+01 2.100000000000000000e+01 8.667929525461988138e-01
1.000000000000000000e+01 2.200000000000000000e+01 9.585068855500635809e-01
1.000000000000000000e+01 2.300000000000000000e+01 8.903837420235847233e-01
1.000000000000000000e+01 2.400000000000000000e+01 9.019686210579909158e-01
1.000000000000000000e+01 2.500000000000000000e+01 1.011716258242176147e+00
1.000000000000000000e+01 2.600000000000000000e+01 1.062604910993089069e+00
1.000000000000000000e+01 2.700000000000000000e+01 1.102968528142243887e+00
1.000000000000000000e+01 2.800000000000000000e+01 1.015363556408016565e+00
1.000000000000000000e+01 2.900000000000000000e+01 1.018889576680111375e+00
1.000000000000000000e+01 3.000000000000000000e+01 1.164998581635283692e+00
1.000000000000000000e+01 3.100000000000000000e+01 1.093576816252673112e+00
1.000000000000000000e+01 3.200000000000000000e+01 1.205841456131605760e+00
1.100000000000000000e+01 1.200000000000000000e+01 5.761179370386911858e-01
1.100000000000000000e+01 1.300000000000000000e+01 7.499028296390622961e-01
1.100000000000000000e+01 1.400000000000000000e+01 9.969530994729933759e-01
1.100000000000000000e+01 1.500000000000000000e+01 8.058311377386113694e-01
1.100000000000000000e+01 1.600000000000000000e+01 9.360661454377838808e-01
1.100000000000000000e+01 1.700000000000000000e+01 9.665988316491944676e-01
1.100000000000000000e+01 1.800000000000000000e+01 9.522272466189425355e-01
1.100000000000000000e+01 1.900000000000000000e+01 1.015250790889592913e+00
1.100000000000000000e+01 2.000000000000000000e+01 9.780819696085338855e-01
1.100000000000000000e+01 2.100000000000000000e+01 8.317190038135913177e-01
1.100000000000000000e+01 2.200000000000000000e+01 9.738400397526014718e-01
1.100000000000000000e+01 2.300000000000000000e+01 8.608677329359373243e-01
1.100000000000000000e+01 2.400000000000000000e+01 8.769103215523903483e-01
1.100000000000000000e+01 2.500000000000000000e+01 1.016819072391813572e+00
1.100000000000000000e+01 2.600000000000000000e+01 1.067774234504822006e+00
1.100000000000000000e+01 2.700000000000000000e+01 1.107916831314766704e+00
1.100000000000000000e+01 2.800000000000000000e+01 1.008091140631454552e+00
1.100000000000000000e+01 2.900000000000000000e+01 1.009020754298995293e+00
1.100000000000000000e+01 3.000000000000000000e+01 1.151498517666125210e+00
1.100000000000000000e+01 3.100000000000000000e+01 1.087521521009382042e+00
1.100000000000000000e+01 3.200000000000000000e+01 1.207441736464401227e+00
1.200000000000000000e+01 1.300000000000000000e+01 7.776140922398452338e-01
1.200000000000000000e+01 1.400000000000000000e+01 9.745621104773496413e-01
1.200000000000000000e+01 1.500000000000000000e+01 8.183142773338543119e-01
1.200000000000000000e+01 1.600000000000000000e+01 9.144259421515865682e-01
1.200000000000000000e+01 1.700000000000000000e+01 9.449757582328539574e-01
1.200000000000000000e+01 1.800000000000000000e+01 9.310524213280604311e-01
1.200000000000000000e+01 1.900000000000000000e+01 9.943205404360520028e-01
1.200000000000000000e+01 2.000000000000000000e+01 9.573154131174894665e-01
1.200000000000000000e+01 2.100000000000000000e+01 8.284793748461609653e-01
1.200000000000000000e+01 2.200000000000000000e+01 9.541329527097708318e-01
1.200000000000000000e+01 2.300000000000000000e+01 8.562007328903096237e-01
1.200000000000000000e+01 2.400000000000000000e+01 8.706825587321456172e-01
1.200000000000000000e+01 2.500000000000000000e+01 1.000241688702483644e+00
1.200000000000000000e+01 2.600000000000000000e+01 1.051303357140130013e+00
1.200000000000000000e+01 2.700000000000000000e+01 1.091562443111782077e+00
1.200000000000000000e+01 2.800000000000000000e+01 9.960452895509754878e-01
1.200000000000000000e+01 2.900000000000000000e+01 9.980817617698782840e-01
1.200000000000000000e+01 3.000000000000000000e+01 1.142385956675786129e+00
1.200000000000000000e+01 3.100000000000000000e+01 1.075159497156749300e+00
1.200000000000000000e+01 3.200000000000000000e+01 1.192272729586884239e+00
1.300000000000000000e+01 1.400000000000000000e+01 1.039972626192597449e+00
1.300000000000000000e+01 1.500000000000000000e+01 6.942812512191989249e-01
1.300000000000000000e+01 1.600000000000000000e+01 9.748633848991308248e-01
1.300000000000000000e+01 1.700000000000000000e+01 1.005974045747254797e+00
1.300000000000000000e+01 1.800000000000000000e+01 9.895028828825369605e-01
1.300000000000000000e+01 1.900000000000000000e+01 1.052175392631820028e+00
1.300000000000000000e+01 2.000000000000000000e+01 1.014084496909374078e+00
1.300000000000000000e+01 2.100000000000000000e+01 8.034369416464592906e-01
1.300000000000000000e+01 2.200000000000000000e+01 1.005616401934070536e+00
1.300000000000000000e+01 2.300000000000000000e+01 8.374411874813045831e-01
1.300000000000000000e+01 2.400000000000000000e+01 8.594527497018178419e-01
1.300000000000000000e+01 2.500000000000000000e+01 1.037193056402816671e+00
1.300000000000000000e+01 2.600000000000000000e+01 1.087873512452026459e+00
1.300000000000000000e+01 2.700000000000000000e+01 1.127634726618004901e+00
1.300000000000000000e+01 2.800000000000000000e+01 1.012484230198185786e+00
1.300000000000000000e+01 2.900000000000000000e+01 1.009586827550592592e+00
1.300000000000000000e+01 3.000000000000000000e+01 1.145999734477604282e+00
1.300000000000000000e+01 3.100000000000000000e+01 1.093150442373882036e+00
1.300000000000000000e+01 3.200000000000000000e+01 1.222964989015568715e+00
1.400000000000000000e+01 1.500000000000000000e+01 1.034203534375998101e+00
1.400000000000000000e+01 1.600000000000000000e+01 6.556784926028904614e-01
1.400000000000000000e+01 1.700000000000000000e+01 5.732595738705104083e-01
1.400000000000000000e+01 1.800000000000000000e+01 6.458263704027575880e-01
1.400000000000000000e+01 1.900000000000000000e+01 6.085589431283013884e-01
1.400000000000000000e+01 2.000000000000000000e+01 6.379115628654274950e-01
1.400000000000000000e+01 2.100000000000000000e+01 9.667891920177413834e-01
1.400000000000000000e+01 2.200000000000000000e+01 7.173572158499839091e-01
1.400000000000000000e+01 2.300000000000000000e+01 9.682275186498530140e-01
1.400000000000000000e+01 2.400000000000000000e+01 9.612617561620138140e-01
1.400000000000000000e+01 2.500000000000000000e+01 8.685957624363600527e-01
1.400000000000000000e+01 2.600000000000000000e+01 9.114728818992225978e-01
1.400000000000000000e+01 2.700000000000000000e+01 9.515275872648714106e-01
1.400000000000000000e+01 2.800000000000000000e+01 9.677439510287417779e-01
1.400000000000000000e+01 2.900000000000000000e+01 9.876733966825472777e-01
1.400000000000000000e+01 3.000000000000000000e+01 1.154492297484697172e+00
1.400000000000000000e+01 3.100000000000000000e+01 1.034638970647548728e+00
1.400000000000000000e+01 3.200000000000000000e+01 1.084116144430289808e+00
1.500000000000000000e+01 1.600000000000000000e+01 9.657998426983427365e-01
1.500000000000000000e+01 1.700000000000000000e+01 9.975680195202205613e-01
1.500000000000000000e+01 1.800000000000000000e+01 9.795584491279398787e-01
1.500000000000000000e+01 1.900000000000000000e+01 1.042284111742070252e+00
1.500000000000000000e+01 2.000000000000000000e+01 1.003456300406430302e+00
1.500000000000000000e+01 2.100000000000000000e+01 7.313169689430891740e-01
1.500000000000000000e+01 2.200000000000000000e+01 9.921607133494652064e-01
1.500000000000000000e+01 2.300000000000000000e+01 7.766208383443351515e-01
1.500000000000000000e+01 2.400000000000000000e+01 8.076329754787865411e-01
1.500000000000000000e+01 2.500000000000000000e+01 1.016840819330149470e+00
1.500000000000000000e+01 2.600000000000000000e+01 1.067567253137806427e+00
1.500000000000000000e+01 2.700000000000000000e+01 1.107188698717166631e+00
1.500000000000000000e+01 2.800000000000000000e+01 9.835430667221427559e-01
1.500000000000000000e+01 2.900000000000000000e+01 9.789310017369703409e-01
1.500000000000000000e+01 3.000000000000000000e+01 1.113925900803973246e+00
1.500000000000000000e+01 3.100000000000000000e+01 1.065418907860791187e+00
1.500000000000000000e+01 3.200000000000000000e+01 1.200347049562722646e+00
1.600000000000000000e+01 1.700000000000000000e+01 5.482895140990999838e-01
1.600000000000000000e+01 1.800000000000000000e+01 4.619802194385143057e-01
1.600000000000000000e+01 1.900000000000000000e+01 6.518383382852839247e-01
1.600000000000000000e+01 2.000000000000000000e+01 5.792594862292586022e-01
1.600000000000000000e+01 2.100000000000000000e+01 8.924750311044296058e-01
1.600000000000000000e+01 2.200000000000000000e+01 6.198485166537468505e-01
1.600000000000000000e+01 2.300000000000000000e+01 8.921705233392631662e-01
1.600000000000000000e+01 2.400000000000000000e+01 8.837251937200827356e-01
1.600000000000000000e+01 2.500000000000000000e+01 7.865382502776745444e-01
1.600000000000000000e+01 2.600000000000000000e+01 8.351287080588114531e-01
1.600000000000000000e+01 2.700000000000000000e+01 8.769253205236879900e-01
1.600000000000000000e+01 2.800000000000000000e+01 8.856779592572687765e-01
1.600000000000000000e+01 2.900000000000000000e+01 9.062403581394669061e-01
1.600000000000000000e+01 3.000000000000000000e+01 1.074302894636590455e+00
1.600000000000000000e+01 3.100000000000000000e+01 9.533531287551042510e-01
1.600000000000000000e+01 3.200000000000000000e+01 1.006670916749504485e+00
1.700000000000000000e+01 1.800000000000000000e+01 5.053079156298501129e-01
1.700000000000000000e+01 1.900000000000000000e+01 5.627953796939144659e-01
1.700000000000000000e+01 2.000000000000000000e+01 5.102615441183475653e-01
1.700000000000000000e+01 2.100000000000000000e+01 9.254531412799675838e-01
1.700000000000000000e+01 2.200000000000000000e+01 6.285110158906355160e-01
1.700000000000000000e+01 2.300000000000000000e+01 9.249845163544940796e-01
1.700000000000000000e+01 2.400000000000000000e+01 9.164330702392380346e-01
1.700000000000000000e+01 2.500000000000000000e+01 8.045935728420381405e-01
1.700000000000000000e+01 2.600000000000000000e+01 8.482090353572850905e-01
1.700000000000000000e+01 2.700000000000000000e+01 8.887802353132507882e-01
1.700000000000000000e+01 2.800000000000000000e+01 9.129895474999478733e-01
1.700000000000000000e+01 2.900000000000000000e+01 9.344220644053082836e-01
1.700000000000000000e+01 3.000000000000000000e+01 1.103082475055721545e+00
1.700000000000000000e+01 3.100000000000000000e+01 9.789319588563678565e-01
1.700000000000000000e+01 3.200000000000000000e+01 1.023514903673556464e+00
1.800000000000000000e+01 1.900000000000000000e+01 6.122006200791272335e-01
1.800000000000000000e+01 2.000000000000000000e+01 5.053320210969731718e-01
1.800000000000000000e+01 2.100000000000000000e+01 9.046553212544790057e-01
1.800000000000000000e+01 2.200000000000000000e+01 5.793444461435350856e-01
1.800000000000000000e+01 2.300000000000000000e+01 9.031609200751202771e-01
1.800000000000000000e+01 2.400000000000000000e+01 8.937517493625217746e-01
1.800000000000000000e+01 2.500000000000000000e+01 7.754485582325780779e-01
1.800000000000000000e+01 2.600000000000000000e+01 8.219076070986568450e-01
1.800000000000000000e+01 2.700000000000000000e+01 8.634395382516530937e-01
1.800000000000000000e+01 2.800000000000000000e+01 8.863175072471276561e-01
1.800000000000000000e+01 2.900000000000000000e+01 9.083326380145892998e-01
1.800000000000000000e+01 3.000000000000000000e+01 1.077848235238799468e+00
1.800000000000000000e+01 3.100000000000000000e+01 9.523374430765296772e-01
1.800000000000000000e+01 3.200000000000000000e+01 9.974449419062572098e-01
1.900000000000000000e+01 2.000000000000000000e+01 5.345965621064960871e-01
1.900000000000000000e+01 2.100000000000000000e+01 9.675580548326914165e-01
1.900000000000000000e+01 2.200000000000000000e+01 6.389232493245990963e-01
1.900000000000000000e+01 2.300000000000000000e+01 9.653086686469283251e-01
1.900000000000000000e+01 2.400000000000000000e+01 9.553133931363544384e-01
1.900000000000000000e+01 2.500000000000000000e+01 8.117413402581308279e-01
1.900000000000000000e+01 2.600000000000000000e+01 8.483999272002076264e-01
1.900000000000000000e+01 2.700000000000000000e+01 8.872194340001766655e-01
1.900000000000000000e+01 2.800000000000000000e+01 9.375116898581625779e-01
1.900000000000000000e+01 2.900000000000000000e+01 9.611685802493559194e-01
1.900000000000000000e+01 3.000000000000000000e+01 1.132019141446995114e+00
1.900000000000000000e+01 3.100000000000000000e+01 1.000562003915248521e+00
1.900000000000000000e+01 3.200000000000000000e+01 1.030087713968262264e+00
2.000000000000000000e+01 2.100000000000000000e+01 9.273730246992391013e-01
2.000000000000000000e+01 2.200000000000000000e+01 5.586989716467856137e-01
2.000000000000000000e+01 2.300000000000000000e+01 9.247747337519451882e-01
2.000000000000000000e+01 2.400000000000000000e+01 9.144779680783612363e-01
2.000000000000000000e+01 2.500000000000000000e+01 7.722861603238257988e-01
2.000000000000000000e+01 2.600000000000000000e+01 8.137053783153416209e-01
2.000000000000000000e+01 2.700000000000000000e+01 8.541504113000475407e-01
2.000000000000000000e+01 2.800000000000000000e+01 8.968407009799455043e-01
2.000000000000000000e+01 2.900000000000000000e+01 9.204531012399095324e-01
2.000000000000000000e+01 3.000000000000000000e+01 1.091461335928442633e+00
2.000000000000000000e+01 3.100000000000000000e+01 9.606327672637098303e-01
2.000000000000000000e+01 3.200000000000000000e+01 9.943740086118308952e-01
2.100000000000000000e+01 2.200000000000000000e+01 9.109761554854804988e-01
2.100000000000000000e+01 2.300000000000000000e+01 5.531541502834937951e-01
2.100000000000000000e+01 2.400000000000000000e+01 6.307262810110385587e-01
2.100000000000000000e+01 2.500000000000000000e+01 9.237936353593723116e-01
2.100000000000000000e+01 2.600000000000000000e+01 9.749887229850286996e-01
2.100000000000000000e+01 2.700000000000000000e+01 1.014541440099528291e+00
2.100000000000000000e+01 2.800000000000000000e+01 8.779712259206553515e-01
2.100000000000000000e+01 2.900000000000000000e+01 8.718741235213993690e-01
2.100000000000000000e+01 3.000000000000000000e+01 1.009427745048558034e+00
2.100000000000000000e+01 3.100000000000000000e+01 9.628488515103343914e-01
2.100000000000000000e+01 3.200000000000000000e+01 1.104702359516748444e+00
2.200000000000000000e+01 2.300000000000000000e+01 9.057658698691133381e-01
2.200000000000000000e+01 2.400000000000000000e+01 8.933188167869721141e-01
2.200000000000000000e+01 2.500000000000000000e+01 7.165808174675236675e-01
2.200000000000000000e+01 2.600000000000000000e+01 7.625576840203966977e-01
2.200000000000000000e+01 2.700000000000000000e+01 8.053330909197655707e-01
2.200000000000000000e+01 2.800000000000000000e+01 8.598532428893028712e-01
2.200000000000000000e+01 2.900000000000000000e+01 8.858962131540843998e-01
2.200000000000000000e+01 3.000000000000000000e+01 1.059667771646135126e+00
2.200000000000000000e+01 3.100000000000000000e+01 9.219992340424156829e-01
2.200000000000000000e+01 3.200000000000000000e+01 9.485180423483270395e-01
2.300000000000000000e+01 2.400000000000000000e+01 5.177984499424446163e-01
2.300000000000000000e+01 2.500000000000000000e+01 9.099789671644444855e-01
2.300000000000000000e+01 2.600000000000000000e+01 9.608194822389328760e-01
2.300000000000000000e+01 2.700000000000000000e+01 1.000044688794811343e+00
2.300000000000000000e+01 2.800000000000000000e+01 8.503133908100164451e-01
2.300000000000000000e+01 2.900000000000000000e+01 8.408885354085477992e-01
2.300000000000000000e+01 3.000000000000000000e+01 9.754414110097795465e-01
2.300000000000000000e+01 3.100000000000000000e+01 9.370117309152541374e-01
2.300000000000000000e+01 3.200000000000000000e+01 1.086981184726889982e+00
2.400000000000000000e+01 2.500000000000000000e+01 8.905476778599095145e-01
2.400000000000000000e+01 2.600000000000000000e+01 9.411784488130228166e-01
2.400000000000000000e+01 2.700000000000000000e+01 9.801743134294231830e-01
2.400000000000000000e+01 2.800000000000000000e+01 8.200256308926909821e-01
2.400000000000000000e+01 2.900000000000000000e+01 8.083242269935295710e-01
2.400000000000000000e+01 3.000000000000000000e+01 9.421023840841367125e-01
2.400000000000000000e+01 3.100000000000000000e+01 9.085150986611809643e-01
2.400000000000000000e+01 3.200000000000000000e+01 1.064655084446569866e+00
2.500000000000000000e+01 2.600000000000000000e+01 5.877612643095633249e-01
2.500000000000000000e+01 2.700000000000000000e+01 6.654878354082409686e-01
2.500000000000000000e+01 2.800000000000000000e+01 7.802981941791744536e-01
2.500000000000000000e+01 2.900000000000000000e+01 8.192136299223942153e-01
2.500000000000000000e+01 3.000000000000000000e+01 1.005192082112742913e+00
2.500000000000000000e+01 3.100000000000000000e+01 8.291382042763464355e-01
2.500000000000000000e+01 3.200000000000000000e+01 8.142860793568678091e-01
2.600000000000000000e+01 2.700000000000000000e+01 5.321256634259972085e-01
2.600000000000000000e+01 2.800000000000000000e+01 8.187966203417149647e-01
2.600000000000000000e+01 2.900000000000000000e+01 8.589859908946357869e-01
2.600000000000000000e+01 3.000000000000000000e+01 1.045407137027410283e+00
2.600000000000000000e+01 3.100000000000000000e+01 8.569404071687669600e-01
2.600000000000000000e+01 3.200000000000000000e+01 7.682565549073934186e-01
2.700000000000000000e+01 2.800000000000000000e+01 8.517614753873783418e-01
2.700000000000000000e+01 2.900000000000000000e+01 8.923245924520228911e-01
2.700000000000000000e+01 3.000000000000000000e+01 1.078829789375267634e+00
2.700000000000000000e+01 3.100000000000000000e+01 8.846109870541556397e-01
2.700000000000000000e+01 3.200000000000000000e+01 7.439054172906272022e-01
2.800000000000000000e+01 2.900000000000000000e+01 5.332086461073290984e-01
2.800000000000000000e+01 3.000000000000000000e+01 7.974070933310772880e-01
2.800000000000000000e+01 3.100000000000000000e+01 6.085463776324151475e-01
2.800000000000000000e+01 3.200000000000000000e+01 8.965901815807577613e-01
2.900000000000000000e+01 3.000000000000000000e+01 7.183463789733020022e-01
2.900000000000000000e+01 3.100000000000000000e+01 6.578547977568214300e-01
2.900000000000000000e+01 3.200000000000000000e+01 9.402655758008222620e-01
3.000000000000000000e+01 3.100000000000000000e+01 8.695122375918384883e-01
3.000000000000000000e+01 3.200000000000000000e+01 1.128704748596440322e+00
3.100000000000000000e+01 3.200000000000000000e+01 9.037917100899326428e-01
