1.000000000000000000e+00 2.000000000000000000e+00 1.277346789845393404e+00
1.000000000000000000e+00 3.000000000000000000e+00 1.403342733303404977e+00
1.000000000000000000e+00 4.000000000000000000e+00 1.383630912592682893e+00
1.000000000000000000e+00 5.000000000000000000e+00 1.401083169717202148e+00
1.000000000000000000e+00 6.000000000000000000e+00 1.414403383725357122e+00
1.000000000000000000e+00 7.000000000000000000e+00 1.409240901464120066e+00
1.000000000000000000e+00 8.000000000000000000e+00 1.437593282885734736e+00
1.000000000000000000e+00 9.000000000000000000e+00 1.379053401699726678e+00
1.000000000000000000e+00 1.000000000000000000e+01 1.428069511684394666e+00
1.000000000000000000e+00 1.100000000000000000e+01 1.407873336100399220e+00
1.000000000000000000e+00 1.200000000000000000e+01 1.421989607924033061e+00
1.000000000000000000e+00 1.300000000000000000e+01 1.448971266127024426e+00
1.000000000000000000e+00 1.400000000000000000e+01 1.662622211827723628e+00
1.000000000000000000e+00 1.500000000000000000e+01 1.510508211736756978e+00
1.000000000000000000e+00 1.600000000000000000e+01 1.602798367492338505e+00
1.000000000000000000e+00 1.700000000000000000e+01 1.631410171097945394e+00
1.000000000000000000e+00 1.800000000000000000e+01 1.616867402239392959e+00
1.000000000000000000e+00 1.900000000000000000e+01 1.676918179220909133e+00
1.000000000000000000e+00 2.000000000000000000e+01 1.640291717058369514e+00
1.000000000000000000e+00 2.100000000000000000e+01 1.505655997722059602e+00
1.000000000000000000e+00 2.200000000000000000e+01 1.633254636890669742e+00
1.000000000000000000e+00 2.300000000000000000e+01 1.519212787695107592e+00
1.000000000000000000e+00 2.400000000000000000e+01 1.529114071051361323e+00
1.000000000000000000e+00 2.500000000000000000e+01 1.659509988431700611e+00
1.000000000000000000e+00 2.600000000000000000e+01 1.701772342197638066e+00
1.000000000000000000e+00 2.700000000000000000e+01 1.735086266936173960e+00
1.000000000000000000e+00 2.800000000000000000e+01 1.626529290388577742e+00
1.000000000000000000e+00 2.900000000000000000e+01 1.617133406465727452e+00
1.000000000000000000e+00 3.000000000000000000e+01 1.616680269428978134e+00
1.000000000000000000e+00 3.100000000000000000e+01 1.664066459318084501e+00
1.000000000000000000e+00 3.200000000000000000e+01 1.774075459901560015e+00
2.000000000000000000e+00 3.000000000000000000e+00 8.449516945115447264e-01
2.000000000000000000e+00 4.000000000000000000e+00 8.136454578079836963e-01
2.000000000000000000e+00 5.000000000000000000e+00 8.397395946697414626e-01
2.000000000000000000e+00 6.000000000000000000e+00 8.558889763951713636e-01
2.000000000000000000e+00 7.000000000000000000e+00 8.465738067353381080e-01
2.000000000000000000e+00 8.000000000000000000e+00 8.857101625494945285e-01
2.000000000000000000e+00 9.000000000000000000e+00 7.949518379987545735e-01
2.000000000000000000e+00 1.000000000000000000e+01 8.725010750032464735e-01
2.000000000000000000e+00 1.100000000000000000e+01 8.400815333992948108e-01
2.000000000000000000e+00 1.200000000000000000e+01 8.610455850266569566e-01
2.000000000000000000e+00 1.300000000000000000e+01 8.908791072635435793e-01
2.000000000000000000e+00 1.400000000000000000e+01 1.126304979157656927e+00
2.000000000000000000e+00 1.500000000000000000e+01 9.710900035043159573e-01
2.000000000000000000e+00 1.600000000000000000e+01 1.067023180879907107e+00
2.000000000000000000e+00 1.700000000000000000e+01 1.095777769358647902e+00
2.000000000000000000e+00 1.800000000000000000e+01 1.081586651518280373e+00
2.000000000000000000e+00 1.900000000000000000e+01 1.142034631591705152e+00
2.000000000000000000e+00 2.000000000000000000e+01 1.105494946742975770e+00
2.000000000000000000e+00 2.100000000000000000e+01 9.727395338383999501e-01
2.000000000000000000e+00 2.200000000000000000e+01 1.099443584346557534e+00
2.000000000000000000e+00 2.300000000000000000e+01 9.901092597569800535e-01
2.000000000000000000e+00 2.400000000000000000e+01 1.001586179791325248e+00
2.000000000000000000e+00 2.500000000000000000e+01 1.129250905132228811e+00
2.000000000000000000e+00 2.600000000000000000e+01 1.172009083350191938e+00
2.000000000000000000e+00 2.700000000000000000e+01 1.205647711585555282e+00
2.000000000000000000e+00 2.800000000000000000e+01 1.101601088683572982e+00
2.000000000000000000e+00 2.900000000000000000e+01 1.093703414748211200e+00
2.000000000000000000e+00 3.000000000000000000e+01 1.096888474263407742e+00
2.000000000000000000e+00 3.100000000000000000e+01 1.139505918527258910e+00
2.000000000000000000e+00 3.200000000000000000e+01 1.246837623543691320e+00
3.000000000000000000e+00 4.000000000000000000e+00 5.996612911528909073e-01
3.000000000000000000e+00 5.000000000000000000e+00 4.614025662920993032e-01
3.000000000000000000e+00 6.000000000000000000e+00 5.762967005069905557e-01
3.000000000000000000e+00 7.000000000000000000e+00 6.284209882056115415e-01
3.000000000000000000e+00 8.000000000000000000e+00 6.636227897883324456e-01
3.000000000000000000e+00 9.000000000000000000e+00 7.337144254324488024e-01
3.000000000000000000e+00 1.000000000000000000e+01 6.525262119724142273e-01
3.000000000000000000e+00 1.100000000000000000e+01 7.412485333906710938e-01
3.000000000000000000e+00 1.200000000000000000e+01 7.265239587591516557e-01
3.000000000000000000e+00 1.300000000000000000e+01 8.731408755648091269e-01
3.000000000000000000e+00 1.400000000000000000e+01 1.009166296231710280e+00
3.000000000000000000e+00 1.500000000000000000e+01 9.244863994839078725e-01
3.000000000000000000e+00 1.600000000000000000e+01 9.549864799113507718e-01
3.000000000000000000e+00 1.700000000000000000e+01 9.829157879156142918e-01
3.000000000000000000e+00 1.800000000000000000e+01 9.711453686120283812e-01
3.000000000000000000e+00 1.900000000000000000e+01 1.031869721370904047e+00
3.000000000000000000e+00 2.000000000000000000e+01 9.964072100635563700e-01
3.000000000000000000e+00 2.100000000000000000e+01 9.065552819766802273e-01
3.000000000000000000e+00 2.200000000000000000e+01 9.950390911479092271e-01
3.000000000000000000e+00 2.300000000000000000e+01 9.248185819965313303e-01
3.000000000000000000e+00 2.400000000000000000e+01 9.348182408381970898e-01
3.000000000000000000e+00 2.500000000000000000e+01 1.037492151101860438e+00
3.000000000000000000e+00 2.600000000000000000e+01 1.081135807777969360e+00
3.000000000000000000e+00 2.700000000000000000e+01 1.115539128205627950e+00
3.000000000000000000e+00 2.800000000000000000e+01 1.025711812720446314e+00
3.000000000000000000e+00 2.900000000000000000e+01 1.021577096633631720e+00
3.000000000000000000e+00 3.000000000000000000e+01 1.032114344160082853e+00
3.000000000000000000e+00 3.100000000000000000e+01 1.063392185233790865e+00
3.000000000000000000e+00 3.200000000000000000e+01 1.162992294553298001e+00
4.000000000000000000e+00 5.000000000000000000e+00 5.684383571522679812e-01
4.000000000000000000e+00 6.000000000000000000e+00 6.417128400538427702e-01
4.000000000000000000e+00 7.000000000000000000e+00 6.355052278991244474e-01
4.000000000000000000e+00 8.000000000000000000e+00 7.170029908035637778e-01
4.000000000000000000e+00 9.000000000000000000e+00 6.848178291019992869e-01
4.000000000000000000e+00 1.000000000000000000e+01 6.941835937241100929e-01
4.000000000000000000e+00 1.100000000000000000e+01 7.192536321926128462e-01
4.000000000000000000e+00 1.200000000000000000e+01 7.211945768160206161e-01
4.000000000000000000e+00 1.300000000000000000e+01 8.551077557975477195e-01
4.000000000000000000e+00 1.400000000000000000e+01 1.025150077369301638e+00
4.000000000000000000e+00 1.500000000000000000e+01 9.159242202421837842e-01
4.000000000000000000e+00 1.600000000000000000e+01 9.689553258952605663e-01
4.000000000000000000e+00 1.700000000000000000e+01 9.973506730312502455e-01
4.000000000000000000e+00 1.800000000000000000e+01 9.846890554619252001e-01
4.000000000000000000e+00 1.900000000000000000e+01 1.045524645322155832e+00
4.000000000000000000e+00 2.000000000000000000e+01 1.009624296493806472e+00
4.000000000000000000e+00 2.100000000000000000e+01 9.045904582693751195e-01
4.000000000000000000e+00 2.200000000000000000e+01 1.006718958776784634e+00
4.000000000000000000e+00 2.300000000000000000e+01 9.236918525871484764e-01
4.000000000000000000e+00 2.400000000000000000e+01 9.346160709283284351e-01
4.000000000000000000e+00 2.500000000000000000e+01 1.045500586693145939e+00
4.000000000000000000e+00 2.600000000000000000e+01 1.088994929520910260e+00
4.000000000000000000e+00 2.700000000000000000e+01 1.123222964361282106e+00
4.000000000000000000e+00 2.800000000000000000e+01 1.029520915285383253e+00
4.000000000000000000e+00 2.900000000000000000e+01 1.024485001357262393e+00
4.000000000000000000e+00 3.000000000000000000e+01 1.033483878295774039e+00
4.000000000000000000e+00 3.100000000000000000e+01 1.067411601165395574e+00
4.000000000000000000e+00 3.200000000000000000e+01 1.169037899260339630e+00
5.000000000000000000e+00 6.000000000000000000e+00 5.468662321910358060e-01
5.000000000000000000e+00 7.000000000000000000e+00 5.903842965641978857e-01
5.000000000000000000e+00 8.000000000000000000e+00 6.634445709890151033e-01
5.000000000000000000e+00 9.000000000000000000e+00 7.148633169204514637e-01
5.000000000000000000e+00 1.000000000000000000e+01 6.396533678423486080e-01
5.000000000000000000e+00 1.100000000000000000e+01 7.227008266920000867e-01
5.000000000000000000e+00 1.200000000000000000e+01 7.083826071828880355e-01
5.000000000000000000e+00 1.300000000000000000e+01 8.621434857625407400e-01
5.000000000000000000e+00 1.400000000000000000e+01 1.006648749431269696e+00
5.000000000000000000e+00 1.500000000000000000e+01 9.150682610903693170e-01
5.000000000000000000e+00 1.600000000000000000e+01 9.516245001954459770e-01
5.000000000000000000e+00 1.700000000000000000e+01 9.798081409466377067e-01
5.000000000000000000e+00 1.800000000000000000e+01 9.676975797859688200e-01
5.000000000000000000e+00 1.900000000000000000e+01 1.028561221333498255e+00
5.000000000000000000e+00 2.000000000000000000e+01 9.929122881775951370e-01
5.000000000000000000e+00 2.100000000000000000e+01 8.984883922841273574e-01
5.000000000000000000e+00 2.200000000000000000e+01 9.910435628588019075e-01
5.000000000000000000e+00 2.300000000000000000e+01 9.172112156857716858e-01
5.000000000000000000e+00 2.400000000000000000e+01 9.275365472306222880e-01
5.000000000000000000e+00 2.500000000000000000e+01 1.032509269486616477e+00
5.000000000000000000e+00 2.600000000000000000e+01 1.076154877713008107e+00
5.000000000000000000e+00 2.700000000000000000e+01 1.110528775371004695e+00
5.000000000000000000e+00 2.800000000000000000e+01 1.019762547054866353e+00
5.000000000000000000e+00 2.900000000000000000e+01 1.015456371932466739e+00
5.000000000000000000e+00 3.000000000000000000e+01 1.025777518509426445e+00
5.000000000000000000e+00 3.100000000000000000e+01 1.057542030725986404e+00
5.000000000000000000e+00 3.200000000000000000e+01 1.157605541575692731e+00
6.000000000000000000e+00 7.000000000000000000e+00 5.319016867055537112e-01
6.000000000000000000e+00 8.000000000000000000e+00 6.007717378043142542e-01
6.000000000000000000e+00 9.000000000000000000e+00 7.219519606328113071e-01
6.000000000000000000e+00 1.000000000000000000e+01 5.468833285472010086e-01
6.000000000000000000e+00 1.100000000000000000e+01 7.087430813783932582e-01
6.000000000000000000e+00 1.200000000000000000e+01 6.780768257355933581e-01
6.000000000000000000e+00 1.300000000000000000e+01 8.557079023205289570e-01
6.000000000000000000e+00 1.400000000000000000e+01 9.860961871023925518e-01
6.000000000000000000e+00 1.500000000000000000e+01 9.030102937013191333e-01
6.000000000000000000e+00 1.600000000000000000e+01 9.310432275757911658e-01
6.000000000000000000e+00 1.700000000000000000e+01 9.593804603817384091e-01
6.000000000000000000e+00 1.800000000000000000e+01 9.473430462911616168e-01
6.000000000000000000e+00 1.900000000000000000e+01 1.008438953433107299e+00
6.000000000000000000e+00 2.000000000000000000e+01 9.727775475716002873e-01
6.000000000000000000e+00 2.100000000000000000e+01 8.829322868802091939e-01
6.000000000000000000e+00 2.200000000000000000e+01 9.712500176707254962e-01
6.000000000000000000e+00 2.300000000000000000e+01 9.018009476842394623e-01
6.000000000000000000e+00 2.400000000000000000e+01 9.119225827516086458e-01
6.000000000000000000e+00 2.500000000000000000e+01 1.014033446798621840e+00
6.000000000000000000e+00 2.600000000000000000e+01 1.057829351386630590e+00
6.000000000000000000e+00 2.700000000000000000e+01 1.092306557288982738e+00
6.000000000000000000e+00 2.800000000000000000e+01 1.003168338550010752e+00
6.000000000000000000e+00 2.900000000000000000e+01 9.993458073239398498e-01
6.000000000000000000e+00 3.000000000000000000e+01 1.010654944514856490e+00
6.000000000000000000e+00 3.100000000000000000e+01 1.040963340442717211e+00
6.000000000000000000e+00 3.200000000000000000e+01 1.140115126058983686e+00
7.000000000000000000e+00 8.000000000000000000e+00 6.466785238392234181e-01
7.000000000000000000e+00 9.000000000000000000e+00 6.876987174819788606e-01
7.000000000000000000e+00 1.000000000000000000e+01 5.812119833443967210e-01
7.000000000000000000e+00 1.100000000000000000e+01 6.667773959731519984e-01
7.000000000000000000e+00 1.200000000000000000e+01 6.342757882000504832e-01
7.000000000000000000e+00 1.300000000000000000e+01 8.357282013982547664e-01
7.000000000000000000e+00 1.400000000000000000e+01 9.875781076644041256e-01
7.000000000000000000e+00 1.500000000000000000e+01 8.871357119037150962e-01
7.000000000000000000e+00 1.600000000000000000e+01 9.307524295943185866e-01
7.000000000000000000e+00 1.700000000000000000e+01 9.595783871424501399e-01
7.000000000000000000e+00 1.800000000000000000e+01 9.467946786150331917e-01
7.000000000000000000e+00 1.900000000000000000e+01 1.008111414005524731e+00
7.000000000000000000e+00 2.000000000000000000e+01 9.720587166496725828e-01
7.000000000000000000e+00 2.100000000000000000e+01 8.707599783045121278e-01
7.000000000000000000e+00 2.200000000000000000e+01 9.693573155167840572e-01
7.000000000000000000e+00 2.300000000000000000e+01 8.907171240367752763e-01
7.000000000000000000e+00 2.400000000000000000e+01 9.016545055281832699e-01
7.000000000000000000e+00 2.500000000000000000e+01 1.009648169982346078e+00
7.000000000000000000e+00 2.600000000000000000e+01 1.053414452333374607e+00
7.000000000000000000e+00 2.700000000000000000e+01 1.087803346494476298e+00
7.000000000000000000e+00 2.800000000000000000e+01 9.962126904798731530e-01
7.000000000000000000e+00 2.900000000000000000e+01 9.919044896266069333e-01
7.000000000000000000e+00 3.000000000000000000e+01 1.002534038079259782e+00
7.000000000000000000e+00 3.100000000000000000e+01 1.034232568133333974e+00
7.000000000000000000e+00 3.200000000000000000e+01 1.134615429548580190e+00
8.000000000000000000e+00 9.000000000000000000e+00 7.654617371004786008e-01
8.000000000000000000e+00 1.000000000000000000e+01 5.333917377791306258e-01
8.000000000000000000e+00 1.100000000000000000e+01 7.400266222402287486e-01
8.000000000000000000e+00 1.200000000000000000e+01 7.000482215331202962e-01
8.000000000000000000e+00 1.300000000000000000e+01 8.707398320528321189e-01
8.000000000000000000e+00 1.400000000000000000e+01 9.580805147555162549e-01
8.000000000000000000e+00 1.500000000000000000e+01 9.068863409129448439e-01
8.000000000000000000e+00 1.600000000000000000e+01 9.051166492263404972e-01
8.000000000000000000e+00 1.700000000000000000e+01 9.330737320772568566e-01
8.000000000000000000e+00 1.800000000000000000e+01 9.220394805842282437e-01
8.000000000000000000e+00 1.900000000000000000e+01 9.831845926126303592e-01
8.000000000000000000e+00 2.000000000000000000e+01 9.479784727441780134e-01
8.000000000000000000e+00 2.100000000000000000e+01 8.782378490638329538e-01
8.000000000000000000e+00 2.200000000000000000e+01 9.483358711958997933e-01
8.000000000000000000e+00 2.300000000000000000e+01 8.958928334723557096e-01
8.000000000000000000e+00 2.400000000000000000e+01 9.047367435123969681e-01
8.000000000000000000e+00 2.500000000000000000e+01 9.958855805714146303e-01
8.000000000000000000e+00 2.600000000000000000e+01 1.039904142426907319e+00
8.000000000000000000e+00 2.700000000000000000e+01 1.074619651343293736e+00
8.000000000000000000e+00 2.800000000000000000e+01 9.905720924456553611e-01
8.000000000000000000e+00 2.900000000000000000e+01 9.879527818734603617e-01
8.000000000000000000e+00 3.000000000000000000e+01 1.001320367411207224e+00
8.000000000000000000e+00 3.100000000000000000e+01 1.028098880886058719e+00
8.000000000000000000e+00 3.200000000000000000e+01 1.124581042706370271e+00
9.000000000000000000e+00 1.000000000000000000e+01 7.376746794144306563e-01
9.000000000000000000e+00 1.100000000000000000e+01 6.299082169904262063e-01
9.000000000000000000e+00 1.200000000000000000e+01 6.881728736530916546e-01
9.000000000000000000e+00 1.300000000000000000e+01 7.859365435898586494e-01
9.000000000000000000e+00 1.400000000000000000e+01 1.024913025099936537e+00
9.000000000000000000e+00 1.500000000000000000e+01 8.683980189391615756e-01
9.000000000000000000e+00 1.600000000000000000e+01 9.649707671864964365e-01
9.000000000000000000e+00 1.700000000000000000e+01 9.943199905656463500e-01
9.000000000000000000e+00 1.800000000000000000e+01 9.800445107951287760e-01
9.000000000000000000e+00 1.900000000000000000e+01 1.041227775678143841e+00
9.000000000000000000e+00 2.000000000000000000e+01 1.004504819332226795e+00
9.000000000000000000e+00 2.100000000000000000e+01 8.711048965922363330e-01
9.000000000000000000e+00 2.200000000000000000e+01 9.989407564603312029e-01
9.000000000000000000e+00 2.300000000000000000e+01 8.929159798054995267e-01
9.000000000000000000e+00 2.400000000000000000e+01 9.060377691501846353e-01
9.000000000000000000e+00 2.500000000000000000e+01 1.031731341227432930e+00
9.000000000000000000e+00 2.600000000000000000e+01 1.075081391579461476e+00
9.000000000000000000e+00 2.700000000000000000e+01 1.109066989309846374e+00
9.000000000000000000e+00 2.800000000000000000e+01 1.009257069910437288e+00
9.000000000000000000e+00 2.900000000000000000e+01 1.002926547287243730e+00
9.000000000000000000e+00 3.000000000000000000e+01 1.010010710087682506e+00
9.000000000000000000e+00 3.100000000000000000e+01 1.047647233252891663e+00
9.000000000000000000e+00 3.200000000000000000e+01 1.152379565401943529e+00
1.000000000000000000e+01 1.100000000000000000e+01 7.060714440789832569e-01
1.000000000000000000e+01 1.200000000000000000e+01 6.571695575407907608e-01
1.000000000000000000e+01 1.300000000000000000e+01 8.522449030598531206e-01
1.000000000000000000e+01 1.400000000000000000e+01 9.647693044184144640e-01
1.000000000000000000e+01 1.500000000000000000e+01 8.924725872117653669e-01
1.000000000000000000e+01 1.600000000000000000e+01 9.095278017321428710e-01
1.000000000000000000e+01 1.700000000000000000e+01 9.381090388382720135e-01
1.000000000000000000e+01 1.800000000000000000e+01 9.261084552224394528e-01
1.000000000000000000e+01 1.900000000000000000e+01 9.875281660461026068e-01
1.000000000000000000e+01 2.000000000000000000e+01 9.518189928338891548e-01
1.000000000000000000e+01 2.100000000000000000e+01 8.677750745913241914e-01
1.000000000000000000e+01 2.200000000000000000e+01 9.506490571907513232e-01
1.000000000000000000e+01 2.300000000000000000e+01 8.866350328346086496e-01
1.000000000000000000e+01 2.400000000000000000e+01 8.964148603346753230e-01
1.000000000000000000e+01 2.500000000000000000e+01 9.949484403053896475e-01
1.000000000000000000e+01 2.600000000000000000e+01 1.038924050125245246e+00
1.000000000000000000e+01 2.700000000000000000e+01 1.073522358091087536e+00
1.000000000000000000e+01 2.800000000000000000e+01 9.862774208492872674e-01
1.000000000000000000e+01 2.900000000000000000e+01 9.830178194770236022e-01
1.000000000000000000e+01 3.000000000000000000e+01 9.954557655342901601e-01
1.000000000000000000e+01 3.100000000000000000e+01 1.024081591249724088e+00
1.000000000000000000e+01 3.200000000000000000e+01 1.122176053892461889e+00
1.100000000000000000e+01 1.200000000000000000e+01 5.761700084667926713e-01
1.100000000000000000e+01 1.300000000000000000e+01 7.671404791072344853e-01
1.100000000000000000e+01 1.400000000000000000e+01 9.910274975139565790e-01
1.100000000000000000e+01 1.500000000000000000e+01 8.341325912188211067e-01
1.100000000000000000e+01 1.600000000000000000e+01 9.297685540776312596e-01
1.100000000000000000e+01 1.700000000000000000e+01 9.597099955093488788e-01
1.100000000000000000e+01 1.800000000000000000e+01 9.449908809641591745e-01
1.100000000000000000e+01 1.900000000000000000e+01 1.006698965347365471e+00
1.100000000000000000e+01 2.000000000000000000e+01 9.696666641957349952e-01
1.100000000000000000e+01 2.100000000000000000e+01 8.325937034738348785e-01
1.100000000000000000e+01 2.200000000000000000e+01 9.637515825112499268e-01
1.100000000000000000e+01 2.300000000000000000e+01 8.565709577758016113e-01
1.100000000000000000e+01 2.400000000000000000e+01 8.704337851358461275e-01
1.100000000000000000e+01 2.500000000000000000e+01 9.968530200855616474e-01
1.100000000000000000e+01 2.600000000000000000e+01 1.040488575229501000e+00
1.100000000000000000e+01 2.700000000000000000e+01 1.074606141410193061e+00
1.100000000000000000e+01 2.800000000000000000e+01 9.757971114905190646e-01
1.100000000000000000e+01 2.900000000000000000e+01 9.700270267515531675e-01
1.100000000000000000e+01 3.000000000000000000e+01 9.786597241846781703e-01
1.100000000000000000e+01 3.100000000000000000e+01 1.014493426056510383e+00
1.100000000000000000e+01 3.200000000000000000e+01 1.118501915815793391e+00
1.200000000000000000e+01 1.300000000000000000e+01 7.956994338234089081e-01
1.200000000000000000e+01 1.400000000000000000e+01 9.690911929488921217e-01
1.200000000000000000e+01 1.500000000000000000e+01 8.430811387828291981e-01
1.200000000000000000e+01 1.600000000000000000e+01 9.086106704149934377e-01
1.200000000000000000e+01 1.700000000000000000e+01 9.386011684377728592e-01
1.200000000000000000e+01 1.800000000000000000e+01 9.243524561330009881e-01
1.200000000000000000e+01 1.900000000000000000e+01 9.863706608779760909e-01
1.200000000000000000e+01 2.000000000000000000e+01 9.494980440847928804e-01
1.200000000000000000e+01 2.100000000000000000e+01 8.285405378097592255e-01
1.200000000000000000e+01 2.200000000000000000e+01 9.447292988758111409e-01
1.200000000000000000e+01 2.300000000000000000e+01 8.514400739614818026e-01
1.200000000000000000e+01 2.400000000000000000e+01 8.640150340986967326e-01
1.200000000000000000e+01 2.500000000000000000e+01 9.813595430145041210e-01
1.200000000000000000e+01 2.600000000000000000e+01 1.025274359956905412e+00
1.200000000000000000e+01 2.700000000000000000e+01 1.059615768959993876e+00
1.200000000000000000e+01 2.800000000000000000e+01 9.649074417476253274e-01
1.200000000000000000e+01 2.900000000000000000e+01 9.602272083178891027e-01
1.200000000000000000e+01 3.000000000000000000e+01 9.708345447583097698e-01
1.200000000000000000e+01 3.100000000000000000e+01 1.003474550574178004e+00
1.200000000000000000e+01 3.200000000000000000e+01 1.105275470168285645e+00
1.300000000000000000e+01 1.400000000000000000e+01 1.050917390658501205e+00
1.300000000000000000e+01 1.500000000000000000e+01 7.421534114944228211e-01
1.300000000000000000e+01 1.600000000000000000e+01 9.849935744608553367e-01
1.300000000000000000e+01 1.700000000000000000e+01 1.015527912164058133e+00
1.300000000000000000e+01 1.800000000000000000e+01 9.984962700894337573e-01
1.300000000000000000e+01 1.900000000000000000e+01 1.059719750133643279e+00
1.300000000000000000e+01 2.000000000000000000e+01 1.021696963064310459e+00
1.300000000000000000e+01 2.100000000000000000e+01 8.204503350099363601e-01
1.300000000000000000e+01 2.200000000000000000e+01 1.011083685969698331e+00
1.300000000000000000e+01 2.300000000000000000e+01 8.494829798638343643e-01
1.300000000000000000e+01 2.400000000000000000e+01 8.692824428493526323e-01
1.300000000000000000e+01 2.500000000000000000e+01 1.031213604094803893e+00
1.300000000000000000e+01 2.600000000000000000e+01 1.074041595879618560e+00
1.300000000000000000e+01 2.700000000000000000e+01 1.107428606391152481e+00
1.300000000000000000e+01 2.800000000000000000e+01 9.939873423872294111e-01
1.300000000000000000e+01 2.900000000000000000e+01 9.845373579370566564e-01
1.300000000000000000e+01 3.000000000000000000e+01 9.869955388123472506e-01
1.300000000000000000e+01 3.100000000000000000e+01 1.033436542089129606e+00
1.300000000000000000e+01 3.200000000000000000e+01 1.145168526086250305e+00
1.400000000000000000e+01 1.500000000000000000e+01 1.034498278369518021e+00
1.400000000000000000e+01 1.600000000000000000e+01 6.556693719916799612e-01
1.400000000000000000e+01 1.700000000000000000e+01 5.732278019266807689e-01
1.400000000000000000e+01 1.800000000000000000e+01 6.457691840311436948e-01
1.400000000000000000e+01 1.900000000000000000e+01 6.083265179888728280e-01
1.400000000000000000e+01 2.000000000000000000e+01 6.377097035054704044e-01
1.400000000000000000e+01 2.100000000000000000e+01 9.570006649058275805e-01
1.400000000000000000e+01 2.200000000000000000e+01 7.168459163376394994e-01
1.400000000000000000e+01 2.300000000000000000e+01 9.566844075590419383e-01
1.400000000000000000e+01 2.400000000000000000e+01 9.506795514380750323e-01
1.400000000000000000e+01 2.500000000000000000e+01 8.645581193022138233e-01
1.400000000000000000e+01 2.600000000000000000e+01 9.034561375242728953e-01
1.400000000000000000e+01 2.700000000000000000e+01 9.396237521019412675e-01
1.400000000000000000e+01 2.800000000000000000e+01 9.488193978633505665e-01
1.400000000000000000e+01 2.900000000000000000e+01 9.609349016839361379e-01
1.400000000000000000e+01 3.000000000000000000e+01 9.943269868506876552e-01
1.400000000000000000e+01 3.100000000000000000e+01 9.769202923051714116e-01
1.400000000000000000e+01 3.200000000000000000e+01 1.027856088155015835e+00
1.500000000000000000e+01 1.600000000000000000e+01 9.640862694184388904e-01
1.500000000000000000e+01 1.700000000000000000e+01 9.953840461834118081e-01
1.500000000000000000e+01 1.800000000000000000e+01 9.762170901938174161e-01
1.500000000000000000e+01 1.900000000000000000e+01 1.037288502801248624e+00
1.500000000000000000e+01 2.000000000000000000e+01 9.982902874416188510e-01
1.500000000000000000e+01 2.100000000000000000e+01 7.207278095505040838e-01
1.500000000000000000e+01 2.200000000000000000e+01 9.835821596587257520e-01
1.500000000000000000e+01 2.300000000000000000e+01 7.594164577458049070e-01
1.500000000000000000e+01 2.400000000000000000e+01 7.899349336973926494e-01
1.500000000000000000e+01 2.500000000000000000e+01 9.930844961964166995e-01
1.500000000000000000e+01 2.600000000000000000e+01 1.035514713392204245e+00
1.500000000000000000e+01 2.700000000000000000e+01 1.068426072626384116e+00
1.500000000000000000e+01 2.800000000000000000e+01 9.432826179253899213e-01
1.500000000000000000e+01 2.900000000000000000e+01 9.312425401885227050e-01
1.500000000000000000e+01 3.000000000000000000e+01 9.308442675209820383e-01
1.500000000000000000e+01 3.100000000000000000e+01 9.840836783570963142e-01
1.500000000000000000e+01 3.200000000000000000e+01 1.101640216472378642e+00
1.600000000000000000e+01 1.700000000000000000e+01 5.482692135654310128e-01
1.600000000000000000e+01 1.800000000000000000e+01 4.619461310670605059e-01
1.600000000000000000e+01 1.900000000000000000e+01 6.516352350262726301e-01
1.600000000000000000e+01 2.000000000000000000e+01 5.790928086438351663e-01
1.600000000000000000e+01 2.100000000000000000e+01 8.820777484366795207e-01
1.600000000000000000e+01 2.200000000000000000e+01 6.194049915553383467e-01
1.600000000000000000e+01 2.300000000000000000e+01 8.803101661560874813e-01
1.600000000000000000e+01 2.400000000000000000e+01 8.730456638658916635e-01
1.600000000000000000e+01 2.500000000000000000e+01 7.827103923877196667e-01
1.600000000000000000e+01 2.600000000000000000e+01 8.272690124270456469e-01
1.600000000000000000e+01 2.700000000000000000e+01 8.651305310559171957e-01
1.600000000000000000e+01 2.800000000000000000e+01 8.676064711220430326e-01
1.600000000000000000e+01 2.900000000000000000e+01 8.804523838965081506e-01
1.600000000000000000e+01 3.000000000000000000e+01 9.153740639826570824e-01
1.600000000000000000e+01 3.100000000000000000e+01 8.967598642850753698e-01
1.600000000000000000e+01 3.200000000000000000e+01 9.503223423562998651e-01
1.700000000000000000e+01 1.800000000000000000e+01 5.053033890021279007e-01
1.700000000000000000e+01 1.900000000000000000e+01 5.626989821581911411e-01
1.700000000000000000e+01 2.000000000000000000e+01 5.101872574274803895e-01
1.700000000000000000e+01 2.100000000000000000e+01 9.143571258277991554e-01
1.700000000000000000e+01 2.200000000000000000e+01 6.282227686608765627e-01
1.700000000000000000e+01 2.300000000000000000e+01 9.123749303636825569e-01
1.700000000000000000e+01 2.400000000000000000e+01 9.050192561869632168e-01
1.700000000000000000e+01 2.500000000000000000e+01 8.012377592002499771e-01
1.700000000000000000e+01 2.600000000000000000e+01 8.411136555502063405e-01
1.700000000000000000e+01 2.700000000000000000e+01 8.779489795280759346e-01
1.700000000000000000e+01 2.800000000000000000e+01 8.945689218806238685e-01
1.700000000000000000e+01 2.900000000000000000e+01 9.080979663035166904e-01
1.700000000000000000e+01 3.000000000000000000e+01 9.433505836669715539e-01
1.700000000000000000e+01 3.100000000000000000e+01 9.218812711082589040e-01
1.700000000000000000e+01 3.200000000000000000e+01 9.691290276588484520e-01
1.800000000000000000e+01 1.900000000000000000e+01 6.121275110847206324e-01
1.800000000000000000e+01 2.000000000000000000e+01 5.052816013831935571e-01
1.800000000000000000e+01 2.100000000000000000e+01 8.930725241271537662e-01
1.800000000000000000e+01 2.200000000000000000e+01 5.791121604558966407e-01
1.800000000000000000e+01 2.300000000000000000e+01 8.902105801840083377e-01
1.800000000000000000e+01 2.400000000000000000e+01 8.821214925192968348e-01
1.800000000000000000e+01 2.500000000000000000e+01 7.722955726131386367e-01
1.800000000000000000e+01 2.600000000000000000e+01 8.150419615293202913e-01
1.800000000000000000e+01 2.700000000000000000e+01 8.528488829490723511e-01
1.800000000000000000e+01 2.800000000000000000e+01 8.683067011073082320e-01
1.800000000000000000e+01 2.900000000000000000e+01 8.824328581046703146e-01
1.800000000000000000e+01 3.000000000000000000e+01 9.186433753894396315e-01
1.800000000000000000e+01 3.100000000000000000e+01 8.958377451571855055e-01
1.800000000000000000e+01 3.200000000000000000e+01 9.433810732621183970e-01
1.900000000000000000e+01 2.000000000000000000e+01 5.345929937338045335e-01
1.900000000000000000e+01 2.100000000000000000e+01 9.543773994366233637e-01
1.900000000000000000e+01 2.200000000000000000e+01 6.388609703225285319e-01
1.900000000000000000e+01 2.300000000000000000e+01 9.507558756280858336e-01
1.900000000000000000e+01 2.400000000000000000e+01 9.421681077999017884e-01
1.900000000000000000e+01 2.500000000000000000e+01 8.093748562137570435e-01
1.900000000000000000e+01 2.600000000000000000e+01 8.428564782783583009e-01
1.900000000000000000e+01 2.700000000000000000e+01 8.783153329654069807e-01
1.900000000000000000e+01 2.800000000000000000e+01 9.188987878882106664e-01
1.900000000000000000e+01 2.900000000000000000e+01 9.343522806978465933e-01
1.900000000000000000e+01 3.000000000000000000e+01 9.714876904800722190e-01
1.900000000000000000e+01 3.100000000000000000e+01 9.433019132633457815e-01
1.900000000000000000e+01 3.200000000000000000e+01 9.795401605197791017e-01
2.000000000000000000e+01 2.100000000000000000e+01 9.143295941933118343e-01
2.000000000000000000e+01 2.200000000000000000e+01 5.586276394328166806e-01
2.000000000000000000e+01 2.300000000000000000e+01 9.104330886136333678e-01
2.000000000000000000e+01 2.400000000000000000e+01 9.015872391620003423e-01
2.000000000000000000e+01 2.500000000000000000e+01 7.698403956980783835e-01
2.000000000000000000e+01 2.600000000000000000e+01 8.079633359121454195e-01
2.000000000000000000e+01 2.700000000000000000e+01 8.449616456774373674e-01
2.000000000000000000e+01 2.800000000000000000e+01 8.786072981939772042e-01
2.000000000000000000e+01 2.900000000000000000e+01 8.940974991268519911e-01
2.000000000000000000e+01 3.000000000000000000e+01 9.315397455738632093e-01
2.000000000000000000e+01 3.100000000000000000e+01 9.038752674242847007e-01
2.000000000000000000e+01 3.200000000000000000e+01 9.431277778414479673e-01
2.100000000000000000e+01 2.200000000000000000e+01 8.958270025001644488e-01
2.100000000000000000e+01 2.300000000000000000e+01 5.504413260681972897e-01
2.100000000000000000e+01 2.400000000000000000e+01 6.246511283422135907e-01
2.100000000000000000e+01 2.500000000000000000e+01 8.969552707937056280e-01
2.100000000000000000e+01 2.600000000000000000e+01 9.398487863546256538e-01
2.100000000000000000e+01 2.700000000000000000e+01 9.727443243121296490e-01
2.100000000000000000e+01 2.800000000000000000e+01 8.399844586616422859e-01
2.100000000000000000e+01 2.900000000000000000e+01 8.276560485100163955e-01
2.100000000000000000e+01 3.000000000000000000e+01 8.312886868895834613e-01
2.100000000000000000e+01 3.100000000000000000e+01 8.835374114778016263e-01
2.100000000000000000e+01 3.200000000000000000e+01 1.003928136266046822e+00
2.200000000000000000e+01 2.300000000000000000e+01 8.896083886112420291e-01
2.200000000000000000e+01 2.400000000000000000e+01 8.789254849941172676e-01
2.200000000000000000e+01 2.500000000000000000e+01 7.148907844021821223e-01
2.200000000000000000e+01 2.600000000000000000e+01 7.579254751988881988e-01
2.200000000000000000e+01 2.700000000000000000e+01 7.974746709746054485e-01
2.200000000000000000e+01 2.800000000000000000e+01 8.420705283154559240e-01
2.200000000000000000e+01 2.900000000000000000e+01 8.598269012913621889e-01
2.200000000000000000e+01 3.000000000000000000e+01 8.999939840806476798e-01
2.200000000000000000e+01 3.100000000000000000e+01 8.659517015281665842e-01
2.200000000000000000e+01 3.200000000000000000e+01 8.997842016870534199e-01
2.300000000000000000e+01 2.400000000000000000e+01 5.163913303217524398e-01
2.300000000000000000e+01 2.500000000000000000e+01 8.828944660738875516e-01
2.300000000000000000e+01 2.600000000000000000e+01 9.252072880245336695e-01
2.300000000000000000e+01 2.700000000000000000e+01 9.576427858521170400e-01
2.300000000000000000e+01 2.800000000000000000e+01 8.147350554501531228e-01
2.300000000000000000e+01 2.900000000000000000e+01 7.999203036131901090e-01
2.300000000000000000e+01 3.000000000000000000e+01 8.017406354878342523e-01
2.300000000000000000e+01 3.100000000000000000e+01 8.597399481257803622e-01
2.300000000000000000e+01 3.200000000000000000e+01 9.851237626683768678e-01
2.400000000000000000e+01 2.500000000000000000e+01 8.663332762408872956e-01
2.400000000000000000e+01 2.600000000000000000e+01 9.084410252625334525e-01
2.400000000000000000e+01 2.700000000000000000e+01 9.406443666433612627e-01
2.400000000000000000e+01 2.800000000000000000e+01 7.902489240756915834e-01
2.400000000000000000e+01 2.900000000000000000e+01 7.741178647285880121e-01
2.400000000000000000e+01 3.000000000000000000e+01 7.774216622224952022e-01
2.400000000000000000e+01 3.100000000000000000e+01 8.372053437549635824e-01
2.400000000000000000e+01 3.200000000000000000e+01 9.658497857945074205e-01
2.500000000000000000e+01 2.600000000000000000e+01 5.866669013331555771e-01
2.500000000000000000e+01 2.700000000000000000e+01 6.622806173131610130e-01
2.500000000000000000e+01 2.800000000000000000e+01 7.613313417626579316e-01
2.500000000000000000e+01 2.900000000000000000e+01 7.906306069224406929e-01
2.500000000000000000e+01 3.000000000000000000e+01 8.417211366266752481e-01
2.500000000000000000e+01 3.100000000000000000e+01 7.729601564566066507e-01
2.500000000000000000e+01 3.200000000000000000e+01 7.763499672165299348e-01
2.600000000000000000e+01 2.700000000000000000e+01 5.315553007368105654e-01
2.600000000000000000e+01 2.800000000000000000e+01 7.918421591787305758e-01
2.600000000000000000e+01 2.900000000000000000e+01 8.213030553075573170e-01
2.600000000000000000e+01 3.000000000000000000e+01 8.712007716266223500e-01
2.600000000000000000e+01 3.100000000000000000e+01 7.909820554854962715e-01
2.600000000000000000e+01 3.200000000000000000e+01 7.408106392609019597e-01
2.700000000000000000e+01 2.800000000000000000e+01 8.180166630455709686e-01
2.700000000000000000e+01 2.900000000000000000e+01 8.472524813500850183e-01
2.700000000000000000e+01 3.000000000000000000e+01 8.963534576791649666e-01
2.700000000000000000e+01 3.100000000000000000e+01 8.105723219736029606e-01
2.700000000000000000e+01 3.200000000000000000e+01 7.225639352933324044e-01
2.800000000000000000e+01 2.900000000000000000e+01 5.302742755808302899e-01
2.800000000000000000e+01 3.000000000000000000e+01 6.697772980020484379e-01
2.800000000000000000e+01 3.100000000000000000e+01 5.877610091051770347e-01
2.800000000000000000e+01 3.200000000000000000e+01 8.046401588902101221e-01
2.900000000000000000e+01 3.000000000000000000e+01 6.082400313176339335e-01
2.900000000000000000e+01 3.100000000000000000e+01 6.271326644715924381e-01
2.900000000000000000e+01 3.200000000000000000e+01 8.340813294153026636e-01
3.000000000000000000e+01 3.100000000000000000e+01 6.960526641517339463e-01
3.000000000000000000e+01 3.200000000000000000e+01 8.809332940963552350e-01
3.100000000000000000e+01 3.200000000000000000e+01 7.652308861779626437e-01
