1.000000000000000000e+00 2.000000000000000000e+00 8.618563103967109562e-01
1.000000000000000000e+00 3.000000000000000000e+00 6.313074753269732886e-01
1.000000000000000000e+00 4.000000000000000000e+00 6.313897451713557096e-01
1.000000000000000000e+00 5.000000000000000000e+00 6.296588473327253688e-01
1.000000000000000000e+00 6.000000000000000000e+00 6.293821332207848451e-01
1.000000000000000000e+00 7.000000000000000000e+00 6.277554400307272520e-01
1.000000000000000000e+00 8.000000000000000000e+00 6.338288155082895114e-01
1.000000000000000000e+00 9.000000000000000000e+00 6.256898671708448489e-01
1.000000000000000000e+00 1.000000000000000000e+01 6.335349927006196369e-01
1.000000000000000000e+00 1.100000000000000000e+01 6.254634674667910454e-01
1.000000000000000000e+00 1.200000000000000000e+01 6.281348523609910917e-01
1.000000000000000000e+00 1.300000000000000000e+01 8.968417204810595900e-01
1.000000000000000000e+00 1.400000000000000000e+01 1.017457530026220969e+00
1.000000000000000000e+00 1.500000000000000000e+01 9.100138544965260534e-01
1.000000000000000000e+00 1.600000000000000000e+01 9.366842094678733410e-01
1.000000000000000000e+00 1.700000000000000000e+01 9.820586049398506434e-01
1.000000000000000000e+00 1.800000000000000000e+01 9.673155499334589180e-01
1.000000000000000000e+00 1.900000000000000000e+01 1.038514576530888078e+00
1.000000000000000000e+00 2.000000000000000000e+01 9.996196455447688978e-01
1.000000000000000000e+00 2.100000000000000000e+01 6.519823062706494587e-01
1.000000000000000000e+00 2.200000000000000000e+01 9.956712792891643238e-01
1.000000000000000000e+00 2.300000000000000000e+01 6.544770354710345295e-01
1.000000000000000000e+00 2.400000000000000000e+01 6.566942736832360739e-01
1.000000000000000000e+00 2.500000000000000000e+01 9.774318975276548027e-01
1.000000000000000000e+00 2.600000000000000000e+01 9.603639309963103443e-01
1.000000000000000000e+00 2.700000000000000000e+01 9.373521798935263716e-01
1.000000000000000000e+00 2.800000000000000000e+01 6.812773296697807179e-01
1.000000000000000000e+00 2.900000000000000000e+01 6.784329351928497509e-01
1.000000000000000000e+00 3.000000000000000000e+01 6.872216443473955216e-01
1.000000000000000000e+00 3.100000000000000000e+01 6.919959745830607245e-01
1.000000000000000000e+00 3.200000000000000000e+01 8.940816510100730863e-01
2.000000000000000000e+00 3.000000000000000000e+00 4.919587184488346532e-01
2.000000000000000000e+00 4.000000000000000000e+00 4.899555705591673860e-01
2.000000000000000000e+00 5.000000000000000000e+00 4.898366270158831526e-01
2.000000000000000000e+00 6.000000000000000000e+00 4.902651710698001652e-01
2.000000000000000000e+00 7.000000000000000000e+00 4.878892683894713311e-01
2.000000000000000000e+00 8.000000000000000000e+00 4.962075842400180958e-01
2.000000000000000000e+00 9.000000000000000000e+00 4.818356998132027336e-01
2.000000000000000000e+00 1.000000000000000000e+01 4.950506754939970611e-01
2.000000000000000000e+00 1.100000000000000000e+01 4.850751014788173832e-01
2.000000000000000000e+00 1.200000000000000000e+01 4.890432676625811048e-01
2.000000000000000000e+00 1.300000000000000000e+01 7.645538696890569197e-01
2.000000000000000000e+00 1.400000000000000000e+01 8.852247499896410687e-01
2.000000000000000000e+00 1.500000000000000000e+01 7.847584390010599042e-01
2.000000000000000000e+00 1.600000000000000000e+01 8.043742122448738208e-01
2.000000000000000000e+00 1.700000000000000000e+01 8.503291132861011681e-01
2.000000000000000000e+00 1.800000000000000000e+01 8.358018375054321325e-01
2.000000000000000000e+00 1.900000000000000000e+01 9.079044285083877064e-01
2.000000000000000000e+00 2.000000000000000000e+01 8.689313764256948458e-01
2.000000000000000000e+00 2.100000000000000000e+01 5.252047400202576322e-01
2.000000000000000000e+00 2.200000000000000000e+01 8.661500540924721436e-01
2.000000000000000000e+00 2.300000000000000000e+01 5.288234727275937797e-01
2.000000000000000000e+00 2.400000000000000000e+01 5.316269392922635673e-01
2.000000000000000000e+00 2.500000000000000000e+01 8.528892607952576199e-01
2.000000000000000000e+00 2.600000000000000000e+01 8.369889923004523169e-01
2.000000000000000000e+00 2.700000000000000000e+01 8.145879473552667394e-01
2.000000000000000000e+00 2.800000000000000000e+01 5.585900405438317673e-01
2.000000000000000000e+00 2.900000000000000000e+01 5.557993729838579533e-01
2.000000000000000000e+00 3.000000000000000000e+01 5.650419406756563845e-01
2.000000000000000000e+00 3.100000000000000000e+01 5.696593510716426723e-01
2.000000000000000000e+00 3.200000000000000000e+01 7.722470573506228231e-01
3.000000000000000000e+00 4.000000000000000000e+00 6.341558794564206014e-02
3.000000000000000000e+00 5.000000000000000000e+00 4.647131009122962286e-02
3.000000000000000000e+00 6.000000000000000000e+00 5.880930426366082209e-02
3.000000000000000000e+00 7.000000000000000000e+00 6.530897914001021487e-02
3.000000000000000000e+00 8.000000000000000000e+00 7.054406853168304625e-02
3.000000000000000000e+00 9.000000000000000000e+00 8.721049968124738871e-02
3.000000000000000000e+00 1.000000000000000000e+01 6.964795575103610581e-02
3.000000000000000000e+00 1.100000000000000000e+01 8.396590092280242779e-02
3.000000000000000000e+00 1.200000000000000000e+01 8.259221678700234825e-02
3.000000000000000000e+00 1.300000000000000000e+01 3.933244888049499677e-01
3.000000000000000000e+00 1.400000000000000000e+01 4.815202405954637221e-01
3.000000000000000000e+00 1.500000000000000000e+01 4.080878765091308091e-01
3.000000000000000000e+00 1.600000000000000000e+01 4.009855407214355516e-01
3.000000000000000000e+00 1.700000000000000000e+01 4.478895920488369375e-01
3.000000000000000000e+00 1.800000000000000000e+01 4.339464141086417648e-01
3.000000000000000000e+00 1.900000000000000000e+01 5.076310345508738830e-01
3.000000000000000000e+00 2.000000000000000000e+01 4.686278234965052247e-01
3.000000000000000000e+00 2.100000000000000000e+01 1.398474430329492701e-01
3.000000000000000000e+00 2.200000000000000000e+01 4.683042506384808012e-01
3.000000000000000000e+00 2.300000000000000000e+01 1.440214589748763929e-01
3.000000000000000000e+00 2.400000000000000000e+01 1.469562259332579668e-01
3.000000000000000000e+00 2.500000000000000000e+01 4.647966230117257513e-01
3.000000000000000000e+00 2.600000000000000000e+01 4.508757829987559695e-01
3.000000000000000000e+00 2.700000000000000000e+01 4.295071892397569480e-01
3.000000000000000000e+00 2.800000000000000000e+01 1.748887142619344193e-01
3.000000000000000000e+00 2.900000000000000000e+01 1.723550914333871198e-01
3.000000000000000000e+00 3.000000000000000000e+01 1.823011901528961420e-01
3.000000000000000000e+00 3.100000000000000000e+01 1.862408966424042855e-01
3.000000000000000000e+00 3.200000000000000000e+01 3.886267456988992119e-01
4.000000000000000000e+00 5.000000000000000000e+00 5.889911115238599670e-02
4.000000000000000000e+00 6.000000000000000000e+00 6.826519301063505019e-02
4.000000000000000000e+00 7.000000000000000000e+00 6.743510729529789138e-02
4.000000000000000000e+00 8.000000000000000000e+00 8.091621903824741668e-02
4.000000000000000000e+00 9.000000000000000000e+00 8.272999472708519875e-02
4.000000000000000000e+00 1.000000000000000000e+01 7.782864957769219938e-02
4.000000000000000000e+00 1.100000000000000000e+01 8.245237042290332052e-02
4.000000000000000000e+00 1.200000000000000000e+01 8.290503062409104729e-02
4.000000000000000000e+00 1.300000000000000000e+01 3.924375878751397151e-01
4.000000000000000000e+00 1.400000000000000000e+01 4.866229873336267442e-01
4.000000000000000000e+00 1.500000000000000000e+01 4.089041024769263233e-01
4.000000000000000000e+00 1.600000000000000000e+01 4.058990002972486799e-01
4.000000000000000000e+00 1.700000000000000000e+01 4.527428226763791086e-01
4.000000000000000000e+00 1.800000000000000000e+01 4.386779072382678279e-01
4.000000000000000000e+00 1.900000000000000000e+01 5.122191509539155696e-01
4.000000000000000000e+00 2.000000000000000000e+01 4.731836136353168021e-01
4.000000000000000000e+00 2.100000000000000000e+01 1.415423086558528221e-01
4.000000000000000000e+00 2.200000000000000000e+01 4.725035817735708799e-01
4.000000000000000000e+00 2.300000000000000000e+01 1.458866894699324401e-01
4.000000000000000000e+00 2.400000000000000000e+01 1.489400264329995283e-01
4.000000000000000000e+00 2.500000000000000000e+01 4.677641349041319341e-01
4.000000000000000000e+00 2.600000000000000000e+01 4.536410005194633221e-01
4.000000000000000000e+00 2.700000000000000000e+01 4.321648282394338070e-01
4.000000000000000000e+00 2.800000000000000000e+01 1.772250386283871215e-01
4.000000000000000000e+00 2.900000000000000000e+01 1.746433440551797833e-01
4.000000000000000000e+00 3.000000000000000000e+01 1.845319628757911001e-01
4.000000000000000000e+00 3.100000000000000000e+01 1.885930062199453472e-01
4.000000000000000000e+00 3.200000000000000000e+01 3.911468959999879758e-01
5.000000000000000000e+00 6.000000000000000000e+00 5.540792697618479590e-02
5.000000000000000000e+00 7.000000000000000000e+00 6.040315161905640551e-02
5.000000000000000000e+00 8.000000000000000000e+00 7.051253408239288589e-02
5.000000000000000000e+00 9.000000000000000000e+00 8.317539867806011955e-02
5.000000000000000000e+00 1.000000000000000000e+01 6.787038447045434797e-02
5.000000000000000000e+00 1.100000000000000000e+01 8.028567521606688739e-02
5.000000000000000000e+00 1.200000000000000000e+01 7.918335485101812843e-02
5.000000000000000000e+00 1.300000000000000000e+01 3.902553745581854860e-01
5.000000000000000000e+00 1.400000000000000000e+01 4.803227530690861169e-01
5.000000000000000000e+00 1.500000000000000000e+01 4.055037760842671313e-01
5.000000000000000000e+00 1.600000000000000000e+01 3.997031546174429906e-01
5.000000000000000000e+00 1.700000000000000000e+01 4.465979702088266334e-01
5.000000000000000000e+00 1.800000000000000000e+01 4.326088012188176180e-01
5.000000000000000000e+00 1.900000000000000000e+01 5.062571866117626662e-01
5.000000000000000000e+00 2.000000000000000000e+01 4.672380036028330741e-01
5.000000000000000000e+00 2.100000000000000000e+01 1.374948313595772964e-01
5.000000000000000000e+00 2.200000000000000000e+01 4.667949718404168502e-01
5.000000000000000000e+00 2.300000000000000000e+01 1.417356128323454811e-01
5.000000000000000000e+00 2.400000000000000000e+01 1.447147366988200679e-01
5.000000000000000000e+00 2.500000000000000000e+01 4.628966803359380044e-01
5.000000000000000000e+00 2.600000000000000000e+01 4.489158018072310075e-01
5.000000000000000000e+00 2.700000000000000000e+01 4.275148001127199171e-01
5.000000000000000000e+00 2.800000000000000000e+01 1.727857965268033702e-01
5.000000000000000000e+00 2.900000000000000000e+01 1.702362289167109743e-01
5.000000000000000000e+00 3.000000000000000000e+01 1.801664705046350790e-01
5.000000000000000000e+00 3.100000000000000000e+01 1.841462178687970352e-01
5.000000000000000000e+00 3.200000000000000000e+01 3.865939042075063892e-01
6.000000000000000000e+00 7.000000000000000000e+00 5.393923310322878972e-02
6.000000000000000000e+00 8.000000000000000000e+00 6.239690528908847789e-02
6.000000000000000000e+00 9.000000000000000000e+00 8.277354898018174367e-02
6.000000000000000000e+00 1.000000000000000000e+01 5.641642025339943523e-02
6.000000000000000000e+00 1.100000000000000000e+01 7.807749904444372113e-02
6.000000000000000000e+00 1.200000000000000000e+01 7.570619657976329631e-02
6.000000000000000000e+00 1.300000000000000000e+01 3.883694000831060533e-01
6.000000000000000000e+00 1.400000000000000000e+01 4.764187361074934124e-01
6.000000000000000000e+00 1.500000000000000000e+01 4.029462791314003534e-01
6.000000000000000000e+00 1.600000000000000000e+01 3.958014847979856032e-01
6.000000000000000000e+00 1.700000000000000000e+01 4.427392369202486355e-01
6.000000000000000000e+00 1.800000000000000000e+01 4.287725364459011868e-01
6.000000000000000000e+00 1.900000000000000000e+01 5.024894078442707634e-01
6.000000000000000000e+00 2.000000000000000000e+01 4.634672989142322175e-01
6.000000000000000000e+00 2.100000000000000000e+01 1.345620109609995119e-01
6.000000000000000000e+00 2.200000000000000000e+01 4.631256991398481349e-01
6.000000000000000000e+00 2.300000000000000000e+01 1.387671887392512016e-01
6.000000000000000000e+00 2.400000000000000000e+01 1.417180172198329036e-01
6.000000000000000000e+00 2.500000000000000000e+01 4.596272557488172428e-01
6.000000000000000000e+00 2.600000000000000000e+01 4.457200120991680059e-01
6.000000000000000000e+00 2.700000000000000000e+01 4.243570727142996768e-01
6.000000000000000000e+00 2.800000000000000000e+01 1.697180125626533975e-01
6.000000000000000000e+00 2.900000000000000000e+01 1.671830580137029232e-01
6.000000000000000000e+00 3.000000000000000000e+01 1.771363004603152547e-01
6.000000000000000000e+00 3.100000000000000000e+01 1.810788434670423941e-01
6.000000000000000000e+00 3.200000000000000000e+01 3.834863407687076897e-01
7.000000000000000000e+00 8.000000000000000000e+00 6.947848048150240263e-02
7.000000000000000000e+00 9.000000000000000000e+00 7.630431152281547114e-02
7.000000000000000000e+00 1.000000000000000000e+01 6.160423982818563626e-02
7.000000000000000000e+00 1.100000000000000000e+01 7.125919996875007545e-02
7.000000000000000000e+00 1.200000000000000000e+01 6.893269260038015211e-02
7.000000000000000000e+00 1.300000000000000000e+01 3.835915823706844696e-01
7.000000000000000000e+00 1.400000000000000000e+01 4.763569160063321206e-01
7.000000000000000000e+00 1.500000000000000000e+01 3.992971849715593047e-01
7.000000000000000000e+00 1.600000000000000000e+01 3.955386883849500990e-01
7.000000000000000000e+00 1.700000000000000000e+01 4.424435924212936078e-01
7.000000000000000000e+00 1.800000000000000000e+01 4.283613076140415643e-01
7.000000000000000000e+00 1.900000000000000000e+01 5.019746188473215298e-01
7.000000000000000000e+00 2.000000000000000000e+01 4.629152637073133958e-01
7.000000000000000000e+00 2.100000000000000000e+01 1.314838953507954100e-01
7.000000000000000000e+00 2.200000000000000000e+01 4.622630996616597931e-01
7.000000000000000000e+00 2.300000000000000000e+01 1.358650009480751875e-01
7.000000000000000000e+00 2.400000000000000000e+01 1.389323739440025962e-01
7.000000000000000000e+00 2.500000000000000000e+01 4.577382801087528374e-01
7.000000000000000000e+00 2.600000000000000000e+01 4.436726218449529302e-01
7.000000000000000000e+00 2.700000000000000000e+01 4.222243704150413501e-01
7.000000000000000000e+00 2.800000000000000000e+01 1.672956192853006785e-01
7.000000000000000000e+00 2.900000000000000000e+01 1.647188103527679193e-01
7.000000000000000000e+00 3.000000000000000000e+01 1.746302714340091100e-01
7.000000000000000000e+00 3.100000000000000000e+01 1.786778800062953643e-01
7.000000000000000000e+00 3.200000000000000000e+01 3.812471760285340849e-01
8.000000000000000000e+00 9.000000000000000000e+00 9.194300574189406827e-02
8.000000000000000000e+00 1.000000000000000000e+01 5.581417590282455876e-02
8.000000000000000000e+00 1.100000000000000000e+01 8.583529405341416840e-02
8.000000000000000000e+00 1.200000000000000000e+01 8.245989302749145988e-02
8.000000000000000000e+00 1.300000000000000000e+01 3.939993949970052034e-01
8.000000000000000000e+00 1.400000000000000000e+01 4.735812297022592432e-01
8.000000000000000000e+00 1.500000000000000000e+01 4.064088223823157930e-01
8.000000000000000000e+00 1.600000000000000000e+01 3.931994175247146561e-01
8.000000000000000000e+00 1.700000000000000000e+01 4.402457178252173753e-01
8.000000000000000000e+00 1.800000000000000000e+01 4.264514147856015569e-01
8.000000000000000000e+00 1.900000000000000000e+01 5.004012199721703524e-01
8.000000000000000000e+00 2.000000000000000000e+01 4.614176916737416922e-01
8.000000000000000000e+00 2.100000000000000000e+01 1.368415505355764505e-01
8.000000000000000000e+00 2.200000000000000000e+01 4.616053615175338409e-01
8.000000000000000000e+00 2.300000000000000000e+01 1.407772182053218524e-01
8.000000000000000000e+00 2.400000000000000000e+01 1.435434404665663077e-01
8.000000000000000000e+00 2.500000000000000000e+01 4.599507330240559799e-01
8.000000000000000000e+00 2.600000000000000000e+01 4.463442068814797992e-01
8.000000000000000000e+00 2.700000000000000000e+01 4.251410297781182956e-01
8.000000000000000000e+00 2.800000000000000000e+01 1.709899939576776662e-01
8.000000000000000000e+00 2.900000000000000000e+01 1.685276740222555469e-01
8.000000000000000000e+00 3.000000000000000000e+01 1.785649192862456269e-01
8.000000000000000000e+00 3.100000000000000000e+01 1.823244433650512697e-01
8.000000000000000000e+00 3.200000000000000000e+01 3.844733210441155791e-01
9.000000000000000000e+00 1.000000000000000000e+01 8.799053806069123684e-02
9.000000000000000000e+00 1.100000000000000000e+01 6.584867860237142434e-02
9.000000000000000000e+00 1.200000000000000000e+01 7.478761363804897755e-02
9.000000000000000000e+00 1.300000000000000000e+01 3.727861409422835726e-01
9.000000000000000000e+00 1.400000000000000000e+01 4.852857173477724828e-01
9.000000000000000000e+00 1.500000000000000000e+01 3.959227029238739926e-01
9.000000000000000000e+00 1.600000000000000000e+01 4.041618260916091110e-01
9.000000000000000000e+00 1.700000000000000000e+01 4.508226747686000513e-01
9.000000000000000000e+00 1.800000000000000000e+01 4.364738275874402440e-01
9.000000000000000000e+00 1.900000000000000000e+01 5.096258843595500299e-01
9.000000000000000000e+00 2.000000000000000000e+01 4.705258899536749473e-01
9.000000000000000000e+00 2.100000000000000000e+01 1.313116981322505206e-01
9.000000000000000000e+00 2.200000000000000000e+01 4.689657925116653692e-01
9.000000000000000000e+00 2.300000000000000000e+01 1.361787525701085855e-01
9.000000000000000000e+00 2.400000000000000000e+01 1.395899961311287685e-01
9.000000000000000000e+00 2.500000000000000000e+01 4.611179343239537598e-01
9.000000000000000000e+00 2.600000000000000000e+01 4.464865642310062999e-01
9.000000000000000000e+00 2.700000000000000000e+01 4.247427020478441451e-01
9.000000000000000000e+00 2.800000000000000000e+01 1.689395691914115094e-01
9.000000000000000000e+00 2.900000000000000000e+01 1.662284001027705127e-01
9.000000000000000000e+00 3.000000000000000000e+01 1.759761975906779519e-01
9.000000000000000000e+00 3.100000000000000000e+01 1.803629856808394161e-01
9.000000000000000000e+00 3.200000000000000000e+01 3.833895991275158011e-01
1.000000000000000000e+01 1.100000000000000000e+01 8.187306021293871972e-02
1.000000000000000000e+01 1.200000000000000000e+01 7.828265532298406271e-02
1.000000000000000000e+01 1.300000000000000000e+01 3.917725152060241856e-01
1.000000000000000000e+01 1.400000000000000000e+01 4.768252890316890813e-01
1.000000000000000000e+01 1.500000000000000000e+01 4.054133942377703415e-01
1.000000000000000000e+01 1.600000000000000000e+01 3.962253747185413566e-01
1.000000000000000000e+01 1.700000000000000000e+01 4.432220483836507574e-01
1.000000000000000000e+01 1.800000000000000000e+01 4.292937862062902177e-01
1.000000000000000000e+01 1.900000000000000000e+01 5.031083086384475767e-01
1.000000000000000000e+01 2.000000000000000000e+01 4.640852180800235649e-01
1.000000000000000000e+01 2.100000000000000000e+01 1.365277698252100880e-01
1.000000000000000000e+01 2.200000000000000000e+01 4.639006556125707670e-01
1.000000000000000000e+01 2.300000000000000000e+01 1.406570684066129617e-01
1.000000000000000000e+01 2.400000000000000000e+01 1.435531746975693412e-01
1.000000000000000000e+01 2.500000000000000000e+01 4.610024313943521523e-01
1.000000000000000000e+01 2.600000000000000000e+01 4.472009239214138621e-01
1.000000000000000000e+01 2.700000000000000000e+01 4.258928806675031931e-01
1.000000000000000000e+01 2.800000000000000000e+01 1.714024493155078543e-01
1.000000000000000000e+01 2.900000000000000000e+01 1.688907965597560290e-01
1.000000000000000000e+01 3.000000000000000000e+01 1.788754296681213107e-01
1.000000000000000000e+01 3.100000000000000000e+01 1.827590328297535871e-01
1.000000000000000000e+01 3.200000000000000000e+01 3.850929360817181291e-01
1.100000000000000000e+01 1.200000000000000000e+01 5.886541512856713343e-02
1.100000000000000000e+01 1.300000000000000000e+01 3.698457875322124222e-01
1.100000000000000000e+01 1.400000000000000000e+01 4.760050147582703950e-01
1.100000000000000000e+01 1.500000000000000000e+01 3.888780171111511086e-01
1.100000000000000000e+01 1.600000000000000000e+01 3.947276738097722504e-01
1.100000000000000000e+01 1.700000000000000000e+01 4.415050137521955298e-01
1.100000000000000000e+01 1.800000000000000000e+01 4.271331413170751379e-01
1.100000000000000000e+01 1.900000000000000000e+01 5.004283008615726391e-01
1.100000000000000000e+01 2.000000000000000000e+01 4.612874801528979996e-01
1.100000000000000000e+01 2.100000000000000000e+01 1.227087601162690778e-01
1.100000000000000000e+01 2.200000000000000000e+01 4.598056128323043668e-01
1.100000000000000000e+01 2.300000000000000000e+01 1.276357544864613613e-01
1.100000000000000000e+01 2.400000000000000000e+01 1.310609037106018615e-01
1.100000000000000000e+01 2.500000000000000000e+01 4.524596353360987866e-01
1.100000000000000000e+01 2.600000000000000000e+01 4.379542246914782666e-01
1.100000000000000000e+01 2.700000000000000000e+01 4.162717838716490926e-01
1.100000000000000000e+01 2.800000000000000000e+01 1.605205038340070667e-01
1.100000000000000000e+01 2.900000000000000000e+01 1.578237975422376316e-01
1.100000000000000000e+01 3.000000000000000000e+01 1.676209248591090661e-01
1.100000000000000000e+01 3.100000000000000000e+01 1.719687153339476415e-01
1.100000000000000000e+01 3.200000000000000000e+01 3.750060989419261581e-01
1.200000000000000000e+01 1.300000000000000000e+01 3.756473324223134069e-01
1.200000000000000000e+01 1.400000000000000000e+01 4.720346021319563601e-01
1.200000000000000000e+01 1.500000000000000000e+01 3.903970538122737421e-01
1.200000000000000000e+01 1.600000000000000000e+01 3.906806957098003519e-01
1.200000000000000000e+01 1.700000000000000000e+01 4.376430358486808059e-01
1.200000000000000000e+01 1.800000000000000000e+01 4.233198838514158346e-01
1.200000000000000000e+01 1.900000000000000000e+01 4.968841997231883134e-01
1.200000000000000000e+01 2.000000000000000000e+01 4.577133034693944280e-01
1.200000000000000000e+01 2.100000000000000000e+01 1.223900690473956887e-01
1.200000000000000000e+01 2.200000000000000000e+01 4.565574279803296109e-01
1.200000000000000000e+01 2.300000000000000000e+01 1.271024461766239178e-01
1.200000000000000000e+01 2.400000000000000000e+01 1.303708677650888825e-01
1.200000000000000000e+01 2.500000000000000000e+01 4.506130276095645648e-01
1.200000000000000000e+01 2.600000000000000000e+01 4.363716072539229884e-01
1.200000000000000000e+01 2.700000000000000000e+01 4.148219605214723549e-01
1.200000000000000000e+01 2.800000000000000000e+01 1.594292480515342447e-01
1.200000000000000000e+01 2.900000000000000000e+01 1.567917947376398224e-01
1.200000000000000000e+01 3.000000000000000000e+01 1.666694534979378250e-01
1.200000000000000000e+01 3.100000000000000000e+01 1.708675542000058778e-01
1.200000000000000000e+01 3.200000000000000000e+01 3.737255276595889963e-01
1.300000000000000000e+01 1.400000000000000000e+01 7.714337095807564104e-01
1.300000000000000000e+01 1.500000000000000000e+01 6.239958421216448281e-01
1.300000000000000000e+01 1.600000000000000000e+01 6.900804316015753948e-01
1.300000000000000000e+01 1.700000000000000000e+01 7.357535878431925580e-01
1.300000000000000000e+01 1.800000000000000000e+01 7.208330818909431947e-01
1.300000000000000000e+01 1.900000000000000000e+01 7.923817936676722518e-01
1.300000000000000000e+01 2.000000000000000000e+01 7.533184954238053566e-01
1.300000000000000000e+01 2.100000000000000000e+01 3.921553159331808702e-01
1.300000000000000000e+01 2.200000000000000000e+01 7.492800443202024541e-01
1.300000000000000000e+01 2.300000000000000000e+01 3.979950813751829131e-01
1.300000000000000000e+01 2.400000000000000000e+01 4.023069065018288759e-01
1.300000000000000000e+01 2.500000000000000000e+01 7.316291554200431424e-01
1.300000000000000000e+01 2.600000000000000000e+01 7.152317613967458243e-01
1.300000000000000000e+01 2.700000000000000000e+01 6.925844839587617097e-01
1.300000000000000000e+01 2.800000000000000000e+01 4.342390324691025594e-01
1.300000000000000000e+01 2.900000000000000000e+01 4.311157355961980908e-01
1.300000000000000000e+01 3.000000000000000000e+01 4.403084848718081812e-01
1.300000000000000000e+01 3.100000000000000000e+01 4.457485825673800361e-01
1.300000000000000000e+01 3.200000000000000000e+01 6.500800207489321192e-01
1.400000000000000000e+01 1.500000000000000000e+01 7.696891055727791420e-01
1.400000000000000000e+01 1.600000000000000000e+01 6.327115114493901959e-01
1.400000000000000000e+01 1.700000000000000000e+01 5.680956727602161083e-01
1.400000000000000000e+01 1.800000000000000000e+01 6.308408951299566692e-01
1.400000000000000000e+01 1.900000000000000000e+01 6.002440206421337798e-01
1.400000000000000000e+01 2.000000000000000000e+01 6.255162395794083841e-01
1.400000000000000000e+01 2.100000000000000000e+01 4.909369547210863383e-01
1.400000000000000000e+01 2.200000000000000000e+01 6.891084018346874673e-01
1.400000000000000000e+01 2.300000000000000000e+01 4.914112877399396950e-01
1.400000000000000000e+01 2.400000000000000000e+01 4.917583237201587076e-01
1.400000000000000000e+01 2.500000000000000000e+01 7.629071719512721117e-01
1.400000000000000000e+01 2.600000000000000000e+01 7.544487254168412704e-01
1.400000000000000000e+01 2.700000000000000000e+01 7.385454392930405065e-01
1.400000000000000000e+01 2.800000000000000000e+01 5.049631617801864092e-01
1.400000000000000000e+01 2.900000000000000000e+01 5.045459919837536056e-01
1.400000000000000000e+01 3.000000000000000000e+01 5.163635727139570530e-01
1.400000000000000000e+01 3.100000000000000000e+01 5.147857294642143033e-01
1.400000000000000000e+01 3.200000000000000000e+01 7.059660318746303620e-01
1.500000000000000000e+01 1.600000000000000000e+01 6.881482967053837996e-01
1.500000000000000000e+01 1.700000000000000000e+01 7.327296544654674504e-01
1.500000000000000000e+01 1.800000000000000000e+01 7.171997379488042057e-01
1.500000000000000000e+01 1.900000000000000000e+01 7.870060248394796787e-01
1.500000000000000000e+01 2.000000000000000000e+01 7.479854186891204959e-01
1.500000000000000000e+01 2.100000000000000000e+01 3.569327235042621949e-01
1.500000000000000000e+01 2.200000000000000000e+01 7.412556978783390038e-01
1.500000000000000000e+01 2.300000000000000000e+01 3.649896110717545383e-01
1.500000000000000000e+01 2.400000000000000000e+01 3.713516270947391229e-01
1.500000000000000000e+01 2.500000000000000000e+01 7.129920275513990102e-01
1.500000000000000000e+01 2.600000000000000000e+01 6.948657723556186383e-01
1.500000000000000000e+01 2.700000000000000000e+01 6.713501796225119778e-01
1.500000000000000000e+01 2.800000000000000000e+01 4.093052149071225720e-01
1.500000000000000000e+01 2.900000000000000000e+01 4.056137544410356455e-01
1.500000000000000000e+01 3.000000000000000000e+01 4.143640865565831888e-01
1.500000000000000000e+01 3.100000000000000000e+01 4.212210937640020747e-01
1.500000000000000000e+01 3.200000000000000000e+01 6.278589941005625619e-01
1.600000000000000000e+01 1.700000000000000000e+01 5.402176639397126001e-01
1.600000000000000000e+01 1.800000000000000000e+01 4.591181764464935533e-01
1.600000000000000000e+01 1.900000000000000000e+01 6.379822615042951561e-01
1.600000000000000000e+01 2.000000000000000000e+01 5.699424867341503775e-01
1.600000000000000000e+01 2.100000000000000000e+01 4.092320711668840927e-01
1.600000000000000000e+01 2.200000000000000000e+01 6.010081518143243207e-01
1.600000000000000000e+01 2.300000000000000000e+01 4.097590804110424756e-01
1.600000000000000000e+01 2.400000000000000000e+01 4.101469268720158157e-01
1.600000000000000000e+01 2.500000000000000000e+01 6.843293287914269385e-01
1.600000000000000000e+01 2.600000000000000000e+01 6.780748461337755550e-01
1.600000000000000000e+01 2.700000000000000000e+01 6.618051643861396771e-01
1.600000000000000000e+01 2.800000000000000000e+01 4.244302723018846812e-01
1.600000000000000000e+01 2.900000000000000000e+01 4.238363922294803299e-01
1.600000000000000000e+01 3.000000000000000000e+01 4.355494366574861331e-01
1.600000000000000000e+01 3.100000000000000000e+01 4.345014142500566168e-01
1.600000000000000000e+01 3.200000000000000000e+01 6.275917729619371332e-01
1.700000000000000000e+01 1.800000000000000000e+01 5.020413181416107928e-01
1.700000000000000000e+01 1.900000000000000000e+01 5.597143789583522988e-01
1.700000000000000000e+01 2.000000000000000000e+01 5.068682133374754484e-01
1.700000000000000000e+01 2.100000000000000000e+01 4.531081012480048242e-01
1.700000000000000000e+01 2.200000000000000000e+01 6.136620940350222542e-01
1.700000000000000000e+01 2.300000000000000000e+01 4.531311674614499907e-01
1.700000000000000000e+01 2.400000000000000000e+01 4.531586510327333395e-01
1.700000000000000000e+01 2.500000000000000000e+01 7.161627293796744009e-01
1.700000000000000000e+01 2.600000000000000000e+01 7.095715423901605146e-01
1.700000000000000000e+01 2.700000000000000000e+01 6.946958446641250395e-01
1.700000000000000000e+01 2.800000000000000000e+01 4.640562138446284735e-01
1.700000000000000000e+01 2.900000000000000000e+01 4.639719562702655509e-01
1.700000000000000000e+01 3.000000000000000000e+01 4.760658795793388798e-01
1.700000000000000000e+01 3.100000000000000000e+01 4.736338738925237601e-01
1.700000000000000000e+01 3.200000000000000000e+01 6.632001940562524123e-01
1.800000000000000000e+01 1.900000000000000000e+01 6.074937430141844619e-01
1.800000000000000000e+01 2.000000000000000000e+01 5.033418428606232231e-01
1.800000000000000000e+01 2.100000000000000000e+01 4.371496860416749231e-01
1.800000000000000000e+01 2.200000000000000000e+01 5.708934394288888159e-01
1.800000000000000000e+01 2.300000000000000000e+01 4.369690154458296671e-01
1.800000000000000000e+01 2.400000000000000000e+01 4.368522929386452480e-01
1.800000000000000000e+01 2.500000000000000000e+01 6.964101555087836015e-01
1.800000000000000000e+01 2.600000000000000000e+01 6.919135790938812924e-01
1.800000000000000000e+01 2.700000000000000000e+01 6.774732991032549334e-01
1.800000000000000000e+01 2.800000000000000000e+01 4.468995565227149580e-01
1.800000000000000000e+01 2.900000000000000000e+01 4.469304970214569295e-01
1.800000000000000000e+01 3.000000000000000000e+01 4.591336428564884997e-01
1.800000000000000000e+01 3.100000000000000000e+01 4.564387569415823132e-01
1.800000000000000000e+01 3.200000000000000000e+01 6.458895487581661765e-01
1.900000000000000000e+01 2.000000000000000000e+01 5.336821190444019924e-01
1.900000000000000000e+01 2.100000000000000000e+01 5.058337720036502061e-01
1.900000000000000000e+01 2.200000000000000000e+01 6.323580897293247238e-01
1.900000000000000000e+01 2.300000000000000000e+01 5.048819236872306160e-01
1.900000000000000000e+01 2.400000000000000000e+01 5.042154338375778311e-01
1.900000000000000000e+01 2.500000000000000000e+01 7.480887578649195735e-01
1.900000000000000000e+01 2.600000000000000000e+01 7.411442225058475497e-01
1.900000000000000000e+01 2.700000000000000000e+01 7.285254135874846826e-01
1.900000000000000000e+01 2.800000000000000000e+01 5.091187147626075049e-01
1.900000000000000000e+01 2.900000000000000000e+01 5.099260946583792364e-01
1.900000000000000000e+01 3.000000000000000000e+01 5.227037189211178880e-01
1.900000000000000000e+01 3.100000000000000000e+01 5.178719050740449026e-01
1.900000000000000000e+01 3.200000000000000000e+01 7.015331613380706433e-01
2.000000000000000000e+01 2.100000000000000000e+01 4.668192104122953490e-01
2.000000000000000000e+01 2.200000000000000000e+01 5.545624731190460510e-01
2.000000000000000000e+01 2.300000000000000000e+01 4.659191521160548355e-01
2.000000000000000000e+01 2.400000000000000000e+01 4.652897694727952116e-01
2.000000000000000000e+01 2.500000000000000000e+01 7.097902306595031963e-01
2.000000000000000000e+01 2.600000000000000000e+01 7.054638907359127575e-01
2.000000000000000000e+01 2.700000000000000000e+01 6.929258279717575020e-01
2.000000000000000000e+01 2.800000000000000000e+01 4.708195991115819989e-01
2.000000000000000000e+01 2.900000000000000000e+01 4.715251419200965355e-01
2.000000000000000000e+01 3.000000000000000000e+01 4.842428196954229325e-01
2.000000000000000000e+01 3.100000000000000000e+01 4.797313150915391011e-01
2.000000000000000000e+01 3.200000000000000000e+01 6.647340297490391681e-01
2.100000000000000000e+01 2.200000000000000000e+01 4.582641785026438930e-01
2.100000000000000000e+01 2.300000000000000000e+01 5.709327883001502624e-02
2.100000000000000000e+01 2.400000000000000000e+01 6.763997359636486628e-02
2.100000000000000000e+01 2.500000000000000000e+01 4.229956733440223271e-01
2.100000000000000000e+01 2.600000000000000000e+01 4.039344655069794232e-01
2.100000000000000000e+01 2.700000000000000000e+01 3.799595893832380389e-01
2.100000000000000000e+01 2.800000000000000000e+01 1.145855152822006229e-01
2.100000000000000000e+01 2.900000000000000000e+01 1.104465060863664139e-01
2.100000000000000000e+01 3.000000000000000000e+01 1.192226071185846781e-01
2.100000000000000000e+01 3.100000000000000000e+01 1.271044122049119762e-01
2.100000000000000000e+01 3.200000000000000000e+01 3.360774759295510616e-01
2.200000000000000000e+01 2.300000000000000000e+01 4.563025453242703922e-01
2.200000000000000000e+01 2.400000000000000000e+01 4.549167622903002028e-01
2.200000000000000000e+01 2.500000000000000000e+01 6.759944417421825946e-01
2.200000000000000000e+01 2.600000000000000000e+01 6.790997759430172920e-01
2.200000000000000000e+01 2.700000000000000000e+01 6.697772472303481495e-01
2.200000000000000000e+01 2.800000000000000000e+01 4.545487133782748490e-01
2.200000000000000000e+01 2.900000000000000000e+01 4.561127663891479944e-01
2.200000000000000000e+01 3.000000000000000000e+01 4.695323013236769594e-01
2.200000000000000000e+01 3.100000000000000000e+01 4.628347231263288952e-01
2.200000000000000000e+01 3.200000000000000000e+01 6.439866709038821746e-01
2.300000000000000000e+01 2.400000000000000000e+01 5.257626873348353325e-02
2.300000000000000000e+01 2.500000000000000000e+01 4.165944683506050961e-01
2.300000000000000000e+01 2.600000000000000000e+01 3.967837997059866506e-01
2.300000000000000000e+01 2.700000000000000000e+01 3.724432804303029476e-01
2.300000000000000000e+01 2.800000000000000000e+01 1.054020391459247197e-01
2.300000000000000000e+01 2.900000000000000000e+01 1.010011573632427773e-01
2.300000000000000000e+01 3.000000000000000000e+01 1.096106988998026832e-01
2.300000000000000000e+01 3.100000000000000000e+01 1.181256624331524785e-01
2.300000000000000000e+01 3.200000000000000000e+01 3.281605696148515161e-01
2.400000000000000000e+01 2.500000000000000000e+01 4.120423556403294274e-01
2.400000000000000000e+01 2.600000000000000000e+01 3.917118675511568338e-01
2.400000000000000000e+01 2.700000000000000000e+01 3.671187045699878526e-01
2.400000000000000000e+01 2.800000000000000000e+01 9.882899572532199972e-02
2.400000000000000000e+01 2.900000000000000000e+01 9.426478068557331280e-02
2.400000000000000000e+01 3.000000000000000000e+01 1.028695695628223383e-01
2.400000000000000000e+01 3.100000000000000000e+01 1.117379309344075367e-01
2.400000000000000000e+01 3.200000000000000000e+01 3.225695826805197175e-01
2.500000000000000000e+01 2.600000000000000000e+01 5.558600391061729873e-01
2.500000000000000000e+01 2.700000000000000000e+01 5.709390804808548436e-01
2.500000000000000000e+01 2.800000000000000000e+01 3.829692231457595408e-01
2.500000000000000000e+01 2.900000000000000000e+01 3.889703404332269798e-01
2.500000000000000000e+01 3.000000000000000000e+01 4.057747721297717547e-01
2.500000000000000000e+01 3.100000000000000000e+01 3.873839421320274257e-01
2.500000000000000000e+01 3.200000000000000000e+01 5.491850165632832237e-01
2.600000000000000000e+01 2.700000000000000000e+01 4.863396556054683240e-01
2.600000000000000000e+01 2.800000000000000000e+01 3.566563669076912024e-01
2.600000000000000000e+01 2.900000000000000000e+01 3.635306293255262666e-01
2.600000000000000000e+01 3.000000000000000000e+01 3.808245799290095324e-01
2.600000000000000000e+01 3.100000000000000000e+01 3.591629731060371755e-01
2.600000000000000000e+01 3.200000000000000000e+01 5.000103705613596627e-01
2.700000000000000000e+01 2.800000000000000000e+01 3.295165840387315193e-01
2.700000000000000000e+01 2.900000000000000000e+01 3.367143876201081909e-01
2.700000000000000000e+01 3.000000000000000000e+01 3.541764554428787903e-01
2.700000000000000000e+01 3.100000000000000000e+01 3.312780486837728633e-01
2.700000000000000000e+01 3.200000000000000000e+01 4.591740031485438411e-01
2.800000000000000000e+01 2.900000000000000000e+01 5.388551860921753089e-02
2.800000000000000000e+01 3.000000000000000000e+01 7.738372684727745643e-02
2.800000000000000000e+01 3.100000000000000000e+01 6.248525044400998762e-02
2.800000000000000000e+01 3.200000000000000000e+01 2.826462207149122996e-01
2.900000000000000000e+01 3.000000000000000000e+01 6.763612561719822835e-02
2.900000000000000000e+01 3.100000000000000000e+01 6.853355075388345430e-02
2.900000000000000000e+01 3.200000000000000000e+01 2.899334534315349821e-01
3.000000000000000000e+01 3.100000000000000000e+01 8.725073121399595788e-02
3.000000000000000000e+01 3.200000000000000000e+01 3.072987615373052872e-01
3.100000000000000000e+01 3.200000000000000000e+01 2.833709759281208829e-01
