1.000000000000000000e+00 2.000000000000000000e+00 6.918760881547911801e+00
1.000000000000000000e+00 3.000000000000000000e+00 4.081033094530246430e+00
1.000000000000000000e+00 4.000000000000000000e+00 4.061623413075181155e+00
1.000000000000000000e+00 5.000000000000000000e+00 4.074739035010409793e+00
1.000000000000000000e+00 6.000000000000000000e+00 4.080175865619236397e+00
1.000000000000000000e+00 7.000000000000000000e+00 4.071873505619882927e+00
1.000000000000000000e+00 8.000000000000000000e+00 4.098604715525460129e+00
1.000000000000000000e+00 9.000000000000000000e+00 4.075141139996456552e+00
1.000000000000000000e+00 1.000000000000000000e+01 4.085451824942791355e+00
1.000000000000000000e+00 1.100000000000000000e+01 4.071296061271262090e+00
1.000000000000000000e+00 1.200000000000000000e+01 4.071727442172607958e+00
1.000000000000000000e+00 1.300000000000000000e+01 6.660056827904690557e+00
1.000000000000000000e+00 1.400000000000000000e+01 6.574301187317555417e+00
1.000000000000000000e+00 1.500000000000000000e+01 5.419351463910913935e+00
1.000000000000000000e+00 1.600000000000000000e+01 4.220016176405577468e+00
1.000000000000000000e+00 1.700000000000000000e+01 4.283624737238124425e+00
1.000000000000000000e+00 1.800000000000000000e+01 4.234447293800510437e+00
1.000000000000000000e+00 1.900000000000000000e+01 4.325496747956635524e+00
1.000000000000000000e+00 2.000000000000000000e+01 4.262024959475829711e+00
1.000000000000000000e+00 2.100000000000000000e+01 4.068984070437051237e+00
1.000000000000000000e+00 2.200000000000000000e+01 4.226464865620779499e+00
1.000000000000000000e+00 2.300000000000000000e+01 4.072170293919835871e+00
1.000000000000000000e+00 2.400000000000000000e+01 4.080103315570213773e+00
1.000000000000000000e+00 2.500000000000000000e+01 4.204371748559217359e+00
1.000000000000000000e+00 2.600000000000000000e+01 4.231829573418395718e+00
1.000000000000000000e+00 2.700000000000000000e+01 4.251897867243736862e+00
1.000000000000000000e+00 2.800000000000000000e+01 4.152244319461487976e+00
1.000000000000000000e+00 2.900000000000000000e+01 4.142506255657381509e+00
1.000000000000000000e+00 3.000000000000000000e+01 4.134011982798837082e+00
1.000000000000000000e+00 3.100000000000000000e+01 4.170612316781132201e+00
1.000000000000000000e+00 3.200000000000000000e+01 4.243079610181594852e+00
2.000000000000000000e+00 3.000000000000000000e+00 3.943867321130277048e+00
2.000000000000000000e+00 4.000000000000000000e+00 3.907259433167136642e+00
2.000000000000000000e+00 5.000000000000000000e+00 3.937119491183038278e+00
2.000000000000000000e+00 6.000000000000000000e+00 3.955445291585797385e+00
2.000000000000000000e+00 7.000000000000000000e+00 3.946720877106201009e+00
2.000000000000000000e+00 8.000000000000000000e+00 3.988750557387384710e+00
2.000000000000000000e+00 9.000000000000000000e+00 3.930616033874204440e+00
2.000000000000000000e+00 1.000000000000000000e+01 3.972965475221074350e+00
2.000000000000000000e+00 1.100000000000000000e+01 3.959835376451133371e+00
2.000000000000000000e+00 1.200000000000000000e+01 3.967648057137469486e+00
2.000000000000000000e+00 1.300000000000000000e+01 6.633119867403036274e+00
2.000000000000000000e+00 1.400000000000000000e+01 6.544301193076000445e+00
2.000000000000000000e+00 1.500000000000000000e+01 5.447165295594798451e+00
2.000000000000000000e+00 1.600000000000000000e+01 4.190275110031343786e+00
2.000000000000000000e+00 1.700000000000000000e+01 4.256409148258910591e+00
2.000000000000000000e+00 1.800000000000000000e+01 4.207457857371398546e+00
2.000000000000000000e+00 1.900000000000000000e+01 4.301822727233910904e+00
2.000000000000000000e+00 2.000000000000000000e+01 4.237780813354254938e+00
2.000000000000000000e+00 2.100000000000000000e+01 4.061508497734107159e+00
2.000000000000000000e+00 2.200000000000000000e+01 4.205461370558500001e+00
2.000000000000000000e+00 2.300000000000000000e+01 4.071924381309107943e+00
2.000000000000000000e+00 2.400000000000000000e+01 4.081287832211118349e+00
2.000000000000000000e+00 2.500000000000000000e+01 4.197181466607090350e+00
2.000000000000000000e+00 2.600000000000000000e+01 4.227813565140364993e+00
2.000000000000000000e+00 2.700000000000000000e+01 4.250046157430975136e+00
2.000000000000000000e+00 2.800000000000000000e+01 4.159346531566114891e+00
2.000000000000000000e+00 2.900000000000000000e+01 4.152596026694408415e+00
2.000000000000000000e+00 3.000000000000000000e+01 4.151502148154268212e+00
2.000000000000000000e+00 3.100000000000000000e+01 4.181038299681907766e+00
2.000000000000000000e+00 3.200000000000000000e+01 4.251283691534058384e+00
3.000000000000000000e+00 4.000000000000000000e+00 6.022226472310157064e-01
3.000000000000000000e+00 5.000000000000000000e+00 4.617025808295318612e-01
3.000000000000000000e+00 6.000000000000000000e+00 5.777558232800057425e-01
3.000000000000000000e+00 7.000000000000000000e+00 6.317107584871051174e-01
3.000000000000000000e+00 8.000000000000000000e+00 6.680830995423594487e-01
3.000000000000000000e+00 9.000000000000000000e+00 7.572521201683199976e-01
3.000000000000000000e+00 1.000000000000000000e+01 6.564992495729642386e-01
3.000000000000000000e+00 1.100000000000000000e+01 7.599597376754116951e-01
3.000000000000000000e+00 1.200000000000000000e+01 7.388259589684498252e-01
3.000000000000000000e+00 1.300000000000000000e+01 3.564185173180445254e+00
3.000000000000000000e+00 1.400000000000000000e+01 3.394292839766404057e+00
3.000000000000000000e+00 1.500000000000000000e+01 2.407874268212626845e+00
3.000000000000000000e+00 1.600000000000000000e+01 1.041640485704844465e+00
3.000000000000000000e+00 1.700000000000000000e+01 1.111448000495655286e+00
3.000000000000000000e+00 1.800000000000000000e+01 1.063086759550901483e+00
3.000000000000000000e+00 1.900000000000000000e+01 1.162268129929256766e+00
3.000000000000000000e+00 2.000000000000000000e+01 1.097556862140088185e+00
3.000000000000000000e+00 2.100000000000000000e+01 9.615295013623237352e-01
3.000000000000000000e+00 2.200000000000000000e+01 1.070546795013434860e+00
3.000000000000000000e+00 2.300000000000000000e+01 9.792955228545263680e-01
3.000000000000000000e+00 2.400000000000000000e+01 9.886634558889815239e-01
3.000000000000000000e+00 2.500000000000000000e+01 1.083441892591946676e+00
3.000000000000000000e+00 2.600000000000000000e+01 1.118349979689633678e+00
3.000000000000000000e+00 2.700000000000000000e+01 1.143564652622516498e+00
3.000000000000000000e+00 2.800000000000000000e+01 1.067706900241748080e+00
3.000000000000000000e+00 2.900000000000000000e+01 1.065545991608961351e+00
3.000000000000000000e+00 3.000000000000000000e+01 1.074875724980289604e+00
3.000000000000000000e+00 3.100000000000000000e+01 1.093305074836702140e+00
3.000000000000000000e+00 3.200000000000000000e+01 1.159155532496520813e+00
4.000000000000000000e+00 5.000000000000000000e+00 5.700171551254360480e-01
4.000000000000000000e+00 6.000000000000000000e+00 6.457630962229332638e-01
4.000000000000000000e+00 7.000000000000000000e+00 6.395610266668549926e-01
4.000000000000000000e+00 8.000000000000000000e+00 7.268237305877418564e-01
4.000000000000000000e+00 9.000000000000000000e+00 7.027491805323835550e-01
4.000000000000000000e+00 1.000000000000000000e+01 7.016174962060688358e-01
4.000000000000000000e+00 1.100000000000000000e+01 7.369678512746347110e-01
4.000000000000000000e+00 1.200000000000000000e+01 7.342304583152561293e-01
4.000000000000000000e+00 1.300000000000000000e+01 3.549063183434440383e+00
4.000000000000000000e+00 1.400000000000000000e+01 3.408329221834268452e+00
4.000000000000000000e+00 1.500000000000000000e+01 2.403584393868218427e+00
4.000000000000000000e+00 1.600000000000000000e+01 1.054762549732519261e+00
4.000000000000000000e+00 1.700000000000000000e+01 1.124147062726295943e+00
4.000000000000000000e+00 1.800000000000000000e+01 1.075552376318055003e+00
4.000000000000000000e+00 1.900000000000000000e+01 1.174175313719917568e+00
4.000000000000000000e+00 2.000000000000000000e+01 1.109435128521266023e+00
4.000000000000000000e+00 2.100000000000000000e+01 9.627770378752602554e-01
4.000000000000000000e+00 2.200000000000000000e+01 1.081429361348579476e+00
4.000000000000000000e+00 2.300000000000000000e+01 9.809482999794285618e-01
4.000000000000000000e+00 2.400000000000000000e+01 9.909323142884165492e-01
4.000000000000000000e+00 2.500000000000000000e+01 1.091048381441859227e+00
4.000000000000000000e+00 2.600000000000000000e+01 1.125505741030244700e+00
4.000000000000000000e+00 2.700000000000000000e+01 1.150372657057199710e+00
4.000000000000000000e+00 2.800000000000000000e+01 1.072029594889071902e+00
4.000000000000000000e+00 2.900000000000000000e+01 1.069241144115051334e+00
4.000000000000000000e+00 3.000000000000000000e+01 1.077404272707286559e+00
4.000000000000000000e+00 3.100000000000000000e+01 1.097381111193248771e+00
4.000000000000000000e+00 3.200000000000000000e+01 1.164103141752738324e+00
5.000000000000000000e+00 6.000000000000000000e+00 5.477408306572888463e-01
5.000000000000000000e+00 7.000000000000000000e+00 5.922399483819047461e-01
5.000000000000000000e+00 8.000000000000000000e+00 6.676135490072576673e-01
5.000000000000000000e+00 9.000000000000000000e+00 7.342208401796472828e-01
5.000000000000000000e+00 1.000000000000000000e+01 6.427212904844923358e-01
5.000000000000000000e+00 1.100000000000000000e+01 7.379231442251672490e-01
5.000000000000000000e+00 1.200000000000000000e+01 7.180284631467941381e-01
5.000000000000000000e+00 1.300000000000000000e+01 3.549717538116413884e+00
5.000000000000000000e+00 1.400000000000000000e+01 3.387260888383858415e+00
5.000000000000000000e+00 1.500000000000000000e+01 2.396923928511521140e+00
5.000000000000000000e+00 1.600000000000000000e+01 1.034083929437549898e+00
5.000000000000000000e+00 1.700000000000000000e+01 1.103876368683152975e+00
5.000000000000000000e+00 1.800000000000000000e+01 1.055408917146170467e+00
5.000000000000000000e+00 1.900000000000000000e+01 1.154566983497961274e+00
5.000000000000000000e+00 2.000000000000000000e+01 1.089789336996163094e+00
5.000000000000000000e+00 2.100000000000000000e+01 9.506782028345037716e-01
5.000000000000000000e+00 2.200000000000000000e+01 1.062512731037656089e+00
5.000000000000000000e+00 2.300000000000000000e+01 9.688379819542030091e-01
5.000000000000000000e+00 2.400000000000000000e+01 9.784457064007243687e-01
5.000000000000000000e+00 2.500000000000000000e+01 1.074734208572556859e+00
5.000000000000000000e+00 2.600000000000000000e+01 1.109607907241035640e+00
5.000000000000000000e+00 2.700000000000000000e+01 1.134781548190972877e+00
5.000000000000000000e+00 2.800000000000000000e+01 1.058375543357765736e+00
5.000000000000000000e+00 2.900000000000000000e+01 1.056112104646855343e+00
5.000000000000000000e+00 3.000000000000000000e+01 1.065320362238548313e+00
5.000000000000000000e+00 3.100000000000000000e+01 1.084011542179657006e+00
5.000000000000000000e+00 3.200000000000000000e+01 1.150083651024911724e+00
6.000000000000000000e+00 7.000000000000000000e+00 5.325817633271148210e-01
6.000000000000000000e+00 8.000000000000000000e+00 6.022538414454734479e-01
6.000000000000000000e+00 9.000000000000000000e+00 7.398966089421747938e-01
6.000000000000000000e+00 1.000000000000000000e+01 5.475819617753137081e-01
6.000000000000000000e+00 1.100000000000000000e+01 7.201311582826850355e-01
6.000000000000000000e+00 1.200000000000000000e+01 6.840048730019328005e-01
6.000000000000000000e+00 1.300000000000000000e+01 3.535916234250392698e+00
6.000000000000000000e+00 1.400000000000000000e+01 3.360904935414096073e+00
6.000000000000000000e+00 1.500000000000000000e+01 2.379559104961188609e+00
6.000000000000000000e+00 1.600000000000000000e+01 1.007360635834233520e+00
6.000000000000000000e+00 1.700000000000000000e+01 1.077544527805918584e+00
6.000000000000000000e+00 1.800000000000000000e+01 1.029056599132008643e+00
6.000000000000000000e+00 1.900000000000000000e+01 1.128722662650113229e+00
6.000000000000000000e+00 2.000000000000000000e+01 1.063812387525964631e+00
6.000000000000000000e+00 2.100000000000000000e+01 9.283915931923027998e-01
6.000000000000000000e+00 2.200000000000000000e+01 1.036896860951127763e+00
6.000000000000000000e+00 2.300000000000000000e+01 9.469230041691147903e-01
6.000000000000000000e+00 2.400000000000000000e+01 9.564198571577522401e-01
6.000000000000000000e+00 2.500000000000000000e+01 1.050770747880113376e+00
6.000000000000000000e+00 2.600000000000000000e+01 1.085994445529491870e+00
6.000000000000000000e+00 2.700000000000000000e+01 1.111406863117943900e+00
6.000000000000000000e+00 2.800000000000000000e+01 1.036187023934683538e+00
6.000000000000000000e+00 2.900000000000000000e+01 1.034298515881403979e+00
6.000000000000000000e+00 3.000000000000000000e+01 1.044340593554442975e+00
6.000000000000000000e+00 3.100000000000000000e+01 1.062125911253835930e+00
6.000000000000000000e+00 3.200000000000000000e+01 1.127839797874674588e+00
7.000000000000000000e+00 8.000000000000000000e+00 6.496265455533665190e-01
7.000000000000000000e+00 9.000000000000000000e+00 7.003004074894185749e-01
7.000000000000000000e+00 1.000000000000000000e+01 5.822588292190751247e-01
7.000000000000000000e+00 1.100000000000000000e+01 6.738591153557500490e-01
7.000000000000000000e+00 1.200000000000000000e+01 6.375183804557353895e-01
7.000000000000000000e+00 1.300000000000000000e+01 3.512073265380261766e+00
7.000000000000000000e+00 1.400000000000000000e+01 3.356513628477383548e+00
7.000000000000000000e+00 1.500000000000000000e+01 2.364336240360882968e+00
7.000000000000000000e+00 1.600000000000000000e+01 1.001993641901275822e+00
7.000000000000000000e+00 1.700000000000000000e+01 1.072023416078253355e+00
7.000000000000000000e+00 1.800000000000000000e+01 1.023311885568313429e+00
7.000000000000000000e+00 1.900000000000000000e+01 1.122770057501036867e+00
7.000000000000000000e+00 2.000000000000000000e+01 1.057760512924529550e+00
7.000000000000000000e+00 2.100000000000000000e+01 9.140872041754262156e-01
7.000000000000000000e+00 2.200000000000000000e+01 1.030160209659303661e+00
7.000000000000000000e+00 2.300000000000000000e+01 9.335743431682104188e-01
7.000000000000000000e+00 2.400000000000000000e+01 9.437006083086139085e-01
7.000000000000000000e+00 2.500000000000000000e+01 1.042125221662642431e+00
7.000000000000000000e+00 2.600000000000000000e+01 1.077202598431320268e+00
7.000000000000000000e+00 2.700000000000000000e+01 1.102474385429469628e+00
7.000000000000000000e+00 2.800000000000000000e+01 1.025721327414261808e+00
7.000000000000000000e+00 2.900000000000000000e+01 1.023518291579173400e+00
7.000000000000000000e+00 3.000000000000000000e+01 1.033125655582301405e+00
7.000000000000000000e+00 3.100000000000000000e+01 1.051704097671727567e+00
7.000000000000000000e+00 3.200000000000000000e+01 1.118018992684536528e+00
8.000000000000000000e+00 9.000000000000000000e+00 7.896469350117971686e-01
8.000000000000000000e+00 1.000000000000000000e+01 5.339934112228812424e-01
8.000000000000000000e+00 1.100000000000000000e+01 7.540217994271714019e-01
8.000000000000000000e+00 1.200000000000000000e+01 7.070866888817066709e-01
8.000000000000000000e+00 1.300000000000000000e+01 3.548605682564375918e+00
8.000000000000000000e+00 1.400000000000000000e+01 3.334922252123281083e+00
8.000000000000000000e+00 1.500000000000000000e+01 2.378278676239117040e+00
8.000000000000000000e+00 1.600000000000000000e+01 9.820084232223251774e-01
8.000000000000000000e+00 1.700000000000000000e+01 1.052915834713629373e+00
8.000000000000000000e+00 1.800000000000000000e+01 1.004674521790997588e+00
8.000000000000000000e+00 1.900000000000000000e+01 1.105290306050243920e+00
8.000000000000000000e+00 2.000000000000000000e+01 1.040315397426398114e+00
8.000000000000000000e+00 2.100000000000000000e+01 9.202380098473446068e-01
8.000000000000000000e+00 2.200000000000000000e+01 1.014726647004255078e+00
8.000000000000000000e+00 2.300000000000000000e+01 9.379479420545937529e-01
8.000000000000000000e+00 2.400000000000000000e+01 9.464847572879362403e-01
8.000000000000000000e+00 2.500000000000000000e+01 1.033112363925397403e+00
8.000000000000000000e+00 2.600000000000000000e+01 1.068950104250623312e+00
8.000000000000000000e+00 2.700000000000000000e+01 1.094834706686598658e+00
8.000000000000000000e+00 2.800000000000000000e+01 1.023063710149397565e+00
8.000000000000000000e+00 2.900000000000000000e+01 1.022038868573931225e+00
8.000000000000000000e+00 3.000000000000000000e+01 1.033648710344277966e+00
8.000000000000000000e+00 3.100000000000000000e+01 1.049304609731626314e+00
8.000000000000000000e+00 3.200000000000000000e+01 1.113794560099177211e+00
9.000000000000000000e+00 1.000000000000000000e+01 7.562902778144815485e-01
9.000000000000000000e+00 1.100000000000000000e+01 6.375113492566217843e-01
9.000000000000000000e+00 1.200000000000000000e+01 6.998964843164126037e-01
9.000000000000000000e+00 1.300000000000000000e+01 3.474821505876311001e+00
9.000000000000000000e+00 1.400000000000000000e+01 3.406225707128857749e+00
9.000000000000000000e+00 1.500000000000000000e+01 2.374217443453666476e+00
9.000000000000000000e+00 1.600000000000000000e+01 1.050704399479974960e+00
9.000000000000000000e+00 1.700000000000000000e+01 1.119704214235329509e+00
9.000000000000000000e+00 1.800000000000000000e+01 1.070653200186521659e+00
9.000000000000000000e+00 1.900000000000000000e+01 1.168766499841644269e+00
9.000000000000000000e+00 2.000000000000000000e+01 1.103840912308613476e+00
9.000000000000000000e+00 2.100000000000000000e+01 9.373577252197087262e-01
9.000000000000000000e+00 2.200000000000000000e+01 1.074360210981294195e+00
9.000000000000000000e+00 2.300000000000000000e+01 9.581097339922299838e-01
9.000000000000000000e+00 2.400000000000000000e+01 9.697866783801138979e-01
9.000000000000000000e+00 2.500000000000000000e+01 1.079755637978081495e+00
9.000000000000000000e+00 2.600000000000000000e+01 1.113886639427070335e+00
9.000000000000000000e+00 2.700000000000000000e+01 1.138444501521093777e+00
9.000000000000000000e+00 2.800000000000000000e+01 1.056596152934837107e+00
9.000000000000000000e+00 2.900000000000000000e+01 1.053072522984185966e+00
9.000000000000000000e+00 3.000000000000000000e+01 1.060249124858597014e+00
9.000000000000000000e+00 3.100000000000000000e+01 1.082089512058247216e+00
9.000000000000000000e+00 3.200000000000000000e+01 1.150217725159013327e+00
1.000000000000000000e+01 1.100000000000000000e+01 7.156346233090591369e-01
1.000000000000000000e+01 1.200000000000000000e+01 6.611121652793903181e-01
1.000000000000000000e+01 1.300000000000000000e+01 3.526544458869717680e+00
1.000000000000000000e+01 1.400000000000000000e+01 3.334411078662643746e+00
1.000000000000000000e+01 1.500000000000000000e+01 2.363668052581758161e+00
1.000000000000000000e+01 1.600000000000000000e+01 9.802821472948046733e-01
1.000000000000000000e+01 1.700000000000000000e+01 1.050951907242190231e+00
1.000000000000000000e+01 1.800000000000000000e+01 1.002419930432074224e+00
1.000000000000000000e+01 1.900000000000000000e+01 1.102713939366810614e+00
1.000000000000000000e+01 2.000000000000000000e+01 1.037625111059607086e+00
1.000000000000000000e+01 2.100000000000000000e+01 9.070964038729512069e-01
1.000000000000000000e+01 2.200000000000000000e+01 1.011111236172181904e+00
1.000000000000000000e+01 2.300000000000000000e+01 9.258252103416708678e-01
1.000000000000000000e+01 2.400000000000000000e+01 9.350860081195975226e-01
1.000000000000000000e+01 2.500000000000000000e+01 1.026880179229760159e+00
1.000000000000000000e+01 2.600000000000000000e+01 1.062495779140492758e+00
1.000000000000000000e+01 2.700000000000000000e+01 1.088175512071178019e+00
1.000000000000000000e+01 2.800000000000000000e+01 1.014349971038782883e+00
1.000000000000000000e+01 2.900000000000000000e+01 1.012894283588894773e+00
1.000000000000000000e+01 3.000000000000000000e+01 1.023867116436860236e+00
1.000000000000000000e+01 3.100000000000000000e+01 1.040604190592170575e+00
1.000000000000000000e+01 3.200000000000000000e+01 1.105880826249010518e+00
1.100000000000000000e+01 1.200000000000000000e+01 5.779821708005981051e-01
1.100000000000000000e+01 1.300000000000000000e+01 3.434309080385676616e+00
1.100000000000000000e+01 1.400000000000000000e+01 3.351861814565694431e+00
1.100000000000000000e+01 1.500000000000000000e+01 2.325542843056208397e+00
1.100000000000000000e+01 1.600000000000000000e+01 9.951454874148382146e-01
1.100000000000000000e+01 1.700000000000000000e+01 1.064568698155170523e+00
1.100000000000000000e+01 1.800000000000000000e+01 1.015298623830245717e+00
1.100000000000000000e+01 1.900000000000000000e+01 1.113958787387711702e+00
1.100000000000000000e+01 2.000000000000000000e+01 1.048770095590816354e+00
1.100000000000000000e+01 2.100000000000000000e+01 8.780255411764077422e-01
1.100000000000000000e+01 2.200000000000000000e+01 1.019231863674758820e+00
1.100000000000000000e+01 2.300000000000000000e+01 9.012828788373834499e-01
1.100000000000000000e+01 2.400000000000000000e+01 9.137565811568899576e-01
1.100000000000000000e+01 2.500000000000000000e+01 1.025560665438228547e+00
1.100000000000000000e+01 2.600000000000000000e+01 1.060206879017796311e+00
1.100000000000000000e+01 2.700000000000000000e+01 1.085070216273835264e+00
1.100000000000000000e+01 2.800000000000000000e+01 1.003642383183741771e+00
1.100000000000000000e+01 2.900000000000000000e+01 1.000469984314158900e+00
1.100000000000000000e+01 3.000000000000000000e+01 1.008809911453868224e+00
1.100000000000000000e+01 3.100000000000000000e+01 1.029836369383826167e+00
1.100000000000000000e+01 3.200000000000000000e+01 1.098025929534364842e+00
1.200000000000000000e+01 1.300000000000000000e+01 3.461368449392790758e+00
1.200000000000000000e+01 1.400000000000000000e+01 3.324291872096047484e+00
1.200000000000000000e+01 1.500000000000000000e+01 2.320282584646200519e+00
1.200000000000000000e+01 1.600000000000000000e+01 9.674413069398912768e-01
1.200000000000000000e+01 1.700000000000000000e+01 1.037543129308632572e+00
1.200000000000000000e+01 1.800000000000000000e+01 9.883334754523902532e-01
1.200000000000000000e+01 1.900000000000000000e+01 1.087870529612721349e+00
1.200000000000000000e+01 2.000000000000000000e+01 1.022521521865551897e+00
1.200000000000000000e+01 2.100000000000000000e+01 8.637396990455750156e-01
1.200000000000000000e+01 2.200000000000000000e+01 9.938413518889008813e-01
1.200000000000000000e+01 2.300000000000000000e+01 8.863136153547568341e-01
1.200000000000000000e+01 2.400000000000000000e+01 8.978827675529492680e-01
1.200000000000000000e+01 2.500000000000000000e+01 1.003603121071451554e+00
1.200000000000000000e+01 2.600000000000000000e+01 1.038834996416758472e+00
1.200000000000000000e+01 2.700000000000000000e+01 1.064116590392186090e+00
1.200000000000000000e+01 2.800000000000000000e+01 9.853741260147135250e-01
1.200000000000000000e+01 2.900000000000000000e+01 9.829581294619451626e-01
1.200000000000000000e+01 3.000000000000000000e+01 9.927572201038588062e-01
1.200000000000000000e+01 3.100000000000000000e+01 1.011925321620259055e+00
1.200000000000000000e+01 3.200000000000000000e+01 1.079180472731628093e+00
1.300000000000000000e+01 1.400000000000000000e+01 6.012481381914636103e+00
1.300000000000000000e+01 1.500000000000000000e+01 4.776988844713260463e+00
1.300000000000000000e+01 1.600000000000000000e+01 3.655298414967209197e+00
1.300000000000000000e+01 1.700000000000000000e+01 3.720734866844221500e+00
1.300000000000000000e+01 1.800000000000000000e+01 3.671004039397307572e+00
1.300000000000000000e+01 1.900000000000000000e+01 3.764476329271274402e+00
1.300000000000000000e+01 2.000000000000000000e+01 3.700123150703646502e+00
1.300000000000000000e+01 2.100000000000000000e+01 3.473413282176982086e+00
1.300000000000000000e+01 2.200000000000000000e+01 3.665236074167264491e+00
1.300000000000000000e+01 2.300000000000000000e+01 3.490600636051394368e+00
1.300000000000000000e+01 2.400000000000000000e+01 3.505930201996881657e+00
1.300000000000000000e+01 2.500000000000000000e+01 3.649710621759793661e+00
1.300000000000000000e+01 2.600000000000000000e+01 3.680181209050458868e+00
1.300000000000000000e+01 2.700000000000000000e+01 3.702134870511631703e+00
1.300000000000000000e+01 2.800000000000000000e+01 3.603734488598446362e+00
1.300000000000000000e+01 2.900000000000000000e+01 3.595343390259478689e+00
1.300000000000000000e+01 3.000000000000000000e+01 3.592783285185182862e+00
1.300000000000000000e+01 3.100000000000000000e+01 3.626803068837084254e+00
1.300000000000000000e+01 3.200000000000000000e+01 3.700798431340483141e+00
1.400000000000000000e+01 1.500000000000000000e+01 4.746475814736383469e+00
1.400000000000000000e+01 1.600000000000000000e+01 2.929386301793549308e+00
1.400000000000000000e+01 1.700000000000000000e+01 2.816706768476453959e+00
1.400000000000000000e+01 1.800000000000000000e+01 2.901025107680574422e+00
1.400000000000000000e+01 1.900000000000000000e+01 2.829310282399757348e+00
1.400000000000000000e+01 2.000000000000000000e+01 2.873619643536733825e+00
1.400000000000000000e+01 2.100000000000000000e+01 3.265450141945756890e+00
1.400000000000000000e+01 2.200000000000000000e+01 2.966838455925573825e+00
1.400000000000000000e+01 2.300000000000000000e+01 3.260510976989858811e+00
1.400000000000000000e+01 2.400000000000000000e+01 3.252204911590270697e+00
1.400000000000000000e+01 2.500000000000000000e+01 3.129431721864056826e+00
1.400000000000000000e+01 2.600000000000000000e+01 3.161718482464628721e+00
1.400000000000000000e+01 2.700000000000000000e+01 3.192916932951447073e+00
1.400000000000000000e+01 2.800000000000000000e+01 3.232296484464241004e+00
1.400000000000000000e+01 2.900000000000000000e+01 3.246528217172428121e+00
1.400000000000000000e+01 3.000000000000000000e+01 3.276946238723373206e+00
1.400000000000000000e+01 3.100000000000000000e+01 3.251566586546998039e+00
1.400000000000000000e+01 3.200000000000000000e+01 3.273097183920254949e+00
1.500000000000000000e+01 1.600000000000000000e+01 2.388762709151452057e+00
1.500000000000000000e+01 1.700000000000000000e+01 2.451301188487065019e+00
1.500000000000000000e+01 1.800000000000000000e+01 2.401161200516506611e+00
1.500000000000000000e+01 1.900000000000000000e+01 2.490895855122675862e+00
1.500000000000000000e+01 2.000000000000000000e+01 2.427091995699089289e+00
1.500000000000000000e+01 2.100000000000000000e+01 2.132078485261461154e+00
1.500000000000000000e+01 2.200000000000000000e+01 2.388132255571646212e+00
1.500000000000000000e+01 2.300000000000000000e+01 2.147602869915441026e+00
1.500000000000000000e+01 2.400000000000000000e+01 2.171005276595689537e+00
1.500000000000000000e+01 2.500000000000000000e+01 2.356445953655373238e+00
1.500000000000000000e+01 2.600000000000000000e+01 2.384418707363001211e+00
1.500000000000000000e+01 2.700000000000000000e+01 2.404585908401844385e+00
1.500000000000000000e+01 2.800000000000000000e+01 2.291296583634729878e+00
1.500000000000000000e+01 2.900000000000000000e+01 2.278555708818841730e+00
1.500000000000000000e+01 3.000000000000000000e+01 2.268534673111889610e+00
1.500000000000000000e+01 3.100000000000000000e+01 2.313735601544911091e+00
1.500000000000000000e+01 3.200000000000000000e+01 2.393825066841951177e+00
1.600000000000000000e+01 1.700000000000000000e+01 5.649719836485393998e-01
1.600000000000000000e+01 1.800000000000000000e+01 4.641154264235352045e-01
1.600000000000000000e+01 1.900000000000000000e+01 6.849559969744953847e-01
1.600000000000000000e+01 2.000000000000000000e+01 5.893379557208584529e-01
1.600000000000000000e+01 2.100000000000000000e+01 9.047583676060666491e-01
1.600000000000000000e+01 2.200000000000000000e+01 6.242892982790708700e-01
1.600000000000000000e+01 2.300000000000000000e+01 9.002528241142488952e-01
1.600000000000000000e+01 2.400000000000000000e+01 8.920316282095850369e-01
1.600000000000000000e+01 2.500000000000000000e+01 7.880510780917120428e-01
1.600000000000000000e+01 2.600000000000000000e+01 8.281554474852725889e-01
1.600000000000000000e+01 2.700000000000000000e+01 8.609835614249865543e-01
1.600000000000000000e+01 2.800000000000000000e+01 8.790112429454417509e-01
1.600000000000000000e+01 2.900000000000000000e+01 8.925125067584023242e-01
1.600000000000000000e+01 3.000000000000000000e+01 9.230360445133847236e-01
1.600000000000000000e+01 3.100000000000000000e+01 9.009256722408851559e-01
1.600000000000000000e+01 3.200000000000000000e+01 9.308484669075252071e-01
1.700000000000000000e+01 1.800000000000000000e+01 5.130964936337782945e-01
1.700000000000000000e+01 1.900000000000000000e+01 5.803415833478160479e-01
1.700000000000000000e+01 2.000000000000000000e+01 5.157761475398716655e-01
1.700000000000000000e+01 2.100000000000000000e+01 9.691138358228208460e-01
1.700000000000000000e+01 2.200000000000000000e+01 6.416249499519972588e-01
1.700000000000000000e+01 2.300000000000000000e+01 9.632740115631479583e-01
1.700000000000000000e+01 2.400000000000000000e+01 9.542615046855962291e-01
1.700000000000000000e+01 2.500000000000000000e+01 8.255139607390455936e-01
1.700000000000000000e+01 2.600000000000000000e+01 8.604173006337525464e-01
1.700000000000000000e+01 2.700000000000000000e+01 8.926118163008860407e-01
1.700000000000000000e+01 2.800000000000000000e+01 9.313561819551523513e-01
1.700000000000000000e+01 2.900000000000000000e+01 9.461342256183131738e-01
1.700000000000000000e+01 3.000000000000000000e+01 9.774188248137214430e-01
1.700000000000000000e+01 3.100000000000000000e+01 9.509517566250798026e-01
1.700000000000000000e+01 3.200000000000000000e+01 9.727639222339528047e-01
1.800000000000000000e+01 1.900000000000000000e+01 6.324156166913406096e-01
1.800000000000000000e+01 2.000000000000000000e+01 5.085616426586554439e-01
1.800000000000000000e+01 2.100000000000000000e+01 9.182165020211296991e-01
1.800000000000000000e+01 2.200000000000000000e+01 5.812554338706217294e-01
1.800000000000000000e+01 2.300000000000000000e+01 9.123340210896477842e-01
1.800000000000000000e+01 2.400000000000000000e+01 9.032266993706512537e-01
1.800000000000000000e+01 2.500000000000000000e+01 7.780627243872082488e-01
1.800000000000000000e+01 2.600000000000000000e+01 8.163458753945418422e-01
1.800000000000000000e+01 2.700000000000000000e+01 8.494081525213994510e-01
1.800000000000000000e+01 2.800000000000000000e+01 8.815073587977506619e-01
1.800000000000000000e+01 2.900000000000000000e+01 8.962094695363900243e-01
1.800000000000000000e+01 3.000000000000000000e+01 9.276972306528383783e-01
1.800000000000000000e+01 3.100000000000000000e+01 9.019352916158629441e-01
1.800000000000000000e+01 3.200000000000000000e+01 9.263572177378476269e-01
1.900000000000000000e+01 2.000000000000000000e+01 5.422050759736638526e-01
1.900000000000000000e+01 2.100000000000000000e+01 1.010450865721919556e+00
1.900000000000000000e+01 2.200000000000000000e+01 6.546845362650133282e-01
1.900000000000000000e+01 2.300000000000000000e+01 1.002882189183586625e+00
1.900000000000000000e+01 2.400000000000000000e+01 9.928051558133521581e-01
1.900000000000000000e+01 2.500000000000000000e+01 8.360658167608692182e-01
1.900000000000000000e+01 2.600000000000000000e+01 8.643714038976213487e-01
1.900000000000000000e+01 2.700000000000000000e+01 8.954977840471434192e-01
1.900000000000000000e+01 2.800000000000000000e+01 9.582227569708710035e-01
1.900000000000000000e+01 2.900000000000000000e+01 9.745148668327603403e-01
1.900000000000000000e+01 3.000000000000000000e+01 1.006801932511308451e+00
1.900000000000000000e+01 3.100000000000000000e+01 9.752192993842072610e-01
1.900000000000000000e+01 3.200000000000000000e+01 9.876303279891693876e-01
2.000000000000000000e+01 2.100000000000000000e+01 9.456458863360941436e-01
2.000000000000000000e+01 2.200000000000000000e+01 5.616518740139362365e-01
2.000000000000000000e+01 2.300000000000000000e+01 9.384039942166948478e-01
2.000000000000000000e+01 2.400000000000000000e+01 9.284672916149521171e-01
2.000000000000000000e+01 2.500000000000000000e+01 7.796114008889558633e-01
2.000000000000000000e+01 2.600000000000000000e+01 8.132362519959679403e-01
2.000000000000000000e+01 2.700000000000000000e+01 8.458308206172242549e-01
2.000000000000000000e+01 2.800000000000000000e+01 8.972335522553578357e-01
2.000000000000000000e+01 2.900000000000000000e+01 9.131817333410694459e-01
2.000000000000000000e+01 3.000000000000000000e+01 9.454789804123890917e-01
2.000000000000000000e+01 3.100000000000000000e+01 9.155392703649614106e-01
2.000000000000000000e+01 3.200000000000000000e+01 9.324171275097610234e-01
2.100000000000000000e+01 2.200000000000000000e+01 9.069027120533821318e-01
2.100000000000000000e+01 2.300000000000000000e+01 5.508597926394704913e-01
2.100000000000000000e+01 2.400000000000000000e+01 6.249809000142567683e-01
2.100000000000000000e+01 2.500000000000000000e+01 8.820085310681724522e-01
2.100000000000000000e+01 2.600000000000000000e+01 9.144204682237919712e-01
2.100000000000000000e+01 2.700000000000000000e+01 9.372588451984960045e-01
2.100000000000000000e+01 2.800000000000000000e+01 8.245298512686263237e-01
2.100000000000000000e+01 2.900000000000000000e+01 8.144968168557795707e-01
2.100000000000000000e+01 3.000000000000000000e+01 8.167714093724152136e-01
2.100000000000000000e+01 3.100000000000000000e+01 8.547756326378159741e-01
2.100000000000000000e+01 3.200000000000000000e+01 9.367428825532417846e-01
2.200000000000000000e+01 2.300000000000000000e+01 8.980939880935574493e-01
2.200000000000000000e+01 2.400000000000000000e+01 8.870550494739974923e-01
2.200000000000000000e+01 2.500000000000000000e+01 7.165122416924933901e-01
2.200000000000000000e+01 2.600000000000000000e+01 7.558830203882580534e-01
2.200000000000000000e+01 2.700000000000000000e+01 7.912533922064284297e-01
2.200000000000000000e+01 2.800000000000000000e+01 8.474826285234540180e-01
2.200000000000000000e+01 2.900000000000000000e+01 8.647648626336517097e-01
2.200000000000000000e+01 3.000000000000000000e+01 8.985241969680988205e-01
2.200000000000000000e+01 3.100000000000000000e+01 8.654026520401245648e-01
2.200000000000000000e+01 3.200000000000000000e+01 8.804488594124642020e-01
2.300000000000000000e+01 2.400000000000000000e+01 5.162639693244690520e-01
2.300000000000000000e+01 2.500000000000000000e+01 8.663378814024467189e-01
2.300000000000000000e+01 2.600000000000000000e+01 8.980584628200629638e-01
2.300000000000000000e+01 2.700000000000000000e+01 9.203893946068522069e-01
2.300000000000000000e+01 2.800000000000000000e+01 7.988528255124895949e-01
2.300000000000000000e+01 2.900000000000000000e+01 7.865031968123199491e-01
2.300000000000000000e+01 3.000000000000000000e+01 7.873103803982859361e-01
2.300000000000000000e+01 3.100000000000000000e+01 8.306461112683551917e-01
2.300000000000000000e+01 3.200000000000000000e+01 9.166961115873712984e-01
2.400000000000000000e+01 2.500000000000000000e+01 8.509899856000311402e-01
2.400000000000000000e+01 2.600000000000000000e+01 8.828207783032908651e-01
2.400000000000000000e+01 2.700000000000000000e+01 9.051536120147387621e-01
2.400000000000000000e+01 2.800000000000000000e+01 7.766011610716940794e-01
2.400000000000000000e+01 2.900000000000000000e+01 7.629355081093649460e-01
2.400000000000000000e+01 3.000000000000000000e+01 7.654292078880873262e-01
2.400000000000000000e+01 3.100000000000000000e+01 8.110548290180021880e-01
2.400000000000000000e+01 3.200000000000000000e+01 9.005341183610582334e-01
2.500000000000000000e+01 2.600000000000000000e+01 5.855036603596479594e-01
2.500000000000000000e+01 2.700000000000000000e+01 6.584280656130117038e-01
2.500000000000000000e+01 2.800000000000000000e+01 7.569374264744217484e-01
2.500000000000000000e+01 2.900000000000000000e+01 7.832264521797664969e-01
2.500000000000000000e+01 3.000000000000000000e+01 8.239576625256495035e-01
2.500000000000000000e+01 3.100000000000000000e+01 7.661397332994299703e-01
2.500000000000000000e+01 3.200000000000000000e+01 7.614887985216851618e-01
2.600000000000000000e+01 2.700000000000000000e+01 5.307607667002054441e-01
2.600000000000000000e+01 2.800000000000000000e+01 7.816559073445361605e-01
2.600000000000000000e+01 2.900000000000000000e+01 8.066334827557399834e-01
2.600000000000000000e+01 3.000000000000000000e+01 8.435882010807338460e-01
2.600000000000000000e+01 3.100000000000000000e+01 7.796671550748746071e-01
2.600000000000000000e+01 3.200000000000000000e+01 7.306111812611488787e-01
2.700000000000000000e+01 2.800000000000000000e+01 8.010731856810942020e-01
2.700000000000000000e+01 2.900000000000000000e+01 8.247269460211166248e-01
2.700000000000000000e+01 3.000000000000000000e+01 8.589911472468640952e-01
2.700000000000000000e+01 3.100000000000000000e+01 7.932442655005811361e-01
2.700000000000000000e+01 3.200000000000000000e+01 7.135880867274826400e-01
2.800000000000000000e+01 2.900000000000000000e+01 5.296219422255701303e-01
2.800000000000000000e+01 3.000000000000000000e+01 6.636953881045117853e-01
2.800000000000000000e+01 3.100000000000000000e+01 5.855560066135350183e-01
2.800000000000000000e+01 3.200000000000000000e+01 7.740175630942740526e-01
2.900000000000000000e+01 3.000000000000000000e+01 6.054298958982764489e-01
2.900000000000000000e+01 3.100000000000000000e+01 6.226014612512669189e-01
2.900000000000000000e+01 3.200000000000000000e+01 7.946317326300373907e-01
3.000000000000000000e+01 3.100000000000000000e+01 6.830081159723144779e-01
3.000000000000000000e+01 3.200000000000000000e+01 8.210745314349123802e-01
3.100000000000000000e+01 3.200000000000000000e+01 7.406269267375895637e-01
