1.000000000000000000e+00 2.000000000000000000e+00 8.674639870121851892e-01
1.000000000000000000e+00 3.000000000000000000e+00 9.546813003298743050e-01
1.000000000000000000e+00 4.000000000000000000e+00 9.465944230275139537e-01
1.000000000000000000e+00 5.000000000000000000e+00 9.580307957173745947e-01
1.000000000000000000e+00 6.000000000000000000e+00 9.638291991090714994e-01
1.000000000000000000e+00 7.000000000000000000e+00 9.576606329207024704e-01
1.000000000000000000e+00 8.000000000000000000e+00 9.669215605392167401e-01
1.000000000000000000e+00 9.000000000000000000e+00 9.411598847133610946e-01
1.000000000000000000e+00 1.000000000000000000e+01 9.451944776203898835e-01
1.000000000000000000e+00 1.100000000000000000e+01 9.525553820862864285e-01
1.000000000000000000e+00 1.200000000000000000e+01 9.485168800930331434e-01
1.000000000000000000e+00 1.300000000000000000e+01 9.579039098972970123e-01
1.000000000000000000e+00 1.400000000000000000e+01 9.999084073833859332e-01
1.000000000000000000e+00 1.500000000000000000e+01 9.827425597528897105e-01
1.000000000000000000e+00 1.600000000000000000e+01 7.603882678005623452e-01
1.000000000000000000e+00 1.700000000000000000e+01 7.662908907643118939e-01
1.000000000000000000e+00 1.800000000000000000e+01 7.598781314418497912e-01
1.000000000000000000e+00 1.900000000000000000e+01 7.762417172452861225e-01
1.000000000000000000e+00 2.000000000000000000e+01 7.627412683889538414e-01
1.000000000000000000e+00 2.100000000000000000e+01 9.808830059611017838e-01
1.000000000000000000e+00 2.200000000000000000e+01 7.565377487105386933e-01
1.000000000000000000e+00 2.300000000000000000e+01 9.949734886800758460e-01
1.000000000000000000e+00 2.400000000000000000e+01 9.995976590299426867e-01
1.000000000000000000e+00 2.500000000000000000e+01 7.570121048928184493e-01
1.000000000000000000e+00 2.600000000000000000e+01 7.685735330144783939e-01
1.000000000000000000e+00 2.700000000000000000e+01 7.816741798443090916e-01
1.000000000000000000e+00 2.800000000000000000e+01 1.038989369312251831e+00
1.000000000000000000e+00 2.900000000000000000e+01 1.046977686986951372e+00
1.000000000000000000e+00 3.000000000000000000e+01 1.060430999943061892e+00
1.000000000000000000e+00 3.100000000000000000e+01 1.064873337169476519e+00
1.000000000000000000e+00 3.200000000000000000e+01 1.103900233444415679e+00
2.000000000000000000e+00 3.000000000000000000e+00 8.127862272205176319e-01
2.000000000000000000e+00 4.000000000000000000e+00 7.956694265998128790e-01
2.000000000000000000e+00 5.000000000000000000e+00 8.146567286171868538e-01
2.000000000000000000e+00 6.000000000000000000e+00 8.242167803973843299e-01
2.000000000000000000e+00 7.000000000000000000e+00 8.161974246162233548e-01
2.000000000000000000e+00 8.000000000000000000e+00 8.325949160919556835e-01
2.000000000000000000e+00 9.000000000000000000e+00 7.812637113870117833e-01
2.000000000000000000e+00 1.000000000000000000e+01 8.097222944764980168e-01
2.000000000000000000e+00 1.100000000000000000e+01 8.109503802419784080e-01
2.000000000000000000e+00 1.200000000000000000e+01 8.120167028423909139e-01
2.000000000000000000e+00 1.300000000000000000e+01 8.321295061854647734e-01
2.000000000000000000e+00 1.400000000000000000e+01 8.818733106047507153e-01
2.000000000000000000e+00 1.500000000000000000e+01 8.673813228296977096e-01
2.000000000000000000e+00 1.600000000000000000e+01 6.428715383586048882e-01
2.000000000000000000e+00 1.700000000000000000e+01 6.487883930686731970e-01
2.000000000000000000e+00 1.800000000000000000e+01 6.424550025063157088e-01
2.000000000000000000e+00 1.900000000000000000e+01 6.588493375894065585e-01
2.000000000000000000e+00 2.000000000000000000e+01 6.454049132008958800e-01
2.000000000000000000e+00 2.100000000000000000e+01 8.640040798172805570e-01
2.000000000000000000e+00 2.200000000000000000e+01 6.394230452175575508e-01
2.000000000000000000e+00 2.300000000000000000e+01 8.802578308744035684e-01
2.000000000000000000e+00 2.400000000000000000e+01 8.854172066690648712e-01
2.000000000000000000e+00 2.500000000000000000e+01 6.406940639725575704e-01
2.000000000000000000e+00 2.600000000000000000e+01 6.525347947430232276e-01
2.000000000000000000e+00 2.700000000000000000e+01 6.658680397733299783e-01
2.000000000000000000e+00 2.800000000000000000e+01 9.271945196257995736e-01
2.000000000000000000e+00 2.900000000000000000e+01 9.367612831230640591e-01
2.000000000000000000e+00 3.000000000000000000e+01 9.540213054696287109e-01
2.000000000000000000e+00 3.100000000000000000e+01 9.550988089724323782e-01
2.000000000000000000e+00 3.200000000000000000e+01 9.934910162425212299e-01
3.000000000000000000e+00 4.000000000000000000e+00 5.850408455393524276e-01
3.000000000000000000e+00 5.000000000000000000e+00 4.594451432188566553e-01
3.000000000000000000e+00 6.000000000000000000e+00 5.697983128644639184e-01
3.000000000000000000e+00 7.000000000000000000e+00 6.157976521184025387e-01
3.000000000000000000e+00 8.000000000000000000e+00 6.400062192468014555e-01
3.000000000000000000e+00 9.000000000000000000e+00 7.119237553091828374e-01
3.000000000000000000e+00 1.000000000000000000e+01 6.227979151286507919e-01
3.000000000000000000e+00 1.100000000000000000e+01 7.123170794455959687e-01
3.000000000000000000e+00 1.200000000000000000e+01 6.810871665271173159e-01
3.000000000000000000e+00 1.300000000000000000e+01 8.079807036876360815e-01
3.000000000000000000e+00 1.400000000000000000e+01 7.928798101872942539e-01
3.000000000000000000e+00 1.500000000000000000e+01 8.251839126205614550e-01
3.000000000000000000e+00 1.600000000000000000e+01 5.571853982823881113e-01
3.000000000000000000e+00 1.700000000000000000e+01 5.629094733041625220e-01
3.000000000000000000e+00 1.800000000000000000e+01 5.571067480684760431e-01
3.000000000000000000e+00 1.900000000000000000e+01 5.733708892368617471e-01
3.000000000000000000e+00 2.000000000000000000e+01 5.602980595291815469e-01
3.000000000000000000e+00 2.100000000000000000e+01 7.966526543848131414e-01
3.000000000000000000e+00 2.200000000000000000e+01 5.553733669372502568e-01
3.000000000000000000e+00 2.300000000000000000e+01 8.142074455257537480e-01
3.000000000000000000e+00 2.400000000000000000e+01 8.178198211992446787e-01
3.000000000000000000e+00 2.500000000000000000e+01 5.592293060083364242e-01
3.000000000000000000e+00 2.600000000000000000e+01 5.714280053146946203e-01
3.000000000000000000e+00 2.700000000000000000e+01 5.851376786557643817e-01
3.000000000000000000e+00 2.800000000000000000e+01 8.557675710272412140e-01
3.000000000000000000e+00 2.900000000000000000e+01 8.688219406516133336e-01
3.000000000000000000e+00 3.000000000000000000e+01 8.936426842198672560e-01
3.000000000000000000e+00 3.100000000000000000e+01 8.867801173702323236e-01
3.000000000000000000e+00 3.200000000000000000e+01 9.227366055890557917e-01
4.000000000000000000e+00 5.000000000000000000e+00 5.616113749290030377e-01
4.000000000000000000e+00 6.000000000000000000e+00 6.276317728837939036e-01
4.000000000000000000e+00 7.000000000000000000e+00 6.235592096166993059e-01
4.000000000000000000e+00 8.000000000000000000e+00 6.792188308391702289e-01
4.000000000000000000e+00 9.000000000000000000e+00 6.757583309704848773e-01
4.000000000000000000e+00 1.000000000000000000e+01 6.537864962763623167e-01
4.000000000000000000e+00 1.100000000000000000e+01 7.002152431550388023e-01
4.000000000000000000e+00 1.200000000000000000e+01 6.841679071468588225e-01
4.000000000000000000e+00 1.300000000000000000e+01 8.002636668937510578e-01
4.000000000000000000e+00 1.400000000000000000e+01 8.001701846035211840e-01
4.000000000000000000e+00 1.500000000000000000e+01 8.221534900391765932e-01
4.000000000000000000e+00 1.600000000000000000e+01 5.635286340496891144e-01
4.000000000000000000e+00 1.700000000000000000e+01 5.693291035099316000e-01
4.000000000000000000e+00 1.800000000000000000e+01 5.633746244891942867e-01
4.000000000000000000e+00 1.900000000000000000e+01 5.796998566289569554e-01
4.000000000000000000e+00 2.000000000000000000e+01 5.665205039572116519e-01
4.000000000000000000e+00 2.100000000000000000e+01 7.981037273827049638e-01
4.000000000000000000e+00 2.200000000000000000e+01 5.613235486761887216e-01
4.000000000000000000e+00 2.300000000000000000e+01 8.159564609223393106e-01
4.000000000000000000e+00 2.400000000000000000e+01 8.200697432689547650e-01
4.000000000000000000e+00 2.500000000000000000e+01 5.646197725991988214e-01
4.000000000000000000e+00 2.600000000000000000e+01 5.768001095364306829e-01
4.000000000000000000e+00 2.700000000000000000e+01 5.904687062037549117e-01
4.000000000000000000e+00 2.800000000000000000e+01 8.596016003335100741e-01
4.000000000000000000e+00 2.900000000000000000e+01 8.721486632269859207e-01
4.000000000000000000e+00 3.000000000000000000e+01 8.959722360477857528e-01
4.000000000000000000e+00 3.100000000000000000e+01 8.902943847032911417e-01
4.000000000000000000e+00 3.200000000000000000e+01 9.267221816805597534e-01
5.000000000000000000e+00 6.000000000000000000e+00 5.432256063890033015e-01
5.000000000000000000e+00 7.000000000000000000e+00 5.838016632834379660e-01
5.000000000000000000e+00 8.000000000000000000e+00 6.403305292220875522e-01
5.000000000000000000e+00 9.000000000000000000e+00 7.007616220508530169e-01
5.000000000000000000e+00 1.000000000000000000e+01 6.137103057006724205e-01
5.000000000000000000e+00 1.100000000000000000e+01 7.012248200405810650e-01
5.000000000000000000e+00 1.200000000000000000e+01 6.704135978031199317e-01
5.000000000000000000e+00 1.300000000000000000e+01 8.036321868756590714e-01
5.000000000000000000e+00 1.400000000000000000e+01 7.905607905888791809e-01
5.000000000000000000e+00 1.500000000000000000e+01 8.212357867166192316e-01
5.000000000000000000e+00 1.600000000000000000e+01 5.544960869720970686e-01
5.000000000000000000e+00 1.700000000000000000e+01 5.602617935266568372e-01
5.000000000000000000e+00 1.800000000000000000e+01 5.544023549445021848e-01
5.000000000000000000e+00 1.900000000000000000e+01 5.707031598309623144e-01
5.000000000000000000e+00 2.000000000000000000e+01 5.575896882593296411e-01
5.000000000000000000e+00 2.100000000000000000e+01 7.927643778472539537e-01
5.000000000000000000e+00 2.200000000000000000e+01 5.525800359231065606e-01
5.000000000000000000e+00 2.300000000000000000e+01 8.105520060127382465e-01
5.000000000000000000e+00 2.400000000000000000e+01 8.142895950690229867e-01
5.000000000000000000e+00 2.500000000000000000e+01 5.563103254483108273e-01
5.000000000000000000e+00 2.600000000000000000e+01 5.685297665890097774e-01
5.000000000000000000e+00 2.700000000000000000e+01 5.822471175808981991e-01
5.000000000000000000e+00 2.800000000000000000e+01 8.527763772076850657e-01
5.000000000000000000e+00 2.900000000000000000e+01 8.658299486205822681e-01
5.000000000000000000e+00 3.000000000000000000e+01 8.907057477914979149e-01
5.000000000000000000e+00 3.100000000000000000e+01 8.838599113571388166e-01
5.000000000000000000e+00 3.200000000000000000e+01 9.198853606252654913e-01
6.000000000000000000e+00 7.000000000000000000e+00 5.275685411907378164e-01
6.000000000000000000e+00 8.000000000000000000e+00 5.847369646551814348e-01
6.000000000000000000e+00 9.000000000000000000e+00 7.024310218733362809e-01
6.000000000000000000e+00 1.000000000000000000e+01 5.336748702029449065e-01
6.000000000000000000e+00 1.100000000000000000e+01 6.827980055593783071e-01
6.000000000000000000e+00 1.200000000000000000e+01 6.357433316563146919e-01
6.000000000000000000e+00 1.300000000000000000e+01 7.916198037319708281e-01
6.000000000000000000e+00 1.400000000000000000e+01 7.683430308490859506e-01
6.000000000000000000e+00 1.500000000000000000e+01 8.054927015766014664e-01
6.000000000000000000e+00 1.600000000000000000e+01 5.323074853890347180e-01
6.000000000000000000e+00 1.700000000000000000e+01 5.381010117387360348e-01
6.000000000000000000e+00 1.800000000000000000e+01 5.322538158182955614e-01
6.000000000000000000e+00 1.900000000000000000e+01 5.485853626180968723e-01
6.000000000000000000e+00 2.000000000000000000e+01 5.354781125253049723e-01
6.000000000000000000e+00 2.100000000000000000e+01 7.726808140551675308e-01
6.000000000000000000e+00 2.200000000000000000e+01 5.305335052171520349e-01
6.000000000000000000e+00 2.300000000000000000e+01 7.906806603893339336e-01
6.000000000000000000e+00 2.400000000000000000e+01 7.941989032839353868e-01
6.000000000000000000e+00 2.500000000000000000e+01 5.345174831867502974e-01
6.000000000000000000e+00 2.600000000000000000e+01 5.468027591121241704e-01
6.000000000000000000e+00 2.700000000000000000e+01 5.605777708115354807e-01
6.000000000000000000e+00 2.800000000000000000e+01 8.323365642728355329e-01
6.000000000000000000e+00 2.900000000000000000e+01 8.458843072264712326e-01
6.000000000000000000e+00 3.000000000000000000e+01 8.718588648344307579e-01
6.000000000000000000e+00 3.100000000000000000e+01 8.638926167961018532e-01
6.000000000000000000e+00 3.200000000000000000e+01 8.996147019803935052e-01
7.000000000000000000e+00 8.000000000000000000e+00 6.136041612627323172e-01
7.000000000000000000e+00 9.000000000000000000e+00 6.735538772202991353e-01
7.000000000000000000e+00 1.000000000000000000e+01 5.561447300357028611e-01
7.000000000000000000e+00 1.100000000000000000e+01 6.489395793393746281e-01
7.000000000000000000e+00 1.200000000000000000e+01 6.037461228241182143e-01
7.000000000000000000e+00 1.300000000000000000e+01 7.750909262113356846e-01
7.000000000000000000e+00 1.400000000000000000e+01 7.583751992789209417e-01
7.000000000000000000e+00 1.500000000000000000e+01 7.904677854555902661e-01
7.000000000000000000e+00 1.600000000000000000e+01 5.215742511652688984e-01
7.000000000000000000e+00 1.700000000000000000e+01 5.274440075107512671e-01
7.000000000000000000e+00 1.800000000000000000e+01 5.214761234370847154e-01
7.000000000000000000e+00 1.900000000000000000e+01 5.378729314226177172e-01
7.000000000000000000e+00 2.000000000000000000e+01 5.246803159041801834e-01
7.000000000000000000e+00 2.100000000000000000e+01 7.587871692920811206e-01
7.000000000000000000e+00 2.200000000000000000e+01 5.195398340416943483e-01
7.000000000000000000e+00 2.300000000000000000e+01 7.772522831000341359e-01
7.000000000000000000e+00 2.400000000000000000e+01 7.811006200250898424e-01
7.000000000000000000e+00 2.500000000000000000e+01 5.231893440980994736e-01
7.000000000000000000e+00 2.600000000000000000e+01 5.355022821878084871e-01
7.000000000000000000e+00 2.700000000000000000e+01 5.492790490705315998e-01
7.000000000000000000e+00 2.800000000000000000e+01 8.205065728151308413e-01
7.000000000000000000e+00 2.900000000000000000e+01 8.339269657381547241e-01
7.000000000000000000e+00 3.000000000000000000e+01 8.597423622079083394e-01
7.000000000000000000e+00 3.100000000000000000e+01 8.520957248138352202e-01
7.000000000000000000e+00 3.200000000000000000e+01 8.880434650556143783e-01
8.000000000000000000e+00 9.000000000000000000e+00 7.190903195230768929e-01
8.000000000000000000e+00 1.000000000000000000e+01 5.131442806519860289e-01
8.000000000000000000e+00 1.100000000000000000e+01 6.843720107588056045e-01
8.000000000000000000e+00 1.200000000000000000e+01 6.234990658525564333e-01
8.000000000000000000e+00 1.300000000000000000e+01 7.839616185782163349e-01
8.000000000000000000e+00 1.400000000000000000e+01 7.423794964432623988e-01
8.000000000000000000e+00 1.500000000000000000e+01 7.923357031223489111e-01
8.000000000000000000e+00 1.600000000000000000e+01 5.072504637278448802e-01
8.000000000000000000e+00 1.700000000000000000e+01 5.129894435660103946e-01
8.000000000000000000e+00 1.800000000000000000e+01 5.072948025110749493e-01
8.000000000000000000e+00 1.900000000000000000e+01 5.235877914479555306e-01
8.000000000000000000e+00 2.000000000000000000e+01 5.105853402218136772e-01
8.000000000000000000e+00 2.100000000000000000e+01 7.535836490822180878e-01
8.000000000000000000e+00 2.200000000000000000e+01 5.059410232520991091e-01
8.000000000000000000e+00 2.300000000000000000e+01 7.713118333798889559e-01
8.000000000000000000e+00 2.400000000000000000e+01 7.742212864673116979e-01
8.000000000000000000e+00 2.500000000000000000e+01 5.106010635867168634e-01
8.000000000000000000e+00 2.600000000000000000e+01 5.229293059660037324e-01
8.000000000000000000e+00 2.700000000000000000e+01 5.367679672239918931e-01
8.000000000000000000e+00 2.800000000000000000e+01 8.105350453332904603e-01
8.000000000000000000e+00 2.900000000000000000e+01 8.247885369054070992e-01
8.000000000000000000e+00 3.000000000000000000e+01 8.521913337879114536e-01
8.000000000000000000e+00 3.100000000000000000e+01 8.425919661192553534e-01
8.000000000000000000e+00 3.200000000000000000e+01 8.777128916747096721e-01
9.000000000000000000e+00 1.000000000000000000e+01 6.867686798201230181e-01
9.000000000000000000e+00 1.100000000000000000e+01 6.243080824077851254e-01
9.000000000000000000e+00 1.200000000000000000e+01 6.641999670650148291e-01
9.000000000000000000e+00 1.300000000000000000e+01 7.474656199246076937e-01
9.000000000000000000e+00 1.400000000000000000e+01 7.852506938242422851e-01
9.000000000000000000e+00 1.500000000000000000e+01 7.828369894312975363e-01
9.000000000000000000e+00 1.600000000000000000e+01 5.462459313894049151e-01
9.000000000000000000e+00 1.700000000000000000e+01 5.522576109941194078e-01
9.000000000000000000e+00 1.800000000000000000e+01 5.459245689250163958e-01
9.000000000000000000e+00 1.900000000000000000e+01 5.624257404278308892e-01
9.000000000000000000e+00 2.000000000000000000e+01 5.489803316247463538e-01
9.000000000000000000e+00 2.100000000000000000e+01 7.684556558631108203e-01
9.000000000000000000e+00 2.200000000000000000e+01 5.431334494161426107e-01
9.000000000000000000e+00 2.300000000000000000e+01 7.878635495879064976e-01
9.000000000000000000e+00 2.400000000000000000e+01 7.933949146116656692e-01
9.000000000000000000e+00 2.500000000000000000e+01 5.452116624117100407e-01
9.000000000000000000e+00 2.600000000000000000e+01 5.574346224158744922e-01
9.000000000000000000e+00 2.700000000000000000e+01 5.710703909119095867e-01
9.000000000000000000e+00 2.800000000000000000e+01 8.376329564050006837e-01
9.000000000000000000e+00 2.900000000000000000e+01 8.494013919346670161e-01
9.000000000000000000e+00 3.000000000000000000e+01 8.719165444545722288e-01
9.000000000000000000e+00 3.100000000000000000e+01 8.681300517572920761e-01
9.000000000000000000e+00 3.200000000000000000e+01 9.055328301392830959e-01
1.000000000000000000e+01 1.100000000000000000e+01 6.464257151075596397e-01
1.000000000000000000e+01 1.200000000000000000e+01 5.775437922662355339e-01
1.000000000000000000e+01 1.300000000000000000e+01 7.551155538066547379e-01
1.000000000000000000e+01 1.400000000000000000e+01 7.188394535799407237e-01
1.000000000000000000e+01 1.500000000000000000e+01 7.641070285461600831e-01
1.000000000000000000e+01 1.600000000000000000e+01 4.827500358733040065e-01
1.000000000000000000e+01 1.700000000000000000e+01 4.885894684791919351e-01
1.000000000000000000e+01 1.800000000000000000e+01 4.827453156720463712e-01
1.000000000000000000e+01 1.900000000000000000e+01 4.991249046374731657e-01
1.000000000000000000e+01 2.000000000000000000e+01 4.860162233176794633e-01
1.000000000000000000e+01 2.100000000000000000e+01 7.258147735772628728e-01
1.000000000000000000e+01 2.200000000000000000e+01 4.811364327679126252e-01
1.000000000000000000e+01 2.300000000000000000e+01 7.439894458397864341e-01
1.000000000000000000e+01 2.400000000000000000e+01 7.472015049565770006e-01
1.000000000000000000e+01 2.500000000000000000e+01 4.854093930398384327e-01
1.000000000000000000e+01 2.600000000000000000e+01 4.977722448564737556e-01
1.000000000000000000e+01 2.700000000000000000e+01 5.116145864380551300e-01
1.000000000000000000e+01 2.800000000000000000e+01 7.848175012832396824e-01
1.000000000000000000e+01 2.900000000000000000e+01 7.989488428498916495e-01
1.000000000000000000e+01 3.000000000000000000e+01 8.262130739484647712e-01
1.000000000000000000e+01 3.100000000000000000e+01 8.169202226021374802e-01
1.000000000000000000e+01 3.200000000000000000e+01 8.522790403299231876e-01
1.100000000000000000e+01 1.200000000000000000e+01 5.642908680346253592e-01
1.100000000000000000e+01 1.300000000000000000e+01 7.222948446127273048e-01
1.100000000000000000e+01 1.400000000000000000e+01 7.428479581565083922e-01
1.100000000000000000e+01 1.500000000000000000e+01 7.473483732033815441e-01
1.100000000000000000e+01 1.600000000000000000e+01 5.032672808567003608e-01
1.100000000000000000e+01 1.700000000000000000e+01 5.093763868831756580e-01
1.100000000000000000e+01 1.800000000000000000e+01 5.029528118457745611e-01
1.100000000000000000e+01 1.900000000000000000e+01 5.195481833429834717e-01
1.100000000000000000e+01 2.000000000000000000e+01 5.060382807490273471e-01
1.100000000000000000e+01 2.100000000000000000e+01 7.246722701529961785e-01
1.100000000000000000e+01 2.200000000000000000e+01 5.001015369740831051e-01
1.100000000000000000e+01 2.300000000000000000e+01 7.455754930476192754e-01
1.100000000000000000e+01 2.400000000000000000e+01 7.512476812861512698e-01
1.100000000000000000e+01 2.500000000000000000e+01 5.022713789619652758e-01
1.100000000000000000e+01 2.600000000000000000e+01 5.146730348932505583e-01
1.100000000000000000e+01 2.700000000000000000e+01 5.284352892728657602e-01
1.100000000000000000e+01 2.800000000000000000e+01 7.968867419543677055e-01
1.100000000000000000e+01 2.900000000000000000e+01 8.095405685383896266e-01
1.100000000000000000e+01 3.000000000000000000e+01 8.342264819770135453e-01
1.100000000000000000e+01 3.100000000000000000e+01 8.284660658165485803e-01
1.100000000000000000e+01 3.200000000000000000e+01 8.655389216793336615e-01
1.200000000000000000e+01 1.300000000000000000e+01 7.316861754141181784e-01
1.200000000000000000e+01 1.400000000000000000e+01 7.174885250441291884e-01
1.200000000000000000e+01 1.500000000000000000e+01 7.446209954736745518e-01
1.200000000000000000e+01 1.600000000000000000e+01 4.791337610428038074e-01
1.200000000000000000e+01 1.700000000000000000e+01 4.851720287304063239e-01
1.200000000000000000e+01 1.800000000000000000e+01 4.789562141850837174e-01
1.200000000000000000e+01 1.900000000000000000e+01 4.955015361465727741e-01
1.200000000000000000e+01 2.000000000000000000e+01 4.821342502974590438e-01
1.200000000000000000e+01 2.100000000000000000e+01 7.104960750389244239e-01
1.200000000000000000e+01 2.200000000000000000e+01 4.766104447985497483e-01
1.200000000000000000e+01 2.300000000000000000e+01 7.304127013918448874e-01
1.200000000000000000e+01 2.400000000000000000e+01 7.348695014575512552e-01
1.200000000000000000e+01 2.500000000000000000e+01 4.797079826238133116e-01
1.200000000000000000e+01 2.600000000000000000e+01 4.921523064241627443e-01
1.200000000000000000e+01 2.700000000000000000e+01 5.059904591768674686e-01
1.200000000000000000e+01 2.800000000000000000e+01 7.771462539969919980e-01
1.200000000000000000e+01 2.900000000000000000e+01 7.907522849154817735e-01
1.200000000000000000e+01 3.000000000000000000e+01 8.172941212412925260e-01
1.200000000000000000e+01 3.100000000000000000e+01 8.092941890576952346e-01
1.200000000000000000e+01 3.200000000000000000e+01 8.454881605205484263e-01
1.300000000000000000e+01 1.400000000000000000e+01 7.736363163460249215e-01
1.300000000000000000e+01 1.500000000000000000e+01 6.737591669350549983e-01
1.300000000000000000e+01 1.600000000000000000e+01 5.314935046199741331e-01
1.300000000000000000e+01 1.700000000000000000e+01 5.377241634668671333e-01
1.300000000000000000e+01 1.800000000000000000e+01 5.308821089788572367e-01
1.300000000000000000e+01 1.900000000000000000e+01 5.475498474908934154e-01
1.300000000000000000e+01 2.000000000000000000e+01 5.337486212975051103e-01
1.300000000000000000e+01 2.100000000000000000e+01 7.259381072347812491e-01
1.300000000000000000e+01 2.200000000000000000e+01 5.269391392329967339e-01
1.300000000000000000e+01 2.300000000000000000e+01 7.476299872824911930e-01
1.300000000000000000e+01 2.400000000000000000e+01 7.573582343129146022e-01
1.300000000000000000e+01 2.500000000000000000e+01 5.268924329128577000e-01
1.300000000000000000e+01 2.600000000000000000e+01 5.390086782827251399e-01
1.300000000000000000e+01 2.700000000000000000e+01 5.524658012621971315e-01
1.300000000000000000e+01 2.800000000000000000e+01 8.121648840662341051e-01
1.300000000000000000e+01 2.900000000000000000e+01 8.213210690208985199e-01
1.300000000000000000e+01 3.000000000000000000e+01 8.388150304058317186e-01
1.300000000000000000e+01 3.100000000000000000e+01 8.413893875447489012e-01
1.300000000000000000e+01 3.200000000000000000e+01 8.812995452161895837e-01
1.400000000000000000e+01 1.500000000000000000e+01 7.524029339403256467e-01
1.400000000000000000e+01 1.600000000000000000e+01 3.050483638732665037e-01
1.400000000000000000e+01 1.700000000000000000e+01 2.907290954762501434e-01
1.400000000000000000e+01 1.800000000000000000e+01 3.015081805638241130e-01
1.400000000000000000e+01 1.900000000000000000e+01 2.973127346595415554e-01
1.400000000000000000e+01 2.000000000000000000e+01 2.990784607961796127e-01
1.400000000000000000e+01 2.100000000000000000e+01 6.805732154981307680e-01
1.400000000000000000e+01 2.200000000000000000e+01 3.121280687510099572e-01
1.400000000000000000e+01 2.300000000000000000e+01 6.875679095458744339e-01
1.400000000000000000e+01 2.400000000000000000e+01 6.802978830390822296e-01
1.400000000000000000e+01 2.500000000000000000e+01 3.387407349977991089e-01
1.400000000000000000e+01 2.600000000000000000e+01 3.494920208558404129e-01
1.400000000000000000e+01 2.700000000000000000e+01 3.634650344310365044e-01
1.400000000000000000e+01 2.800000000000000000e+01 6.712381774683429114e-01
1.400000000000000000e+01 2.900000000000000000e+01 6.937701228498032169e-01
1.400000000000000000e+01 3.000000000000000000e+01 7.347599127836739186e-01
1.400000000000000000e+01 3.100000000000000000e+01 7.051978133875438370e-01
1.400000000000000000e+01 3.200000000000000000e+01 7.281267104272057811e-01
1.500000000000000000e+01 1.600000000000000000e+01 5.089270296801912119e-01
1.500000000000000000e+01 1.700000000000000000e+01 5.152519157613310030e-01
1.500000000000000000e+01 1.800000000000000000e+01 5.081912017034523332e-01
1.500000000000000000e+01 1.900000000000000000e+01 5.249330463185394313e-01
1.500000000000000000e+01 2.000000000000000000e+01 5.109789701157139152e-01
1.500000000000000000e+01 2.100000000000000000e+01 6.696825449574990152e-01
1.500000000000000000e+01 2.200000000000000000e+01 5.037566556062686995e-01
1.500000000000000000e+01 2.300000000000000000e+01 6.976508924647106813e-01
1.500000000000000000e+01 2.400000000000000000e+01 7.149720194263080586e-01
1.500000000000000000e+01 2.500000000000000000e+01 5.028251987981644522e-01
1.500000000000000000e+01 2.600000000000000000e+01 5.149784820277208963e-01
1.500000000000000000e+01 2.700000000000000000e+01 5.284199191980430976e-01
1.500000000000000000e+01 2.800000000000000000e+01 7.848892998289727085e-01
1.500000000000000000e+01 2.900000000000000000e+01 7.926167178809373492e-01
1.500000000000000000e+01 3.000000000000000000e+01 8.079867506290772106e-01
1.500000000000000000e+01 3.100000000000000000e+01 8.143254011119918090e-01
1.500000000000000000e+01 3.200000000000000000e+01 8.560209680924044662e-01
1.600000000000000000e+01 1.700000000000000000e+01 5.751108858436415616e-02
1.600000000000000000e+01 1.800000000000000000e+01 4.675899370631564356e-02
1.600000000000000000e+01 1.900000000000000000e+01 7.516989269811713559e-02
1.600000000000000000e+01 2.000000000000000000e+01 6.027393416982873564e-02
1.600000000000000000e+01 2.100000000000000000e+01 4.355045443780545256e-01
1.600000000000000000e+01 2.200000000000000000e+01 6.507382477230361228e-02
1.600000000000000000e+01 2.300000000000000000e+01 4.419966514256898904e-01
1.600000000000000000e+01 2.400000000000000000e+01 4.342316447201695073e-01
1.600000000000000000e+01 2.500000000000000000e+01 9.075820488951558129e-02
1.600000000000000000e+01 2.600000000000000000e+01 1.020455284494279358e-01
1.600000000000000000e+01 2.700000000000000000e+01 1.161889375003567482e-01
1.600000000000000000e+01 2.800000000000000000e+01 4.234886546909861771e-01
1.600000000000000000e+01 2.900000000000000000e+01 4.463578886010914903e-01
1.600000000000000000e+01 3.000000000000000000e+01 4.880187779137803439e-01
1.600000000000000000e+01 3.100000000000000000e+01 4.578004129414932066e-01
1.600000000000000000e+01 3.200000000000000000e+01 4.809601933583140809e-01
1.700000000000000000e+01 1.800000000000000000e+01 5.183460189817312713e-02
1.700000000000000000e+01 1.900000000000000000e+01 6.174565361587291967e-02
1.700000000000000000e+01 2.000000000000000000e+01 5.221180806521896756e-02
1.700000000000000000e+01 2.100000000000000000e+01 4.420324852355761447e-01
1.700000000000000000e+01 2.200000000000000000e+01 6.721064454120628806e-02
1.700000000000000000e+01 2.300000000000000000e+01 4.485025230631043414e-01
1.700000000000000000e+01 2.400000000000000000e+01 4.407421449368404964e-01
1.700000000000000000e+01 2.500000000000000000e+01 9.543751006635814438e-02
1.700000000000000000e+01 2.600000000000000000e+01 1.062053634132706925e-01
1.700000000000000000e+01 2.700000000000000000e+01 1.202143001180651094e-01
1.700000000000000000e+01 2.800000000000000000e+01 4.294503229773103392e-01
1.700000000000000000e+01 2.900000000000000000e+01 4.523802473965319315e-01
1.700000000000000000e+01 3.000000000000000000e+01 4.940182369403030016e-01
1.700000000000000000e+01 3.100000000000000000e+01 4.635121688252135108e-01
1.700000000000000000e+01 3.200000000000000000e+01 4.859186056911575236e-01
1.800000000000000000e+01 1.900000000000000000e+01 6.852570319087480932e-02
1.800000000000000000e+01 2.000000000000000000e+01 5.124298969384366575e-02
1.800000000000000000e+01 2.100000000000000000e+01 4.346952112764372878e-01
1.800000000000000000e+01 2.200000000000000000e+01 5.956531639164508452e-02
1.800000000000000000e+01 2.300000000000000000e+01 4.410838893944637462e-01
1.800000000000000000e+01 2.400000000000000000e+01 4.332402648820330437e-01
1.800000000000000000e+01 2.500000000000000000e+01 8.794257969643004547e-02
1.800000000000000000e+01 2.600000000000000000e+01 9.895540683428216688e-02
1.800000000000000000e+01 2.700000000000000000e+01 1.130366468342263175e-01
1.800000000000000000e+01 2.800000000000000000e+01 4.217550507057779008e-01
1.800000000000000000e+01 2.900000000000000000e+01 4.447320230857707557e-01
1.800000000000000000e+01 3.000000000000000000e+01 4.864868715090473472e-01
1.800000000000000000e+01 3.100000000000000000e+01 4.559271054805582590e-01
1.800000000000000000e+01 3.200000000000000000e+01 4.785408547580494165e-01
1.900000000000000000e+01 2.000000000000000000e+01 5.819574623437784311e-02
1.900000000000000000e+01 2.100000000000000000e+01 4.516328202868218344e-01
1.900000000000000000e+01 2.200000000000000000e+01 7.370679861335571736e-02
1.900000000000000000e+01 2.300000000000000000e+01 4.579878783021120725e-01
1.900000000000000000e+01 2.400000000000000000e+01 4.501417141035570779e-01
1.900000000000000000e+01 2.500000000000000000e+01 1.026677450139085179e-01
1.900000000000000000e+01 2.600000000000000000e+01 1.129339921591243634e-01
1.900000000000000000e+01 2.700000000000000000e+01 1.268106769945648304e-01
1.900000000000000000e+01 2.800000000000000000e+01 4.379970667454085032e-01
1.900000000000000000e+01 2.900000000000000000e+01 4.610454411536655250e-01
1.900000000000000000e+01 3.000000000000000000e+01 5.027767488200716173e-01
1.900000000000000000e+01 3.100000000000000000e+01 4.718628882662876389e-01
1.900000000000000000e+01 3.200000000000000000e+01 4.935188051110601659e-01
2.000000000000000000e+01 2.100000000000000000e+01 4.374878329362332785e-01
2.000000000000000000e+01 2.200000000000000000e+01 5.751755787705759015e-02
2.000000000000000000e+01 2.300000000000000000e+01 4.437847561424672627e-01
2.000000000000000000e+01 2.400000000000000000e+01 4.358796320371229882e-01
2.000000000000000000e+01 2.500000000000000000e+01 8.831938616826817690e-02
2.000000000000000000e+01 2.600000000000000000e+01 9.880155579543947741e-02
2.000000000000000000e+01 2.700000000000000000e+01 1.127495807773405412e-01
2.000000000000000000e+01 2.800000000000000000e+01 4.235733768116940468e-01
2.000000000000000000e+01 2.900000000000000000e+01 4.466601692556471104e-01
2.000000000000000000e+01 3.000000000000000000e+01 4.884776589569626015e-01
2.000000000000000000e+01 3.100000000000000000e+01 4.575146843218089732e-01
2.000000000000000000e+01 3.200000000000000000e+01 4.793171949734613690e-01
2.100000000000000000e+01 2.200000000000000000e+01 4.298721497085447041e-01
2.100000000000000000e+01 2.300000000000000000e+01 5.424678565454934542e-01
2.100000000000000000e+01 2.400000000000000000e+01 6.033473407230021124e-01
2.100000000000000000e+01 2.500000000000000000e+01 4.287345430147990744e-01
2.100000000000000000e+01 2.600000000000000000e+01 4.414649798107596057e-01
2.100000000000000000e+01 2.700000000000000000e+01 4.552915221663474954e-01
2.100000000000000000e+01 2.800000000000000000e+01 7.159621515175853546e-01
2.100000000000000000e+01 2.900000000000000000e+01 7.258311068626930318e-01
2.100000000000000000e+01 3.000000000000000000e+01 7.479305412319510182e-01
2.100000000000000000e+01 3.100000000000000000e+01 7.491226932831274166e-01
2.100000000000000000e+01 3.200000000000000000e+01 7.904699268286936586e-01
2.200000000000000000e+01 2.300000000000000000e+01 4.359302080171190141e-01
2.200000000000000000e+01 2.400000000000000000e+01 4.278214942793261422e-01
2.200000000000000000e+01 2.500000000000000000e+01 7.733417383924146016e-02
2.200000000000000000e+01 2.600000000000000000e+01 8.784712099318781053e-02
2.200000000000000000e+01 2.700000000000000000e+01 1.018491604983161603e-01
2.200000000000000000e+01 2.800000000000000000e+01 4.141564114130942276e-01
2.200000000000000000e+01 2.900000000000000000e+01 4.374663108826775115e-01
2.200000000000000000e+01 3.000000000000000000e+01 4.795572316004985680e-01
2.200000000000000000e+01 3.100000000000000000e+01 4.480071498722175694e-01
2.200000000000000000e+01 3.200000000000000000e+01 4.692458668494885465e-01
2.300000000000000000e+01 2.400000000000000000e+01 5.125636877828330107e-01
2.300000000000000000e+01 2.500000000000000000e+01 4.339599938347766805e-01
2.300000000000000000e+01 2.600000000000000000e+01 4.466147252011468671e-01
2.300000000000000000e+01 2.700000000000000000e+01 4.603545555478024687e-01
2.300000000000000000e+01 2.800000000000000000e+01 7.154151634032821505e-01
2.300000000000000000e+01 2.900000000000000000e+01 7.225082941164613359e-01
2.300000000000000000e+01 3.000000000000000000e+01 7.412017546978346694e-01
2.300000000000000000e+01 3.100000000000000000e+01 7.487448159009775228e-01
2.300000000000000000e+01 3.200000000000000000e+01 7.928499414326792838e-01
2.400000000000000000e+01 2.500000000000000000e+01 4.252704435252316895e-01
2.400000000000000000e+01 2.600000000000000000e+01 4.379889535784159404e-01
2.400000000000000000e+01 2.700000000000000000e+01 4.517485878704304847e-01
2.400000000000000000e+01 2.800000000000000000e+01 7.035528677091602567e-01
2.400000000000000000e+01 2.900000000000000000e+01 7.090651807224543912e-01
2.400000000000000000e+01 3.000000000000000000e+01 7.275283504500673626e-01
2.400000000000000000e+01 3.100000000000000000e+01 7.380218701299325890e-01
2.400000000000000000e+01 3.200000000000000000e+01 7.839933115094839255e-01
2.500000000000000000e+01 2.600000000000000000e+01 6.295857502650659132e-02
2.500000000000000000e+01 2.700000000000000000e+01 8.043880410516135449e-02
2.500000000000000000e+01 2.800000000000000000e+01 4.034203613231335250e-01
2.500000000000000000e+01 2.900000000000000000e+01 4.280708202301433118e-01
2.500000000000000000e+01 3.000000000000000000e+01 4.710943282264734577e-01
2.500000000000000000e+01 3.100000000000000000e+01 4.353640457506233741e-01
2.500000000000000000e+01 3.200000000000000000e+01 4.515941162216741134e-01
2.600000000000000000e+01 2.700000000000000000e+01 5.916704129500705012e-02
2.600000000000000000e+01 2.800000000000000000e+01 4.149141741933699556e-01
2.600000000000000000e+01 2.900000000000000000e+01 4.392034653181253745e-01
2.600000000000000000e+01 3.000000000000000000e+01 4.813175115851797692e-01
2.600000000000000000e+01 3.100000000000000000e+01 4.443257915012841508e-01
2.600000000000000000e+01 3.200000000000000000e+01 4.502894262509076206e-01
2.700000000000000000e+01 2.800000000000000000e+01 4.277641561804728099e-01
2.700000000000000000e+01 2.900000000000000000e+01 4.517705930408797421e-01
2.700000000000000000e+01 3.000000000000000000e+01 4.932217750898217901e-01
2.700000000000000000e+01 3.100000000000000000e+01 4.555347151633011293e-01
2.700000000000000000e+01 3.200000000000000000e+01 4.535513771195089916e-01
2.800000000000000000e+01 2.900000000000000000e+01 5.270737257344522142e-01
2.800000000000000000e+01 3.000000000000000000e+01 6.540135814827676697e-01
2.800000000000000000e+01 3.100000000000000000e+01 5.809433821038407775e-01
2.800000000000000000e+01 3.200000000000000000e+01 7.293812486590651734e-01
2.900000000000000000e+01 3.000000000000000000e+01 6.023889692302366594e-01
2.900000000000000000e+01 3.100000000000000000e+01 6.161671233871242048e-01
2.900000000000000000e+01 3.200000000000000000e+01 7.494007074900173038e-01
3.000000000000000000e+01 3.100000000000000000e+01 6.738098860140933066e-01
3.000000000000000000e+01 3.200000000000000000e+01 7.788474123006179362e-01
3.100000000000000000e+01 3.200000000000000000e+01 7.173025582153735868e-01
