1.000000000000000000e+00 2.000000000000000000e+00 8.671109715090188352e-01
1.000000000000000000e+00 3.000000000000000000e+00 9.499952719799985568e-01
1.000000000000000000e+00 4.000000000000000000e+00 9.429249828075768614e-01
1.000000000000000000e+00 5.000000000000000000e+00 9.545032388676250035e-01
1.000000000000000000e+00 6.000000000000000000e+00 9.585336559770339937e-01
1.000000000000000000e+00 7.000000000000000000e+00 9.511370945615517103e-01
1.000000000000000000e+00 8.000000000000000000e+00 9.579552753930270503e-01
1.000000000000000000e+00 9.000000000000000000e+00 9.376206281280078381e-01
1.000000000000000000e+00 1.000000000000000000e+01 9.328828457294895404e-01
1.000000000000000000e+00 1.100000000000000000e+01 9.458316801628484649e-01
1.000000000000000000e+00 1.200000000000000000e+01 9.346606073992600461e-01
1.000000000000000000e+00 1.300000000000000000e+01 9.554760229654999382e-01
1.000000000000000000e+00 1.400000000000000000e+01 9.312354673671310312e-01
1.000000000000000000e+00 1.500000000000000000e+01 9.782997955796306488e-01
1.000000000000000000e+00 1.600000000000000000e+01 6.829944050669365385e-01
1.000000000000000000e+00 1.700000000000000000e+01 6.836623603016641626e-01
1.000000000000000000e+00 1.800000000000000000e+01 6.828434892816627189e-01
1.000000000000000000e+00 1.900000000000000000e+01 6.847792488051823723e-01
1.000000000000000000e+00 2.000000000000000000e+01 6.831251729139420359e-01
1.000000000000000000e+00 2.100000000000000000e+01 9.659917028909066339e-01
1.000000000000000000e+00 2.200000000000000000e+01 6.822387179486408826e-01
1.000000000000000000e+00 2.300000000000000000e+01 9.810760607281243662e-01
1.000000000000000000e+00 2.400000000000000000e+01 9.839559337978660558e-01
1.000000000000000000e+00 2.500000000000000000e+01 6.820874750564366318e-01
1.000000000000000000e+00 2.600000000000000000e+01 6.835920449852946890e-01
1.000000000000000000e+00 2.700000000000000000e+01 6.853000836787737082e-01
1.000000000000000000e+00 2.800000000000000000e+01 1.006982892464161061e+00
1.000000000000000000e+00 2.900000000000000000e+01 1.020628958558696509e+00
1.000000000000000000e+00 3.000000000000000000e+01 1.041287250303943868e+00
1.000000000000000000e+00 3.100000000000000000e+01 1.035429388567122633e+00
1.000000000000000000e+00 3.200000000000000000e+01 1.065151363846531085e+00
2.000000000000000000e+00 3.000000000000000000e+00 8.080567904991938777e-01
2.000000000000000000e+00 4.000000000000000000e+00 7.931472818425823190e-01
2.000000000000000000e+00 5.000000000000000000e+00 8.114713799831260177e-01
2.000000000000000000e+00 6.000000000000000000e+00 8.190399445915536036e-01
2.000000000000000000e+00 7.000000000000000000e+00 8.103867150272713316e-01
2.000000000000000000e+00 8.000000000000000000e+00 8.228991832238653492e-01
2.000000000000000000e+00 9.000000000000000000e+00 7.793743297726561936e-01
2.000000000000000000e+00 1.000000000000000000e+01 7.974364563412505991e-01
2.000000000000000000e+00 1.100000000000000000e+01 8.060669999195283486e-01
2.000000000000000000e+00 1.200000000000000000e+01 7.992495242243424780e-01
2.000000000000000000e+00 1.300000000000000000e+01 8.300716817221249766e-01
2.000000000000000000e+00 1.400000000000000000e+01 8.084533280487333773e-01
2.000000000000000000e+00 1.500000000000000000e+01 8.615307108003424919e-01
2.000000000000000000e+00 1.600000000000000000e+01 5.605333999917740950e-01
2.000000000000000000e+00 1.700000000000000000e+01 5.612032369804932364e-01
2.000000000000000000e+00 1.800000000000000000e+01 5.603902475448209186e-01
2.000000000000000000e+00 1.900000000000000000e+01 5.623284911068201497e-01
2.000000000000000000e+00 2.000000000000000000e+01 5.606793204514064488e-01
2.000000000000000000e+00 2.100000000000000000e+01 8.462898294457574799e-01
2.000000000000000000e+00 2.200000000000000000e+01 5.598116242706305812e-01
2.000000000000000000e+00 2.300000000000000000e+01 8.630245386277561881e-01
2.000000000000000000e+00 2.400000000000000000e+01 8.659839018006354472e-01
2.000000000000000000e+00 2.500000000000000000e+01 5.597380949939153583e-01
2.000000000000000000e+00 2.600000000000000000e+01 5.612792880677320850e-01
2.000000000000000000e+00 2.700000000000000000e+01 5.630172986223096476e-01
2.000000000000000000e+00 2.800000000000000000e+01 8.895878270109296437e-01
2.000000000000000000e+00 2.900000000000000000e+01 9.051307684316933777e-01
2.000000000000000000e+00 3.000000000000000000e+01 9.301384338519012029e-01
2.000000000000000000e+00 3.100000000000000000e+01 9.201894723177148627e-01
2.000000000000000000e+00 3.200000000000000000e+01 9.489800268604338118e-01
3.000000000000000000e+00 4.000000000000000000e+00 5.802984211428449113e-01
3.000000000000000000e+00 5.000000000000000000e+00 4.588941568078143129e-01
3.000000000000000000e+00 6.000000000000000000e+00 5.681626899480259896e-01
3.000000000000000000e+00 7.000000000000000000e+00 6.119713165268819699e-01
3.000000000000000000e+00 8.000000000000000000e+00 6.344754724255300404e-01
3.000000000000000000e+00 9.000000000000000000e+00 7.059921327552144410e-01
3.000000000000000000e+00 1.000000000000000000e+01 6.157508914637408459e-01
3.000000000000000000e+00 1.100000000000000000e+01 7.043401209639345018e-01
3.000000000000000000e+00 1.200000000000000000e+01 6.671722962659434319e-01
3.000000000000000000e+00 1.300000000000000000e+01 8.007927745575942335e-01
3.000000000000000000e+00 1.400000000000000000e+01 7.218640888242868758e-01
3.000000000000000000e+00 1.500000000000000000e+01 8.152853992597055566e-01
3.000000000000000000e+00 1.600000000000000000e+01 4.766718470566282395e-01
3.000000000000000000e+00 1.700000000000000000e+01 4.773188019661395165e-01
3.000000000000000000e+00 1.800000000000000000e+01 4.765668291376211618e-01
3.000000000000000000e+00 1.900000000000000000e+01 4.784841219644796473e-01
3.000000000000000000e+00 2.000000000000000000e+01 4.768806406556833632e-01
3.000000000000000000e+00 2.100000000000000000e+01 7.750835053580127365e-01
3.000000000000000000e+00 2.200000000000000000e+01 4.761352876768816245e-01
3.000000000000000000e+00 2.300000000000000000e+01 7.930831567106866320e-01
3.000000000000000000e+00 2.400000000000000000e+01 7.945118605256831223e-01
3.000000000000000000e+00 2.500000000000000000e+01 4.763509473777202130e-01
3.000000000000000000e+00 2.600000000000000000e+01 4.779280362421652883e-01
3.000000000000000000e+00 2.700000000000000000e+01 4.797062434865668745e-01
3.000000000000000000e+00 2.800000000000000000e+01 8.147184360714523343e-01
3.000000000000000000e+00 2.900000000000000000e+01 8.336718451287576936e-01
3.000000000000000000e+00 3.000000000000000000e+01 8.661600584976794082e-01
3.000000000000000000e+00 3.100000000000000000e+01 8.485123751890877308e-01
3.000000000000000000e+00 3.200000000000000000e+01 8.752107913521200988e-01
4.000000000000000000e+00 5.000000000000000000e+00 5.592474665108998488e-01
4.000000000000000000e+00 6.000000000000000000e+00 6.226650369480900560e-01
4.000000000000000000e+00 7.000000000000000000e+00 6.188720019671752892e-01
4.000000000000000000e+00 8.000000000000000000e+00 6.680805891289808285e-01
4.000000000000000000e+00 9.000000000000000000e+00 6.725030713680680838e-01
4.000000000000000000e+00 1.000000000000000000e+01 6.425860818867761282e-01
4.000000000000000000e+00 1.100000000000000000e+01 6.937956292015231563e-01
4.000000000000000000e+00 1.200000000000000000e+01 6.709878784958365205e-01
4.000000000000000000e+00 1.300000000000000000e+01 7.939184558748146880e-01
4.000000000000000000e+00 1.400000000000000000e+01 7.244803160294874811e-01
4.000000000000000000e+00 1.500000000000000000e+01 8.117448309994967914e-01
4.000000000000000000e+00 1.600000000000000000e+01 4.785682628450667053e-01
4.000000000000000000e+00 1.700000000000000000e+01 4.792231856313103888e-01
4.000000000000000000e+00 1.800000000000000000e+01 4.784547998038309879e-01
4.000000000000000000e+00 1.900000000000000000e+01 4.803796477083740468e-01
4.000000000000000000e+00 2.000000000000000000e+01 4.787640081916195722e-01
4.000000000000000000e+00 2.100000000000000000e+01 7.749910847141077141e-01
4.000000000000000000e+00 2.200000000000000000e+01 4.779886092331435687e-01
4.000000000000000000e+00 2.300000000000000000e+01 7.930950397177405353e-01
4.000000000000000000e+00 2.400000000000000000e+01 7.948108256236505742e-01
4.000000000000000000e+00 2.500000000000000000e+01 4.781451411140925645e-01
4.000000000000000000e+00 2.600000000000000000e+01 4.797233895592537545e-01
4.000000000000000000e+00 2.700000000000000000e+01 4.814993915970380289e-01
4.000000000000000000e+00 2.800000000000000000e+01 8.157119962831456128e-01
4.000000000000000000e+00 2.900000000000000000e+01 8.343444805935200659e-01
4.000000000000000000e+00 3.000000000000000000e+01 8.661585707372982945e-01
4.000000000000000000e+00 3.100000000000000000e+01 8.492497526874127622e-01
4.000000000000000000e+00 3.200000000000000000e+01 8.761749846381163831e-01
5.000000000000000000e+00 6.000000000000000000e+00 5.421859955496649564e-01
5.000000000000000000e+00 7.000000000000000000e+00 5.816022801434147516e-01
5.000000000000000000e+00 8.000000000000000000e+00 6.343704781902640422e-01
5.000000000000000000e+00 9.000000000000000000e+00 6.967302742696602769e-01
5.000000000000000000e+00 1.000000000000000000e+01 6.074735892256797332e-01
5.000000000000000000e+00 1.100000000000000000e+01 6.950551049704708495e-01
5.000000000000000000e+00 1.200000000000000000e+01 6.586150827811698694e-01
5.000000000000000000e+00 1.300000000000000000e+01 7.975051981645171484e-01
5.000000000000000000e+00 1.400000000000000000e+01 7.184955594288229275e-01
5.000000000000000000e+00 1.500000000000000000e+01 8.119799447984410445e-01
5.000000000000000000e+00 1.600000000000000000e+01 4.730339279924842266e-01
5.000000000000000000e+00 1.700000000000000000e+01 4.736851352754661848e-01
5.000000000000000000e+00 1.800000000000000000e+01 4.729271784474394780e-01
5.000000000000000000e+00 1.900000000000000000e+01 4.748485554419571431e-01
5.000000000000000000e+00 2.000000000000000000e+01 4.732406031691280823e-01
5.000000000000000000e+00 2.100000000000000000e+01 7.714326249221583609e-01
5.000000000000000000e+00 2.200000000000000000e+01 4.724860916286466317e-01
5.000000000000000000e+00 2.300000000000000000e+01 7.895446185582137844e-01
5.000000000000000000e+00 2.400000000000000000e+01 7.909853868261764731e-01
5.000000000000000000e+00 2.500000000000000000e+01 4.726890880423847419e-01
5.000000000000000000e+00 2.600000000000000000e+01 4.742697662517022517e-01
5.000000000000000000e+00 2.700000000000000000e+01 4.760498637036956193e-01
5.000000000000000000e+00 2.800000000000000000e+01 8.112653905085711603e-01
5.000000000000000000e+00 2.900000000000000000e+01 8.303044141228215214e-01
5.000000000000000000e+00 3.000000000000000000e+01 8.629940098950172889e-01
5.000000000000000000e+00 3.100000000000000000e+01 8.451587864376426396e-01
5.000000000000000000e+00 3.200000000000000000e+01 8.718192414424856818e-01
6.000000000000000000e+00 7.000000000000000000e+00 5.262016840824478292e-01
6.000000000000000000e+00 8.000000000000000000e+00 5.802639785510571580e-01
6.000000000000000000e+00 9.000000000000000000e+00 6.964553355647108424e-01
6.000000000000000000e+00 1.000000000000000000e+01 5.306708986200152633e-01
6.000000000000000000e+00 1.100000000000000000e+01 6.752013154220847246e-01
6.000000000000000000e+00 1.200000000000000000e+01 6.236071385600545636e-01
6.000000000000000000e+00 1.300000000000000000e+01 7.833893694194322688e-01
6.000000000000000000e+00 1.400000000000000000e+01 6.948390698148427802e-01
6.000000000000000000e+00 1.500000000000000000e+01 7.945647887660147735e-01
6.000000000000000000e+00 1.600000000000000000e+01 4.494306623575901050e-01
6.000000000000000000e+00 1.700000000000000000e+01 4.500845644829637449e-01
6.000000000000000000e+00 1.800000000000000000e+01 4.493283242153337520e-01
6.000000000000000000e+00 1.900000000000000000e+01 4.512523709299015584e-01
6.000000000000000000e+00 2.000000000000000000e+01 4.496455600914242012e-01
6.000000000000000000e+00 2.100000000000000000e+01 7.497881113643252160e-01
6.000000000000000000e+00 2.200000000000000000e+01 4.488988196931447128e-01
6.000000000000000000e+00 2.300000000000000000e+01 7.680345243922992449e-01
6.000000000000000000e+00 2.400000000000000000e+01 7.692119781126831590e-01
6.000000000000000000e+00 2.500000000000000000e+01 4.491301799346477663e-01
6.000000000000000000e+00 2.600000000000000000e+01 4.507179509028617082e-01
6.000000000000000000e+00 2.700000000000000000e+01 4.525045152109401503e-01
6.000000000000000000e+00 2.800000000000000000e+01 7.889639177849514518e-01
6.000000000000000000e+00 2.900000000000000000e+01 8.085117165440205422e-01
6.000000000000000000e+00 3.000000000000000000e+01 8.423181714917702401e-01
6.000000000000000000e+00 3.100000000000000000e+01 8.233331400815409040e-01
6.000000000000000000e+00 3.200000000000000000e+01 8.496849984956857949e-01
7.000000000000000000e+00 8.000000000000000000e+00 6.036353639848687225e-01
7.000000000000000000e+00 9.000000000000000000e+00 6.685438887411653264e-01
7.000000000000000000e+00 1.000000000000000000e+01 5.501441697895910199e-01
7.000000000000000000e+00 1.100000000000000000e+01 6.432935089251491378e-01
7.000000000000000000e+00 1.200000000000000000e+01 5.958102129034485994e-01
7.000000000000000000e+00 1.300000000000000000e+01 7.661667557593887512e-01
7.000000000000000000e+00 1.400000000000000000e+01 6.794679081967547329e-01
7.000000000000000000e+00 1.500000000000000000e+01 7.778722414041627786e-01
7.000000000000000000e+00 1.600000000000000000e+01 4.335001039400374623e-01
7.000000000000000000e+00 1.700000000000000000e+01 4.341618057383137552e-01
7.000000000000000000e+00 1.800000000000000000e+01 4.333929258299432652e-01
7.000000000000000000e+00 1.900000000000000000e+01 4.353244456133976703e-01
7.000000000000000000e+00 2.000000000000000000e+01 4.337082536845260350e-01
7.000000000000000000e+00 2.100000000000000000e+01 7.333483650033052470e-01
7.000000000000000000e+00 2.200000000000000000e+01 4.329406578921028981e-01
7.000000000000000000e+00 2.300000000000000000e+01 7.517942259296128693e-01
7.000000000000000000e+00 2.400000000000000000e+01 7.530589994549281574e-01
7.000000000000000000e+00 2.500000000000000000e+01 4.331383984203326376e-01
7.000000000000000000e+00 2.600000000000000000e+01 4.347318130032621353e-01
7.000000000000000000e+00 2.700000000000000000e+01 4.365206470017493068e-01
7.000000000000000000e+00 2.800000000000000000e+01 7.730862335662798124e-01
7.000000000000000000e+00 2.900000000000000000e+01 7.926834466914924882e-01
7.000000000000000000e+00 3.000000000000000000e+01 8.266255237100808007e-01
7.000000000000000000e+00 3.100000000000000000e+01 8.075397538624247140e-01
7.000000000000000000e+00 3.200000000000000000e+01 8.338894288893483608e-01
8.000000000000000000e+00 9.000000000000000000e+00 7.058569652053044985e-01
8.000000000000000000e+00 1.000000000000000000e+01 5.077372126555557141e-01
8.000000000000000000e+00 1.100000000000000000e+01 6.681029423085208530e-01
8.000000000000000000e+00 1.200000000000000000e+01 5.995426848737077652e-01
8.000000000000000000e+00 1.300000000000000000e+01 7.709565508070446160e-01
8.000000000000000000e+00 1.400000000000000000e+01 6.706772322839931189e-01
8.000000000000000000e+00 1.500000000000000000e+01 7.782756646932815769e-01
8.000000000000000000e+00 1.600000000000000000e+01 4.259139257477844165e-01
8.000000000000000000e+00 1.700000000000000000e+01 4.265624185209641039e-01
8.000000000000000000e+00 1.800000000000000000e+01 4.258212671289555162e-01
8.000000000000000000e+00 1.900000000000000000e+01 4.277402459370632792e-01
8.000000000000000000e+00 2.000000000000000000e+01 4.261444996589502932e-01
8.000000000000000000e+00 2.100000000000000000e+01 7.288400312013554316e-01
8.000000000000000000e+00 2.200000000000000000e+01 4.254278135730829025e-01
8.000000000000000000e+00 2.300000000000000000e+01 7.470614754141897684e-01
8.000000000000000000e+00 2.400000000000000000e+01 7.478835740884099970e-01
8.000000000000000000e+00 2.500000000000000000e+01 4.257245490138211741e-01
8.000000000000000000e+00 2.600000000000000000e+01 4.273143952267536294e-01
8.000000000000000000e+00 2.700000000000000000e+01 4.291057739891335210e-01
8.000000000000000000e+00 2.800000000000000000e+01 7.668198805429686793e-01
8.000000000000000000e+00 2.900000000000000000e+01 7.868733208224545361e-01
8.000000000000000000e+00 3.000000000000000000e+01 8.217648593879656183e-01
8.000000000000000000e+00 3.100000000000000000e+01 8.016282196580286623e-01
8.000000000000000000e+00 3.200000000000000000e+01 8.276476579262637134e-01
9.000000000000000000e+00 1.000000000000000000e+01 6.730510634441888573e-01
9.000000000000000000e+00 1.100000000000000000e+01 6.229932940190104906e-01
9.000000000000000000e+00 1.200000000000000000e+01 6.547127946707522739e-01
9.000000000000000000e+00 1.300000000000000000e+01 7.440940936632340907e-01
9.000000000000000000e+00 1.400000000000000000e+01 6.991132432473701197e-01
9.000000000000000000e+00 1.500000000000000000e+01 7.718223136218598235e-01
9.000000000000000000e+00 1.600000000000000000e+01 4.510055440319939990e-01
9.000000000000000000e+00 1.700000000000000000e+01 4.516868545737765528e-01
9.000000000000000000e+00 1.800000000000000000e+01 4.508680200841853614e-01
9.000000000000000000e+00 1.900000000000000000e+01 4.528181411034964965e-01
9.000000000000000000e+00 2.000000000000000000e+01 4.511652792748142016e-01
9.000000000000000000e+00 2.100000000000000000e+01 7.426610374442921270e-01
9.000000000000000000e+00 2.200000000000000000e+01 4.503005756935412052e-01
9.000000000000000000e+00 2.300000000000000000e+01 7.616661337104628782e-01
9.000000000000000000e+00 2.400000000000000000e+01 7.641836319389261334e-01
9.000000000000000000e+00 2.500000000000000000e+01 4.502958963626889632e-01
9.000000000000000000e+00 2.600000000000000000e+01 4.518902886295771415e-01
9.000000000000000000e+00 2.700000000000000000e+01 4.536694667110194867e-01
9.000000000000000000e+00 2.800000000000000000e+01 7.870972706531884633e-01
9.000000000000000000e+00 2.900000000000000000e+01 8.054167045088733712e-01
9.000000000000000000e+00 3.000000000000000000e+01 8.366778748154839462e-01
9.000000000000000000e+00 3.100000000000000000e+01 8.205447954294711188e-01
9.000000000000000000e+00 3.200000000000000000e+01 8.477971851499406242e-01
1.000000000000000000e+01 1.100000000000000000e+01 6.305102580725744366e-01
1.000000000000000000e+01 1.200000000000000000e+01 5.568163815653850435e-01
1.000000000000000000e+01 1.300000000000000000e+01 7.388056273195831025e-01
1.000000000000000000e+01 1.400000000000000000e+01 6.383476171484683270e-01
1.000000000000000000e+01 1.500000000000000000e+01 7.457776535080582470e-01
1.000000000000000000e+01 1.600000000000000000e+01 3.929450513207000117e-01
1.000000000000000000e+01 1.700000000000000000e+01 3.936034157350870588e-01
1.000000000000000000e+01 1.800000000000000000e+01 3.928481302461627189e-01
1.000000000000000000e+01 1.900000000000000000e+01 3.947765240092003802e-01
1.000000000000000000e+01 2.000000000000000000e+01 3.931702008976580842e-01
1.000000000000000000e+01 2.100000000000000000e+01 6.957379775663339316e-01
1.000000000000000000e+01 2.200000000000000000e+01 3.924315651822516404e-01
1.000000000000000000e+01 2.300000000000000000e+01 7.140911897900048544e-01
1.000000000000000000e+01 2.400000000000000000e+01 7.149276280312606424e-01
1.000000000000000000e+01 2.500000000000000000e+01 3.926956451948070415e-01
1.000000000000000000e+01 2.600000000000000000e+01 3.942916683384513066e-01
1.000000000000000000e+01 2.700000000000000000e+01 3.960857414191583104e-01
1.000000000000000000e+01 2.800000000000000000e+01 7.339981551320253761e-01
1.000000000000000000e+01 2.900000000000000000e+01 7.541422786092006891e-01
1.000000000000000000e+01 3.000000000000000000e+01 7.892536751286129970e-01
1.000000000000000000e+01 3.100000000000000000e+01 7.689181286584743091e-01
1.000000000000000000e+01 3.200000000000000000e+01 7.949048376376770531e-01
1.100000000000000000e+01 1.200000000000000000e+01 5.584140753893469533e-01
1.100000000000000000e+01 1.300000000000000000e+01 7.168970771778175877e-01
1.100000000000000000e+01 1.400000000000000000e+01 6.495615611559564240e-01
1.100000000000000000e+01 1.500000000000000000e+01 7.337927038975824434e-01
1.100000000000000000e+01 1.600000000000000000e+01 4.009093372491940865e-01
1.100000000000000000e+01 1.700000000000000000e+01 4.016015232388506773e-01
1.100000000000000000e+01 1.800000000000000000e+01 4.007696914562287605e-01
1.100000000000000000e+01 1.900000000000000000e+01 4.027305825101420433e-01
1.100000000000000000e+01 2.000000000000000000e+01 4.010683477842740263e-01
1.100000000000000000e+01 2.100000000000000000e+01 6.954447273338981717e-01
1.100000000000000000e+01 2.200000000000000000e+01 4.001868854574721635e-01
1.100000000000000000e+01 2.300000000000000000e+01 7.153213279298480387e-01
1.100000000000000000e+01 2.400000000000000000e+01 7.174958351251254918e-01
1.100000000000000000e+01 2.500000000000000000e+01 4.001797765156381859e-01
1.100000000000000000e+01 2.600000000000000000e+01 4.017994773058167768e-01
1.100000000000000000e+01 2.700000000000000000e+01 4.035964127639779520e-01
1.100000000000000000e+01 2.800000000000000000e+01 7.398435685293232034e-01
1.100000000000000000e+01 2.900000000000000000e+01 7.593351226330045112e-01
1.100000000000000000e+01 3.000000000000000000e+01 7.932207143022631524e-01
1.100000000000000000e+01 3.100000000000000000e+01 7.744446906913813322e-01
1.100000000000000000e+01 3.200000000000000000e+01 8.010285019070613188e-01
1.200000000000000000e+01 1.300000000000000000e+01 7.179800965754041808e-01
1.200000000000000000e+01 1.400000000000000000e+01 6.254453891293354495e-01
1.200000000000000000e+01 1.500000000000000000e+01 7.264797611480606765e-01
1.200000000000000000e+01 1.600000000000000000e+01 3.782421587030688759e-01
1.200000000000000000e+01 1.700000000000000000e+01 3.789214829821386799e-01
1.200000000000000000e+01 1.800000000000000000e+01 3.781240281066783337e-01
1.200000000000000000e+01 1.900000000000000000e+01 3.800726075630368461e-01
1.200000000000000000e+01 2.000000000000000000e+01 3.784354347006948505e-01
1.200000000000000000e+01 2.100000000000000000e+01 6.784069184908512185e-01
1.200000000000000000e+01 2.200000000000000000e+01 3.776212452398879371e-01
1.200000000000000000e+01 2.300000000000000000e+01 6.974985029770206513e-01
1.200000000000000000e+01 2.400000000000000000e+01 6.987520176053130250e-01
1.200000000000000000e+01 2.500000000000000000e+01 3.777514822188959842e-01
1.200000000000000000e+01 2.600000000000000000e+01 3.793658368633466837e-01
1.200000000000000000e+01 2.700000000000000000e+01 3.811660134111729548e-01
1.200000000000000000e+01 2.800000000000000000e+01 7.190355508591397271e-01
1.200000000000000000e+01 2.900000000000000000e+01 7.391880450584684681e-01
1.200000000000000000e+01 3.000000000000000000e+01 7.744192962785791945e-01
1.200000000000000000e+01 3.100000000000000000e+01 7.540996098457832808e-01
1.200000000000000000e+01 3.200000000000000000e+01 7.801812294730845476e-01
1.300000000000000000e+01 1.400000000000000000e+01 6.882591422217785304e-01
1.300000000000000000e+01 1.500000000000000000e+01 6.696214241630038533e-01
1.300000000000000000e+01 1.600000000000000000e+01 4.375456161782722564e-01
1.300000000000000000e+01 1.700000000000000000e+01 4.382517561522726313e-01
1.300000000000000000e+01 1.800000000000000000e+01 4.373735544937374931e-01
1.300000000000000000e+01 1.900000000000000000e+01 4.393470041460380004e-01
1.300000000000000000e+01 2.000000000000000000e+01 4.376500785920767189e-01
1.300000000000000000e+01 2.100000000000000000e+01 7.091758594154340400e-01
1.300000000000000000e+01 2.200000000000000000e+01 4.366709179510295247e-01
1.300000000000000000e+01 2.300000000000000000e+01 7.298035958581554628e-01
1.300000000000000000e+01 2.400000000000000000e+01 7.361947916980016160e-01
1.300000000000000000e+01 2.500000000000000000e+01 4.364195678350043517e-01
1.300000000000000000e+01 2.600000000000000000e+01 4.380058679956561063e-01
1.300000000000000000e+01 2.700000000000000000e+01 4.397669123376415357e-01
1.300000000000000000e+01 2.800000000000000000e+01 7.675795995319600884e-01
1.300000000000000000e+01 2.900000000000000000e+01 7.833974327615906841e-01
1.300000000000000000e+01 3.000000000000000000e+01 8.095914861898472203e-01
1.300000000000000000e+01 3.100000000000000000e+01 7.994891722326720185e-01
1.300000000000000000e+01 3.200000000000000000e+01 8.286977713470764506e-01
1.400000000000000000e+01 1.500000000000000000e+01 6.739627062337667507e-01
1.400000000000000000e+01 1.600000000000000000e+01 2.592793559981352303e-01
1.400000000000000000e+01 1.700000000000000000e+01 2.576852939859397562e-01
1.400000000000000000e+01 1.800000000000000000e+01 2.588571583795992170e-01
1.400000000000000000e+01 1.900000000000000000e+01 2.584035048490508357e-01
1.400000000000000000e+01 2.000000000000000000e+01 2.585653398053893159e-01
1.400000000000000000e+01 2.100000000000000000e+01 5.970255572247256115e-01
1.400000000000000000e+01 2.200000000000000000e+01 2.600139310180957786e-01
1.400000000000000000e+01 2.300000000000000000e+01 6.124486528474779590e-01
1.400000000000000000e+01 2.400000000000000000e+01 6.093492611921993429e-01
1.400000000000000000e+01 2.500000000000000000e+01 2.630793518133068831e-01
1.400000000000000000e+01 2.600000000000000000e+01 2.643937206845389243e-01
1.400000000000000000e+01 2.700000000000000000e+01 2.661351802591194193e-01
1.400000000000000000e+01 2.800000000000000000e+01 6.149279673637684240e-01
1.400000000000000000e+01 2.900000000000000000e+01 6.387904803321731162e-01
1.400000000000000000e+01 3.000000000000000000e+01 6.810990857288756750e-01
1.400000000000000000e+01 3.100000000000000000e+01 6.521388039451831986e-01
1.400000000000000000e+01 3.200000000000000000e+01 6.747030989750044672e-01
1.500000000000000000e+01 1.600000000000000000e+01 4.224506363739815029e-01
1.500000000000000000e+01 1.700000000000000000e+01 4.231638722311742429e-01
1.500000000000000000e+01 1.800000000000000000e+01 4.222676533807124821e-01
1.500000000000000000e+01 1.900000000000000000e+01 4.242477399107295044e-01
1.500000000000000000e+01 2.000000000000000000e+01 4.225373595227128742e-01
1.500000000000000000e+01 2.100000000000000000e+01 6.632739768307998052e-01
1.500000000000000000e+01 2.200000000000000000e+01 4.215226355952843562e-01
1.500000000000000000e+01 2.300000000000000000e+01 6.898179562172772616e-01
1.500000000000000000e+01 2.400000000000000000e+01 7.038817231208600589e-01
1.500000000000000000e+01 2.500000000000000000e+01 4.211901840636432803e-01
1.500000000000000000e+01 2.600000000000000000e+01 4.227745282602631827e-01
1.500000000000000000e+01 2.700000000000000000e+01 4.245303937183215748e-01
1.500000000000000000e+01 2.800000000000000000e+01 7.493579798974772110e-01
1.500000000000000000e+01 2.900000000000000000e+01 7.635459128015593677e-01
1.500000000000000000e+01 3.000000000000000000e+01 7.869512305277588382e-01
1.500000000000000000e+01 3.100000000000000000e+01 7.810335999785953387e-01
1.500000000000000000e+01 3.200000000000000000e+01 8.118104639860910243e-01
1.600000000000000000e+01 1.700000000000000000e+01 5.814302049019670626e-03
1.600000000000000000e+01 1.800000000000000000e+01 4.691383890192302175e-03
1.600000000000000000e+01 1.900000000000000000e+01 7.770879213829240406e-03
1.600000000000000000e+01 2.000000000000000000e+01 6.088694076062495242e-03
1.600000000000000000e+01 2.100000000000000000e+01 3.444778277102988895e-01
1.600000000000000000e+01 2.200000000000000000e+01 6.601262662819129545e-03
1.600000000000000000e+01 2.300000000000000000e+01 3.597939747163827473e-01
1.600000000000000000e+01 2.400000000000000000e+01 3.565415245822489698e-01
1.600000000000000000e+01 2.500000000000000000e+01 9.500760252641016201e-03
1.600000000000000000e+01 2.600000000000000000e+01 1.085666156703124496e-02
1.600000000000000000e+01 2.700000000000000000e+01 1.261085093330360785e-02
1.600000000000000000e+01 2.800000000000000000e+01 3.616392727909421012e-01
1.600000000000000000e+01 2.900000000000000000e+01 3.856454499414490034e-01
1.600000000000000000e+01 3.000000000000000000e+01 4.282465642127109007e-01
1.600000000000000000e+01 3.100000000000000000e+01 3.989694026465167020e-01
1.600000000000000000e+01 3.200000000000000000e+01 4.214757648722442518e-01
1.700000000000000000e+01 1.800000000000000000e+01 5.213844220927965623e-03
1.700000000000000000e+01 1.900000000000000000e+01 6.307803343426843234e-03
1.700000000000000000e+01 2.000000000000000000e+01 5.248396991778592202e-03
1.700000000000000000e+01 2.100000000000000000e+01 3.452095028214261507e-01
1.700000000000000000e+01 2.200000000000000000e+01 6.836444289963883314e-03
1.700000000000000000e+01 2.300000000000000000e+01 3.605220153578103659e-01
1.700000000000000000e+01 2.400000000000000000e+01 3.572688955107909958e-01
1.700000000000000000e+01 2.500000000000000000e+01 1.003836851244299666e-02
1.700000000000000000e+01 2.600000000000000000e+01 1.134726826746113026e-02
1.700000000000000000e+01 2.700000000000000000e+01 1.308835268118080375e-02
1.700000000000000000e+01 2.800000000000000000e+01 3.623083891498299902e-01
1.700000000000000000e+01 2.900000000000000000e+01 3.863211475055383648e-01
1.700000000000000000e+01 3.000000000000000000e+01 4.289209415452750473e-01
1.700000000000000000e+01 3.100000000000000000e+01 3.996139430147835903e-01
1.700000000000000000e+01 3.200000000000000000e+01 4.220456046672456107e-01
1.800000000000000000e+01 1.900000000000000000e+01 7.040186098257628089e-03
1.800000000000000000e+01 2.000000000000000000e+01 5.142119429460079161e-03
1.800000000000000000e+01 2.100000000000000000e+01 3.442867895253804988e-01
1.800000000000000000e+01 2.200000000000000000e+01 6.004544642247533481e-03
1.800000000000000000e+01 2.300000000000000000e+01 3.595981925287738967e-01
1.800000000000000000e+01 2.400000000000000000e+01 3.563420958494170065e-01
1.800000000000000000e+01 2.500000000000000000e+01 9.161299399727096393e-03
1.800000000000000000e+01 2.600000000000000000e+01 1.049141125550234754e-02
1.800000000000000000e+01 2.700000000000000000e+01 1.223849891114980881e-02
1.800000000000000000e+01 2.800000000000000000e+01 3.613908249438115838e-01
1.800000000000000000e+01 2.900000000000000000e+01 3.854044580657829400e-01
1.800000000000000000e+01 3.000000000000000000e+01 4.280109094886308529e-01
1.800000000000000000e+01 3.100000000000000000e+01 3.987078442096398945e-01
1.800000000000000000e+01 3.200000000000000000e+01 4.211664950120350692e-01
1.900000000000000000e+01 2.000000000000000000e+01 5.947129960795716208e-03
1.900000000000000000e+01 2.100000000000000000e+01 3.462855858060325254e-01
1.900000000000000000e+01 2.200000000000000000e+01 7.636572499861160601e-03
1.900000000000000000e+01 2.300000000000000000e+01 3.615930534107218985e-01
1.900000000000000000e+01 2.400000000000000000e+01 3.583361890267413585e-01
1.900000000000000000e+01 2.500000000000000000e+01 1.094803890481454989e-02
1.900000000000000000e+01 2.600000000000000000e+01 1.221873177399124266e-02
1.900000000000000000e+01 2.700000000000000000e+01 1.394906699894105095e-02
1.900000000000000000e+01 2.800000000000000000e+01 3.633224492615023671e-01
1.900000000000000000e+01 2.900000000000000000e+01 3.873428871426731757e-01
1.900000000000000000e+01 3.000000000000000000e+01 4.299474799916118695e-01
1.900000000000000000e+01 3.100000000000000000e+01 4.006116035949349730e-01
1.900000000000000000e+01 3.200000000000000000e+01 4.229841338957103236e-01
2.000000000000000000e+01 2.100000000000000000e+01 3.445566010437073334e-01
2.000000000000000000e+01 2.200000000000000000e+01 5.799205329528378527e-03
2.000000000000000000e+01 2.300000000000000000e+01 3.598626915450378050e-01
2.000000000000000000e+01 2.400000000000000000e+01 3.566033694363319739e-01
2.000000000000000000e+01 2.500000000000000000e+01 9.225539142027616712e-03
2.000000000000000000e+01 2.600000000000000000e+01 1.050770390198152437e-02
2.000000000000000000e+01 2.700000000000000000e+01 1.224144119287928767e-02
2.000000000000000000e+01 2.800000000000000000e+01 3.615881589551968034e-01
2.000000000000000000e+01 2.900000000000000000e+01 3.856103929869625357e-01
2.000000000000000000e+01 3.000000000000000000e+01 4.282202550328644275e-01
2.000000000000000000e+01 3.100000000000000000e+01 3.988829555821893358e-01
2.000000000000000000e+01 3.200000000000000000e+01 4.212665813389158131e-01
2.100000000000000000e+01 2.200000000000000000e+01 3.435037198186354779e-01
2.100000000000000000e+01 2.300000000000000000e+01 5.403336316067874900e-01
2.100000000000000000e+01 2.400000000000000000e+01 5.972955936269195298e-01
2.100000000000000000e+01 2.500000000000000000e+01 3.431586556944917765e-01
2.100000000000000000e+01 2.600000000000000000e+01 3.448077851144492056e-01
2.100000000000000000e+01 2.700000000000000000e+01 3.466088383987528942e-01
2.100000000000000000e+01 2.800000000000000000e+01 6.779368503311888894e-01
2.100000000000000000e+01 2.900000000000000000e+01 6.946563056002823533e-01
2.100000000000000000e+01 3.000000000000000000e+01 7.247999471805415261e-01
2.100000000000000000e+01 3.100000000000000000e+01 7.128258708965979906e-01
2.100000000000000000e+01 3.200000000000000000e+01 7.422260922988643816e-01
2.200000000000000000e+01 2.300000000000000000e+01 3.588005482220510967e-01
2.200000000000000000e+01 2.400000000000000000e+01 3.555321536726725462e-01
2.200000000000000000e+01 2.500000000000000000e+01 7.943176458913292493e-03
2.200000000000000000e+01 2.600000000000000000e+01 9.210510634280022479e-03
2.200000000000000000e+01 2.700000000000000000e+01 1.094092753170605725e-02
2.200000000000000000e+01 2.800000000000000000e+01 3.604365947402636827e-01
2.200000000000000000e+01 2.900000000000000000e+01 3.844735244358743476e-01
2.200000000000000000e+01 3.000000000000000000e+01 4.270995552115737226e-01
2.200000000000000000e+01 3.100000000000000000e+01 3.977191642468900223e-01
2.200000000000000000e+01 3.200000000000000000e+01 4.200462563798581517e-01
2.300000000000000000e+01 2.400000000000000000e+01 5.114432635496477531e-01
2.300000000000000000e+01 2.500000000000000000e+01 3.583996286688727606e-01
2.300000000000000000e+01 2.600000000000000000e+01 3.600290275794889583e-01
2.300000000000000000e+01 2.700000000000000000e+01 3.618138949125244697e-01
2.300000000000000000e+01 2.800000000000000000e+01 6.870358444135209464e-01
2.300000000000000000e+01 2.900000000000000000e+01 7.004098655306021382e-01
2.300000000000000000e+01 3.000000000000000000e+01 7.258845051067610576e-01
2.300000000000000000e+01 3.100000000000000000e+01 7.215594041517254809e-01
2.300000000000000000e+01 3.200000000000000000e+01 7.538269065352378728e-01
2.400000000000000000e+01 2.500000000000000000e+01 3.550961145928953622e-01
2.400000000000000000e+01 2.600000000000000000e+01 3.567241513119229213e-01
2.400000000000000000e+01 2.700000000000000000e+01 3.585067078614023739e-01
2.400000000000000000e+01 2.800000000000000000e+01 6.804996236976337265e-01
2.400000000000000000e+01 2.900000000000000000e+01 6.918871921558413796e-01
2.400000000000000000e+01 3.000000000000000000e+01 7.161003200026114790e-01
2.400000000000000000e+01 3.100000000000000000e+01 7.156523596821786626e-01
2.400000000000000000e+01 3.200000000000000000e+01 7.497044890306729936e-01
2.500000000000000000e+01 2.600000000000000000e+01 6.433872295358411542e-03
2.500000000000000000e+01 2.700000000000000000e+01 8.487355342072899766e-03
2.500000000000000000e+01 2.800000000000000000e+01 3.592454025314490984e-01
2.500000000000000000e+01 2.900000000000000000e+01 3.834060742663893961e-01
2.500000000000000000e+01 3.000000000000000000e+01 4.260987126856423668e-01
2.500000000000000000e+01 3.100000000000000000e+01 3.962955281526649998e-01
2.500000000000000000e+01 3.200000000000000000e+01 4.180266827660030771e-01
2.600000000000000000e+01 2.700000000000000000e+01 6.080309551093177056e-03
2.600000000000000000e+01 2.800000000000000000e+01 3.606962805997175892e-01
2.600000000000000000e+01 2.900000000000000000e+01 3.848173404395709429e-01
2.600000000000000000e+01 3.000000000000000000e+01 4.274101125587668193e-01
2.600000000000000000e+01 3.100000000000000000e+01 3.974530700964091778e-01
2.600000000000000000e+01 3.200000000000000000e+01 4.179690344177513506e-01
2.700000000000000000e+01 2.800000000000000000e+01 3.623459199264265074e-01
2.700000000000000000e+01 2.900000000000000000e+01 3.864363864552353700e-01
2.700000000000000000e+01 3.000000000000000000e+01 4.289545578307154550e-01
2.700000000000000000e+01 3.100000000000000000e+01 3.989057597077076966e-01
2.700000000000000000e+01 3.200000000000000000e+01 4.184709119255545229e-01
2.800000000000000000e+01 2.900000000000000000e+01 5.263825811834368373e-01
2.800000000000000000e+01 3.000000000000000000e+01 6.512076347902242546e-01
2.800000000000000000e+01 3.100000000000000000e+01 5.798862068790100466e-01
2.800000000000000000e+01 3.200000000000000000e+01 7.179859336948892778e-01
2.900000000000000000e+01 3.000000000000000000e+01 6.014872474124921542e-01
2.900000000000000000e+01 3.100000000000000000e+01 6.146353888371363094e-01
2.900000000000000000e+01 3.200000000000000000e+01 7.379454405941716644e-01
3.000000000000000000e+01 3.100000000000000000e+01 6.712675796567277864e-01
3.000000000000000000e+01 3.200000000000000000e+01 7.677245459704360453e-01
3.100000000000000000e+01 3.200000000000000000e+01 7.110146683730349526e-01
