1.000000000000000000e+00 2.000000000000000000e+00 2.268045975254522784e+00
1.000000000000000000e+00 3.000000000000000000e+00 1.733399030248449213e+00
1.000000000000000000e+00 4.000000000000000000e+00 1.714572759782059919e+00
1.000000000000000000e+00 5.000000000000000000e+00 1.728999876171752437e+00
1.000000000000000000e+00 6.000000000000000000e+00 1.737649251787010352e+00
1.000000000000000000e+00 7.000000000000000000e+00 1.730493459225563413e+00
1.000000000000000000e+00 8.000000000000000000e+00 1.758187060840742388e+00
1.000000000000000000e+00 9.000000000000000000e+00 1.717251512852049578e+00
1.000000000000000000e+00 1.000000000000000000e+01 1.746518381212457838e+00
1.000000000000000000e+00 1.100000000000000000e+01 1.725994953959075540e+00
1.000000000000000000e+00 1.200000000000000000e+01 1.734440293364856389e+00
1.000000000000000000e+00 1.300000000000000000e+01 2.298171983754260683e+00
1.000000000000000000e+00 1.400000000000000000e+01 2.499816531740754577e+00
1.000000000000000000e+00 1.500000000000000000e+01 2.096478043475974218e+00
1.000000000000000000e+00 1.600000000000000000e+01 1.896947929969440727e+00
1.000000000000000000e+00 1.700000000000000000e+01 1.946191312903474024e+00
1.000000000000000000e+00 1.800000000000000000e+01 1.910340190423417850e+00
1.000000000000000000e+00 1.900000000000000000e+01 1.987717861857876800e+00
1.000000000000000000e+00 2.000000000000000000e+01 1.935079439510311250e+00
1.000000000000000000e+00 2.100000000000000000e+01 1.767196666564494256e+00
1.000000000000000000e+00 2.200000000000000000e+01 1.908793840098349737e+00
1.000000000000000000e+00 2.300000000000000000e+01 1.774285451017011184e+00
1.000000000000000000e+00 2.400000000000000000e+01 1.782737626133685804e+00
1.000000000000000000e+00 2.500000000000000000e+01 1.897002601938396538e+00
1.000000000000000000e+00 2.600000000000000000e+01 1.924641495561073778e+00
1.000000000000000000e+00 2.700000000000000000e+01 1.945087463029270047e+00
1.000000000000000000e+00 2.800000000000000000e+01 1.852182062558655584e+00
1.000000000000000000e+00 2.900000000000000000e+01 1.843712190808519225e+00
1.000000000000000000e+00 3.000000000000000000e+01 1.837186893407463995e+00
1.000000000000000000e+00 3.100000000000000000e+01 1.870127599143633690e+00
1.000000000000000000e+00 3.200000000000000000e+01 1.939268348235411610e+00
2.000000000000000000e+00 3.000000000000000000e+00 1.549622383486038979e+00
2.000000000000000000e+00 4.000000000000000000e+00 1.516832810789407571e+00
2.000000000000000000e+00 5.000000000000000000e+00 1.543726394158673632e+00
2.000000000000000000e+00 6.000000000000000000e+00 1.560228965241050814e+00
2.000000000000000000e+00 7.000000000000000000e+00 1.551238142265919606e+00
2.000000000000000000e+00 8.000000000000000000e+00 1.591003993018707208e+00
2.000000000000000000e+00 9.000000000000000000e+00 1.519741664887140020e+00
2.000000000000000000e+00 1.000000000000000000e+01 1.576545508034067788e+00
2.000000000000000000e+00 1.100000000000000000e+01 1.552930406417746712e+00
2.000000000000000000e+00 1.200000000000000000e+01 1.567205628901351622e+00
2.000000000000000000e+00 1.300000000000000000e+01 2.170249257491000616e+00
2.000000000000000000e+00 1.400000000000000000e+01 2.375512371813544910e+00
2.000000000000000000e+00 1.500000000000000000e+01 1.993723334140883097e+00
2.000000000000000000e+00 1.600000000000000000e+01 1.773612532071314307e+00
2.000000000000000000e+00 1.700000000000000000e+01 1.823812370573121289e+00
2.000000000000000000e+00 1.800000000000000000e+01 1.788511595444659319e+00
2.000000000000000000e+00 1.900000000000000000e+01 1.867470378821644017e+00
2.000000000000000000e+00 2.000000000000000000e+01 1.814755680875443034e+00
2.000000000000000000e+00 2.100000000000000000e+01 1.655662016283974802e+00
2.000000000000000000e+00 2.200000000000000000e+01 1.790769609722725697e+00
2.000000000000000000e+00 2.300000000000000000e+01 1.667042881540460986e+00
2.000000000000000000e+00 2.400000000000000000e+01 1.676737935345725905e+00
2.000000000000000000e+00 2.500000000000000000e+01 1.787768419366709605e+00
2.000000000000000000e+00 2.600000000000000000e+01 1.817448091250032594e+00
2.000000000000000000e+00 2.700000000000000000e+01 1.839302240298719138e+00
2.000000000000000000e+00 2.800000000000000000e+01 1.751564445936751202e+00
2.000000000000000000e+00 2.900000000000000000e+01 1.744801013689288194e+00
2.000000000000000000e+00 3.000000000000000000e+01 1.742732285646664270e+00
2.000000000000000000e+00 3.100000000000000000e+01 1.771825262830054148e+00
2.000000000000000000e+00 3.200000000000000000e+01 1.839992281550157260e+00
3.000000000000000000e+00 4.000000000000000000e+00 6.009935282392140365e-01
3.000000000000000000e+00 5.000000000000000000e+00 4.615608026899966632e-01
3.000000000000000000e+00 6.000000000000000000e+00 5.770017206765130080e-01
3.000000000000000000e+00 7.000000000000000000e+00 6.300485816819287876e-01
3.000000000000000000e+00 8.000000000000000000e+00 6.657757872571343771e-01
3.000000000000000000e+00 9.000000000000000000e+00 7.462790113235400202e-01
3.000000000000000000e+00 1.000000000000000000e+01 6.543765376591601513e-01
3.000000000000000000e+00 1.100000000000000000e+01 7.502899493196080183e-01
3.000000000000000000e+00 1.200000000000000000e+01 7.323447099560020934e-01
3.000000000000000000e+00 1.300000000000000000e+01 1.474512103086555559e+00
3.000000000000000000e+00 1.400000000000000000e+01 1.591984659953578074e+00
3.000000000000000000e+00 1.500000000000000000e+01 1.293903588329134990e+00
3.000000000000000000e+00 1.600000000000000000e+01 9.936768688207358036e-01
3.000000000000000000e+00 1.700000000000000000e+01 1.045407420809930432e+00
3.000000000000000000e+00 1.800000000000000000e+01 1.011751120461223730e+00
3.000000000000000000e+00 1.900000000000000000e+01 1.093536605896991309e+00
3.000000000000000000e+00 2.000000000000000000e+01 1.041020902732640696e+00
3.000000000000000000e+00 2.100000000000000000e+01 9.217769732121456894e-01
3.000000000000000000e+00 2.200000000000000000e+01 1.022456663996757609e+00
3.000000000000000000e+00 2.300000000000000000e+01 9.372287303575186357e-01
3.000000000000000000e+00 2.400000000000000000e+01 9.463505602132102901e-01
3.000000000000000000e+00 2.500000000000000000e+01 1.038029242997271506e+00
3.000000000000000000e+00 2.600000000000000000e+01 1.071128128888047204e+00
3.000000000000000000e+00 2.700000000000000000e+01 1.095446989172062846e+00
3.000000000000000000e+00 2.800000000000000000e+01 1.020483216698576445e+00
3.000000000000000000e+00 2.900000000000000000e+01 1.017424862174024724e+00
3.000000000000000000e+00 3.000000000000000000e+01 1.023583057354917170e+00
3.000000000000000000e+00 3.100000000000000000e+01 1.043830798585769548e+00
3.000000000000000000e+00 3.200000000000000000e+01 1.108295129297220738e+00
4.000000000000000000e+00 5.000000000000000000e+00 5.692314565088953948e-01
4.000000000000000000e+00 6.000000000000000000e+00 6.436634441743993573e-01
4.000000000000000000e+00 7.000000000000000000e+00 6.373929890208946958e-01
4.000000000000000000e+00 8.000000000000000000e+00 7.217856719541508870e-01
4.000000000000000000e+00 9.000000000000000000e+00 6.942930188593610108e-01
4.000000000000000000e+00 1.000000000000000000e+01 6.976498275470592869e-01
4.000000000000000000e+00 1.100000000000000000e+01 7.276233736009547481e-01
4.000000000000000000e+00 1.200000000000000000e+01 7.271327161539364869e-01
4.000000000000000000e+00 1.300000000000000000e+01 1.457920789908720316e+00
4.000000000000000000e+00 1.400000000000000000e+01 1.605011034209328002e+00
4.000000000000000000e+00 1.500000000000000000e+01 1.285916382778885314e+00
4.000000000000000000e+00 1.600000000000000000e+01 1.005314532240288328e+00
4.000000000000000000e+00 1.700000000000000000e+01 1.056926241365180541e+00
4.000000000000000000e+00 1.800000000000000000e+01 1.022747055893697743e+00
4.000000000000000000e+00 1.900000000000000000e+01 1.104145020993524851e+00
4.000000000000000000e+00 2.000000000000000000e+01 1.051450376627310224e+00
4.000000000000000000e+00 2.100000000000000000e+01 9.198580698917659948e-01
4.000000000000000000e+00 2.200000000000000000e+01 1.031562395142083588e+00
4.000000000000000000e+00 2.300000000000000000e+01 9.357266729029203312e-01
4.000000000000000000e+00 2.400000000000000000e+01 9.455258764287379769e-01
4.000000000000000000e+00 2.500000000000000000e+01 1.043252240959262167e+00
4.000000000000000000e+00 2.600000000000000000e+01 1.075845128406748952e+00
4.000000000000000000e+00 2.700000000000000000e+01 1.099761751593263170e+00
4.000000000000000000e+00 2.800000000000000000e+01 1.021910823805081581e+00
4.000000000000000000e+00 2.900000000000000000e+01 1.018141878159723568e+00
4.000000000000000000e+00 3.000000000000000000e+01 1.022977251622468220e+00
4.000000000000000000e+00 3.100000000000000000e+01 1.044966857327463527e+00
4.000000000000000000e+00 3.200000000000000000e+01 1.110423006844259985e+00
5.000000000000000000e+00 6.000000000000000000e+00 5.472780679764037703e-01
5.000000000000000000e+00 7.000000000000000000e+00 5.912766633642774217e-01
5.000000000000000000e+00 8.000000000000000000e+00 6.654684479189010293e-01
5.000000000000000000e+00 9.000000000000000000e+00 7.252029710797598394e-01
5.000000000000000000e+00 1.000000000000000000e+01 6.410554632429585897e-01
5.000000000000000000e+00 1.100000000000000000e+01 7.299959718561856992e-01
5.000000000000000000e+00 1.200000000000000000e+01 7.128758947943720781e-01
5.000000000000000000e+00 1.300000000000000000e+01 1.462150533212770220e+00
5.000000000000000000e+00 1.400000000000000000e+01 1.586889679783878293e+00
5.000000000000000000e+00 1.500000000000000000e+01 1.283839180528107526e+00
5.000000000000000000e+00 1.600000000000000000e+01 9.879627136100339602e-01
5.000000000000000000e+00 1.700000000000000000e+01 1.039772081651415547e+00
5.000000000000000000e+00 1.800000000000000000e+01 1.005922661374101912e+00
5.000000000000000000e+00 1.900000000000000000e+01 1.087731529221113158e+00
5.000000000000000000e+00 2.000000000000000000e+01 1.035110874607898968e+00
5.000000000000000000e+00 2.100000000000000000e+01 9.123293641852352476e-01
5.000000000000000000e+00 2.200000000000000000e+01 1.016188912623511964e+00
5.000000000000000000e+00 2.300000000000000000e+01 9.281692744651142135e-01
5.000000000000000000e+00 2.400000000000000000e+01 9.375481896811801441e-01
5.000000000000000000e+00 2.500000000000000000e+01 1.030947765703215779e+00
5.000000000000000000e+00 2.600000000000000000e+01 1.064009447132509667e+00
5.000000000000000000e+00 2.700000000000000000e+01 1.088280124169775931e+00
5.000000000000000000e+00 2.800000000000000000e+01 1.012664489153969338e+00
5.000000000000000000e+00 2.900000000000000000e+01 1.009485409033592518e+00
5.000000000000000000e+00 3.000000000000000000e+01 1.015496182746424392e+00
5.000000000000000000e+00 3.100000000000000000e+01 1.036054154017377327e+00
5.000000000000000000e+00 3.200000000000000000e+01 1.100780839018485446e+00
6.000000000000000000e+00 7.000000000000000000e+00 5.322532213503716747e-01
6.000000000000000000e+00 8.000000000000000000e+00 6.015133070239626623e-01
6.000000000000000000e+00 9.000000000000000000e+00 7.314991335853624488e-01
6.000000000000000000e+00 1.000000000000000000e+01 5.471925803808426192e-01
6.000000000000000000e+00 1.100000000000000000e+01 7.142349114340047489e-01
6.000000000000000000e+00 1.200000000000000000e+01 6.809081666486569429e-01
6.000000000000000000e+00 1.300000000000000000e+01 1.452803806064097980e+00
6.000000000000000000e+00 1.400000000000000000e+01 1.564534281658835901e+00
6.000000000000000000e+00 1.500000000000000000e+01 1.270863674750107641e+00
6.000000000000000000e+00 1.600000000000000000e+01 9.654908976946974253e-01
6.000000000000000000e+00 1.700000000000000000e+01 1.017613249165929989e+00
6.000000000000000000e+00 1.800000000000000000e+01 9.838226049992491173e-01
6.000000000000000000e+00 1.900000000000000000e+01 1.066079564386116951e+00
6.000000000000000000e+00 2.000000000000000000e+01 1.013383895225699938e+00
6.000000000000000000e+00 2.100000000000000000e+01 8.948752444010790175e-01
6.000000000000000000e+00 2.200000000000000000e+01 9.949296789554034071e-01
6.000000000000000000e+00 2.300000000000000000e+01 9.110877615893198112e-01
6.000000000000000000e+00 2.400000000000000000e+01 9.203417697518188056e-01
6.000000000000000000e+00 2.500000000000000000e+01 1.011609879436889514e+00
6.000000000000000000e+00 2.600000000000000000e+01 1.045071712048858625e+00
6.000000000000000000e+00 2.700000000000000000e+01 1.069619241399707210e+00
6.000000000000000000e+00 2.800000000000000000e+01 9.953446134250136801e-01
6.000000000000000000e+00 2.900000000000000000e+01 9.925821367973939324e-01
6.000000000000000000e+00 3.000000000000000000e+01 9.995274287836957150e-01
6.000000000000000000e+00 3.100000000000000000e+01 1.019094452658549477e+00
6.000000000000000000e+00 3.200000000000000000e+01 1.083438964862195375e+00
7.000000000000000000e+00 8.000000000000000000e+00 6.482058002897022053e-01
7.000000000000000000e+00 9.000000000000000000e+00 6.944279069232444090e-01
7.000000000000000000e+00 1.000000000000000000e+01 5.817180223479303525e-01
7.000000000000000000e+00 1.100000000000000000e+01 6.701467556246691881e-01
7.000000000000000000e+00 1.200000000000000000e+01 6.357754899251373271e-01
7.000000000000000000e+00 1.300000000000000000e+01 1.431532764071572039e+00
7.000000000000000000e+00 1.400000000000000000e+01 1.562284549080183105e+00
7.000000000000000000e+00 1.500000000000000000e+01 1.255265317309164352e+00
7.000000000000000000e+00 1.600000000000000000e+01 9.619763107360947973e-01
7.000000000000000000e+00 1.700000000000000000e+01 1.014172543016420125e+00
7.000000000000000000e+00 1.800000000000000000e+01 9.799508577414204336e-01
7.000000000000000000e+00 1.900000000000000000e+01 1.062125094138705483e+00
7.000000000000000000e+00 2.000000000000000000e+01 1.009228516292754119e+00
7.000000000000000000e+00 2.100000000000000000e+01 8.814251573864784195e-01
7.000000000000000000e+00 2.200000000000000000e+01 9.898701815099770762e-01
7.000000000000000000e+00 2.300000000000000000e+01 8.985541012845139619e-01
7.000000000000000000e+00 2.400000000000000000e+01 9.084690973732447716e-01
7.000000000000000000e+00 2.500000000000000000e+01 1.004282372757025144e+00
7.000000000000000000e+00 2.600000000000000000e+01 1.037578836095652601e+00
7.000000000000000000e+00 2.700000000000000000e+01 1.061960846927559210e+00
7.000000000000000000e+00 2.800000000000000000e+01 9.858969152052110552e-01
7.000000000000000000e+00 2.900000000000000000e+01 9.827701474017724870e-01
7.000000000000000000e+00 3.000000000000000000e+01 9.891964260304804135e-01
7.000000000000000000e+00 3.100000000000000000e+01 1.009683251092477141e+00
7.000000000000000000e+00 3.200000000000000000e+01 1.074720467446135030e+00
8.000000000000000000e+00 9.000000000000000000e+00 7.780978939571296937e-01
8.000000000000000000e+00 1.000000000000000000e+01 5.337197776215962808e-01
8.000000000000000000e+00 1.100000000000000000e+01 7.468857777370512263e-01
8.000000000000000000e+00 1.200000000000000000e+01 7.036334589976751541e-01
8.000000000000000000e+00 1.300000000000000000e+01 1.466895950660542791e+00
8.000000000000000000e+00 1.400000000000000000e+01 1.539763796891909564e+00
8.000000000000000000e+00 1.500000000000000000e+01 1.274331128214208242e+00
8.000000000000000000e+00 1.600000000000000000e+01 9.420645626671106942e-01
8.000000000000000000e+00 1.700000000000000000e+01 9.945190634358822557e-01
8.000000000000000000e+00 1.800000000000000000e+01 9.613316028464373719e-01
8.000000000000000000e+00 1.900000000000000000e+01 1.044290479928253523e+00
8.000000000000000000e+00 2.000000000000000000e+01 9.917356836588231417e-01
8.000000000000000000e+00 2.100000000000000000e+01 8.904766745129830685e-01
8.000000000000000000e+00 2.200000000000000000e+01 9.750061178928501882e-01
8.000000000000000000e+00 2.300000000000000000e+01 9.059343021226604620e-01
8.000000000000000000e+00 2.400000000000000000e+01 9.141820937313460682e-01
8.000000000000000000e+00 2.500000000000000000e+01 9.969563025057563976e-01
8.000000000000000000e+00 2.600000000000000000e+01 1.031117193290818523e+00
8.000000000000000000e+00 2.700000000000000000e+01 1.056214077894211734e+00
8.000000000000000000e+00 2.800000000000000000e+01 9.858815132724165764e-01
8.000000000000000000e+00 2.900000000000000000e+01 9.840931009589422018e-01
8.000000000000000000e+00 3.000000000000000000e+01 9.928332237173633779e-01
8.000000000000000000e+00 3.100000000000000000e+01 1.010016078649105031e+00
8.000000000000000000e+00 3.200000000000000000e+01 1.073000536930464266e+00
9.000000000000000000e+00 1.000000000000000000e+01 7.473741561411981760e-01
9.000000000000000000e+00 1.100000000000000000e+01 6.340558501800985791e-01
9.000000000000000000e+00 1.200000000000000000e+01 6.942098251671449116e-01
9.000000000000000000e+00 1.300000000000000000e+01 1.390052674499733687e+00
9.000000000000000000e+00 1.400000000000000000e+01 1.602055110921209113e+00
9.000000000000000000e+00 1.500000000000000000e+01 1.246972482653972314e+00
9.000000000000000000e+00 1.600000000000000000e+01 9.997993283474888582e-01
9.000000000000000000e+00 1.700000000000000000e+01 1.051445709316313870e+00
9.000000000000000000e+00 1.800000000000000000e+01 1.016363875957585927e+00
9.000000000000000000e+00 1.900000000000000000e+01 1.097430565930539670e+00
9.000000000000000000e+00 2.000000000000000000e+01 1.044349158521435061e+00
9.000000000000000000e+00 2.100000000000000000e+01 8.901390823768620120e-01
9.000000000000000000e+00 2.200000000000000000e+01 1.022434886295720435e+00
9.000000000000000000e+00 2.300000000000000000e+01 9.082312881216041411e-01
9.000000000000000000e+00 2.400000000000000000e+01 9.197832332089599383e-01
9.000000000000000000e+00 2.500000000000000000e+01 1.028743392974859283e+00
9.000000000000000000e+00 2.600000000000000000e+01 1.060874641020089104e+00
9.000000000000000000e+00 2.700000000000000000e+01 1.084366103393746172e+00
9.000000000000000000e+00 2.800000000000000000e+01 1.002173432334362069e+00
9.000000000000000000e+00 2.900000000000000000e+01 9.974598416252558053e-01
9.000000000000000000e+00 3.000000000000000000e+01 1.000886448566751241e+00
9.000000000000000000e+00 3.100000000000000000e+01 1.025265293790546428e+00
9.000000000000000000e+00 3.200000000000000000e+01 1.092411548734028015e+00
1.000000000000000000e+01 1.100000000000000000e+01 7.106515341245775996e-01
1.000000000000000000e+01 1.200000000000000000e+01 6.591204869687656842e-01
1.000000000000000000e+01 1.300000000000000000e+01 1.446936967058332524e+00
1.000000000000000000e+01 1.400000000000000000e+01 1.541748530223934210e+00
1.000000000000000000e+01 1.500000000000000000e+01 1.259451923376373017e+00
1.000000000000000000e+01 1.600000000000000000e+01 9.424118102667604635e-01
1.000000000000000000e+01 1.700000000000000000e+01 9.949424830016000421e-01
1.000000000000000000e+01 1.800000000000000000e+01 9.611852550478630075e-01
1.000000000000000000e+01 1.900000000000000000e+01 1.044003960194372693e+00
1.000000000000000000e+01 2.000000000000000000e+01 9.911928440294697218e-01
1.000000000000000000e+01 2.100000000000000000e+01 8.781466285423082940e-01
1.000000000000000000e+01 2.200000000000000000e+01 9.732483585985778340e-01
1.000000000000000000e+01 2.300000000000000000e+01 8.945969124851793630e-01
1.000000000000000000e+01 2.400000000000000000e+01 9.036058142885865507e-01
1.000000000000000000e+01 2.500000000000000000e+01 9.921193869207964866e-01
1.000000000000000000e+01 2.600000000000000000e+01 1.026034658240285058e+00
1.000000000000000000e+01 2.700000000000000000e+01 1.050894669363127587e+00
1.000000000000000000e+01 2.800000000000000000e+01 9.781880099625204217e-01
1.000000000000000000e+01 2.900000000000000000e+01 9.759096583263855429e-01
1.000000000000000000e+01 3.000000000000000000e+01 9.839127566918892676e-01
1.000000000000000000e+01 3.100000000000000000e+01 1.002324052764307138e+00
1.000000000000000000e+01 3.200000000000000000e+01 1.066204758897680405e+00
1.100000000000000000e+01 1.200000000000000000e+01 5.769503886999587383e-01
1.100000000000000000e+01 1.300000000000000000e+01 1.360779820815185115e+00
1.100000000000000000e+01 1.400000000000000000e+01 1.559360257310633990e+00
1.100000000000000000e+01 1.500000000000000000e+01 1.209365830555773513e+00
1.100000000000000000e+01 1.600000000000000000e+01 9.560310524145061439e-01
1.100000000000000000e+01 1.700000000000000000e+01 1.008229212649206286e+00
1.100000000000000000e+01 1.800000000000000000e+01 9.729041771310329434e-01
1.100000000000000000e+01 1.900000000000000000e+01 1.054629427902270988e+00
1.100000000000000000e+01 2.000000000000000000e+01 1.001274535984405301e+00
1.100000000000000000e+01 2.100000000000000000e+01 8.437492959720487296e-01
1.100000000000000000e+01 2.200000000000000000e+01 9.794042384325782891e-01
1.100000000000000000e+01 2.300000000000000000e+01 8.643923780849660510e-01
1.100000000000000000e+01 2.400000000000000000e+01 8.767296551722552067e-01
1.100000000000000000e+01 2.500000000000000000e+01 9.872040047161272369e-01
1.100000000000000000e+01 2.600000000000000000e+01 1.020001116522104123e+00
1.100000000000000000e+01 2.700000000000000000e+01 1.043898778998863186e+00
1.100000000000000000e+01 2.800000000000000000e+01 9.624419071383383262e-01
1.100000000000000000e+01 2.900000000000000000e+01 9.581902125681542870e-01
1.100000000000000000e+01 3.000000000000000000e+01 9.630671362305629479e-01
1.100000000000000000e+01 3.100000000000000000e+01 9.864018612850375956e-01
1.100000000000000000e+01 3.200000000000000000e+01 1.053573847181237477e+00
1.200000000000000000e+01 1.300000000000000000e+01 1.387987251276348921e+00
1.200000000000000000e+01 1.400000000000000000e+01 1.537007297349548551e+00
1.200000000000000000e+01 1.500000000000000000e+01 1.213826106134986205e+00
1.200000000000000000e+01 1.600000000000000000e+01 9.340066998279434873e-01
1.200000000000000000e+01 1.700000000000000000e+01 9.867003812663717177e-01
1.200000000000000000e+01 1.800000000000000000e+01 9.516435674871341899e-01
1.200000000000000000e+01 1.900000000000000000e+01 1.034147364500437538e+00
1.200000000000000000e+01 2.000000000000000000e+01 9.807511671107778106e-01
1.200000000000000000e+01 2.100000000000000000e+01 8.368427665608757504e-01
1.200000000000000000e+01 2.200000000000000000e+01 9.600275795681212365e-01
1.200000000000000000e+01 2.300000000000000000e+01 8.569733975894076039e-01
1.200000000000000000e+01 2.400000000000000000e+01 8.683542611347503382e-01
1.200000000000000000e+01 2.500000000000000000e+01 9.719882698029973511e-01
1.200000000000000000e+01 2.600000000000000000e+01 1.005493418798098393e+00
1.200000000000000000e+01 2.700000000000000000e+01 1.029902731032146690e+00
1.200000000000000000e+01 2.800000000000000000e+01 9.516231059350332977e-01
1.200000000000000000e+01 2.900000000000000000e+01 9.482652465194667535e-01
1.200000000000000000e+01 3.000000000000000000e+01 9.549041848160402246e-01
1.200000000000000000e+01 3.100000000000000000e+01 9.760588904343163730e-01
1.200000000000000000e+01 3.200000000000000000e+01 1.042163591476051421e+00
1.300000000000000000e+01 1.400000000000000000e+01 2.177586487323075026e+00
1.300000000000000000e+01 1.500000000000000000e+01 1.666289674129990850e+00
1.300000000000000000e+01 1.600000000000000000e+01 1.571586649841830274e+00
1.300000000000000000e+01 1.700000000000000000e+01 1.622017784503185123e+00
1.300000000000000000e+01 1.800000000000000000e+01 1.585271746079506050e+00
1.300000000000000000e+01 1.900000000000000000e+01 1.663992859057647378e+00
1.300000000000000000e+01 2.000000000000000000e+01 1.610588724650748649e+00
1.300000000000000000e+01 2.100000000000000000e+01 1.397187514923667218e+00
1.300000000000000000e+01 2.200000000000000000e+01 1.583543497321417970e+00
1.300000000000000000e+01 2.300000000000000000e+01 1.416474885952228036e+00
1.300000000000000000e+01 2.400000000000000000e+01 1.432601231160373967e+00
1.300000000000000000e+01 2.500000000000000000e+01 1.573124561916793951e+00
1.300000000000000000e+01 2.600000000000000000e+01 1.602850958976182572e+00
1.300000000000000000e+01 2.700000000000000000e+01 1.624526820868523735e+00
1.300000000000000000e+01 2.800000000000000000e+01 1.528758383614010619e+00
1.300000000000000000e+01 2.900000000000000000e+01 1.520381917802930971e+00
1.300000000000000000e+01 3.000000000000000000e+01 1.517103198117597085e+00
1.300000000000000000e+01 3.100000000000000000e+01 1.550698806522159190e+00
1.300000000000000000e+01 3.200000000000000000e+01 1.622885535164693804e+00
1.400000000000000000e+01 1.500000000000000000e+01 1.924250492881766306e+00
1.400000000000000000e+01 1.600000000000000000e+01 1.183928526582159746e+00
1.400000000000000000e+01 1.700000000000000000e+01 1.084637428172742890e+00
1.400000000000000000e+01 1.800000000000000000e+01 1.163924875044724638e+00
1.400000000000000000e+01 1.900000000000000000e+01 1.109018111824610520e+00
1.400000000000000000e+01 2.000000000000000000e+01 1.145455724777000750e+00
1.400000000000000000e+01 2.100000000000000000e+01 1.502137873766589804e+00
1.400000000000000000e+01 2.200000000000000000e+01 1.232309926807204192e+00
1.400000000000000000e+01 2.300000000000000000e+01 1.498914107951485164e+00
1.400000000000000000e+01 2.400000000000000000e+01 1.492041852971236704e+00
1.400000000000000000e+01 2.500000000000000000e+01 1.386220565181615960e+00
1.400000000000000000e+01 2.600000000000000000e+01 1.418862436262962046e+00
1.400000000000000000e+01 2.700000000000000000e+01 1.449535039230003264e+00
1.400000000000000000e+01 2.800000000000000000e+01 1.479184939420264300e+00
1.400000000000000000e+01 2.900000000000000000e+01 1.491825320564768020e+00
1.400000000000000000e+01 3.000000000000000000e+01 1.519490249707176055e+00
1.400000000000000000e+01 3.100000000000000000e+01 1.498442867853263083e+00
1.400000000000000000e+01 3.200000000000000000e+01 1.523385818771715750e+00
1.500000000000000000e+01 1.600000000000000000e+01 1.316076940367574055e+00
1.500000000000000000e+01 1.700000000000000000e+01 1.365747925510409910e+00
1.500000000000000000e+01 1.800000000000000000e+01 1.327976968473690400e+00
1.500000000000000000e+01 1.900000000000000000e+01 1.405292534798936677e+00
1.500000000000000000e+01 2.000000000000000000e+01 1.351675171066271108e+00
1.500000000000000000e+01 2.100000000000000000e+01 1.072746838705793460e+00
1.500000000000000000e+01 2.200000000000000000e+01 1.321446898407626858e+00
1.500000000000000000e+01 2.300000000000000000e+01 1.097981169431463400e+00
1.500000000000000000e+01 2.400000000000000000e+01 1.123260030132563703e+00
1.500000000000000000e+01 2.500000000000000000e+01 1.300888740913339614e+00
1.500000000000000000e+01 2.600000000000000000e+01 1.329722880562018261e+00
1.500000000000000000e+01 2.700000000000000000e+01 1.350650236645297930e+00
1.500000000000000000e+01 2.800000000000000000e+01 1.244396632814020354e+00
1.500000000000000000e+01 2.900000000000000000e+01 1.233343562255941439e+00
1.500000000000000000e+01 3.000000000000000000e+01 1.226623608452596326e+00
1.500000000000000000e+01 3.100000000000000000e+01 1.267266622238083285e+00
1.500000000000000000e+01 3.200000000000000000e+01 1.344246271146370075e+00
1.600000000000000000e+01 1.700000000000000000e+01 5.577157977158440083e-01
1.600000000000000000e+01 1.800000000000000000e+01 4.631458411685305254e-01
1.600000000000000000e+01 1.900000000000000000e+01 6.706846988279975275e-01
1.600000000000000000e+01 2.000000000000000000e+01 5.848300955132748058e-01
1.600000000000000000e+01 2.100000000000000000e+01 8.910816462865451815e-01
1.600000000000000000e+01 2.200000000000000000e+01 6.219064246555281450e-01
1.600000000000000000e+01 2.300000000000000000e+01 8.875341104001628345e-01
1.600000000000000000e+01 2.400000000000000000e+01 8.802193779070308643e-01
1.600000000000000000e+01 2.500000000000000000e+01 7.833095553960349733e-01
1.600000000000000000e+01 2.600000000000000000e+01 8.227700615784701021e-01
1.600000000000000000e+01 2.700000000000000000e+01 8.550900738315339034e-01
1.600000000000000000e+01 2.800000000000000000e+01 8.699786112105134528e-01
1.600000000000000000e+01 2.900000000000000000e+01 8.825059798443191106e-01
1.600000000000000000e+01 3.000000000000000000e+01 9.108674752446828116e-01
1.600000000000000000e+01 3.100000000000000000e+01 8.912598482098530450e-01
1.600000000000000000e+01 3.200000000000000000e+01 9.220174838008101670e-01
1.700000000000000000e+01 1.800000000000000000e+01 5.097363648140291748e-01
1.700000000000000000e+01 1.900000000000000000e+01 5.728181298080718964e-01
1.700000000000000000e+01 2.000000000000000000e+01 5.133469104316277232e-01
1.700000000000000000e+01 2.100000000000000000e+01 9.417597851507946149e-01
1.700000000000000000e+01 2.200000000000000000e+01 6.357456393929750149e-01
1.700000000000000000e+01 2.300000000000000000e+01 9.374015005415841095e-01
1.700000000000000000e+01 2.400000000000000000e+01 9.296153314245114707e-01
1.700000000000000000e+01 2.500000000000000000e+01 8.131706758252010836e-01
1.700000000000000000e+01 2.600000000000000000e+01 8.478272201512098150e-01
1.700000000000000000e+01 2.700000000000000000e+01 8.794781598934782174e-01
1.700000000000000000e+01 2.800000000000000000e+01 9.118956511039146839e-01
1.700000000000000000e+01 2.900000000000000000e+01 9.253877931152252323e-01
1.700000000000000000e+01 3.000000000000000000e+01 9.542402814614745488e-01
1.700000000000000000e+01 3.100000000000000000e+01 9.311989683676895613e-01
1.700000000000000000e+01 3.200000000000000000e+01 9.551206680986694675e-01
1.800000000000000000e+01 1.900000000000000000e+01 6.238129122264710613e-01
1.800000000000000000e+01 2.000000000000000000e+01 5.071379788543399769e-01
1.800000000000000000e+01 2.100000000000000000e+01 9.029896093248843680e-01
1.800000000000000000e+01 2.200000000000000000e+01 5.802063422972780771e-01
1.800000000000000000e+01 2.300000000000000000e+01 8.982897986543276758e-01
1.800000000000000000e+01 2.400000000000000000e+01 8.901847625688041887e-01
1.800000000000000000e+01 2.500000000000000000e+01 7.736405459045281319e-01
1.800000000000000000e+01 2.600000000000000000e+01 8.114990191172655187e-01
1.800000000000000000e+01 2.700000000000000000e+01 8.440846178518306431e-01
1.800000000000000000e+01 2.800000000000000000e+01 8.720443754777611467e-01
1.800000000000000000e+01 2.900000000000000000e+01 8.857085949061271890e-01
1.800000000000000000e+01 3.000000000000000000e+01 9.150360651248483634e-01
1.800000000000000000e+01 3.100000000000000000e+01 8.920038587965108956e-01
1.800000000000000000e+01 3.200000000000000000e+01 9.176868104629838374e-01
1.900000000000000000e+01 2.000000000000000000e+01 5.389958500188911650e-01
1.900000000000000000e+01 2.100000000000000000e+01 9.814955422433928600e-01
1.900000000000000000e+01 2.200000000000000000e+01 6.479922943963893900e-01
1.900000000000000000e+01 2.300000000000000000e+01 9.756004932922635042e-01
1.900000000000000000e+01 2.400000000000000000e+01 9.667939577236386306e-01
1.900000000000000000e+01 2.500000000000000000e+01 8.233833203385936272e-01
1.900000000000000000e+01 2.600000000000000000e+01 8.518710428451758965e-01
1.900000000000000000e+01 2.700000000000000000e+01 8.825727290912572798e-01
1.900000000000000000e+01 2.800000000000000000e+01 9.379907771720348286e-01
1.900000000000000000e+01 2.900000000000000000e+01 9.529913419569044919e-01
1.900000000000000000e+01 3.000000000000000000e+01 9.829541328305975156e-01
1.900000000000000000e+01 3.100000000000000000e+01 9.549075741840751252e-01
1.900000000000000000e+01 3.200000000000000000e+01 9.698659407943679422e-01
2.000000000000000000e+01 2.100000000000000000e+01 9.270927502243588858e-01
2.000000000000000000e+01 2.200000000000000000e+01 5.603324464027941154e-01
2.000000000000000000e+01 2.300000000000000000e+01 9.212759482239154529e-01
2.000000000000000000e+01 2.400000000000000000e+01 9.124482004949951985e-01
2.000000000000000000e+01 2.500000000000000000e+01 7.739671106844210335e-01
2.000000000000000000e+01 2.600000000000000000e+01 8.074390468520795672e-01
2.000000000000000000e+01 2.700000000000000000e+01 8.395989601795763591e-01
2.000000000000000000e+01 2.800000000000000000e+01 8.856866457068552911e-01
2.000000000000000000e+01 2.900000000000000000e+01 9.005214704096835554e-01
2.000000000000000000e+01 3.000000000000000000e+01 9.306522971849191528e-01
2.000000000000000000e+01 3.100000000000000000e+01 9.037098811694128653e-01
2.000000000000000000e+01 3.200000000000000000e+01 9.223473647045710155e-01
2.100000000000000000e+01 2.200000000000000000e+01 8.956769882510511316e-01
2.100000000000000000e+01 2.300000000000000000e+01 5.502793574357029982e-01
2.100000000000000000e+01 2.400000000000000000e+01 6.239445014974767112e-01
2.100000000000000000e+01 2.500000000000000000e+01 8.760116373520094868e-01
2.100000000000000000e+01 2.600000000000000000e+01 9.079034707132538351e-01
2.100000000000000000e+01 2.700000000000000000e+01 9.305785211294126391e-01
2.100000000000000000e+01 2.800000000000000000e+01 8.204035139352252592e-01
2.100000000000000000e+01 2.900000000000000000e+01 8.104215492081778827e-01
2.100000000000000000e+01 3.000000000000000000e+01 8.120165646606820609e-01
2.100000000000000000e+01 3.100000000000000000e+01 8.497002465034710905e-01
2.100000000000000000e+01 3.200000000000000000e+01 9.300755008707548566e-01
2.200000000000000000e+01 2.300000000000000000e+01 8.881584214006608136e-01
2.200000000000000000e+01 2.400000000000000000e+01 8.780517759137000944e-01
2.200000000000000000e+01 2.500000000000000000e+01 7.147576721682074030e-01
2.200000000000000000e+01 2.600000000000000000e+01 7.538987069815834552e-01
2.200000000000000000e+01 2.700000000000000000e+01 7.889304281725419976e-01
2.200000000000000000e+01 2.800000000000000000e+01 8.417310490674698720e-01
2.200000000000000000e+01 2.900000000000000000e+01 8.581480868398521089e-01
2.200000000000000000e+01 3.000000000000000000e+01 8.900799017080380793e-01
2.200000000000000000e+01 3.100000000000000000e+01 8.592963129187347615e-01
2.200000000000000000e+01 3.200000000000000000e+01 8.754092285376982030e-01
2.300000000000000000e+01 2.400000000000000000e+01 5.161749829954853652e-01
2.300000000000000000e+01 2.500000000000000000e+01 8.619286411297677475e-01
2.300000000000000000e+01 2.600000000000000000e+01 8.933130490935976553e-01
2.300000000000000000e+01 2.700000000000000000e+01 9.155852796035031105e-01
2.300000000000000000e+01 2.800000000000000000e+01 7.967095922472888780e-01
2.300000000000000000e+01 2.900000000000000000e+01 7.845204912849044199e-01
2.300000000000000000e+01 3.000000000000000000e+01 7.850090098165511954e-01
2.300000000000000000e+01 3.100000000000000000e+01 8.277844884738263520e-01
2.300000000000000000e+01 3.200000000000000000e+01 9.122845878798997443e-01
2.400000000000000000e+01 2.500000000000000000e+01 8.473869244456189165e-01
2.400000000000000000e+01 2.600000000000000000e+01 8.789388490803564657e-01
2.400000000000000000e+01 2.700000000000000000e+01 9.012379645337817990e-01
2.400000000000000000e+01 2.800000000000000000e+01 7.751519638460955264e-01
2.400000000000000000e+01 2.900000000000000000e+01 7.616303066645069286e-01
2.400000000000000000e+01 3.000000000000000000e+01 7.638401010971991312e-01
2.400000000000000000e+01 3.100000000000000000e+01 8.089830723750701669e-01
2.400000000000000000e+01 3.200000000000000000e+01 8.970431264541949279e-01
2.500000000000000000e+01 2.600000000000000000e+01 5.854519987864352792e-01
2.500000000000000000e+01 2.700000000000000000e+01 6.582967646957040841e-01
2.500000000000000000e+01 2.800000000000000000e+01 7.557099571422929429e-01
2.500000000000000000e+01 2.900000000000000000e+01 7.815442036455158004e-01
2.500000000000000000e+01 3.000000000000000000e+01 8.211929047740977872e-01
2.500000000000000000e+01 3.100000000000000000e+01 7.647354065722586913e-01
2.500000000000000000e+01 3.200000000000000000e+01 7.604393510255269550e-01
2.600000000000000000e+01 2.700000000000000000e+01 5.307395082659405183e-01
2.600000000000000000e+01 2.800000000000000000e+01 7.804954981919070001e-01
2.600000000000000000e+01 2.900000000000000000e+01 8.050378277695000584e-01
2.600000000000000000e+01 3.000000000000000000e+01 8.409996337649743303e-01
2.600000000000000000e+01 3.100000000000000000e+01 7.784464766029761673e-01
2.600000000000000000e+01 3.200000000000000000e+01 7.298535169387718735e-01
2.700000000000000000e+01 2.800000000000000000e+01 8.000232803489502054e-01
2.700000000000000000e+01 2.900000000000000000e+01 8.232681109432027355e-01
2.700000000000000000e+01 3.000000000000000000e+01 8.566139333705327097e-01
2.700000000000000000e+01 3.100000000000000000e+01 7.922031592273979239e-01
2.700000000000000000e+01 3.200000000000000000e+01 7.130384243089007423e-01
2.800000000000000000e+01 2.900000000000000000e+01 5.295806458461473909e-01
2.800000000000000000e+01 3.000000000000000000e+01 6.633318571344459791e-01
2.800000000000000000e+01 3.100000000000000000e+01 5.854772996083699166e-01
2.800000000000000000e+01 3.200000000000000000e+01 7.734835284199259586e-01
2.900000000000000000e+01 3.000000000000000000e+01 6.052632366777794815e-01
2.900000000000000000e+01 3.100000000000000000e+01 6.224869537933106489e-01
2.900000000000000000e+01 3.200000000000000000e+01 7.938928583529805127e-01
3.000000000000000000e+01 3.100000000000000000e+01 6.826518838849244819e-01
3.000000000000000000e+01 3.200000000000000000e+01 8.198541885919492511e-01
3.100000000000000000e+01 3.200000000000000000e+01 7.403325376036853367e-01
