1.000000000000000000e+00 2.000000000000000000e+00 3.613378000730367301e+00
1.000000000000000000e+00 3.000000000000000000e+00 2.425074878490044217e+00
1.000000000000000000e+00 4.000000000000000000e+00 2.405874282635413586e+00
1.000000000000000000e+00 5.000000000000000000e+00 2.419864651793560473e+00
1.000000000000000000e+00 6.000000000000000000e+00 2.427330792570062901e+00
1.000000000000000000e+00 7.000000000000000000e+00 2.419648895740615924e+00
1.000000000000000000e+00 8.000000000000000000e+00 2.447325501133942982e+00
1.000000000000000000e+00 9.000000000000000000e+00 2.413573601319539019e+00
1.000000000000000000e+00 1.000000000000000000e+01 2.434891782518457060e+00
1.000000000000000000e+00 1.100000000000000000e+01 2.416735355358053727e+00
1.000000000000000000e+00 1.200000000000000000e+01 2.422063736097991526e+00
1.000000000000000000e+00 1.300000000000000000e+01 3.563515182484855437e+00
1.000000000000000000e+00 1.400000000000000000e+01 3.693497481479711464e+00
1.000000000000000000e+00 1.500000000000000000e+01 3.078205599606546272e+00
1.000000000000000000e+00 1.600000000000000000e+01 2.581914131408431956e+00
1.000000000000000000e+00 1.700000000000000000e+01 2.638584238904815749e+00
1.000000000000000000e+00 1.800000000000000000e+01 2.595934379087135202e+00
1.000000000000000000e+00 1.900000000000000000e+01 2.680313079831468048e+00
1.000000000000000000e+00 2.000000000000000000e+01 2.622190505237079083e+00
1.000000000000000000e+00 2.100000000000000000e+01 2.442143003602537554e+00
1.000000000000000000e+00 2.200000000000000000e+01 2.591232617813191919e+00
1.000000000000000000e+00 2.300000000000000000e+01 2.447537693086011767e+00
1.000000000000000000e+00 2.400000000000000000e+01 2.455713678540229150e+00
1.000000000000000000e+00 2.500000000000000000e+01 2.574471047470549667e+00
1.000000000000000000e+00 2.600000000000000000e+01 2.602048105240159170e+00
1.000000000000000000e+00 2.700000000000000000e+01 2.622315889508732845e+00
1.000000000000000000e+00 2.800000000000000000e+01 2.526280752322600076e+00
1.000000000000000000e+00 2.900000000000000000e+01 2.517255044182210799e+00
1.000000000000000000e+00 3.000000000000000000e+01 2.509867281141211937e+00
1.000000000000000000e+00 3.100000000000000000e+01 2.544409315372277991e+00
1.000000000000000000e+00 3.200000000000000000e+01 2.615042569278882567e+00
2.000000000000000000e+00 3.000000000000000000e+00 2.240987737805157476e+00
2.000000000000000000e+00 4.000000000000000000e+00 2.206570227366641213e+00
2.000000000000000000e+00 5.000000000000000000e+00 2.234745595932631002e+00
2.000000000000000000e+00 6.000000000000000000e+00 2.252125587681292007e+00
2.000000000000000000e+00 7.000000000000000000e+00 2.243277902128735679e+00
2.000000000000000000e+00 8.000000000000000000e+00 2.284149670229366880e+00
2.000000000000000000e+00 9.000000000000000000e+00 2.218992325228838158e+00
2.000000000000000000e+00 1.000000000000000000e+01 2.269063990616887683e+00
2.000000000000000000e+00 1.100000000000000000e+01 2.250035736458958713e+00
2.000000000000000000e+00 1.200000000000000000e+01 2.261540289873536391e+00
2.000000000000000000e+00 1.300000000000000000e+01 3.457215441216336949e+00
2.000000000000000000e+00 1.400000000000000000e+01 3.587411162674284615e+00
2.000000000000000000e+00 1.500000000000000000e+01 3.006793038747597180e+00
2.000000000000000000e+00 1.600000000000000000e+01 2.476568517794875746e+00
2.000000000000000000e+00 1.700000000000000000e+01 2.534788433205744873e+00
2.000000000000000000e+00 1.800000000000000000e+01 2.492572153232968102e+00
2.000000000000000000e+00 1.900000000000000000e+01 2.579188939628743515e+00
2.000000000000000000e+00 2.000000000000000000e+01 2.520806305504748490e+00
2.000000000000000000e+00 2.100000000000000000e+01 2.352789106969928490e+00
2.000000000000000000e+00 2.200000000000000000e+01 2.492517090366423549e+00
2.000000000000000000e+00 2.300000000000000000e+01 2.363496688043294380e+00
2.000000000000000000e+00 2.400000000000000000e+01 2.372958269784052110e+00
2.000000000000000000e+00 2.500000000000000000e+01 2.486473216336807734e+00
2.000000000000000000e+00 2.600000000000000000e+01 2.516520722727315640e+00
2.000000000000000000e+00 2.700000000000000000e+01 2.538484386931280312e+00
2.000000000000000000e+00 2.800000000000000000e+01 2.449057819124514257e+00
2.000000000000000000e+00 2.900000000000000000e+01 2.442220882236804780e+00
2.000000000000000000e+00 3.000000000000000000e+01 2.440393028154697941e+00
2.000000000000000000e+00 3.100000000000000000e+01 2.469882283728115357e+00
2.000000000000000000e+00 3.200000000000000000e+01 2.539072716583348210e+00
3.000000000000000000e+00 4.000000000000000000e+00 6.015740100656974398e-01
3.000000000000000000e+00 5.000000000000000000e+00 4.616284390948557359e-01
3.000000000000000000e+00 6.000000000000000000e+00 5.773510480645560605e-01
3.000000000000000000e+00 7.000000000000000000e+00 6.308207444688060939e-01
3.000000000000000000e+00 8.000000000000000000e+00 6.668471622864400317e-01
3.000000000000000000e+00 9.000000000000000000e+00 7.515696157626967633e-01
3.000000000000000000e+00 1.000000000000000000e+01 6.553483850649239884e-01
3.000000000000000000e+00 1.100000000000000000e+01 7.547797930343476125e-01
3.000000000000000000e+00 1.200000000000000000e+01 7.353390229593292915e-01
3.000000000000000000e+00 1.300000000000000000e+01 2.078993826834373060e+00
3.000000000000000000e+00 1.400000000000000000e+01 2.123987271002949928e+00
3.000000000000000000e+00 1.500000000000000000e+01 1.636712807865647434e+00
3.000000000000000000e+00 1.600000000000000000e+01 1.015743722141481342e+00
3.000000000000000000e+00 1.700000000000000000e+01 1.076459662218703706e+00
3.000000000000000000e+00 1.800000000000000000e+01 1.035384436792198937e+00
3.000000000000000000e+00 1.900000000000000000e+01 1.125701115456444246e+00
3.000000000000000000e+00 2.000000000000000000e+01 1.067121018536992594e+00
3.000000000000000000e+00 2.100000000000000000e+01 9.387014442891450372e-01
3.000000000000000000e+00 2.200000000000000000e+01 1.044139122454625035e+00
3.000000000000000000e+00 2.300000000000000000e+01 9.548225137467274415e-01
3.000000000000000000e+00 2.400000000000000000e+01 9.639728870611699030e-01
3.000000000000000000e+00 2.500000000000000000e+01 1.057639055579154164e+00
3.000000000000000000e+00 2.600000000000000000e+01 1.091460152655852500e+00
3.000000000000000000e+00 2.700000000000000000e+01 1.116098651253993879e+00
3.000000000000000000e+00 2.800000000000000000e+01 1.040199835393303740e+00
3.000000000000000000e+00 2.900000000000000000e+01 1.037412595019266082e+00
3.000000000000000000e+00 3.000000000000000000e+01 1.044689878764329727e+00
3.000000000000000000e+00 3.100000000000000000e+01 1.064460450039043327e+00
3.000000000000000000e+00 3.200000000000000000e+01 1.129711582973307760e+00
4.000000000000000000e+00 5.000000000000000000e+00 5.695990370896368837e-01
4.000000000000000000e+00 6.000000000000000000e+00 6.446362651718042791e-01
4.000000000000000000e+00 7.000000000000000000e+00 6.383865872272287412e-01
4.000000000000000000e+00 8.000000000000000000e+00 7.241333486227294891e-01
4.000000000000000000e+00 9.000000000000000000e+00 6.983467850294755586e-01
4.000000000000000000e+00 1.000000000000000000e+01 6.994748374899777410e-01
4.000000000000000000e+00 1.100000000000000000e+01 7.319356635013112289e-01
4.000000000000000000e+00 1.200000000000000000e+01 7.303871603406659752e-01
4.000000000000000000e+00 1.300000000000000000e+01 2.062948456221433524e+00
4.000000000000000000e+00 1.400000000000000000e+01 2.137261989894821301e+00
4.000000000000000000e+00 1.500000000000000000e+01 1.630132180972383438e+00
4.000000000000000000e+00 1.600000000000000000e+01 1.027872795947406548e+00
4.000000000000000000e+00 1.700000000000000000e+01 1.088302775294777369e+00
4.000000000000000000e+00 1.800000000000000000e+01 1.046854454016194591e+00
4.000000000000000000e+00 1.900000000000000000e+01 1.136682611187080028e+00
4.000000000000000000e+00 2.000000000000000000e+01 1.078004174667266835e+00
4.000000000000000000e+00 2.100000000000000000e+01 9.380707122324443148e-01
4.000000000000000000e+00 2.200000000000000000e+01 1.053858291625349164e+00
4.000000000000000000e+00 2.300000000000000000e+01 9.545789444524062084e-01
4.000000000000000000e+00 2.400000000000000000e+01 9.643713171551322461e-01
4.000000000000000000e+00 2.500000000000000000e+01 1.063745745056881908e+00
4.000000000000000000e+00 2.600000000000000000e+01 1.097079332945164243e+00
4.000000000000000000e+00 2.700000000000000000e+01 1.121336900114682233e+00
4.000000000000000000e+00 2.800000000000000000e+01 1.042731653796213909e+00
4.000000000000000000e+00 2.900000000000000000e+01 1.039267700152408658e+00
4.000000000000000000e+00 3.000000000000000000e+01 1.045280721739688889e+00
4.000000000000000000e+00 3.100000000000000000e+01 1.066713512210737402e+00
4.000000000000000000e+00 3.200000000000000000e+01 1.132900237909597152e+00
5.000000000000000000e+00 6.000000000000000000e+00 5.474913060858690450e-01
5.000000000000000000e+00 7.000000000000000000e+00 5.917202293474450592e-01
5.000000000000000000e+00 8.000000000000000000e+00 6.664683915609348475e-01
5.000000000000000000e+00 9.000000000000000000e+00 7.295570873925596445e-01
5.000000000000000000e+00 1.000000000000000000e+01 6.418163676075376856e-01
5.000000000000000000e+00 1.100000000000000000e+01 7.336698380801052188e-01
5.000000000000000000e+00 1.200000000000000000e+01 7.152501713859136245e-01
5.000000000000000000e+00 1.300000000000000000e+01 2.065669660484059200e+00
5.000000000000000000e+00 1.400000000000000000e+01 2.117962415700104462e+00
5.000000000000000000e+00 1.500000000000000000e+01 1.626220122289494974e+00
5.000000000000000000e+00 1.600000000000000000e+01 1.009153557861450334e+00
5.000000000000000000e+00 1.700000000000000000e+01 1.069898692963816345e+00
5.000000000000000000e+00 1.800000000000000000e+01 1.028675597259347096e+00
5.000000000000000000e+00 1.900000000000000000e+01 1.118989629051759582e+00
5.000000000000000000e+00 2.000000000000000000e+01 1.060325592369921299e+00
5.000000000000000000e+00 2.100000000000000000e+01 9.286028342442547157e-01
5.000000000000000000e+00 2.200000000000000000e+01 1.037033112177894179e+00
5.000000000000000000e+00 2.300000000000000000e+01 9.451127566046824136e-01
5.000000000000000000e+00 2.400000000000000000e+01 9.545111776184733721e-01
5.000000000000000000e+00 2.500000000000000000e+01 1.049791159810693930e+00
5.000000000000000000e+00 2.600000000000000000e+01 1.083576427625180028e+00
5.000000000000000000e+00 2.700000000000000000e+01 1.108170411094228314e+00
5.000000000000000000e+00 2.800000000000000000e+01 1.031672641881975050e+00
5.000000000000000000e+00 2.900000000000000000e+01 1.028773833566099416e+00
5.000000000000000000e+00 3.000000000000000000e+01 1.035916736175173103e+00
5.000000000000000000e+00 3.100000000000000000e+01 1.055973267230502444e+00
5.000000000000000000e+00 3.200000000000000000e+01 1.121466135884487070e+00
6.000000000000000000e+00 7.000000000000000000e+00 5.324072998927262823e-01
6.000000000000000000e+00 8.000000000000000000e+00 6.018633788543841234e-01
6.000000000000000000e+00 9.000000000000000000e+00 7.355633343117777834e-01
6.000000000000000000e+00 1.000000000000000000e+01 5.473686599456053514e-01
6.000000000000000000e+00 1.100000000000000000e+01 7.169754334136606566e-01
6.000000000000000000e+00 1.200000000000000000e+01 6.823469837816436012e-01
6.000000000000000000e+00 1.300000000000000000e+01 2.054423652298742020e+00
6.000000000000000000e+00 1.400000000000000000e+01 2.093894371544187560e+00
6.000000000000000000e+00 1.500000000000000000e+01 1.611490913602773745e+00
6.000000000000000000e+00 1.600000000000000000e+01 9.848544860079240237e-01
6.000000000000000000e+00 1.700000000000000000e+01 1.045960216131276432e+00
6.000000000000000000e+00 1.800000000000000000e+01 1.004755652688807288e+00
6.000000000000000000e+00 1.900000000000000000e+01 1.095556545974429863e+00
6.000000000000000000e+00 2.000000000000000000e+01 1.036787408175120717e+00
6.000000000000000000e+00 2.100000000000000000e+01 9.090894785061851557e-01
6.000000000000000000e+00 2.200000000000000000e+01 1.013917431808124103e+00
6.000000000000000000e+00 2.300000000000000000e+01 9.259912889455463869e-01
6.000000000000000000e+00 2.400000000000000000e+01 9.352755313886329525e-01
6.000000000000000000e+00 2.500000000000000000e+01 1.028499787646275809e+00
6.000000000000000000e+00 2.600000000000000000e+01 1.062669106138737884e+00
6.000000000000000000e+00 2.700000000000000000e+01 1.087527005794007628e+00
6.000000000000000000e+00 2.800000000000000000e+01 1.012316215725792556e+00
6.000000000000000000e+00 2.900000000000000000e+01 1.009821122124747284e+00
6.000000000000000000e+00 3.000000000000000000e+01 1.017868095403439366e+00
6.000000000000000000e+00 3.100000000000000000e+01 1.036957943744128752e+00
6.000000000000000000e+00 3.200000000000000000e+01 1.102075634229699119e+00
7.000000000000000000e+00 8.000000000000000000e+00 6.488842849593363660e-01
7.000000000000000000e+00 9.000000000000000000e+00 6.972809546812674952e-01
7.000000000000000000e+00 1.000000000000000000e+01 5.819696157937559455e-01
7.000000000000000000e+00 1.100000000000000000e+01 6.718646836472381700e-01
7.000000000000000000e+00 1.200000000000000000e+01 6.365802035717682550e-01
7.000000000000000000e+00 1.300000000000000000e+01 2.031950385113210800e+00
7.000000000000000000e+00 1.400000000000000000e+01 2.090558197802217411e+00
7.000000000000000000e+00 1.500000000000000000e+01 1.595953121860942403e+00
7.000000000000000000e+00 1.600000000000000000e+01 9.804059612973183846e-01
7.000000000000000000e+00 1.700000000000000000e+01 1.041464408289749510e+00
7.000000000000000000e+00 1.800000000000000000e+01 9.999361065873624277e-01
7.000000000000000000e+00 1.900000000000000000e+01 1.090584617058024453e+00
7.000000000000000000e+00 2.000000000000000000e+01 1.031668842121625129e+00
7.000000000000000000e+00 2.100000000000000000e+01 8.952002054203029857e-01
7.000000000000000000e+00 2.200000000000000000e+01 1.008005324534510194e+00
7.000000000000000000e+00 2.300000000000000000e+01 9.130282447572906079e-01
7.000000000000000000e+00 2.400000000000000000e+01 9.229560694928125031e-01
7.000000000000000000e+00 2.500000000000000000e+01 1.020493341990862390e+00
7.000000000000000000e+00 2.600000000000000000e+01 1.054504618602236210e+00
7.000000000000000000e+00 2.700000000000000000e+01 1.079208163130420672e+00
7.000000000000000000e+00 2.800000000000000000e+01 1.002331923731107022e+00
7.000000000000000000e+00 2.900000000000000000e+01 9.994954219863756428e-01
7.000000000000000000e+00 3.000000000000000000e+01 1.007060565676667796e+00
7.000000000000000000e+00 3.100000000000000000e+01 1.027011794326682992e+00
7.000000000000000000e+00 3.200000000000000000e+01 1.092777480785329658e+00
8.000000000000000000e+00 9.000000000000000000e+00 7.836621178569047608e-01
8.000000000000000000e+00 1.000000000000000000e+01 5.338538856929275767e-01
8.000000000000000000e+00 1.100000000000000000e+01 7.502291172674881992e-01
8.000000000000000000e+00 1.200000000000000000e+01 7.052760953675631939e-01
8.000000000000000000e+00 1.300000000000000000e+01 2.068098420948134120e+00
8.000000000000000000e+00 1.400000000000000000e+01 2.068862351527949617e+00
8.000000000000000000e+00 1.500000000000000000e+01 1.613259011165142809e+00
8.000000000000000000e+00 1.600000000000000000e+01 9.608190076358265053e-01
8.000000000000000000e+00 1.700000000000000000e+01 1.022470738856522399e+00
8.000000000000000000e+00 1.800000000000000000e+01 9.816863675995972649e-01
8.000000000000000000e+00 1.900000000000000000e+01 1.073331173670199146e+00
8.000000000000000000e+00 2.000000000000000000e+01 1.014595203182400152e+00
8.000000000000000000e+00 2.100000000000000000e+01 9.032428652464421504e-01
8.000000000000000000e+00 2.200000000000000000e+01 9.932600842383925155e-01
8.000000000000000000e+00 2.300000000000000000e+01 9.193931545996520960e-01
8.000000000000000000e+00 2.400000000000000000e+01 9.277009867150582956e-01
8.000000000000000000e+00 2.500000000000000000e+01 1.012786656400326724e+00
8.000000000000000000e+00 2.600000000000000000e+01 1.047626197817783211e+00
8.000000000000000000e+00 2.700000000000000000e+01 1.073003930051179111e+00
8.000000000000000000e+00 2.800000000000000000e+01 1.001522608430360339e+00
8.000000000000000000e+00 2.900000000000000000e+01 9.999585983870669104e-01
8.000000000000000000e+00 3.000000000000000000e+01 1.009717465682026916e+00
8.000000000000000000e+00 3.100000000000000000e+01 1.026522000123240463e+00
8.000000000000000000e+00 3.200000000000000000e+01 1.090340133548433954e+00
9.000000000000000000e+00 1.000000000000000000e+01 7.516713791353075713e-01
9.000000000000000000e+00 1.100000000000000000e+01 6.357764963106653511e-01
9.000000000000000000e+00 1.200000000000000000e+01 6.969670824034044365e-01
9.000000000000000000e+00 1.300000000000000000e+01 1.992368785952009169e+00
9.000000000000000000e+00 1.400000000000000000e+01 2.134591040078582136e+00
9.000000000000000000e+00 1.500000000000000000e+01 1.595177229579175737e+00
9.000000000000000000e+00 1.600000000000000000e+01 1.022977517598770980e+00
9.000000000000000000e+00 1.700000000000000000e+01 1.083205775109587599e+00
9.000000000000000000e+00 1.800000000000000000e+01 1.041089926359274553e+00
9.000000000000000000e+00 1.900000000000000000e+01 1.130469847642082026e+00
9.000000000000000000e+00 2.000000000000000000e+01 1.071517782969108712e+00
9.000000000000000000e+00 2.100000000000000000e+01 9.103574516056447408e-01
9.000000000000000000e+00 2.200000000000000000e+01 1.045621150921675291e+00
9.000000000000000000e+00 2.300000000000000000e+01 9.292118802691526902e-01
9.000000000000000000e+00 2.400000000000000000e+01 9.407197621438654345e-01
9.000000000000000000e+00 2.500000000000000000e+01 1.050670057207124142e+00
9.000000000000000000e+00 2.600000000000000000e+01 1.083598428567055461e+00
9.000000000000000000e+00 2.700000000000000000e+01 1.107482092819580544e+00
9.000000000000000000e+00 2.800000000000000000e+01 1.024924039524504060e+00
9.000000000000000000e+00 2.900000000000000000e+01 1.020607835457180368e+00
9.000000000000000000e+00 3.000000000000000000e+01 1.025393873317102855e+00
9.000000000000000000e+00 3.100000000000000000e+01 1.048984757526606248e+00
9.000000000000000000e+00 3.200000000000000000e+01 1.116729829498689153e+00
1.000000000000000000e+01 1.100000000000000000e+01 7.129676261850450558e-01
1.000000000000000000e+01 1.200000000000000000e+01 6.600594533095387462e-01
1.000000000000000000e+01 1.300000000000000000e+01 2.047099195060472887e+00
1.000000000000000000e+01 1.400000000000000000e+01 2.069542810092955154e+00
1.000000000000000000e+01 1.500000000000000000e+01 1.598337925786671221e+00
1.000000000000000000e+01 1.600000000000000000e+01 9.600775472497034002e-01
1.000000000000000000e+01 1.700000000000000000e+01 1.021639584188100525e+00
1.000000000000000000e+01 1.800000000000000000e+01 9.804290242518272080e-01
1.000000000000000000e+01 1.900000000000000000e+01 1.071834311398399020e+00
1.000000000000000000e+01 2.000000000000000000e+01 1.012916936209261376e+00
1.000000000000000000e+01 2.100000000000000000e+01 8.904419864291153175e-01
1.000000000000000000e+01 2.200000000000000000e+01 9.905116793228048166e-01
1.000000000000000000e+01 2.300000000000000000e+01 9.075863544651068260e-01
1.000000000000000000e+01 2.400000000000000000e+01 9.166346052626752616e-01
1.000000000000000000e+01 2.500000000000000000e+01 1.007179071832389194e+00
1.000000000000000000e+01 2.600000000000000000e+01 1.041781224259211935e+00
1.000000000000000000e+01 2.700000000000000000e+01 1.066935914423713161e+00
1.000000000000000000e+01 2.800000000000000000e+01 9.932330829128290794e-01
1.000000000000000000e+01 2.900000000000000000e+01 9.912056782875491301e-01
1.000000000000000000e+01 3.000000000000000000e+01 1.000269943078668344e+00
1.000000000000000000e+01 3.100000000000000000e+01 1.018236374767773622e+00
1.000000000000000000e+01 3.200000000000000000e+01 1.082897549774799018e+00
1.100000000000000000e+01 1.200000000000000000e+01 5.774148015741604745e-01
1.100000000000000000e+01 1.300000000000000000e+01 1.957882289653296581e+00
1.100000000000000000e+01 1.400000000000000000e+01 2.086533828086408082e+00
1.100000000000000000e+01 1.500000000000000000e+01 1.552841016996296730e+00
1.100000000000000000e+01 1.600000000000000000e+01 9.737898859220832648e-01
1.100000000000000000e+01 1.700000000000000000e+01 1.034525870143283122e+00
1.100000000000000000e+01 1.800000000000000000e+01 9.921755993861141043e-01
1.100000000000000000e+01 1.900000000000000000e+01 1.082180185564712183e+00
1.100000000000000000e+01 2.000000000000000000e+01 1.022954758448193946e+00
1.100000000000000000e+01 2.100000000000000000e+01 8.580880409868814063e-01
1.100000000000000000e+01 2.200000000000000000e+01 9.970660806518303332e-01
1.100000000000000000e+01 2.300000000000000000e+01 8.795164762824017046e-01
1.100000000000000000e+01 2.400000000000000000e+01 8.918231373615328472e-01
1.100000000000000000e+01 2.500000000000000000e+01 1.003403033776737896e+00
1.100000000000000000e+01 2.600000000000000000e+01 1.036940805838236113e+00
1.100000000000000000e+01 2.700000000000000000e+01 1.061192925272072429e+00
1.100000000000000000e+01 2.800000000000000000e+01 9.792620100873965505e-01
1.100000000000000000e+01 2.900000000000000000e+01 9.753696273194027988e-01
1.100000000000000000e+01 3.000000000000000000e+01 9.815055439937627746e-01
1.100000000000000000e+01 3.100000000000000000e+01 1.004126863799176039e+00
1.100000000000000000e+01 3.200000000000000000e+01 1.071904082406581526e+00
1.200000000000000000e+01 1.300000000000000000e+01 1.985256894392821714e+00
1.200000000000000000e+01 1.400000000000000000e+01 2.062085842495029464e+00
1.200000000000000000e+01 1.500000000000000000e+01 1.553518785010842507e+00
1.200000000000000000e+01 1.600000000000000000e+01 9.494396692820252781e-01
1.200000000000000000e+01 1.700000000000000000e+01 1.010784357026796254e+00
1.200000000000000000e+01 1.800000000000000000e+01 9.685937632484509230e-01
1.200000000000000000e+01 1.900000000000000000e+01 1.059449651700392181e+00
1.200000000000000000e+01 2.000000000000000000e+01 1.000116907101899599e+00
1.200000000000000000e+01 2.100000000000000000e+01 8.481069865045758327e-01
1.200000000000000000e+01 2.200000000000000000e+01 9.752434640061431459e-01
1.200000000000000000e+01 2.300000000000000000e+01 8.689936585782866985e-01
1.200000000000000000e+01 2.400000000000000000e+01 8.803786149555721252e-01
1.200000000000000000e+01 2.500000000000000000e+01 9.854486793117689380e-01
1.200000000000000000e+01 2.600000000000000000e+01 1.019651256980553811e+00
1.200000000000000000e+01 2.700000000000000000e+01 1.044380213318518713e+00
1.200000000000000000e+01 2.800000000000000000e+01 9.654289499273160935e-01
1.200000000000000000e+01 2.900000000000000000e+01 9.623790796333020481e-01
1.200000000000000000e+01 3.000000000000000000e+01 9.701681398504193865e-01
1.200000000000000000e+01 3.100000000000000000e+01 9.907284725104497092e-01
1.200000000000000000e+01 3.200000000000000000e+01 1.057492274341107930e+00
1.300000000000000000e+01 1.400000000000000000e+01 3.289345787441861457e+00
1.300000000000000000e+01 1.500000000000000000e+01 2.575772311281152582e+00
1.300000000000000000e+01 1.600000000000000000e+01 2.174898547542784222e+00
1.300000000000000000e+01 1.700000000000000000e+01 2.232892286160861772e+00
1.300000000000000000e+01 1.800000000000000000e+01 2.189569738432096901e+00
1.300000000000000000e+01 1.900000000000000000e+01 2.275632003478631038e+00
1.300000000000000000e+01 2.000000000000000000e+01 2.216751632422851781e+00
1.300000000000000000e+01 2.100000000000000000e+01 1.996333605914252907e+00
1.300000000000000000e+01 2.200000000000000000e+01 2.185672298670844338e+00
1.300000000000000000e+01 2.300000000000000000e+01 2.014441462662388549e+00
1.300000000000000000e+01 2.400000000000000000e+01 2.030133099351610237e+00
1.300000000000000000e+01 2.500000000000000000e+01 2.172385821653687099e+00
1.300000000000000000e+01 2.600000000000000000e+01 2.202400328658198791e+00
1.300000000000000000e+01 2.700000000000000000e+01 2.224152146324914980e+00
1.300000000000000000e+01 2.800000000000000000e+01 2.126894985595959131e+00
1.300000000000000000e+01 2.900000000000000000e+01 2.118443985447786115e+00
1.300000000000000000e+01 3.000000000000000000e+01 2.115320945355377180e+00
1.300000000000000000e+01 3.100000000000000000e+01 2.149281045626695086e+00
1.300000000000000000e+01 3.200000000000000000e+01 2.222361732683380886e+00
1.400000000000000000e+01 1.500000000000000000e+01 2.760284065127583730e+00
1.400000000000000000e+01 1.600000000000000000e+01 1.689417938192754320e+00
1.400000000000000000e+01 1.700000000000000000e+01 1.583666458401886246e+00
1.400000000000000000e+01 1.800000000000000000e+01 1.665428836940959112e+00
1.400000000000000000e+01 1.900000000000000000e+01 1.602957597780817256e+00
1.400000000000000000e+01 2.000000000000000000e+01 1.642787221300710865e+00
1.400000000000000000e+01 2.100000000000000000e+01 2.016779327481467377e+00
1.400000000000000000e+01 2.200000000000000000e+01 1.732738792448552889e+00
1.400000000000000000e+01 2.300000000000000000e+01 2.012616599851499100e+00
1.400000000000000000e+01 2.400000000000000000e+01 2.005003214409360357e+00
1.400000000000000000e+01 2.500000000000000000e+01 1.890885682037189763e+00
1.400000000000000000e+01 2.600000000000000000e+01 1.923356341308825268e+00
1.400000000000000000e+01 2.700000000000000000e+01 1.954274876713497200e+00
1.400000000000000000e+01 2.800000000000000000e+01 1.988587904063404022e+00
1.400000000000000000e+01 2.900000000000000000e+01 2.001977650702128297e+00
1.400000000000000000e+01 3.000000000000000000e+01 2.030890704670003100e+00
1.400000000000000000e+01 3.100000000000000000e+01 2.007816330599529575e+00
1.400000000000000000e+01 3.200000000000000000e+01 2.031108961375249322e+00
1.500000000000000000e+01 1.600000000000000000e+01 1.644297572984723566e+00
1.500000000000000000e+01 1.700000000000000000e+01 1.700690086288226155e+00
1.500000000000000000e+01 1.800000000000000000e+01 1.656602046329243461e+00
1.500000000000000000e+01 1.900000000000000000e+01 1.740359092275684194e+00
1.500000000000000000e+01 2.000000000000000000e+01 1.681565804367403327e+00
1.500000000000000000e+01 2.100000000000000000e+01 1.394317690023492595e+00
1.500000000000000000e+01 2.200000000000000000e+01 1.646990121926168893e+00
1.500000000000000000e+01 2.300000000000000000e+01 1.415487904678376818e+00
1.500000000000000000e+01 2.400000000000000000e+01 1.440004189456526529e+00
1.500000000000000000e+01 2.500000000000000000e+01 1.621309303736811369e+00
1.500000000000000000e+01 2.600000000000000000e+01 1.649826651199478800e+00
1.500000000000000000e+01 2.700000000000000000e+01 1.670440246513529736e+00
1.500000000000000000e+01 2.800000000000000000e+01 1.561022217180500160e+00
1.500000000000000000e+01 2.900000000000000000e+01 1.549256499829404721e+00
1.500000000000000000e+01 3.000000000000000000e+01 1.541181489487341683e+00
1.500000000000000000e+01 3.100000000000000000e+01 1.583764393060234088e+00
1.500000000000000000e+01 3.200000000000000000e+01 1.662139856779939251e+00
1.600000000000000000e+01 1.700000000000000000e+01 5.613363088930158895e-01
1.600000000000000000e+01 1.800000000000000000e+01 4.636258287052474891e-01
1.600000000000000000e+01 1.900000000000000000e+01 6.777832627318125525e-01
1.600000000000000000e+01 2.000000000000000000e+01 5.870694986384408232e-01
1.600000000000000000e+01 2.100000000000000000e+01 8.980217768386733468e-01
1.600000000000000000e+01 2.200000000000000000e+01 6.230877787346345009e-01
1.600000000000000000e+01 2.300000000000000000e+01 8.938887864038158604e-01
1.600000000000000000e+01 2.400000000000000000e+01 8.860876914627593415e-01
1.600000000000000000e+01 2.500000000000000000e+01 7.856252757042683221e-01
1.600000000000000000e+01 2.600000000000000000e+01 8.253701753351125880e-01
1.600000000000000000e+01 2.700000000000000000e+01 8.579179567570389686e-01
1.600000000000000000e+01 2.800000000000000000e+01 8.743236365866704496e-01
1.600000000000000000e+01 2.900000000000000000e+01 8.872983957260580645e-01
1.600000000000000000e+01 3.000000000000000000e+01 9.166079834358593637e-01
1.600000000000000000e+01 3.100000000000000000e+01 8.958597731656534613e-01
1.600000000000000000e+01 3.200000000000000000e+01 9.261916982403697318e-01
1.700000000000000000e+01 1.800000000000000000e+01 5.114198261115610045e-01
1.700000000000000000e+01 1.900000000000000000e+01 5.765661000558188753e-01
1.700000000000000000e+01 2.000000000000000000e+01 5.145654416320497582e-01
1.700000000000000000e+01 2.100000000000000000e+01 9.556393572961159322e-01
1.700000000000000000e+01 2.200000000000000000e+01 6.387045084149405305e-01
1.700000000000000000e+01 2.300000000000000000e+01 9.504498697617997927e-01
1.700000000000000000e+01 2.400000000000000000e+01 9.420179425492443137e-01
1.700000000000000000e+01 2.500000000000000000e+01 8.193642168701207318e-01
1.700000000000000000e+01 2.600000000000000000e+01 8.541163461280159019e-01
1.700000000000000000e+01 2.700000000000000000e+01 8.860195654870253179e-01
1.700000000000000000e+01 2.800000000000000000e+01 9.215759774855682984e-01
1.700000000000000000e+01 2.900000000000000000e+01 9.356797734892112750e-01
1.700000000000000000e+01 3.000000000000000000e+01 9.656341723019736811e-01
1.700000000000000000e+01 3.100000000000000000e+01 9.409726700953622291e-01
1.700000000000000000e+01 3.200000000000000000e+01 9.638257274879036274e-01
1.800000000000000000e+01 1.900000000000000000e+01 6.280977614722269564e-01
1.800000000000000000e+01 2.000000000000000000e+01 5.078474938651993398e-01
1.800000000000000000e+01 2.100000000000000000e+01 9.107242836117364071e-01
1.800000000000000000e+01 2.200000000000000000e+01 5.807331756357427821e-01
1.800000000000000000e+01 2.300000000000000000e+01 9.053417549150983845e-01
1.800000000000000000e+01 2.400000000000000000e+01 8.967052493190887930e-01
1.800000000000000000e+01 2.500000000000000000e+01 7.758275271628161107e-01
1.800000000000000000e+01 2.600000000000000000e+01 8.138673006166574631e-01
1.800000000000000000e+01 2.700000000000000000e+01 8.466688507638777672e-01
1.800000000000000000e+01 2.800000000000000000e+01 8.766548557390665408e-01
1.800000000000000000e+01 2.900000000000000000e+01 8.908027179595996436e-01
1.800000000000000000e+01 3.000000000000000000e+01 9.210886412366883214e-01
1.800000000000000000e+01 3.100000000000000000e+01 8.967933373078871284e-01
1.800000000000000000e+01 3.200000000000000000e+01 9.218371436483918657e-01
1.900000000000000000e+01 2.000000000000000000e+01 5.405927976610662711e-01
1.900000000000000000e+01 2.100000000000000000e+01 9.961161789635446517e-01
1.900000000000000000e+01 2.200000000000000000e+01 6.513426903386689837e-01
1.900000000000000000e+01 2.300000000000000000e+01 9.893145474874374123e-01
1.900000000000000000e+01 2.400000000000000000e+01 9.798457848144686011e-01
1.900000000000000000e+01 2.500000000000000000e+01 8.297363864874016670e-01
1.900000000000000000e+01 2.600000000000000000e+01 8.581141002245118443e-01
1.900000000000000000e+01 2.700000000000000000e+01 8.890126292863715918e-01
1.900000000000000000e+01 2.800000000000000000e+01 9.480523596449867973e-01
1.900000000000000000e+01 2.900000000000000000e+01 9.636701353914243207e-01
1.900000000000000000e+01 3.000000000000000000e+01 9.946912971816015414e-01
1.900000000000000000e+01 3.100000000000000000e+01 9.649649787522727173e-01
1.900000000000000000e+01 3.200000000000000000e+01 9.786422618343713076e-01
2.000000000000000000e+01 2.100000000000000000e+01 9.364994444812211327e-01
2.000000000000000000e+01 2.200000000000000000e+01 5.609987509818572526e-01
2.000000000000000000e+01 2.300000000000000000e+01 9.298943327401856251e-01
2.000000000000000000e+01 2.400000000000000000e+01 9.204848099391482741e-01
2.000000000000000000e+01 2.500000000000000000e+01 7.767882367294207668e-01
2.000000000000000000e+01 2.600000000000000000e+01 8.103124001738937210e-01
2.000000000000000000e+01 2.700000000000000000e+01 8.426712973910945870e-01
2.000000000000000000e+01 2.800000000000000000e+01 8.913811698505211822e-01
2.000000000000000000e+01 2.900000000000000000e+01 9.067415651282750844e-01
2.000000000000000000e+01 3.000000000000000000e+01 9.378452383681059601e-01
2.000000000000000000e+01 3.100000000000000000e+01 9.094972825635831981e-01
2.000000000000000000e+01 3.200000000000000000e+01 9.272465932102011976e-01
2.100000000000000000e+01 2.200000000000000000e+01 9.013566923160509781e-01
2.100000000000000000e+01 2.300000000000000000e+01 5.505338016793479561e-01
2.100000000000000000e+01 2.400000000000000000e+01 6.244129171929793110e-01
2.100000000000000000e+01 2.500000000000000000e+01 8.789845456346552233e-01
2.100000000000000000e+01 2.600000000000000000e+01 9.111094417163028147e-01
2.100000000000000000e+01 2.700000000000000000e+01 9.338417724955254684e-01
2.100000000000000000e+01 2.800000000000000000e+01 8.223371638421625995e-01
2.100000000000000000e+01 2.900000000000000000e+01 8.123047187006249281e-01
2.100000000000000000e+01 3.000000000000000000e+01 8.141479947184762089e-01
2.100000000000000000e+01 3.100000000000000000e+01 8.520549733432107864e-01
2.100000000000000000e+01 3.200000000000000000e+01 9.332030899635830323e-01
2.200000000000000000e+01 2.300000000000000000e+01 8.931316130797131159e-01
2.200000000000000000e+01 2.400000000000000000e+01 8.825368947670040320e-01
2.200000000000000000e+01 2.500000000000000000e+01 7.156174756572291074e-01
2.200000000000000000e+01 2.600000000000000000e+01 7.548512268761569111e-01
2.200000000000000000e+01 2.700000000000000000e+01 7.900344893723176831e-01
2.200000000000000000e+01 2.800000000000000000e+01 8.445055935068426223e-01
2.200000000000000000e+01 2.900000000000000000e+01 8.613242247546168961e-01
2.200000000000000000e+01 3.000000000000000000e+01 8.940625829711255079e-01
2.200000000000000000e+01 3.100000000000000000e+01 8.622031559069358586e-01
2.200000000000000000e+01 3.200000000000000000e+01 8.777782814855679128e-01
2.300000000000000000e+01 2.400000000000000000e+01 5.162175212832660343e-01
2.300000000000000000e+01 2.500000000000000000e+01 8.641145550337077097e-01
2.300000000000000000e+01 2.600000000000000000e+01 8.956566466132627191e-01
2.300000000000000000e+01 2.700000000000000000e+01 9.179448959883007575e-01
2.300000000000000000e+01 2.800000000000000000e+01 7.977325332674025660e-01
2.300000000000000000e+01 2.900000000000000000e+01 7.854547670503366774e-01
2.300000000000000000e+01 3.000000000000000000e+01 7.860515454073313535e-01
2.300000000000000000e+01 3.100000000000000000e+01 8.291299713266919724e-01
2.300000000000000000e+01 3.200000000000000000e+01 9.143693547537914412e-01
2.400000000000000000e+01 2.500000000000000000e+01 8.491657340970593104e-01
2.400000000000000000e+01 2.600000000000000000e+01 8.808509641860018391e-01
2.400000000000000000e+01 2.700000000000000000e+01 9.031565952757092397e-01
2.400000000000000000e+01 2.800000000000000000e+01 7.758396898939352582e-01
2.400000000000000000e+01 2.900000000000000000e+01 7.622404451904958300e-01
2.400000000000000000e+01 3.000000000000000000e+01 7.645484698393838485e-01
2.400000000000000000e+01 3.100000000000000000e+01 8.099503390390512259e-01
2.400000000000000000e+01 3.200000000000000000e+01 8.986843421506289786e-01
2.500000000000000000e+01 2.600000000000000000e+01 5.854753764556863693e-01
2.500000000000000000e+01 2.700000000000000000e+01 6.583537034924096254e-01
2.500000000000000000e+01 2.800000000000000000e+01 7.562884755850083351e-01
2.500000000000000000e+01 2.900000000000000000e+01 7.823312396259685109e-01
2.500000000000000000e+01 3.000000000000000000e+01 8.224503964242582121e-01
2.500000000000000000e+01 3.100000000000000000e+01 7.653801911332092089e-01
2.500000000000000000e+01 3.200000000000000000e+01 7.609055275039615651e-01
2.600000000000000000e+01 2.700000000000000000e+01 5.307497662315294740e-01
2.600000000000000000e+01 2.800000000000000000e+01 7.810552553108554008e-01
2.600000000000000000e+01 2.900000000000000000e+01 8.057996214644562727e-01
2.600000000000000000e+01 3.000000000000000000e+01 8.421970404138985344e-01
2.600000000000000000e+01 3.100000000000000000e+01 7.790221012106073317e-01
2.600000000000000000e+01 3.200000000000000000e+01 7.301993357602074575e-01
2.700000000000000000e+01 2.800000000000000000e+01 8.005320279151892926e-01
2.700000000000000000e+01 2.900000000000000000e+01 8.239677343061022619e-01
2.700000000000000000e+01 3.000000000000000000e+01 8.577181660029444821e-01
2.700000000000000000e+01 3.100000000000000000e+01 7.926984022105618699e-01
2.700000000000000000e+01 3.200000000000000000e+01 7.132918702507291542e-01
2.800000000000000000e+01 2.900000000000000000e+01 5.295977974211889538e-01
2.800000000000000000e+01 3.000000000000000000e+01 6.634847822423211028e-01
2.800000000000000000e+01 3.100000000000000000e+01 5.855104341403878365e-01
2.800000000000000000e+01 3.200000000000000000e+01 7.737295523690375099e-01
2.900000000000000000e+01 3.000000000000000000e+01 6.053323762736724234e-01
2.900000000000000000e+01 3.100000000000000000e+01 6.225395114494904902e-01
2.900000000000000000e+01 3.200000000000000000e+01 7.942369445426260555e-01
3.000000000000000000e+01 3.100000000000000000e+01 6.828095939765930211e-01
3.000000000000000000e+01 3.200000000000000000e+01 8.204128260541145856e-01
3.100000000000000000e+01 3.200000000000000000e+01 7.404703774485299483e-01
