1.000000000000000000e+00 2.000000000000000000e+00 8.688637171457282982e-01
1.000000000000000000e+00 3.000000000000000000e+00 1.018286820356487432e+00
1.000000000000000000e+00 4.000000000000000000e+00 9.806667999209621733e-01
1.000000000000000000e+00 5.000000000000000000e+00 1.005913176426822542e+00
1.000000000000000000e+00 6.000000000000000000e+00 1.017645306948719464e+00
1.000000000000000000e+00 7.000000000000000000e+00 1.007283493084201176e+00
1.000000000000000000e+00 8.000000000000000000e+00 1.055256460636820215e+00
1.000000000000000000e+00 9.000000000000000000e+00 9.581337298676595449e-01
1.000000000000000000e+00 1.000000000000000000e+01 1.055433208974052350e+00
1.000000000000000000e+00 1.100000000000000000e+01 9.938096029270021559e-01
1.000000000000000000e+00 1.200000000000000000e+01 1.021551352170229299e+00
1.000000000000000000e+00 1.300000000000000000e+01 9.769683392706571823e-01
1.000000000000000000e+00 1.400000000000000000e+01 1.363868697573678235e+00
1.000000000000000000e+00 1.500000000000000000e+01 1.015272450234089963e+00
1.000000000000000000e+00 1.600000000000000000e+01 2.389154861288028453e+00
1.000000000000000000e+00 1.700000000000000000e+01 2.395863140704381333e+00
1.000000000000000000e+00 1.800000000000000000e+01 2.470235866525658963e+00
1.000000000000000000e+00 1.900000000000000000e+01 2.329016209625006439e+00
1.000000000000000000e+00 2.000000000000000000e+01 2.507323555314753705e+00
1.000000000000000000e+00 2.100000000000000000e+01 1.076323034316998051e+00
1.000000000000000000e+00 2.200000000000000000e+01 2.564658252572968866e+00
1.000000000000000000e+00 2.300000000000000000e+01 1.083459151978165558e+00
1.000000000000000000e+00 2.400000000000000000e+01 1.096630443614058592e+00
1.000000000000000000e+00 2.500000000000000000e+01 2.522943054282820174e+00
1.000000000000000000e+00 2.600000000000000000e+01 2.420927334858544722e+00
1.000000000000000000e+00 2.700000000000000000e+01 2.292621411422389066e+00
1.000000000000000000e+00 2.800000000000000000e+01 1.191826955492231610e+00
1.000000000000000000e+00 2.900000000000000000e+01 1.171039772054679240e+00
1.000000000000000000e+00 3.000000000000000000e+01 1.150736946961667950e+00
1.000000000000000000e+00 3.100000000000000000e+01 1.202685496950397059e+00
1.000000000000000000e+00 3.200000000000000000e+01 1.287406290131530850e+00
2.000000000000000000e+00 3.000000000000000000e+00 8.702407186261742478e-01
2.000000000000000000e+00 4.000000000000000000e+00 8.214196213477604758e-01
2.000000000000000000e+00 5.000000000000000000e+00 8.555235918139967310e-01
2.000000000000000000e+00 6.000000000000000000e+00 8.711728812853105630e-01
2.000000000000000000e+00 7.000000000000000000e+00 8.574088917098641183e-01
2.000000000000000000e+00 8.000000000000000000e+00 9.163521071824449749e-01
2.000000000000000000e+00 9.000000000000000000e+00 7.912985530985496840e-01
2.000000000000000000e+00 1.000000000000000000e+01 9.125003119921650807e-01
2.000000000000000000e+00 1.100000000000000000e+01 8.435922025272782898e-01
2.000000000000000000e+00 1.200000000000000000e+01 8.767152972634573160e-01
2.000000000000000000e+00 1.300000000000000000e+01 8.536529970612651841e-01
2.000000000000000000e+00 1.400000000000000000e+01 1.246136969869791278e+00
2.000000000000000000e+00 1.500000000000000000e+01 9.081061859003458636e-01
2.000000000000000000e+00 1.600000000000000000e+01 2.272682053898705146e+00
2.000000000000000000e+00 1.700000000000000000e+01 2.280284889830401784e+00
2.000000000000000000e+00 1.800000000000000000e+01 2.355791473267844438e+00
2.000000000000000000e+00 1.900000000000000000e+01 2.217557784474327498e+00
2.000000000000000000e+00 2.000000000000000000e+01 2.395171420146553487e+00
2.000000000000000000e+00 2.100000000000000000e+01 9.736293713408841199e-01
2.000000000000000000e+00 2.200000000000000000e+01 2.455749084822966832e+00
2.000000000000000000e+00 2.300000000000000000e+01 9.844104048129409534e-01
2.000000000000000000e+00 2.400000000000000000e+01 9.993790501779846736e-01
2.000000000000000000e+00 2.500000000000000000e+01 2.427015734582246065e+00
2.000000000000000000e+00 2.600000000000000000e+01 2.327760922382183129e+00
2.000000000000000000e+00 2.700000000000000000e+01 2.200820523983650467e+00
2.000000000000000000e+00 2.800000000000000000e+01 1.102445885449314433e+00
2.000000000000000000e+00 2.900000000000000000e+01 1.082059045310973744e+00
2.000000000000000000e+00 3.000000000000000000e+01 1.063601667402587658e+00
2.000000000000000000e+00 3.100000000000000000e+01 1.114720454723913790e+00
2.000000000000000000e+00 3.200000000000000000e+01 1.199321175499476810e+00
3.000000000000000000e+00 4.000000000000000000e+00 6.106045398634849519e-01
3.000000000000000000e+00 5.000000000000000000e+00 4.631423272767163368e-01
3.000000000000000000e+00 6.000000000000000000e+00 5.825006938131831458e-01
3.000000000000000000e+00 7.000000000000000000e+00 6.394796752785656402e-01
3.000000000000000000e+00 8.000000000000000000e+00 6.863806483219216936e-01
3.000000000000000000e+00 9.000000000000000000e+00 7.552806915935346144e-01
3.000000000000000000e+00 1.000000000000000000e+01 6.799871425626029531e-01
3.000000000000000000e+00 1.100000000000000000e+01 7.700386419901571466e-01
3.000000000000000000e+00 1.200000000000000000e+01 7.685383033182482393e-01
3.000000000000000000e+00 1.300000000000000000e+01 9.010527186430425939e-01
3.000000000000000000e+00 1.400000000000000000e+01 1.157740186167827146e+00
3.000000000000000000e+00 1.500000000000000000e+01 9.439308675861943776e-01
3.000000000000000000e+00 1.600000000000000000e+01 2.192606356831097170e+00
3.000000000000000000e+00 1.700000000000000000e+01 2.201164881548916430e+00
3.000000000000000000e+00 1.800000000000000000e+01 2.282262982308921551e+00
3.000000000000000000e+00 1.900000000000000000e+01 2.152370887430271829e+00
3.000000000000000000e+00 2.000000000000000000e+01 2.328765348811135283e+00
3.000000000000000000e+00 2.100000000000000000e+01 9.920453806200302260e-01
3.000000000000000000e+00 2.200000000000000000e+01 2.402140524368074015e+00
3.000000000000000000e+00 2.300000000000000000e+01 1.004491690758268607e+00
3.000000000000000000e+00 2.400000000000000000e+01 1.018514311762595437e+00
3.000000000000000000e+00 2.500000000000000000e+01 2.418912885378826427e+00
3.000000000000000000e+00 2.600000000000000000e+01 2.327279217209790918e+00
3.000000000000000000e+00 2.700000000000000000e+01 2.204181089369861901e+00
3.000000000000000000e+00 2.800000000000000000e+01 1.121115219910971073e+00
3.000000000000000000e+00 2.900000000000000000e+01 1.103145407943868506e+00
3.000000000000000000e+00 3.000000000000000000e+01 1.089955051192000646e+00
3.000000000000000000e+00 3.100000000000000000e+01 1.134789440690763485e+00
3.000000000000000000e+00 3.200000000000000000e+01 1.214504621578119670e+00
4.000000000000000000e+00 5.000000000000000000e+00 5.729766672503351366e-01
4.000000000000000000e+00 6.000000000000000000e+00 6.502191355147517449e-01
4.000000000000000000e+00 7.000000000000000000e+00 6.419527532799758074e-01
4.000000000000000000e+00 8.000000000000000000e+00 7.454834486032617669e-01
4.000000000000000000e+00 9.000000000000000000e+00 6.911235128500841096e-01
4.000000000000000000e+00 1.000000000000000000e+01 7.263302130690207914e-01
4.000000000000000000e+00 1.100000000000000000e+01 7.330090478870087134e-01
4.000000000000000000e+00 1.200000000000000000e+01 7.479065505328723606e-01
4.000000000000000000e+00 1.300000000000000000e+01 8.639536038187460854e-01
4.000000000000000000e+00 1.400000000000000000e+01 1.166206472610556544e+00
4.000000000000000000e+00 1.500000000000000000e+01 9.129176405939887218e-01
4.000000000000000000e+00 1.600000000000000000e+01 2.197834500445591477e+00
4.000000000000000000e+00 1.700000000000000000e+01 2.206679086020662428e+00
4.000000000000000000e+00 1.800000000000000000e+01 2.285877136842367818e+00
4.000000000000000000e+00 1.900000000000000000e+01 2.154217572455989327e+00
4.000000000000000000e+00 2.000000000000000000e+01 2.330668861581762563e+00
4.000000000000000000e+00 2.100000000000000000e+01 9.666200510404303614e-01
4.000000000000000000e+00 2.200000000000000000e+01 2.400278966762118049e+00
4.000000000000000000e+00 2.300000000000000000e+01 9.797536144345380116e-01
4.000000000000000000e+00 2.400000000000000000e+01 9.946132711561719297e-01
4.000000000000000000e+00 2.500000000000000000e+01 2.404799547791074854e+00
4.000000000000000000e+00 2.600000000000000000e+01 2.311367970501872815e+00
4.000000000000000000e+00 2.700000000000000000e+01 2.187334511826433570e+00
4.000000000000000000e+00 2.800000000000000000e+01 1.099619846827576852e+00
4.000000000000000000e+00 2.900000000000000000e+01 1.080955432548504902e+00
4.000000000000000000e+00 3.000000000000000000e+01 1.066535950025626622e+00
4.000000000000000000e+00 3.100000000000000000e+01 1.113217908125006428e+00
4.000000000000000000e+00 3.200000000000000000e+01 1.194578103005826231e+00
5.000000000000000000e+00 6.000000000000000000e+00 5.498289956374562415e-01
5.000000000000000000e+00 7.000000000000000000e+00 5.956155596624590487e-01
5.000000000000000000e+00 8.000000000000000000e+00 6.839630548826582945e-01
5.000000000000000000e+00 9.000000000000000000e+00 7.284037803656759902e-01
5.000000000000000000e+00 1.000000000000000000e+01 6.630385451750293591e-01
5.000000000000000000e+00 1.100000000000000000e+01 7.435930473796560358e-01
5.000000000000000000e+00 1.200000000000000000e+01 7.427597232760219104e-01
5.000000000000000000e+00 1.300000000000000000e+01 8.828537750790867999e-01
5.000000000000000000e+00 1.400000000000000000e+01 1.150984547944840619e+00
5.000000000000000000e+00 1.500000000000000000e+01 9.271080567630960445e-01
5.000000000000000000e+00 1.600000000000000000e+01 2.184631247163836054e+00
5.000000000000000000e+00 1.700000000000000000e+01 2.193522217893312476e+00
5.000000000000000000e+00 1.800000000000000000e+01 2.274006536738576223e+00
5.000000000000000000e+00 1.900000000000000000e+01 2.143951589014967851e+00
5.000000000000000000e+00 2.000000000000000000e+01 2.320228945689759570e+00
5.000000000000000000e+00 2.100000000000000000e+01 9.763570312149476571e-01
5.000000000000000000e+00 2.200000000000000000e+01 2.392618485575674026e+00
5.000000000000000000e+00 2.300000000000000000e+01 9.892073296319194853e-01
5.000000000000000000e+00 2.400000000000000000e+01 1.003529860155703890e+00
5.000000000000000000e+00 2.500000000000000000e+01 2.406655424657093700e+00
5.000000000000000000e+00 2.600000000000000000e+01 2.314709612795673888e+00
5.000000000000000000e+00 2.700000000000000000e+01 2.191434414943626230e+00
5.000000000000000000e+00 2.800000000000000000e+01 1.107192970273395582e+00
5.000000000000000000e+00 2.900000000000000000e+01 1.089063377487003770e+00
5.000000000000000000e+00 3.000000000000000000e+01 1.075659511117873723e+00
5.000000000000000000e+00 3.100000000000000000e+01 1.120930006622511854e+00
5.000000000000000000e+00 3.200000000000000000e+01 1.201096166898108608e+00
6.000000000000000000e+00 7.000000000000000000e+00 5.354482734626813123e-01
6.000000000000000000e+00 8.000000000000000000e+00 6.145227216860620345e-01
6.000000000000000000e+00 9.000000000000000000e+00 7.382712930361237103e-01
6.000000000000000000e+00 1.000000000000000000e+01 5.591613876362873103e-01
6.000000000000000000e+00 1.100000000000000000e+01 7.337149863509048187e-01
6.000000000000000000e+00 1.200000000000000000e+01 7.185348043227610670e-01
6.000000000000000000e+00 1.300000000000000000e+01 8.837850749576101617e-01
6.000000000000000000e+00 1.400000000000000000e+01 1.133569713360209397e+00
6.000000000000000000e+00 1.500000000000000000e+01 9.252469612784315345e-01
6.000000000000000000e+00 1.600000000000000000e+01 2.167604289079852808e+00
6.000000000000000000e+00 1.700000000000000000e+01 2.176943723620360149e+00
6.000000000000000000e+00 1.800000000000000000e+01 2.257878776371847529e+00
6.000000000000000000e+00 1.900000000000000000e+01 2.129115254687991232e+00
6.000000000000000000e+00 2.000000000000000000e+01 2.305090111444827450e+00
6.000000000000000000e+00 2.100000000000000000e+01 9.716905774124331430e-01
6.000000000000000000e+00 2.200000000000000000e+01 2.378869001346360701e+00
6.000000000000000000e+00 2.300000000000000000e+01 9.846450406402538214e-01
6.000000000000000000e+00 2.400000000000000000e+01 9.987707675011119335e-01
6.000000000000000000e+00 2.500000000000000000e+01 2.398415579074344439e+00
6.000000000000000000e+00 2.600000000000000000e+01 2.307454169779809217e+00
6.000000000000000000e+00 2.700000000000000000e+01 2.184660689692382363e+00
6.000000000000000000e+00 2.800000000000000000e+01 1.102257738981823332e+00
6.000000000000000000e+00 2.900000000000000000e+01 1.084435296126907033e+00
6.000000000000000000e+00 3.000000000000000000e+01 1.071699662768772487e+00
6.000000000000000000e+00 3.100000000000000000e+01 1.116174534085140113e+00
6.000000000000000000e+00 3.200000000000000000e+01 1.195752740708796003e+00
7.000000000000000000e+00 8.000000000000000000e+00 6.739096566581745940e-01
7.000000000000000000e+00 9.000000000000000000e+00 6.984071593969545244e-01
7.000000000000000000e+00 1.000000000000000000e+01 6.044114103435387353e-01
7.000000000000000000e+00 1.100000000000000000e+01 6.836268716733421291e-01
7.000000000000000000e+00 1.200000000000000000e+01 6.647567264418701161e-01
7.000000000000000000e+00 1.300000000000000000e+01 8.605034200661716426e-01
7.000000000000000000e+00 1.400000000000000000e+01 1.139229807431902719e+00
7.000000000000000000e+00 1.500000000000000000e+01 9.051501013122573713e-01
7.000000000000000000e+00 1.600000000000000000e+01 2.170415426935531134e+00
7.000000000000000000e+00 1.700000000000000000e+01 2.180451934102480838e+00
7.000000000000000000e+00 1.800000000000000000e+01 2.259905958462532283e+00
7.000000000000000000e+00 1.900000000000000000e+01 2.130582391981631574e+00
7.000000000000000000e+00 2.000000000000000000e+01 2.306329586256360642e+00
7.000000000000000000e+00 2.100000000000000000e+01 9.544453940017905147e-01
7.000000000000000000e+00 2.200000000000000000e+01 2.377629965267006096e+00
7.000000000000000000e+00 2.300000000000000000e+01 9.684826684679688213e-01
7.000000000000000000e+00 2.400000000000000000e+01 9.834014001470134936e-01
7.000000000000000000e+00 2.500000000000000000e+01 2.390106059891148771e+00
7.000000000000000000e+00 2.600000000000000000e+01 2.298312808437907417e+00
7.000000000000000000e+00 2.700000000000000000e+01 2.175054616882790448e+00
7.000000000000000000e+00 2.800000000000000000e+01 1.089635853647304531e+00
7.000000000000000000e+00 2.900000000000000000e+01 1.071398880350532323e+00
7.000000000000000000e+00 3.000000000000000000e+01 1.058103537848808617e+00
7.000000000000000000e+00 3.100000000000000000e+01 1.103705974382048982e+00
7.000000000000000000e+00 3.200000000000000000e+01 1.184437936252723533e+00
8.000000000000000000e+00 9.000000000000000000e+00 8.039319283083758982e-01
8.000000000000000000e+00 1.000000000000000000e+01 5.510615356662105224e-01
8.000000000000000000e+00 1.100000000000000000e+01 7.910815525816915494e-01
8.000000000000000000e+00 1.200000000000000000e+01 7.691844802171401430e-01
8.000000000000000000e+00 1.300000000000000000e+01 9.218242328926837814e-01
8.000000000000000000e+00 1.400000000000000000e+01 1.111833930128512504e+00
8.000000000000000000e+00 1.500000000000000000e+01 9.561404440011751493e-01
8.000000000000000000e+00 1.600000000000000000e+01 2.149766618367772164e+00
8.000000000000000000e+00 1.700000000000000000e+01 2.158923613185883550e+00
8.000000000000000000e+00 1.800000000000000000e+01 2.242255812004533055e+00
8.000000000000000000e+00 1.900000000000000000e+01 2.115988541773340614e+00
8.000000000000000000e+00 2.000000000000000000e+01 2.291804799805849058e+00
8.000000000000000000e+00 2.100000000000000000e+01 9.955411166135590406e-01
8.000000000000000000e+00 2.200000000000000000e+01 2.370502200678292315e+00
8.000000000000000000e+00 2.300000000000000000e+01 1.007220176488002661e+00
8.000000000000000000e+00 2.400000000000000000e+01 1.020073893459330527e+00
8.000000000000000000e+00 2.500000000000000000e+01 2.406200281689434117e+00
8.000000000000000000e+00 2.600000000000000000e+01 2.317582791344676263e+00
8.000000000000000000e+00 2.700000000000000000e+01 2.196007373662976825e+00
8.000000000000000000e+00 2.800000000000000000e+01 1.119816565427131261e+00
8.000000000000000000e+00 2.900000000000000000e+01 1.102919110271712633e+00
8.000000000000000000e+00 3.000000000000000000e+01 1.091759107756534508e+00
8.000000000000000000e+00 3.100000000000000000e+01 1.133771764571318119e+00
8.000000000000000000e+00 3.200000000000000000e+01 1.211124083665116258e+00
9.000000000000000000e+00 1.000000000000000000e+01 7.823841144685064197e-01
9.000000000000000000e+00 1.100000000000000000e+01 6.347526957900125888e-01
9.000000000000000000e+00 1.200000000000000000e+01 7.037952819197286214e-01
9.000000000000000000e+00 1.300000000000000000e+01 7.872179697078243166e-01
9.000000000000000000e+00 1.400000000000000000e+01 1.166835171689018180e+00
9.000000000000000000e+00 1.500000000000000000e+01 8.516373608798935013e-01
9.000000000000000000e+00 1.600000000000000000e+01 2.193257614098530706e+00
9.000000000000000000e+00 1.700000000000000000e+01 2.202975852213012953e+00
9.000000000000000000e+00 1.800000000000000000e+01 2.279299362586821864e+00
9.000000000000000000e+00 1.900000000000000000e+01 2.145741402390430430e+00
9.000000000000000000e+00 2.000000000000000000e+01 2.322015973583991588e+00
9.000000000000000000e+00 2.100000000000000000e+01 9.155849341683781617e-01
9.000000000000000000e+00 2.200000000000000000e+01 2.386344806553701847e+00
9.000000000000000000e+00 2.300000000000000000e+01 9.311305554919786509e-01
9.000000000000000000e+00 2.400000000000000000e+01 9.479496991266747052e-01
9.000000000000000000e+00 2.500000000000000000e+01 2.374597340142592383e+00
9.000000000000000000e+00 2.600000000000000000e+01 2.279048809950672716e+00
9.000000000000000000e+00 2.700000000000000000e+01 2.153886650717002027e+00
9.000000000000000000e+00 2.800000000000000000e+01 1.059283840238613328e+00
9.000000000000000000e+00 2.900000000000000000e+01 1.039613435935861752e+00
9.000000000000000000e+00 3.000000000000000000e+01 1.023757140133236820e+00
9.000000000000000000e+00 3.100000000000000000e+01 1.073170472868908654e+00
9.000000000000000000e+00 3.200000000000000000e+01 1.157168609655607971e+00
1.000000000000000000e+01 1.100000000000000000e+01 7.635648256784862697e-01
1.000000000000000000e+01 1.200000000000000000e+01 7.349840949392494327e-01
1.000000000000000000e+01 1.300000000000000000e+01 9.143821553442683658e-01
1.000000000000000000e+01 1.400000000000000000e+01 1.141813537864680983e+00
1.000000000000000000e+01 1.500000000000000000e+01 9.523426599225903733e-01
1.000000000000000000e+01 1.600000000000000000e+01 2.176274120318158811e+00
1.000000000000000000e+01 1.700000000000000000e+01 2.186137513806636345e+00
1.000000000000000000e+01 1.800000000000000000e+01 2.267588582351649507e+00
1.000000000000000000e+01 1.900000000000000000e+01 2.140311495091917315e+00
1.000000000000000000e+01 2.000000000000000000e+01 2.315938510619126589e+00
1.000000000000000000e+01 2.100000000000000000e+01 9.954033558135724213e-01
1.000000000000000000e+01 2.200000000000000000e+01 2.391319004286103667e+00
1.000000000000000000e+01 2.300000000000000000e+01 1.008238617129550097e+00
1.000000000000000000e+01 2.400000000000000000e+01 1.022013656616736377e+00
1.000000000000000000e+01 2.500000000000000000e+01 2.417188846289456183e+00
1.000000000000000000e+01 2.600000000000000000e+01 2.327331048785452605e+00
1.000000000000000000e+01 2.700000000000000000e+01 2.205078041942343248e+00
1.000000000000000000e+01 2.800000000000000000e+01 1.124869333509115110e+00
1.000000000000000000e+01 2.900000000000000000e+01 1.107410249192959384e+00
1.000000000000000000e+01 3.000000000000000000e+01 1.095415816846408763e+00
1.000000000000000000e+01 3.100000000000000000e+01 1.138943760347934653e+00
1.000000000000000000e+01 3.200000000000000000e+01 1.217792920537345447e+00
1.100000000000000000e+01 1.200000000000000000e+01 5.827627844983114258e-01
1.100000000000000000e+01 1.300000000000000000e+01 7.913505317289728502e-01
1.100000000000000000e+01 1.400000000000000000e+01 1.146569251402262735e+00
1.100000000000000000e+01 1.500000000000000000e+01 8.458996505391445098e-01
1.100000000000000000e+01 1.600000000000000000e+01 2.171312455137015984e+00
1.100000000000000000e+01 1.700000000000000000e+01 2.182839668302558156e+00
1.100000000000000000e+01 1.800000000000000000e+01 2.258894859327738480e+00
1.100000000000000000e+01 1.900000000000000000e+01 2.128133138522085410e+00
1.100000000000000000e+01 2.000000000000000000e+01 2.303402528068880351e+00
1.100000000000000000e+01 2.100000000000000000e+01 9.036295405497429822e-01
1.100000000000000000e+01 2.200000000000000000e+01 2.368900857591512921e+00
1.100000000000000000e+01 2.300000000000000000e+01 9.214330815124509577e-01
1.100000000000000000e+01 2.400000000000000000e+01 9.388931353476097641e-01
1.100000000000000000e+01 2.500000000000000000e+01 2.364646894825479517e+00
1.100000000000000000e+01 2.600000000000000000e+01 2.270949930800087113e+00
1.100000000000000000e+01 2.700000000000000000e+01 2.146631961226240115e+00
1.100000000000000000e+01 2.800000000000000000e+01 1.053693253541761576e+00
1.100000000000000000e+01 2.900000000000000000e+01 1.034410099760222579e+00
1.100000000000000000e+01 3.000000000000000000e+01 1.019870452538231387e+00
1.100000000000000000e+01 3.100000000000000000e+01 1.068333803230890666e+00
1.100000000000000000e+01 3.200000000000000000e+01 1.152043233447610282e+00
1.200000000000000000e+01 1.300000000000000000e+01 8.298578858628178345e-01
1.200000000000000000e+01 1.400000000000000000e+01 1.132532075184838893e+00
1.200000000000000000e+01 1.500000000000000000e+01 8.713757114857956232e-01
1.200000000000000000e+01 1.600000000000000000e+01 2.157423682712238833e+00
1.200000000000000000e+01 1.700000000000000000e+01 2.170281579424238050e+00
1.200000000000000000e+01 1.800000000000000000e+01 2.247021884841781336e+00
1.200000000000000000e+01 1.900000000000000000e+01 2.119318451023320726e+00
1.200000000000000000e+01 2.000000000000000000e+01 2.293770634085571913e+00
1.200000000000000000e+01 2.100000000000000000e+01 9.193485286174702953e-01
1.200000000000000000e+01 2.200000000000000000e+01 2.362018776178872681e+00
1.200000000000000000e+01 2.300000000000000000e+01 9.365900096920931617e-01
1.200000000000000000e+01 2.400000000000000000e+01 9.530784308757995760e-01
1.200000000000000000e+01 2.500000000000000000e+01 2.369572972505095354e+00
1.200000000000000000e+01 2.600000000000000000e+01 2.278041575341890113e+00
1.200000000000000000e+01 2.700000000000000000e+01 2.154758288561814616e+00
1.200000000000000000e+01 2.800000000000000000e+01 1.066025408372861749e+00
1.200000000000000000e+01 2.900000000000000000e+01 1.047478321322536932e+00
1.200000000000000000e+01 3.000000000000000000e+01 1.034400341074843688e+00
1.200000000000000000e+01 3.100000000000000000e+01 1.080936006856046738e+00
1.200000000000000000e+01 3.200000000000000000e+01 1.163208222901906952e+00
1.300000000000000000e+01 1.400000000000000000e+01 1.199888234257278752e+00
1.300000000000000000e+01 1.500000000000000000e+01 6.887182203511290624e-01
1.300000000000000000e+01 1.600000000000000000e+01 2.218356656130870963e+00
1.300000000000000000e+01 1.700000000000000000e+01 2.227384992446657552e+00
1.300000000000000000e+01 1.800000000000000000e+01 2.298395955437413818e+00
1.300000000000000000e+01 1.900000000000000000e+01 2.157507218246493608e+00
1.300000000000000000e+01 2.000000000000000000e+01 2.334697600423712771e+00
1.300000000000000000e+01 2.100000000000000000e+01 8.120012504427793765e-01
1.300000000000000000e+01 2.200000000000000000e+01 2.386999331712353456e+00
1.300000000000000000e+01 2.300000000000000000e+01 8.348007505147294616e-01
1.300000000000000000e+01 2.400000000000000000e+01 8.584035183904310529e-01
1.300000000000000000e+01 2.500000000000000000e+01 2.333277144514820822e+00
1.300000000000000000e+01 2.600000000000000000e+01 2.231715067272908026e+00
1.300000000000000000e+01 2.700000000000000000e+01 2.103529643547710215e+00
1.300000000000000000e+01 2.800000000000000000e+01 9.904106793117881669e-01
1.300000000000000000e+01 2.900000000000000000e+01 9.677890012367402761e-01
1.300000000000000000e+01 3.000000000000000000e+01 9.478261937905316792e-01
1.300000000000000000e+01 3.100000000000000000e+01 1.005301241820949265e+00
1.300000000000000000e+01 3.200000000000000000e+01 1.096655229453249225e+00
1.400000000000000000e+01 1.500000000000000000e+01 1.199672944166473076e+00
1.400000000000000000e+01 1.600000000000000000e+01 1.904727509895284054e+00
1.400000000000000000e+01 1.700000000000000000e+01 1.716131464923033700e+00
1.400000000000000000e+01 1.800000000000000000e+01 1.947584462136783934e+00
1.400000000000000000e+01 1.900000000000000000e+01 1.673651086683746847e+00
1.400000000000000000e+01 2.000000000000000000e+01 1.940338042868357427e+00
1.400000000000000000e+01 2.100000000000000000e+01 1.202818329518284823e+00
1.400000000000000000e+01 2.200000000000000000e+01 2.150489187784861311e+00
1.400000000000000000e+01 2.300000000000000000e+01 1.201226971090718187e+00
1.400000000000000000e+01 2.400000000000000000e+01 1.203048761563541902e+00
1.400000000000000000e+01 2.500000000000000000e+01 2.399526042335947462e+00
1.400000000000000000e+01 2.600000000000000000e+01 2.321373061497947976e+00
1.400000000000000000e+01 2.700000000000000000e+01 2.210703357531579094e+00
1.400000000000000000e+01 2.800000000000000000e+01 1.239946018857392085e+00
1.400000000000000000e+01 2.900000000000000000e+01 1.234082266633194092e+00
1.400000000000000000e+01 3.000000000000000000e+01 1.236720567184664166e+00
1.400000000000000000e+01 3.100000000000000000e+01 1.247289463648639796e+00
1.400000000000000000e+01 3.200000000000000000e+01 1.284729113069136952e+00
1.500000000000000000e+01 1.600000000000000000e+01 2.213975313929678723e+00
1.500000000000000000e+01 1.700000000000000000e+01 2.222968830907193105e+00
1.500000000000000000e+01 1.800000000000000000e+01 2.291277387016520173e+00
1.500000000000000000e+01 1.900000000000000000e+01 2.147383502694815149e+00
1.500000000000000000e+01 2.000000000000000000e+01 2.324764060943355304e+00
1.500000000000000000e+01 2.100000000000000000e+01 7.114079203009469055e-01
1.500000000000000000e+01 2.200000000000000000e+01 2.371191936658991306e+00
1.500000000000000000e+01 2.300000000000000000e+01 7.452711609975444240e-01
1.500000000000000000e+01 2.400000000000000000e+01 7.784420718107820658e-01
1.500000000000000000e+01 2.500000000000000000e+01 2.297916578319747938e+00
1.500000000000000000e+01 2.600000000000000000e+01 2.194469514214980155e+00
1.500000000000000000e+01 2.700000000000000000e+01 2.065333188350660265e+00
1.500000000000000000e+01 2.800000000000000000e+01 9.398225520757808038e-01
1.500000000000000000e+01 2.900000000000000000e+01 9.152536105497279806e-01
1.500000000000000000e+01 3.000000000000000000e+01 8.943187143810717998e-01
1.500000000000000000e+01 3.100000000000000000e+01 9.572352184933339281e-01
1.500000000000000000e+01 3.200000000000000000e+01 1.054386477040700543e+00
1.600000000000000000e+01 1.700000000000000000e+01 2.625480218633486462e+00
1.600000000000000000e+01 1.800000000000000000e+01 2.285747870361360512e+00
1.600000000000000000e+01 1.900000000000000000e+01 2.831944836934687793e+00
1.600000000000000000e+01 2.000000000000000000e+01 2.782624674080146576e+00
1.600000000000000000e+01 2.100000000000000000e+01 2.211644585986102030e+00
1.600000000000000000e+01 2.200000000000000000e+01 2.961562521900965361e+00
1.600000000000000000e+01 2.300000000000000000e+01 2.208450826996421590e+00
1.600000000000000000e+01 2.400000000000000000e+01 2.208786499079758325e+00
1.600000000000000000e+01 2.500000000000000000e+01 3.379649677899355442e+00
1.600000000000000000e+01 2.600000000000000000e+01 3.325388446450903590e+00
1.600000000000000000e+01 2.700000000000000000e+01 3.222014409742026686e+00
1.600000000000000000e+01 2.800000000000000000e+01 2.242086774281306205e+00
1.600000000000000000e+01 2.900000000000000000e+01 2.237325907462221153e+00
1.600000000000000000e+01 3.000000000000000000e+01 2.242155868467819335e+00
1.600000000000000000e+01 3.100000000000000000e+01 2.251202479920983990e+00
1.600000000000000000e+01 3.200000000000000000e+01 2.292781142736995292e+00
1.700000000000000000e+01 1.800000000000000000e+01 2.471105804016281660e+00
1.700000000000000000e+01 1.900000000000000000e+01 2.562967767708671296e+00
1.700000000000000000e+01 2.000000000000000000e+01 2.490735205863439106e+00
1.700000000000000000e+01 2.100000000000000000e+01 2.221982571059598843e+00
1.700000000000000000e+01 2.200000000000000000e+01 2.957837102594449430e+00
1.700000000000000000e+01 2.300000000000000000e+01 2.218010167789643994e+00
1.700000000000000000e+01 2.400000000000000000e+01 2.217962603267633170e+00
1.700000000000000000e+01 2.500000000000000000e+01 3.367289236485756287e+00
1.700000000000000000e+01 2.600000000000000000e+01 3.299300729642560714e+00
1.700000000000000000e+01 2.700000000000000000e+01 3.193608222219613602e+00
1.700000000000000000e+01 2.800000000000000000e+01 2.241070911757561568e+00
1.700000000000000000e+01 2.900000000000000000e+01 2.237504666996579239e+00
1.700000000000000000e+01 3.000000000000000000e+01 2.242757550311845982e+00
1.700000000000000000e+01 3.100000000000000000e+01 2.247133318812621905e+00
1.700000000000000000e+01 3.200000000000000000e+01 2.277829025863827184e+00
1.800000000000000000e+01 1.900000000000000000e+01 2.761741211752662295e+00
1.800000000000000000e+01 2.000000000000000000e+01 2.489511018430262013e+00
1.800000000000000000e+01 2.100000000000000000e+01 2.287166592664253262e+00
1.800000000000000000e+01 2.200000000000000000e+01 2.823846107336915434e+00
1.800000000000000000e+01 2.300000000000000000e+01 2.281802174157263607e+00
1.800000000000000000e+01 2.400000000000000000e+01 2.280583423436653767e+00
1.800000000000000000e+01 2.500000000000000000e+01 3.401007902783191650e+00
1.800000000000000000e+01 2.600000000000000000e+01 3.349595999898141496e+00
1.800000000000000000e+01 2.700000000000000000e+01 3.249567224089406459e+00
1.800000000000000000e+01 2.800000000000000000e+01 2.297533909200451419e+00
1.800000000000000000e+01 2.900000000000000000e+01 2.295203570801957582e+00
1.800000000000000000e+01 3.000000000000000000e+01 2.302231696417718521e+00
1.800000000000000000e+01 3.100000000000000000e+01 2.304037800803207414e+00
1.800000000000000000e+01 3.200000000000000000e+01 2.334936029002905755e+00
1.900000000000000000e+01 2.000000000000000000e+01 2.504849897064977071e+00
1.900000000000000000e+01 2.100000000000000000e+01 2.142673180761868412e+00
1.900000000000000000e+01 2.200000000000000000e+01 2.839349939645026577e+00
1.900000000000000000e+01 2.300000000000000000e+01 2.134537864459019829e+00
1.900000000000000000e+01 2.400000000000000000e+01 2.131547346721605063e+00
1.900000000000000000e+01 2.500000000000000000e+01 3.202694299903777075e+00
1.900000000000000000e+01 2.600000000000000000e+01 3.116844686541650145e+00
1.900000000000000000e+01 2.700000000000000000e+01 3.009785665852944270e+00
1.900000000000000000e+01 2.800000000000000000e+01 2.123096924992139201e+00
1.900000000000000000e+01 2.900000000000000000e+01 2.123989544005278063e+00
1.900000000000000000e+01 3.000000000000000000e+01 2.132959239407145269e+00
1.900000000000000000e+01 3.100000000000000000e+01 2.122826127804741336e+00
1.900000000000000000e+01 3.200000000000000000e+01 2.127691823123503134e+00
2.000000000000000000e+01 2.100000000000000000e+01 2.319230975395292216e+00
2.000000000000000000e+01 2.200000000000000000e+01 2.730091078132310667e+00
2.000000000000000000e+01 2.300000000000000000e+01 2.311574953018797007e+00
2.000000000000000000e+01 2.400000000000000000e+01 2.308783457343420054e+00
2.000000000000000000e+01 2.500000000000000000e+01 3.379568973916505126e+00
2.000000000000000000e+01 2.600000000000000000e+01 3.318663251941404102e+00
2.000000000000000000e+01 2.700000000000000000e+01 3.218945630210149567e+00
2.000000000000000000e+01 2.800000000000000000e+01 2.306954066400140668e+00
2.000000000000000000e+01 2.900000000000000000e+01 2.307236893054658289e+00
2.000000000000000000e+01 3.000000000000000000e+01 2.316293317903771243e+00
2.000000000000000000e+01 3.100000000000000000e+01 2.309488708228109033e+00
2.000000000000000000e+01 3.200000000000000000e+01 2.324783352126359226e+00
2.100000000000000000e+01 2.200000000000000000e+01 2.360069244317929193e+00
2.100000000000000000e+01 2.300000000000000000e+01 5.559223937628994250e-01
2.100000000000000000e+01 2.400000000000000000e+01 6.393337064619277754e-01
2.100000000000000000e+01 2.500000000000000000e+01 2.272531922841321883e+00
2.100000000000000000e+01 2.600000000000000000e+01 2.170452851046264175e+00
2.100000000000000000e+01 2.700000000000000000e+01 2.041852964720278329e+00
2.100000000000000000e+01 2.800000000000000000e+01 8.990008387275441049e-01
2.100000000000000000e+01 2.900000000000000000e+01 8.725774116583262519e-01
2.100000000000000000e+01 3.000000000000000000e+01 8.565166647074828887e-01
2.100000000000000000e+01 3.100000000000000000e+01 9.236949292235201447e-01
2.100000000000000000e+01 3.200000000000000000e+01 1.029728703861778394e+00
2.200000000000000000e+01 2.300000000000000000e+01 2.348594449689317631e+00
2.200000000000000000e+01 2.400000000000000000e+01 2.342819077008377437e+00
2.200000000000000000e+01 2.500000000000000000e+01 3.307376793156100003e+00
2.200000000000000000e+01 2.600000000000000000e+01 3.290987443812783741e+00
2.200000000000000000e+01 2.700000000000000000e+01 3.209534107252805413e+00
2.200000000000000000e+01 2.800000000000000000e+01 2.317456209057104033e+00
2.200000000000000000e+01 2.900000000000000000e+01 2.321845350369763139e+00
2.200000000000000000e+01 3.000000000000000000e+01 2.335629387808497714e+00
2.200000000000000000e+01 3.100000000000000000e+01 2.318818273495466986e+00
2.200000000000000000e+01 3.200000000000000000e+01 2.327622774877066369e+00
2.300000000000000000e+01 2.400000000000000000e+01 5.189994586670720889e-01
2.300000000000000000e+01 2.500000000000000000e+01 2.246613735222936281e+00
2.300000000000000000e+01 2.600000000000000000e+01 2.143299720700474698e+00
2.300000000000000000e+01 2.700000000000000000e+01 2.014148883676834423e+00
2.300000000000000000e+01 2.800000000000000000e+01 8.597967352732094337e-01
2.300000000000000000e+01 2.900000000000000000e+01 8.317015161804621748e-01
2.300000000000000000e+01 3.000000000000000000e+01 8.167478177236264791e-01
2.300000000000000000e+01 3.100000000000000000e+01 8.878695345191971455e-01
2.300000000000000000e+01 3.200000000000000000e+01 9.993502149783834998e-01
2.400000000000000000e+01 2.500000000000000000e+01 2.230189450606141488e+00
2.400000000000000000e+01 2.600000000000000000e+01 2.126591049789171795e+00
2.400000000000000000e+01 2.700000000000000000e+01 1.997332037391564619e+00
2.400000000000000000e+01 2.800000000000000000e+01 8.321349045643444686e-01
2.400000000000000000e+01 2.900000000000000000e+01 8.028226939529274908e-01
2.400000000000000000e+01 3.000000000000000000e+01 7.910931827526357374e-01
2.400000000000000000e+01 3.100000000000000000e+01 8.643760740779251606e-01
2.400000000000000000e+01 3.200000000000000000e+01 9.810316864759174305e-01
2.500000000000000000e+01 2.600000000000000000e+01 2.794849589734857975e+00
2.500000000000000000e+01 2.700000000000000000e+01 2.889833845699614656e+00
2.500000000000000000e+01 2.800000000000000000e+01 2.084677499398484457e+00
2.500000000000000000e+01 2.900000000000000000e+01 2.110786324295544691e+00
2.500000000000000000e+01 3.000000000000000000e+01 2.145163451618245620e+00
2.500000000000000000e+01 3.100000000000000000e+01 2.072367734209390466e+00
2.500000000000000000e+01 3.200000000000000000e+01 2.049601974616588329e+00
2.600000000000000000e+01 2.700000000000000000e+01 2.461886475431614762e+00
2.600000000000000000e+01 2.800000000000000000e+01 1.968572263100539788e+00
2.600000000000000000e+01 2.900000000000000000e+01 1.993177961706573686e+00
2.600000000000000000e+01 3.000000000000000000e+01 2.023096895800686301e+00
2.600000000000000000e+01 3.100000000000000000e+01 1.940481993248651893e+00
2.600000000000000000e+01 3.200000000000000000e+01 1.850523403586540772e+00
2.700000000000000000e+01 2.800000000000000000e+01 1.837384403633676166e+00
2.700000000000000000e+01 2.900000000000000000e+01 1.859993679498710861e+00
2.700000000000000000e+01 3.000000000000000000e+01 1.886689465807243504e+00
2.700000000000000000e+01 3.100000000000000000e+01 1.803206440170279201e+00
2.700000000000000000e+01 3.200000000000000000e+01 1.674043100513246118e+00
2.800000000000000000e+01 2.900000000000000000e+01 5.316308632453718985e-01
2.800000000000000000e+01 3.000000000000000000e+01 6.706258374840543546e-01
2.800000000000000000e+01 3.100000000000000000e+01 5.892737005085852964e-01
2.800000000000000000e+01 3.200000000000000000e+01 8.050174953727229354e-01
2.900000000000000000e+01 3.000000000000000000e+01 6.073925617789364129e-01
2.900000000000000000e+01 3.100000000000000000e+01 6.275182768199027983e-01
2.900000000000000000e+01 3.200000000000000000e+01 8.256133371242582175e-01
3.000000000000000000e+01 3.100000000000000000e+01 6.894755966548280490e-01
3.000000000000000000e+01 3.200000000000000000e+01 8.485840507477295791e-01
3.100000000000000000e+01 3.200000000000000000e+01 7.556426201649297791e-01
