1.000000000000000000e+00 2.000000000000000000e+00 8.974983384351765681e-01
1.000000000000000000e+00 3.000000000000000000e+00 1.018254328409708531e+00
1.000000000000000000e+00 4.000000000000000000e+00 9.991120447097636692e-01
1.000000000000000000e+00 5.000000000000000000e+00 1.015953058486958271e+00
1.000000000000000000e+00 6.000000000000000000e+00 1.028638479914735671e+00
1.000000000000000000e+00 7.000000000000000000e+00 1.023488557055956871e+00
1.000000000000000000e+00 8.000000000000000000e+00 1.050967800089081861e+00
1.000000000000000000e+00 9.000000000000000000e+00 9.942969160764962844e-01
1.000000000000000000e+00 1.000000000000000000e+01 1.041637230590342522e+00
1.000000000000000000e+00 1.100000000000000000e+01 1.021746550493392913e+00
1.000000000000000000e+00 1.200000000000000000e+01 1.035364340453884813e+00
1.000000000000000000e+00 1.300000000000000000e+01 1.054786947679080100e+00
1.000000000000000000e+00 1.400000000000000000e+01 1.265083395174594116e+00
1.000000000000000000e+00 1.500000000000000000e+01 1.183545873082891831e+00
1.000000000000000000e+00 1.600000000000000000e+01 1.205445250484111996e+00
1.000000000000000000e+00 1.700000000000000000e+01 1.233125909479658056e+00
1.000000000000000000e+00 1.800000000000000000e+01 1.218423858436803453e+00
1.000000000000000000e+00 1.900000000000000000e+01 1.276586659618280439e+00
1.000000000000000000e+00 2.000000000000000000e+01 1.240434238349648277e+00
1.000000000000000000e+00 2.100000000000000000e+01 1.129922434754321969e+00
1.000000000000000000e+00 2.200000000000000000e+01 1.232063517064542646e+00
1.000000000000000000e+00 2.300000000000000000e+01 1.149118970746026536e+00
1.000000000000000000e+00 2.400000000000000000e+01 1.158329814288723059e+00
1.000000000000000000e+00 2.500000000000000000e+01 1.252006571829968440e+00
1.000000000000000000e+00 2.600000000000000000e+01 1.288431497495343914e+00
1.000000000000000000e+00 2.700000000000000000e+01 1.317016865216479982e+00
1.000000000000000000e+00 2.800000000000000000e+01 1.240059859495974859e+00
1.000000000000000000e+00 2.900000000000000000e+01 1.241366066231464060e+00
1.000000000000000000e+00 3.000000000000000000e+01 1.306942541139897829e+00
1.000000000000000000e+00 3.100000000000000000e+01 1.299956468088714567e+00
1.000000000000000000e+00 3.200000000000000000e+01 1.774998874414495997e+00
2.000000000000000000e+00 3.000000000000000000e+00 8.446679719061647162e-01
2.000000000000000000e+00 4.000000000000000000e+00 8.134712551560381311e-01
2.000000000000000000e+00 5.000000000000000000e+00 8.394377835868656046e-01
2.000000000000000000e+00 6.000000000000000000e+00 8.554133276279693998e-01
2.000000000000000000e+00 7.000000000000000000e+00 8.460939393587927349e-01
2.000000000000000000e+00 8.000000000000000000e+00 8.849651585618742988e-01
2.000000000000000000e+00 9.000000000000000000e+00 7.946987737347088743e-01
2.000000000000000000e+00 1.000000000000000000e+01 8.718210915125239602e-01
2.000000000000000000e+00 1.100000000000000000e+01 8.395143607250052931e-01
2.000000000000000000e+00 1.200000000000000000e+01 8.603163821418668977e-01
2.000000000000000000e+00 1.300000000000000000e+01 8.842859141442400706e-01
2.000000000000000000e+00 1.400000000000000000e+01 1.119590137945331687e+00
2.000000000000000000e+00 1.500000000000000000e+01 1.029956190290575613e+00
2.000000000000000000e+00 1.600000000000000000e+01 1.060719255448038245e+00
2.000000000000000000e+00 1.700000000000000000e+01 1.088740518314182726e+00
2.000000000000000000e+00 1.800000000000000000e+01 1.074546085438611520e+00
2.000000000000000000e+00 1.900000000000000000e+01 1.133549226584442682e+00
2.000000000000000000e+00 2.000000000000000000e+01 1.097451531602352981e+00
2.000000000000000000e+00 2.100000000000000000e+01 9.839927740482354857e-01
2.000000000000000000e+00 2.200000000000000000e+01 1.090630619584052274e+00
2.000000000000000000e+00 2.300000000000000000e+01 1.007474274312125884e+00
2.000000000000000000e+00 2.400000000000000000e+01 1.018911479416667598e+00
2.000000000000000000e+00 2.500000000000000000e+01 1.116465540119936595e+00
2.000000000000000000e+00 2.600000000000000000e+01 1.154733188953309897e+00
2.000000000000000000e+00 2.700000000000000000e+01 1.184618674264343863e+00
2.000000000000000000e+00 2.800000000000000000e+01 1.109264577003540531e+00
2.000000000000000000e+00 2.900000000000000000e+01 1.111496531815356459e+00
2.000000000000000000e+00 3.000000000000000000e+01 1.180218187142282327e+00
2.000000000000000000e+00 3.100000000000000000e+01 1.171392489988513086e+00
2.000000000000000000e+00 3.200000000000000000e+01 1.647843889893680913e+00
3.000000000000000000e+00 4.000000000000000000e+00 5.996570026882037663e-01
3.000000000000000000e+00 5.000000000000000000e+00 4.614014509334329883e-01
3.000000000000000000e+00 6.000000000000000000e+00 5.762690777906698258e-01
3.000000000000000000e+00 7.000000000000000000e+00 6.283844869321000282e-01
3.000000000000000000e+00 8.000000000000000000e+00 6.635280060538801816e-01
3.000000000000000000e+00 9.000000000000000000e+00 7.337336404941243728e-01
3.000000000000000000e+00 1.000000000000000000e+01 6.524385121124720577e-01
3.000000000000000000e+00 1.100000000000000000e+01 7.411946371531930033e-01
3.000000000000000000e+00 1.200000000000000000e+01 7.263902233542534059e-01
3.000000000000000000e+00 1.300000000000000000e+01 8.689025903506846227e-01
3.000000000000000000e+00 1.400000000000000000e+01 1.005704065876352971e+00
3.000000000000000000e+00 1.500000000000000000e+01 9.848493463494971678e-01
3.000000000000000000e+00 1.600000000000000000e+01 9.519500823697943925e-01
3.000000000000000000e+00 1.700000000000000000e+01 9.793760334503813780e-01
3.000000000000000000e+00 1.800000000000000000e+01 9.676491893675023270e-01
3.000000000000000000e+00 1.900000000000000000e+01 1.027368827231429638e+00
3.000000000000000000e+00 2.000000000000000000e+01 9.922602799714324018e-01
3.000000000000000000e+00 2.100000000000000000e+01 9.160254617850349668e-01
3.000000000000000000e+00 2.200000000000000000e+01 9.904597337853708883e-01
3.000000000000000000e+00 2.300000000000000000e+01 9.396376056900981322e-01
3.000000000000000000e+00 2.400000000000000000e+01 9.498254640534373738e-01
3.000000000000000000e+00 2.500000000000000000e+01 1.030569383855614252e+00
3.000000000000000000e+00 2.600000000000000000e+01 1.071159178979500526e+00
3.000000000000000000e+00 2.700000000000000000e+01 1.102876901938477427e+00
3.000000000000000000e+00 2.800000000000000000e+01 1.037103915343670302e+00
3.000000000000000000e+00 2.900000000000000000e+01 1.042003474685088360e+00
3.000000000000000000e+00 3.000000000000000000e+01 1.116250813557119193e+00
3.000000000000000000e+00 3.100000000000000000e+01 1.101202834002515507e+00
3.000000000000000000e+00 3.200000000000000000e+01 1.574919979279492122e+00
4.000000000000000000e+00 5.000000000000000000e+00 5.684294298802305967e-01
4.000000000000000000e+00 6.000000000000000000e+00 6.416614441043784201e-01
4.000000000000000000e+00 7.000000000000000000e+00 6.354396169528118143e-01
4.000000000000000000e+00 8.000000000000000000e+00 7.168705711113914081e-01
4.000000000000000000e+00 9.000000000000000000e+00 6.848073883692902264e-01
4.000000000000000000e+00 1.000000000000000000e+01 6.940590677210756176e-01
4.000000000000000000e+00 1.100000000000000000e+01 7.191332639275267447e-01
4.000000000000000000e+00 1.200000000000000000e+01 7.210014199034506799e-01
4.000000000000000000e+00 1.300000000000000000e+01 8.505153836473438034e-01
4.000000000000000000e+00 1.400000000000000000e+01 1.021468295683755301e+00
4.000000000000000000e+00 1.500000000000000000e+01 9.755773985574505147e-01
4.000000000000000000e+00 1.600000000000000000e+01 9.657058270416978285e-01
4.000000000000000000e+00 1.700000000000000000e+01 9.935684344314168470e-01
4.000000000000000000e+00 1.800000000000000000e+01 9.809506668019287723e-01
4.000000000000000000e+00 1.900000000000000000e+01 1.040726589927764234e+00
4.000000000000000000e+00 2.000000000000000000e+01 1.005194935943391821e+00
4.000000000000000000e+00 2.100000000000000000e+01 9.144046946767168116e-01
4.000000000000000000e+00 2.200000000000000000e+01 1.001830325258922239e+00
4.000000000000000000e+00 2.300000000000000000e+01 9.391221361438606419e-01
4.000000000000000000e+00 2.400000000000000000e+01 9.502820308139063865e-01
4.000000000000000000e+00 2.500000000000000000e+01 1.038125054427132099e+00
4.000000000000000000e+00 2.600000000000000000e+01 1.078372682753400147e+00
4.000000000000000000e+00 2.700000000000000000e+01 1.109766122347503714e+00
4.000000000000000000e+00 2.800000000000000000e+01 1.040871748882271408e+00
4.000000000000000000e+00 2.900000000000000000e+01 1.045065749398276900e+00
4.000000000000000000e+00 3.000000000000000000e+01 1.118180701245595321e+00
4.000000000000000000e+00 3.100000000000000000e+01 1.104848661272411325e+00
4.000000000000000000e+00 3.200000000000000000e+01 1.579938409671290955e+00
5.000000000000000000e+00 6.000000000000000000e+00 5.468487012945906223e-01
5.000000000000000000e+00 7.000000000000000000e+00 5.903589426841278076e-01
5.000000000000000000e+00 8.000000000000000000e+00 6.633714121446094847e-01
5.000000000000000000e+00 9.000000000000000000e+00 7.148861400310058123e-01
5.000000000000000000e+00 1.000000000000000000e+01 6.395853741411414717e-01
5.000000000000000000e+00 1.100000000000000000e+01 7.226613553942597967e-01
5.000000000000000000e+00 1.200000000000000000e+01 7.082703546099262670e-01
5.000000000000000000e+00 1.300000000000000000e+01 8.579484310070091269e-01
5.000000000000000000e+00 1.400000000000000000e+01 1.003331098741003125e+00
5.000000000000000000e+00 1.500000000000000000e+01 9.752845428524152815e-01
5.000000000000000000e+00 1.600000000000000000e+01 9.487357618574694396e-01
5.000000000000000000e+00 1.700000000000000000e+01 9.764187168897571212e-01
5.000000000000000000e+00 1.800000000000000000e+01 9.643550482014311420e-01
5.000000000000000000e+00 1.900000000000000000e+01 1.024219216777193520e+00
5.000000000000000000e+00 2.000000000000000000e+01 9.889249473165715454e-01
5.000000000000000000e+00 2.100000000000000000e+01 9.080260041259453629e-01
5.000000000000000000e+00 2.200000000000000000e+01 9.866349700100787157e-01
5.000000000000000000e+00 2.300000000000000000e+01 9.321644625119291927e-01
5.000000000000000000e+00 2.400000000000000000e+01 9.427152847274615777e-01
5.000000000000000000e+00 2.500000000000000000e+01 1.025805043440992215e+00
5.000000000000000000e+00 2.600000000000000000e+01 1.066406756876536077e+00
5.000000000000000000e+00 2.700000000000000000e+01 1.098099643770772627e+00
5.000000000000000000e+00 2.800000000000000000e+01 1.031416669524844565e+00
5.000000000000000000e+00 2.900000000000000000e+01 1.036160680393483080e+00
5.000000000000000000e+00 3.000000000000000000e+01 1.110257412837900359e+00
5.000000000000000000e+00 3.100000000000000000e+01 1.095609072262977213e+00
5.000000000000000000e+00 3.200000000000000000e+01 1.569840973865206823e+00
6.000000000000000000e+00 7.000000000000000000e+00 5.319025775064245565e-01
6.000000000000000000e+00 8.000000000000000000e+00 6.007544929417727442e-01
6.000000000000000000e+00 9.000000000000000000e+00 7.219875604880430231e-01
6.000000000000000000e+00 1.000000000000000000e+01 5.468671261425221974e-01
6.000000000000000000e+00 1.100000000000000000e+01 7.087766040749823304e-01
6.000000000000000000e+00 1.200000000000000000e+01 6.780450977806189439e-01
6.000000000000000000e+00 1.300000000000000000e+01 8.519170125423598527e-01
6.000000000000000000e+00 1.400000000000000000e+01 9.832713181163583727e-01
6.000000000000000000e+00 1.500000000000000000e+01 9.635916348256481356e-01
6.000000000000000000e+00 1.600000000000000000e+01 9.286464609644971002e-01
6.000000000000000000e+00 1.700000000000000000e+01 9.565163498852173873e-01
6.000000000000000000e+00 1.800000000000000000e+01 9.445321544267648584e-01
6.000000000000000000e+00 1.900000000000000000e+01 1.004691024783684217e+00
6.000000000000000000e+00 2.000000000000000000e+01 9.693717848597172004e-01
6.000000000000000000e+00 2.100000000000000000e+01 8.922805998027323326e-01
6.000000000000000000e+00 2.200000000000000000e+01 9.674709625339745767e-01
6.000000000000000000e+00 2.300000000000000000e+01 9.164514324535673051e-01
6.000000000000000000e+00 2.400000000000000000e+01 9.268304931412265635e-01
6.000000000000000000e+00 2.500000000000000000e+01 1.008191439647907028e+00
6.000000000000000000e+00 2.600000000000000000e+01 1.049144078599089758e+00
6.000000000000000000e+00 2.700000000000000000e+01 1.081088785769328542e+00
6.000000000000000000e+00 2.800000000000000000e+01 1.015389766813097783e+00
6.000000000000000000e+00 2.900000000000000000e+01 1.020467946039828711e+00
6.000000000000000000e+00 3.000000000000000000e+01 1.095309909255708147e+00
6.000000000000000000e+00 3.100000000000000000e+01 1.079894773916915574e+00
6.000000000000000000e+00 3.200000000000000000e+01 1.553935263053058069e+00
7.000000000000000000e+00 8.000000000000000000e+00 6.466764588866926733e-01
7.000000000000000000e+00 9.000000000000000000e+00 6.877182752398360854e-01
7.000000000000000000e+00 1.000000000000000000e+01 5.812067375673242164e-01
7.000000000000000000e+00 1.100000000000000000e+01 6.667997040268636155e-01
7.000000000000000000e+00 1.200000000000000000e+01 6.342466370671553388e-01
7.000000000000000000e+00 1.300000000000000000e+01 8.319275179779292984e-01
7.000000000000000000e+00 1.400000000000000000e+01 9.849326238570612624e-01
7.000000000000000000e+00 1.500000000000000000e+01 9.472526192543035961e-01
7.000000000000000000e+00 1.600000000000000000e+01 9.285427322249468762e-01
7.000000000000000000e+00 1.700000000000000000e+01 9.569007524155512812e-01
7.000000000000000000e+00 1.800000000000000000e+01 9.441765061311597762e-01
7.000000000000000000e+00 1.900000000000000000e+01 1.004555871711260817e+00
7.000000000000000000e+00 2.000000000000000000e+01 9.688493482391387079e-01
7.000000000000000000e+00 2.100000000000000000e+01 8.802220707384700304e-01
7.000000000000000000e+00 2.200000000000000000e+01 9.657903779035066361e-01
7.000000000000000000e+00 2.300000000000000000e+01 9.056527704622581165e-01
7.000000000000000000e+00 2.400000000000000000e+01 9.169278814498642571e-01
7.000000000000000000e+00 2.500000000000000000e+01 1.004080890825344685e+00
7.000000000000000000e+00 2.600000000000000000e+01 1.044989344764191808e+00
7.000000000000000000e+00 2.700000000000000000e+01 1.076828535132691833e+00
7.000000000000000000e+00 2.800000000000000000e+01 1.008856431614033600e+00
7.000000000000000000e+00 2.900000000000000000e+01 1.013511050930923751e+00
7.000000000000000000e+00 3.000000000000000000e+01 1.087865000900139600e+00
7.000000000000000000e+00 3.100000000000000000e+01 1.073518938196141859e+00
7.000000000000000000e+00 3.200000000000000000e+01 1.548778977885584940e+00
8.000000000000000000e+00 9.000000000000000000e+00 7.654946963239377400e-01
8.000000000000000000e+00 1.000000000000000000e+01 5.333931061385226435e-01
8.000000000000000000e+00 1.100000000000000000e+01 7.401338956102343491e-01
8.000000000000000000e+00 1.200000000000000000e+01 7.000847318742347003e-01
8.000000000000000000e+00 1.300000000000000000e+01 8.674332491669818346e-01
8.000000000000000000e+00 1.400000000000000000e+01 9.556495777067199882e-01
8.000000000000000000e+00 1.500000000000000000e+01 9.684655306524576623e-01
8.000000000000000000e+00 1.600000000000000000e+01 9.031033576089517734e-01
8.000000000000000000e+00 1.700000000000000000e+01 9.306355335961473685e-01
8.000000000000000000e+00 1.800000000000000000e+01 9.196550144036326202e-01
8.000000000000000000e+00 1.900000000000000000e+01 9.799415603635055483e-01
8.000000000000000000e+00 2.000000000000000000e+01 9.450571766752415837e-01
8.000000000000000000e+00 2.100000000000000000e+01 8.872335036816187959e-01
8.000000000000000000e+00 2.200000000000000000e+01 9.450825949206913545e-01
8.000000000000000000e+00 2.300000000000000000e+01 9.098477091321262034e-01
8.000000000000000000e+00 2.400000000000000000e+01 9.188899945581148199e-01
8.000000000000000000e+00 2.500000000000000000e+01 9.907846089619263275e-01
8.000000000000000000e+00 2.600000000000000000e+01 1.032225707754845567e+00
8.000000000000000000e+00 2.700000000000000000e+01 1.064613483094266844e+00
8.000000000000000000e+00 2.800000000000000000e+01 1.002999679070146311e+00
8.000000000000000000e+00 2.900000000000000000e+01 1.009022886533118335e+00
8.000000000000000000e+00 3.000000000000000000e+01 1.085392105364223481e+00
8.000000000000000000e+00 3.100000000000000000e+01 1.067687152774431381e+00
8.000000000000000000e+00 3.200000000000000000e+01 1.539949179791451517e+00
9.000000000000000000e+00 1.000000000000000000e+01 7.376977988144854947e-01
9.000000000000000000e+00 1.100000000000000000e+01 6.298595166090430464e-01
9.000000000000000000e+00 1.200000000000000000e+01 6.881148844792368546e-01
9.000000000000000000e+00 1.300000000000000000e+01 7.813719325205492616e-01
9.000000000000000000e+00 1.400000000000000000e+01 1.022102560350067080e+00
9.000000000000000000e+00 1.500000000000000000e+01 9.267003808490095196e-01
9.000000000000000000e+00 1.600000000000000000e+01 9.626382694410404728e-01
9.000000000000000000e+00 1.700000000000000000e+01 9.914515615279606564e-01
9.000000000000000000e+00 1.800000000000000000e+01 9.772487323597696118e-01
9.000000000000000000e+00 1.900000000000000000e+01 1.037376366608886880e+00
9.000000000000000000e+00 2.000000000000000000e+01 1.001037549543326355e+00
9.000000000000000000e+00 2.100000000000000000e+01 8.817449457638710797e-01
9.000000000000000000e+00 2.200000000000000000e+01 9.950824766687469403e-01
9.000000000000000000e+00 2.300000000000000000e+01 9.097516988027736229e-01
9.000000000000000000e+00 2.400000000000000000e+01 9.233505963876982303e-01
9.000000000000000000e+00 2.500000000000000000e+01 1.025634220042670908e+00
9.000000000000000000e+00 2.600000000000000000e+01 1.065703550983334802e+00
9.000000000000000000e+00 2.700000000000000000e+01 1.096812400233063034e+00
9.000000000000000000e+00 2.800000000000000000e+01 1.022425320800782522e+00
9.000000000000000000e+00 2.900000000000000000e+01 1.025527122155142745e+00
9.000000000000000000e+00 3.000000000000000000e+01 1.097315342260333670e+00
9.000000000000000000e+00 3.100000000000000000e+01 1.086736424904262810e+00
9.000000000000000000e+00 3.200000000000000000e+01 1.564766838911206381e+00
1.000000000000000000e+01 1.100000000000000000e+01 7.061515631561399164e-01
1.000000000000000000e+01 1.200000000000000000e+01 6.571874355534330636e-01
1.000000000000000000e+01 1.300000000000000000e+01 8.488490429479118582e-01
1.000000000000000000e+01 1.400000000000000000e+01 9.623871471454306104e-01
1.000000000000000000e+01 1.500000000000000000e+01 9.535011750905444394e-01
1.000000000000000000e+01 1.600000000000000000e+01 9.075679390440674066e-01
1.000000000000000000e+01 1.700000000000000000e+01 9.357175676145241816e-01
1.000000000000000000e+01 1.800000000000000000e+01 9.237745420336747060e-01
1.000000000000000000e+01 1.900000000000000000e+01 9.843227358497630419e-01
1.000000000000000000e+01 2.000000000000000000e+01 9.489413881831454400e-01
1.000000000000000000e+01 2.100000000000000000e+01 8.768512015542881954e-01
1.000000000000000000e+01 2.200000000000000000e+01 9.474437716503192330e-01
1.000000000000000000e+01 2.300000000000000000e+01 9.008589914848477154e-01
1.000000000000000000e+01 2.400000000000000000e+01 9.109157120035520361e-01
1.000000000000000000e+01 2.500000000000000000e+01 9.899088826107291794e-01
1.000000000000000000e+01 2.600000000000000000e+01 1.031253155942594146e+00
1.000000000000000000e+01 2.700000000000000000e+01 1.063476538900428370e+00
1.000000000000000000e+01 2.800000000000000000e+01 9.989583583652241749e-01
1.000000000000000000e+01 2.900000000000000000e+01 1.004431746273036108e+00
1.000000000000000000e+01 3.000000000000000000e+01 1.080117793211240906e+00
1.000000000000000000e+01 3.100000000000000000e+01 1.063788890915930763e+00
1.000000000000000000e+01 3.200000000000000000e+01 1.537549131267152536e+00
1.100000000000000000e+01 1.200000000000000000e+01 5.761872604214597349e-01
1.100000000000000000e+01 1.300000000000000000e+01 7.634810756423977551e-01
1.100000000000000000e+01 1.400000000000000000e+01 9.892840144421013449e-01
1.100000000000000000e+01 1.500000000000000000e+01 8.924798668555462555e-01
1.100000000000000000e+01 1.600000000000000000e+01 9.285039266555885629e-01
1.100000000000000000e+01 1.700000000000000000e+01 9.579861507189217917e-01
1.100000000000000000e+01 1.800000000000000000e+01 9.433570706340068668e-01
1.100000000000000000e+01 1.900000000000000000e+01 1.004152266060764909e+00
1.100000000000000000e+01 2.000000000000000000e+01 9.674779423794117594e-01
1.100000000000000000e+01 2.100000000000000000e+01 8.424716967612333463e-01
1.100000000000000000e+01 2.200000000000000000e+01 9.612908268195139438e-01
1.100000000000000000e+01 2.300000000000000000e+01 8.725500427190333586e-01
1.100000000000000000e+01 2.400000000000000000e+01 8.870626651021493725e-01
1.100000000000000000e+01 2.500000000000000000e+01 9.927355254869048018e-01
1.100000000000000000e+01 2.600000000000000000e+01 1.033544600250354106e+00
1.100000000000000000e+01 2.700000000000000000e+01 1.065113907275187621e+00
1.100000000000000000e+01 2.800000000000000000e+01 9.903543888716312971e-01
1.100000000000000000e+01 2.900000000000000000e+01 9.937168040998640706e-01
1.100000000000000000e+01 3.000000000000000000e+01 1.066667452474411304e+00
1.100000000000000000e+01 3.100000000000000000e+01 1.055597819577395624e+00
1.100000000000000000e+01 3.200000000000000000e+01 1.534633183482650765e+00
1.200000000000000000e+01 1.300000000000000000e+01 7.924012853498394460e-01
1.200000000000000000e+01 1.400000000000000000e+01 9.673731279741777378e-01
1.200000000000000000e+01 1.500000000000000000e+01 9.026003886043927338e-01
1.200000000000000000e+01 1.600000000000000000e+01 9.073400568864469218e-01
1.200000000000000000e+01 1.700000000000000000e+01 9.369108831263499582e-01
1.200000000000000000e+01 1.800000000000000000e+01 9.227420340950689415e-01
1.200000000000000000e+01 1.900000000000000000e+01 9.839136408043387405e-01
1.200000000000000000e+01 2.000000000000000000e+01 9.473764791993601886e-01
1.200000000000000000e+01 2.100000000000000000e+01 8.376724703074753808e-01
1.200000000000000000e+01 2.200000000000000000e+01 9.423497552104540542e-01
1.200000000000000000e+01 2.300000000000000000e+01 8.662281722416180774e-01
1.200000000000000000e+01 2.400000000000000000e+01 8.793690852061917251e-01
1.200000000000000000e+01 2.500000000000000000e+01 9.774456981429504587e-01
1.200000000000000000e+01 2.600000000000000000e+01 1.018771827201423230e+00
1.200000000000000000e+01 2.700000000000000000e+01 1.050748119006236880e+00
1.200000000000000000e+01 2.800000000000000000e+01 9.790440965266529183e-01
1.200000000000000000e+01 2.900000000000000000e+01 9.832274878358004955e-01
1.200000000000000000e+01 3.000000000000000000e+01 1.057599213746293954e+00
1.200000000000000000e+01 3.100000000000000000e+01 1.044551475141171748e+00
1.200000000000000000e+01 3.200000000000000000e+01 1.522328732001122287e+00
1.300000000000000000e+01 1.400000000000000000e+01 1.048266012646052570e+00
1.300000000000000000e+01 1.500000000000000000e+01 7.926368492993769443e-01
1.300000000000000000e+01 1.600000000000000000e+01 9.830838442137255218e-01
1.300000000000000000e+01 1.700000000000000000e+01 1.013088355663157358e+00
1.300000000000000000e+01 1.800000000000000000e+01 9.962767161590817544e-01
1.300000000000000000e+01 1.900000000000000000e+01 1.056532387893688529e+00
1.300000000000000000e+01 2.000000000000000000e+01 1.018949388898222841e+00
1.300000000000000000e+01 2.100000000000000000e+01 8.314596728350212018e-01
1.300000000000000000e+01 2.200000000000000000e+01 1.008302757826106566e+00
1.300000000000000000e+01 2.300000000000000000e+01 8.684872321019982966e-01
1.300000000000000000e+01 2.400000000000000000e+01 8.893844300484861076e-01
1.300000000000000000e+01 2.500000000000000000e+01 1.027456203251850830e+00
1.300000000000000000e+01 2.600000000000000000e+01 1.067159103952090016e+00
1.300000000000000000e+01 2.700000000000000000e+01 1.097740273430603875e+00
1.300000000000000000e+01 2.800000000000000000e+01 1.011086971114670607e+00
1.300000000000000000e+01 2.900000000000000000e+01 1.011545179108732206e+00
1.300000000000000000e+01 3.000000000000000000e+01 1.080215941028794147e+00
1.300000000000000000e+01 3.100000000000000000e+01 1.076391731803402640e+00
1.300000000000000000e+01 3.200000000000000000e+01 1.561418464211498769e+00
1.400000000000000000e+01 1.500000000000000000e+01 1.102961643382430967e+00
1.400000000000000000e+01 1.600000000000000000e+01 6.555553741823147984e-01
1.400000000000000000e+01 1.700000000000000000e+01 5.731691561028173787e-01
1.400000000000000000e+01 1.800000000000000000e+01 6.456564092973193780e-01
1.400000000000000000e+01 1.900000000000000000e+01 6.081869896812577281e-01
1.400000000000000000e+01 2.000000000000000000e+01 6.375700870237426265e-01
1.400000000000000000e+01 2.100000000000000000e+01 9.648401500517946872e-01
1.400000000000000000e+01 2.200000000000000000e+01 7.165313974539595510e-01
1.400000000000000000e+01 2.300000000000000000e+01 9.670141151996201057e-01
1.400000000000000000e+01 2.400000000000000000e+01 9.603599710672525713e-01
1.400000000000000000e+01 2.500000000000000000e+01 8.634391847901974337e-01
1.400000000000000000e+01 2.600000000000000000e+01 9.014081385490764209e-01
1.400000000000000000e+01 2.700000000000000000e+01 9.366085669339141440e-01
1.400000000000000000e+01 2.800000000000000000e+01 9.625582094628604146e-01
1.400000000000000000e+01 2.900000000000000000e+01 9.814474545402021022e-01
1.400000000000000000e+01 3.000000000000000000e+01 1.072979958098778441e+00
1.400000000000000000e+01 3.100000000000000000e+01 1.022102229608133017e+00
1.400000000000000000e+01 3.200000000000000000e+01 1.449548609087113693e+00
1.500000000000000000e+01 1.600000000000000000e+01 1.033593106857632948e+00
1.500000000000000000e+01 1.700000000000000000e+01 1.064582533959129051e+00
1.500000000000000000e+01 1.800000000000000000e+01 1.045859247220325638e+00
1.500000000000000000e+01 1.900000000000000000e+01 1.106443690962584103e+00
1.500000000000000000e+01 2.000000000000000000e+01 1.067887787065293415e+00
1.500000000000000000e+01 2.100000000000000000e+01 7.976577735370937727e-01
1.500000000000000000e+01 2.200000000000000000e+01 1.053913677253592196e+00
1.500000000000000000e+01 2.300000000000000000e+01 8.497594686259339891e-01
1.500000000000000000e+01 2.400000000000000000e+01 8.830747308891326863e-01
1.500000000000000000e+01 2.500000000000000000e+01 1.065612201939785120e+00
1.500000000000000000e+01 2.600000000000000000e+01 1.106057888141757095e+00
1.500000000000000000e+01 2.700000000000000000e+01 1.136931264070531800e+00
1.500000000000000000e+01 2.800000000000000000e+01 1.038549884776114762e+00
1.500000000000000000e+01 2.900000000000000000e+01 1.036731478503791770e+00
1.500000000000000000e+01 3.000000000000000000e+01 1.104200852020682744e+00
1.500000000000000000e+01 3.100000000000000000e+01 1.106422645017984374e+00
1.500000000000000000e+01 3.200000000000000000e+01 1.599708427822961632e+00
1.600000000000000000e+01 1.700000000000000000e+01 5.482472786550434130e-01
1.600000000000000000e+01 1.800000000000000000e+01 4.619345070016076527e-01
1.600000000000000000e+01 1.900000000000000000e+01 6.514809833874348755e-01
1.600000000000000000e+01 2.000000000000000000e+01 5.790290150745287523e-01
1.600000000000000000e+01 2.100000000000000000e+01 8.900205338726268067e-01
1.600000000000000000e+01 2.200000000000000000e+01 6.192674214093625285e-01
1.600000000000000000e+01 2.300000000000000000e+01 8.904593704301013712e-01
1.600000000000000000e+01 2.400000000000000000e+01 8.824330498035222181e-01
1.600000000000000000e+01 2.500000000000000000e+01 7.820084113897318723e-01
1.600000000000000000e+01 2.600000000000000000e+01 8.258614235854631058e-01
1.600000000000000000e+01 2.700000000000000000e+01 8.629324252078469648e-01
1.600000000000000000e+01 2.800000000000000000e+01 8.811476499779256066e-01
1.600000000000000000e+01 2.900000000000000000e+01 9.006206870379065421e-01
1.600000000000000000e+01 3.000000000000000000e+01 9.933838988775425261e-01
1.600000000000000000e+01 3.100000000000000000e+01 9.417495832682278856e-01
1.600000000000000000e+01 3.200000000000000000e+01 1.373565302728240400e+00
1.700000000000000000e+01 1.800000000000000000e+01 5.052926856408337386e-01
1.700000000000000000e+01 1.900000000000000000e+01 5.626311049179351098e-01
1.700000000000000000e+01 2.000000000000000000e+01 5.101591531577185368e-01
1.700000000000000000e+01 2.100000000000000000e+01 9.222851741207818144e-01
1.700000000000000000e+01 2.200000000000000000e+01 6.280945671318736157e-01
1.700000000000000000e+01 2.300000000000000000e+01 9.225810558309415210e-01
1.700000000000000000e+01 2.400000000000000000e+01 9.144859239441396337e-01
1.700000000000000000e+01 2.500000000000000000e+01 8.004779344748671477e-01
1.700000000000000000e+01 2.600000000000000000e+01 8.395787041469915390e-01
1.700000000000000000e+01 2.700000000000000000e+01 8.755782150956430421e-01
1.700000000000000000e+01 2.800000000000000000e+01 9.084614465692046892e-01
1.700000000000000000e+01 2.900000000000000000e+01 9.286177887942610454e-01
1.700000000000000000e+01 3.000000000000000000e+01 1.021597397607521662e+00
1.700000000000000000e+01 3.100000000000000000e+01 9.675576799301499609e-01
1.700000000000000000e+01 3.200000000000000000e+01 1.391460203782848293e+00
1.800000000000000000e+01 1.900000000000000000e+01 6.120333841648482043e-01
1.800000000000000000e+01 2.000000000000000000e+01 5.052601845588122753e-01
1.800000000000000000e+01 2.100000000000000000e+01 9.010083376248183562e-01
1.800000000000000000e+01 2.200000000000000000e+01 5.790327901303811142e-01
1.800000000000000000e+01 2.300000000000000000e+01 9.002864232907714648e-01
1.800000000000000000e+01 2.400000000000000000e+01 8.913975089015309106e-01
1.800000000000000000e+01 2.500000000000000000e+01 7.716925070496851724e-01
1.800000000000000000e+01 2.600000000000000000e+01 8.137760453954550055e-01
1.800000000000000000e+01 2.700000000000000000e+01 8.508386165824819436e-01
1.800000000000000000e+01 2.800000000000000000e+01 8.820814278309265788e-01
1.800000000000000000e+01 2.900000000000000000e+01 9.027569345211237106e-01
1.800000000000000000e+01 3.000000000000000000e+01 9.965055362957733198e-01
1.800000000000000000e+01 3.100000000000000000e+01 9.414538476645699649e-01
1.800000000000000000e+01 3.200000000000000000e+01 1.366337464652276790e+00
1.900000000000000000e+01 2.000000000000000000e+01 5.345553200764332491e-01
1.900000000000000000e+01 2.100000000000000000e+01 9.620723518015577014e-01
1.900000000000000000e+01 2.200000000000000000e+01 6.387125813335245983e-01
1.900000000000000000e+01 2.300000000000000000e+01 9.606376997843619758e-01
1.900000000000000000e+01 2.400000000000000000e+01 9.512667769812883645e-01
1.900000000000000000e+01 2.500000000000000000e+01 8.085909182387238658e-01
1.900000000000000000e+01 2.600000000000000000e+01 8.413193505136626893e-01
1.900000000000000000e+01 2.700000000000000000e+01 8.759789067184433620e-01
1.900000000000000000e+01 2.800000000000000000e+01 9.331056106279271845e-01
1.900000000000000000e+01 2.900000000000000000e+01 9.550577422540449390e-01
1.900000000000000000e+01 3.000000000000000000e+01 1.049430738077391956e+00
1.900000000000000000e+01 3.100000000000000000e+01 9.900000198858227574e-01
1.900000000000000000e+01 3.200000000000000000e+01 1.400960970549314233e+00
2.000000000000000000e+01 2.100000000000000000e+01 9.221942156014861780e-01
2.000000000000000000e+01 2.200000000000000000e+01 5.585777966847993437e-01
2.000000000000000000e+01 2.300000000000000000e+01 9.204056344750302099e-01
2.000000000000000000e+01 2.400000000000000000e+01 9.107404139605248528e-01
2.000000000000000000e+01 2.500000000000000000e+01 7.692839124664065942e-01
2.000000000000000000e+01 2.600000000000000000e+01 8.067504541787504646e-01
2.000000000000000000e+01 2.700000000000000000e+01 8.430223406472636682e-01
2.000000000000000000e+01 2.800000000000000000e+01 8.927398802989334747e-01
2.000000000000000000e+01 2.900000000000000000e+01 9.147044953812635271e-01
2.000000000000000000e+01 3.000000000000000000e+01 1.009362991682876798e+00
2.000000000000000000e+01 3.100000000000000000e+01 9.503645267713227707e-01
2.000000000000000000e+01 3.200000000000000000e+01 1.365389431429686606e+00
2.100000000000000000e+01 2.200000000000000000e+01 9.037155244782881791e-01
2.100000000000000000e+01 2.300000000000000000e+01 5.539940111892034391e-01
2.100000000000000000e+01 2.400000000000000000e+01 6.322257632464671762e-01
2.100000000000000000e+01 2.500000000000000000e+01 9.056591256656028044e-01
2.100000000000000000e+01 2.600000000000000000e+01 9.478890403146296162e-01
2.100000000000000000e+01 2.700000000000000000e+01 9.796471919482052648e-01
2.100000000000000000e+01 2.800000000000000000e+01 8.640704382343220580e-01
2.100000000000000000e+01 2.900000000000000000e+01 8.595806756929831316e-01
2.100000000000000000e+01 3.000000000000000000e+01 9.280731328816622661e-01
2.100000000000000000e+01 3.100000000000000000e+01 9.369639546483912174e-01
2.100000000000000000e+01 3.200000000000000000e+01 1.442818025499718715e+00
2.200000000000000000e+01 2.300000000000000000e+01 8.993568282312278672e-01
2.200000000000000000e+01 2.400000000000000000e+01 8.877297422575944896e-01
2.200000000000000000e+01 2.500000000000000000e+01 7.146215019129384949e-01
2.200000000000000000e+01 2.600000000000000000e+01 7.572202550317170822e-01
2.200000000000000000e+01 2.700000000000000000e+01 7.962384134851614448e-01
2.200000000000000000e+01 2.800000000000000000e+01 8.562403526620361305e-01
2.200000000000000000e+01 2.900000000000000000e+01 8.802984558892248401e-01
2.200000000000000000e+01 3.000000000000000000e+01 9.771254421098631848e-01
2.200000000000000000e+01 3.100000000000000000e+01 9.129360179838046374e-01
2.200000000000000000e+01 3.200000000000000000e+01 1.322682950104371979e+00
2.300000000000000000e+01 2.400000000000000000e+01 5.180276534348882134e-01
2.300000000000000000e+01 2.500000000000000000e+01 8.929299975192672711e-01
2.300000000000000000e+01 2.600000000000000000e+01 9.350118397561624217e-01
2.300000000000000000e+01 2.700000000000000000e+01 9.665810593079657842e-01
2.300000000000000000e+01 2.800000000000000000e+01 8.371343348169459908e-01
2.300000000000000000e+01 2.900000000000000000e+01 8.291349483289254252e-01
2.300000000000000000e+01 3.000000000000000000e+01 8.948334344485993075e-01
2.300000000000000000e+01 3.100000000000000000e+01 9.122839230193815485e-01
2.300000000000000000e+01 3.200000000000000000e+01 1.427203266711142060e+00
2.400000000000000000e+01 2.500000000000000000e+01 8.750538240286838132e-01
2.400000000000000000e+01 2.600000000000000000e+01 9.172745512386926148e-01
2.400000000000000000e+01 2.700000000000000000e+01 9.488588945213218828e-01
2.400000000000000000e+01 2.800000000000000000e+01 8.084003284657605981e-01
2.400000000000000000e+01 2.900000000000000000e+01 7.979966598451584403e-01
2.400000000000000000e+01 3.000000000000000000e+01 8.630934888411216921e-01
2.400000000000000000e+01 3.100000000000000000e+01 8.858905404886396884e-01
2.400000000000000000e+01 3.200000000000000000e+01 1.408071175440608780e+00
2.500000000000000000e+01 2.600000000000000000e+01 5.868862928157743131e-01
2.500000000000000000e+01 2.700000000000000000e+01 6.627927191442317678e-01
2.500000000000000000e+01 2.800000000000000000e+01 7.765054773758186535e-01
2.500000000000000000e+01 2.900000000000000000e+01 8.119207138983153271e-01
2.500000000000000000e+01 3.000000000000000000e+01 9.179710931351310332e-01
2.500000000000000000e+01 3.100000000000000000e+01 8.231980721242477816e-01
2.500000000000000000e+01 3.200000000000000000e+01 1.200331953176884792e+00
2.600000000000000000e+01 2.700000000000000000e+01 5.316246707811331795e-01
2.600000000000000000e+01 2.800000000000000000e+01 8.113503864373723395e-01
2.600000000000000000e+01 2.900000000000000000e+01 8.467133819098595637e-01
2.600000000000000000e+01 3.000000000000000000e+01 9.508341740161385669e-01
2.600000000000000000e+01 3.100000000000000000e+01 8.488483458227491507e-01
2.600000000000000000e+01 3.200000000000000000e+01 1.157642092150157342e+00
2.700000000000000000e+01 2.800000000000000000e+01 8.402144533024085149e-01
2.700000000000000000e+01 2.900000000000000000e+01 8.749558589388120033e-01
2.700000000000000000e+01 3.000000000000000000e+01 9.774678478942353532e-01
2.700000000000000000e+01 3.100000000000000000e+01 8.733204401046894549e-01
2.700000000000000000e+01 3.200000000000000000e+01 1.134148831403860580e+00
2.800000000000000000e+01 2.900000000000000000e+01 5.325430352616344898e-01
2.800000000000000000e+01 3.000000000000000000e+01 7.200132451948773049e-01
2.800000000000000000e+01 3.100000000000000000e+01 6.052010682891697524e-01
2.800000000000000000e+01 3.200000000000000000e+01 1.274188468848622247e+00
2.900000000000000000e+01 3.000000000000000000e+01 6.449312654473886575e-01
2.900000000000000000e+01 3.100000000000000000e+01 6.519861473582702072e-01
2.900000000000000000e+01 3.200000000000000000e+01 1.309051595614670216e+00
3.000000000000000000e+01 3.100000000000000000e+01 7.815390864271913873e-01
3.000000000000000000e+01 3.200000000000000000e+01 1.408152732115735883e+00
3.100000000000000000e+01 3.200000000000000000e+01 1.287103834980544814e+00
