1.000000000000000000e+00 2.000000000000000000e+00 1.036783260117387417e+00
1.000000000000000000e+00 3.000000000000000000e+00 1.338552804544426378e+00
1.000000000000000000e+00 4.000000000000000000e+00 1.351515512759695392e+00
1.000000000000000000e+00 5.000000000000000000e+00 1.325952748668417280e+00
1.000000000000000000e+00 6.000000000000000000e+00 1.309528286928063556e+00
1.000000000000000000e+00 7.000000000000000000e+00 1.288356075952406421e+00
1.000000000000000000e+00 8.000000000000000000e+00 1.321367910886273034e+00
1.000000000000000000e+00 9.000000000000000000e+00 1.213734295036529742e+00
1.000000000000000000e+00 1.000000000000000000e+01 1.303991497925045984e+00
1.000000000000000000e+00 1.100000000000000000e+01 1.227958848052409069e+00
1.000000000000000000e+00 1.200000000000000000e+01 1.256532960201199201e+00
1.000000000000000000e+00 1.300000000000000000e+01 1.181887925798170036e+00
1.000000000000000000e+00 1.400000000000000000e+01 1.484645701884229396e+00
1.000000000000000000e+00 1.500000000000000000e+01 1.235038542905466219e+00
1.000000000000000000e+00 1.600000000000000000e+01 1.419410797124788681e+00
1.000000000000000000e+00 1.700000000000000000e+01 1.448206151008616160e+00
1.000000000000000000e+00 1.800000000000000000e+01 1.431004744743008317e+00
1.000000000000000000e+00 1.900000000000000000e+01 1.489133952243311798e+00
1.000000000000000000e+00 2.000000000000000000e+01 1.451826740209145816e+00
1.000000000000000000e+00 2.100000000000000000e+01 1.285996622843473158e+00
1.000000000000000000e+00 2.200000000000000000e+01 1.438819129724385748e+00
1.000000000000000000e+00 2.300000000000000000e+01 1.301305137594978012e+00
1.000000000000000000e+00 2.400000000000000000e+01 1.314685926053411835e+00
1.000000000000000000e+00 2.500000000000000000e+01 1.444478050846677242e+00
1.000000000000000000e+00 2.600000000000000000e+01 1.477075003983479462e+00
1.000000000000000000e+00 2.700000000000000000e+01 1.502155677782053278e+00
1.000000000000000000e+00 2.800000000000000000e+01 1.405849396841758692e+00
1.000000000000000000e+00 2.900000000000000000e+01 1.397387090119073250e+00
1.000000000000000000e+00 3.000000000000000000e+01 1.393939009484924441e+00
1.000000000000000000e+00 3.100000000000000000e+01 1.430197267018756158e+00
1.000000000000000000e+00 3.200000000000000000e+01 1.510730719118381415e+00
2.000000000000000000e+00 3.000000000000000000e+00 1.071303150164865103e+00
2.000000000000000000e+00 4.000000000000000000e+00 1.076833065403003387e+00
2.000000000000000000e+00 5.000000000000000000e+00 1.056383932943205428e+00
2.000000000000000000e+00 6.000000000000000000e+00 1.041404671461241493e+00
2.000000000000000000e+00 7.000000000000000000e+00 1.016508196144571663e+00
2.000000000000000000e+00 8.000000000000000000e+00 1.058178839083292022e+00
2.000000000000000000e+00 9.000000000000000000e+00 9.166445448091466996e-01
2.000000000000000000e+00 1.000000000000000000e+01 1.037792097800831037e+00
2.000000000000000000e+00 1.100000000000000000e+01 9.494566260415975290e-01
2.000000000000000000e+00 1.200000000000000000e+01 9.849633941258513214e-01
2.000000000000000000e+00 1.300000000000000000e+01 9.203570724283978155e-01
2.000000000000000000e+00 1.400000000000000000e+01 1.233950522062419175e+00
2.000000000000000000e+00 1.500000000000000000e+01 9.854778939802826265e-01
2.000000000000000000e+00 1.600000000000000000e+01 1.169145795724366943e+00
2.000000000000000000e+00 1.700000000000000000e+01 1.198096145615538788e+00
2.000000000000000000e+00 1.800000000000000000e+01 1.181179592292721292e+00
2.000000000000000000e+00 1.900000000000000000e+01 1.239705384819721479e+00
2.000000000000000000e+00 2.000000000000000000e+01 1.202448876429001112e+00
2.000000000000000000e+00 2.100000000000000000e+01 1.037793778024298508e+00
2.000000000000000000e+00 2.200000000000000000e+01 1.190277654693181697e+00
2.000000000000000000e+00 2.300000000000000000e+01 1.055382329859580137e+00
2.000000000000000000e+00 2.400000000000000000e+01 1.069652994131130574e+00
2.000000000000000000e+00 2.500000000000000000e+01 1.199051903459987578e+00
2.000000000000000000e+00 2.600000000000000000e+01 1.232347329085288656e+00
2.000000000000000000e+00 2.700000000000000000e+01 1.257894527984274813e+00
2.000000000000000000e+00 2.800000000000000000e+01 1.163823804361190595e+00
2.000000000000000000e+00 2.900000000000000000e+01 1.156094617537469560e+00
2.000000000000000000e+00 3.000000000000000000e+01 1.154625762581546589e+00
2.000000000000000000e+00 3.100000000000000000e+01 1.189064378765369412e+00
2.000000000000000000e+00 3.200000000000000000e+01 1.268917462163656307e+00
3.000000000000000000e+00 4.000000000000000000e+00 6.163385989683640709e-01
3.000000000000000000e+00 5.000000000000000000e+00 4.623619498161906094e-01
3.000000000000000000e+00 6.000000000000000000e+00 5.801360662562926596e-01
3.000000000000000000e+00 7.000000000000000000e+00 6.374155471440534626e-01
3.000000000000000000e+00 8.000000000000000000e+00 6.710926818613021094e-01
3.000000000000000000e+00 9.000000000000000000e+00 8.055710667115321133e-01
3.000000000000000000e+00 1.000000000000000000e+01 6.606043989599648114e-01
3.000000000000000000e+00 1.100000000000000000e+01 7.778052331163898270e-01
3.000000000000000000e+00 1.200000000000000000e+01 7.505860495975003044e-01
3.000000000000000000e+00 1.300000000000000000e+01 9.177655123730132924e-01
3.000000000000000000e+00 1.400000000000000000e+01 1.026314351251837120e+00
3.000000000000000000e+00 1.500000000000000000e+01 9.391087618467404141e-01
3.000000000000000000e+00 1.600000000000000000e+01 9.738749426915698226e-01
3.000000000000000000e+00 1.700000000000000000e+01 1.000782711462870900e+00
3.000000000000000000e+00 1.800000000000000000e+01 9.895976866154647666e-01
3.000000000000000000e+00 1.900000000000000000e+01 1.048804995684282870e+00
3.000000000000000000e+00 2.000000000000000000e+01 1.014069390808572946e+00
3.000000000000000000e+00 2.100000000000000000e+01 9.418027563147686188e-01
3.000000000000000000e+00 2.200000000000000000e+01 1.012857046251750992e+00
3.000000000000000000e+00 2.300000000000000000e+01 9.594107003015304169e-01
3.000000000000000000e+00 2.400000000000000000e+01 9.692835003448683207e-01
3.000000000000000000e+00 2.500000000000000000e+01 1.051307372925891048e+00
3.000000000000000000e+00 2.600000000000000000e+01 1.088014292326404231e+00
3.000000000000000000e+00 2.700000000000000000e+01 1.116288617529988425e+00
3.000000000000000000e+00 2.800000000000000000e+01 1.047050369925396351e+00
3.000000000000000000e+00 2.900000000000000000e+01 1.045490249974959873e+00
3.000000000000000000e+00 3.000000000000000000e+01 1.055804646851689732e+00
3.000000000000000000e+00 3.100000000000000000e+01 1.074297600244232154e+00
3.000000000000000000e+00 3.200000000000000000e+01 1.144529857110425208e+00
4.000000000000000000e+00 5.000000000000000000e+00 5.803572426004239837e-01
4.000000000000000000e+00 6.000000000000000000e+00 6.638290233648806993e-01
4.000000000000000000e+00 7.000000000000000000e+00 6.598721381629917282e-01
4.000000000000000000e+00 8.000000000000000000e+00 7.508242979522594673e-01
4.000000000000000000e+00 9.000000000000000000e+00 7.833245382110083366e-01
4.000000000000000000e+00 1.000000000000000000e+01 7.250787839611145813e-01
4.000000000000000000e+00 1.100000000000000000e+01 7.798747270827843803e-01
4.000000000000000000e+00 1.200000000000000000e+01 7.684028615112505900e-01
4.000000000000000000e+00 1.300000000000000000e+01 9.310175879501108032e-01
4.000000000000000000e+00 1.400000000000000000e+01 1.072669807506738238e+00
4.000000000000000000e+00 1.500000000000000000e+01 9.593995293083690257e-01
4.000000000000000000e+00 1.600000000000000000e+01 1.017752799419282761e+00
4.000000000000000000e+00 1.700000000000000000e+01 1.045237967833381632e+00
4.000000000000000000e+00 1.800000000000000000e+01 1.032976777060725659e+00
4.000000000000000000e+00 1.900000000000000000e+01 1.092318347502782894e+00
4.000000000000000000e+00 2.000000000000000000e+01 1.057056736600694657e+00
4.000000000000000000e+00 2.100000000000000000e+01 9.685091441425739411e-01
4.000000000000000000e+00 2.200000000000000000e+01 1.054007486837013507e+00
4.000000000000000000e+00 2.300000000000000000e+01 9.870375705591822868e-01
4.000000000000000000e+00 2.400000000000000000e+01 9.979083249174098835e-01
4.000000000000000000e+00 2.500000000000000000e+01 1.088053447509575999e+00
4.000000000000000000e+00 2.600000000000000000e+01 1.124416240717299509e+00
4.000000000000000000e+00 2.700000000000000000e+01 1.152366845224931158e+00
4.000000000000000000e+00 2.800000000000000000e+01 1.079441077512412361e+00
4.000000000000000000e+00 2.900000000000000000e+01 1.077073839439734115e+00
4.000000000000000000e+00 3.000000000000000000e+01 1.086050231390515819e+00
4.000000000000000000e+00 3.100000000000000000e+01 1.106637980445951186e+00
4.000000000000000000e+00 3.200000000000000000e+01 1.178334699819213682e+00
5.000000000000000000e+00 6.000000000000000000e+00 5.494108926959322403e-01
5.000000000000000000e+00 7.000000000000000000e+00 5.960861248357103293e-01
5.000000000000000000e+00 8.000000000000000000e+00 6.707004696205427496e-01
5.000000000000000000e+00 9.000000000000000000e+00 7.790224181393159419e-01
5.000000000000000000e+00 1.000000000000000000e+01 6.462899710451486257e-01
5.000000000000000000e+00 1.100000000000000000e+01 7.538166370067627131e-01
5.000000000000000000e+00 1.200000000000000000e+01 7.282815213391253817e-01
5.000000000000000000e+00 1.300000000000000000e+01 9.013169874264692627e-01
5.000000000000000000e+00 1.400000000000000000e+01 1.021750027332720023e+00
5.000000000000000000e+00 1.500000000000000000e+01 9.246599940207378410e-01
5.000000000000000000e+00 1.600000000000000000e+01 9.681027242741195860e-01
5.000000000000000000e+00 1.700000000000000000e+01 9.953409991554349467e-01
5.000000000000000000e+00 1.800000000000000000e+01 9.836581118683431768e-01
5.000000000000000000e+00 1.900000000000000000e+01 1.043009326780153012e+00
5.000000000000000000e+00 2.000000000000000000e+01 1.008013591233059225e+00
5.000000000000000000e+00 2.100000000000000000e+01 9.292243841051037734e-01
5.000000000000000000e+00 2.200000000000000000e+01 1.006021954782885919e+00
5.000000000000000000e+00 2.300000000000000000e+01 9.472889674618103495e-01
5.000000000000000000e+00 2.400000000000000000e+01 9.575587226790271966e-01
5.000000000000000000e+00 2.500000000000000000e+01 1.042772595973401550e+00
5.000000000000000000e+00 2.600000000000000000e+01 1.079386823212204582e+00
5.000000000000000000e+00 2.700000000000000000e+01 1.107555337851735100e+00
5.000000000000000000e+00 2.800000000000000000e+01 1.036913543725517917e+00
5.000000000000000000e+00 2.900000000000000000e+01 1.035073671972632336e+00
5.000000000000000000e+00 3.000000000000000000e+01 1.044966032282361290e+00
5.000000000000000000e+00 3.100000000000000000e+01 1.064188549439657905e+00
5.000000000000000000e+00 3.200000000000000000e+01 1.134982576612367566e+00
6.000000000000000000e+00 7.000000000000000000e+00 5.332925324409627521e-01
6.000000000000000000e+00 8.000000000000000000e+00 6.023367565689281555e-01
6.000000000000000000e+00 9.000000000000000000e+00 7.678990469807989161e-01
6.000000000000000000e+00 1.000000000000000000e+01 5.478765164392866982e-01
6.000000000000000000e+00 1.100000000000000000e+01 7.265210216893829287e-01
6.000000000000000000e+00 1.200000000000000000e+01 6.873733832123323229e-01
6.000000000000000000e+00 1.300000000000000000e+01 8.762004729076260379e-01
6.000000000000000000e+00 1.400000000000000000e+01 9.896674357344474871e-01
6.000000000000000000e+00 1.500000000000000000e+01 8.967169845370541736e-01
6.000000000000000000e+00 1.600000000000000000e+01 9.356552920194050049e-01
6.000000000000000000e+00 1.700000000000000000e+01 9.631146754169632729e-01
6.000000000000000000e+00 1.800000000000000000e+01 9.513499177980087040e-01
6.000000000000000000e+00 1.900000000000000000e+01 1.010938607916483489e+00
6.000000000000000000e+00 2.000000000000000000e+01 9.758560551820532059e-01
6.000000000000000000e+00 2.100000000000000000e+01 8.988123540146846224e-01
6.000000000000000000e+00 2.200000000000000000e+01 9.739211027628413841e-01
6.000000000000000000e+00 2.300000000000000000e+01 9.169550715389738205e-01
6.000000000000000000e+00 2.400000000000000000e+01 9.270910179189650879e-01
6.000000000000000000e+00 2.500000000000000000e+01 1.011265068907449383e+00
6.000000000000000000e+00 2.600000000000000000e+01 1.048028917440746888e+00
6.000000000000000000e+00 2.700000000000000000e+01 1.076289824997247901e+00
6.000000000000000000e+00 2.800000000000000000e+01 1.006202481279350858e+00
6.000000000000000000e+00 2.900000000000000000e+01 1.004554341394400918e+00
6.000000000000000000e+00 3.000000000000000000e+01 1.014864841525523254e+00
6.000000000000000000e+00 3.100000000000000000e+01 1.033599587845267287e+00
6.000000000000000000e+00 3.200000000000000000e+01 1.104183066173646921e+00
7.000000000000000000e+00 8.000000000000000000e+00 6.501064700385850159e-01
7.000000000000000000e+00 9.000000000000000000e+00 7.222843174533641886e-01
7.000000000000000000e+00 1.000000000000000000e+01 5.825915618536967600e-01
7.000000000000000000e+00 1.100000000000000000e+01 6.779030304392077433e-01
7.000000000000000000e+00 1.200000000000000000e+01 6.392813365175333828e-01
7.000000000000000000e+00 1.300000000000000000e+01 8.487422567057449907e-01
7.000000000000000000e+00 1.400000000000000000e+01 9.890005155936503201e-01
7.000000000000000000e+00 1.500000000000000000e+01 8.739279458028534897e-01
7.000000000000000000e+00 1.600000000000000000e+01 9.326360722951612114e-01
7.000000000000000000e+00 1.700000000000000000e+01 9.606899675316071807e-01
7.000000000000000000e+00 1.800000000000000000e+01 9.479220739269829110e-01
7.000000000000000000e+00 1.900000000000000000e+01 1.007711916596642387e+00
7.000000000000000000e+00 2.000000000000000000e+01 9.721241713701582743e-01
7.000000000000000000e+00 2.100000000000000000e+01 8.805482796043042626e-01
7.000000000000000000e+00 2.200000000000000000e+01 9.685418284619788931e-01
7.000000000000000000e+00 2.300000000000000000e+01 8.997295928467872184e-01
7.000000000000000000e+00 2.400000000000000000e+01 9.107831619926114453e-01
7.000000000000000000e+00 2.500000000000000000e+01 1.002126549521078047e+00
7.000000000000000000e+00 2.600000000000000000e+01 1.038654289726612223e+00
7.000000000000000000e+00 2.700000000000000000e+01 1.066667257113585787e+00
7.000000000000000000e+00 2.800000000000000000e+01 9.934490849233374998e-01
7.000000000000000000e+00 2.900000000000000000e+01 9.911565951536092101e-01
7.000000000000000000e+00 3.000000000000000000e+01 1.000472800306102528e+00
7.000000000000000000e+00 3.100000000000000000e+01 1.020882890054879866e+00
7.000000000000000000e+00 3.200000000000000000e+01 1.092718503648089090e+00
8.000000000000000000e+00 9.000000000000000000e+00 8.083379435171995642e-01
8.000000000000000000e+00 1.000000000000000000e+01 5.339266409029082006e-01
8.000000000000000000e+00 1.100000000000000000e+01 7.554823316818055634e-01
8.000000000000000000e+00 1.200000000000000000e+01 7.078048927086360020e-01
8.000000000000000000e+00 1.300000000000000000e+01 8.839934945149552359e-01
8.000000000000000000e+00 1.400000000000000000e+01 9.579929992566871277e-01
8.000000000000000000e+00 1.500000000000000000e+01 8.961165481937585220e-01
8.000000000000000000e+00 1.600000000000000000e+01 9.062039513601074514e-01
8.000000000000000000e+00 1.700000000000000000e+01 9.332799333729493441e-01
8.000000000000000000e+00 1.800000000000000000e+01 9.225753922261104023e-01
8.000000000000000000e+00 1.900000000000000000e+01 9.822615194707073893e-01
8.000000000000000000e+00 2.000000000000000000e+01 9.476475595327327195e-01
8.000000000000000000e+00 2.100000000000000000e+01 8.901472185775172186e-01
8.000000000000000000e+00 2.200000000000000000e+01 9.477213561378305950e-01
8.000000000000000000e+00 2.300000000000000000e+01 9.070861884850744961e-01
8.000000000000000000e+00 2.400000000000000000e+01 9.159495585129657780e-01
8.000000000000000000e+00 2.500000000000000000e+01 9.902524941312664808e-01
8.000000000000000000e+00 2.600000000000000000e+01 1.027475665740935185e+00
8.000000000000000000e+00 2.700000000000000000e+01 1.056141133540438926e+00
8.000000000000000000e+00 2.800000000000000000e+01 9.904490925396636225e-01
8.000000000000000000e+00 2.900000000000000000e+01 9.897954400511030926e-01
8.000000000000000000e+00 3.000000000000000000e+01 1.001775037912720379e+00
8.000000000000000000e+00 3.100000000000000000e+01 1.017938607734576451e+00
8.000000000000000000e+00 3.200000000000000000e+01 1.086776384392033279e+00
9.000000000000000000e+00 1.000000000000000000e+01 7.745300143512796609e-01
9.000000000000000000e+00 1.100000000000000000e+01 6.393374912789611120e-01
9.000000000000000000e+00 1.200000000000000000e+01 7.047782446020995906e-01
9.000000000000000000e+00 1.300000000000000000e+01 7.854876043573539857e-01
9.000000000000000000e+00 1.400000000000000000e+01 1.040830402047835612e+00
9.000000000000000000e+00 1.500000000000000000e+01 8.425989293830582483e-01
9.000000000000000000e+00 1.600000000000000000e+01 9.787658934797167642e-01
9.000000000000000000e+00 1.700000000000000000e+01 1.007778005011441991e+00
9.000000000000000000e+00 1.800000000000000000e+01 9.923488817484082958e-01
9.000000000000000000e+00 1.900000000000000000e+01 1.051858778123566429e+00
9.000000000000000000e+00 2.000000000000000000e+01 1.015093363950544836e+00
9.000000000000000000e+00 2.100000000000000000e+01 8.755444220491090945e-01
9.000000000000000000e+00 2.200000000000000000e+01 1.006439755180612350e+00
9.000000000000000000e+00 2.300000000000000000e+01 8.966550460876334672e-01
9.000000000000000000e+00 2.400000000000000000e+01 9.107029524000374021e-01
9.000000000000000000e+00 2.500000000000000000e+01 1.026520268050560958e+00
9.000000000000000000e+00 2.600000000000000000e+01 1.061656562696771111e+00
9.000000000000000000e+00 2.700000000000000000e+01 1.088515922757050003e+00
9.000000000000000000e+00 2.800000000000000000e+01 1.003809141021129170e+00
9.000000000000000000e+00 2.900000000000000000e+01 9.987637705398988430e-01
9.000000000000000000e+00 3.000000000000000000e+01 1.003158722094168454e+00
9.000000000000000000e+00 3.100000000000000000e+01 1.030689575409422964e+00
9.000000000000000000e+00 3.200000000000000000e+01 1.107055785086167976e+00
1.000000000000000000e+01 1.100000000000000000e+01 7.177284995185095884e-01
1.000000000000000000e+01 1.200000000000000000e+01 6.622031931193481658e-01
1.000000000000000000e+01 1.300000000000000000e+01 8.621937166339634917e-01
1.000000000000000000e+01 1.400000000000000000e+01 9.635603167050339479e-01
1.000000000000000000e+01 1.500000000000000000e+01 8.782854937479975810e-01
1.000000000000000000e+01 1.600000000000000000e+01 9.091250181298902167e-01
1.000000000000000000e+01 1.700000000000000000e+01 9.368851253937551249e-01
1.000000000000000000e+01 1.800000000000000000e+01 9.250516404619641975e-01
1.000000000000000000e+01 1.900000000000000000e+01 9.849853805809958285e-01
1.000000000000000000e+01 2.000000000000000000e+01 9.498001381274276955e-01
1.000000000000000000e+01 2.100000000000000000e+01 8.764678814559303532e-01
1.000000000000000000e+01 2.200000000000000000e+01 9.480401941302478708e-01
1.000000000000000000e+01 2.300000000000000000e+01 8.945558874974317565e-01
1.000000000000000000e+01 2.400000000000000000e+01 9.043908661851440822e-01
1.000000000000000000e+01 2.500000000000000000e+01 9.864711349422297104e-01
1.000000000000000000e+01 2.600000000000000000e+01 1.023462694437615284e+00
1.000000000000000000e+01 2.700000000000000000e+01 1.051870253153422752e+00
1.000000000000000000e+01 2.800000000000000000e+01 9.827874602236554846e-01
1.000000000000000000e+01 2.900000000000000000e+01 9.814563023593323443e-01
1.000000000000000000e+01 3.000000000000000000e+01 9.924186092111386692e-01
1.000000000000000000e+01 3.100000000000000000e+01 1.010345650783388116e+00
1.000000000000000000e+01 3.200000000000000000e+01 1.080540528828200841e+00
1.100000000000000000e+01 1.200000000000000000e+01 5.775035045926044663e-01
1.100000000000000000e+01 1.300000000000000000e+01 7.584443239090996602e-01
1.100000000000000000e+01 1.400000000000000000e+01 9.871257398934853988e-01
1.100000000000000000e+01 1.500000000000000000e+01 8.014669950473241045e-01
1.100000000000000000e+01 1.600000000000000000e+01 9.247025318460126986e-01
1.100000000000000000e+01 1.700000000000000000e+01 9.541073046523642631e-01
1.100000000000000000e+01 1.800000000000000000e+01 9.386551425871902943e-01
1.100000000000000000e+01 1.900000000000000000e+01 9.986811484765441005e-01
1.100000000000000000e+01 2.000000000000000000e+01 9.618018117684814516e-01
1.100000000000000000e+01 2.100000000000000000e+01 8.252066935952493409e-01
1.100000000000000000e+01 2.200000000000000000e+01 9.535428330007509334e-01
1.100000000000000000e+01 2.300000000000000000e+01 8.478990227508320654e-01
1.100000000000000000e+01 2.400000000000000000e+01 8.620611884824220805e-01
1.100000000000000000e+01 2.500000000000000000e+01 9.758220670107888850e-01
1.100000000000000000e+01 2.600000000000000000e+01 1.011516310022410714e+00
1.100000000000000000e+01 2.700000000000000000e+01 1.038728185284900629e+00
1.100000000000000000e+01 2.800000000000000000e+01 9.559382315055964252e-01
1.100000000000000000e+01 2.900000000000000000e+01 9.515856179287407457e-01
1.100000000000000000e+01 3.000000000000000000e+01 9.576488528359750063e-01
1.100000000000000000e+01 3.100000000000000000e+01 9.833970339506175051e-01
1.100000000000000000e+01 3.200000000000000000e+01 1.059065837697705348e+00
1.200000000000000000e+01 1.300000000000000000e+01 7.900607275869424573e-01
1.200000000000000000e+01 1.400000000000000000e+01 9.641357004424340182e-01
1.200000000000000000e+01 1.500000000000000000e+01 8.156002644528905776e-01
1.200000000000000000e+01 1.600000000000000000e+01 9.032002967654733094e-01
1.200000000000000000e+01 1.700000000000000000e+01 9.325637602001526361e-01
1.200000000000000000e+01 1.800000000000000000e+01 9.179105582870565883e-01
1.200000000000000000e+01 1.900000000000000000e+01 9.783388259765135597e-01
1.200000000000000000e+01 2.000000000000000000e+01 9.417499356310019554e-01
1.200000000000000000e+01 2.100000000000000000e+01 8.250416363755985749e-01
1.200000000000000000e+01 2.200000000000000000e+01 9.352920487722256038e-01
1.200000000000000000e+01 2.300000000000000000e+01 8.468162007734203467e-01
1.200000000000000000e+01 2.400000000000000000e+01 8.595419509914676848e-01
1.200000000000000000e+01 2.500000000000000000e+01 9.629891154964811406e-01
1.200000000000000000e+01 2.600000000000000000e+01 9.993626727188296144e-01
1.200000000000000000e+01 2.700000000000000000e+01 1.027093437969480494e+00
1.200000000000000000e+01 2.800000000000000000e+01 9.490377974387322890e-01
1.200000000000000000e+01 2.900000000000000000e+01 9.459060200799891405e-01
1.200000000000000000e+01 3.000000000000000000e+01 9.542243097380147532e-01
1.200000000000000000e+01 3.100000000000000000e+01 9.768268148350918167e-01
1.200000000000000000e+01 3.200000000000000000e+01 1.050628283346207503e+00
1.300000000000000000e+01 1.400000000000000000e+01 1.024321226589794520e+00
1.300000000000000000e+01 1.500000000000000000e+01 6.852755325254573648e-01
1.300000000000000000e+01 1.600000000000000000e+01 9.557061069880254944e-01
1.300000000000000000e+01 1.700000000000000000e+01 9.856709134477519285e-01
1.300000000000000000e+01 1.800000000000000000e+01 9.671207298687667375e-01
1.300000000000000000e+01 1.900000000000000000e+01 1.026082536694250757e+00
1.300000000000000000e+01 2.000000000000000000e+01 9.879758842976402722e-01
1.300000000000000000e+01 2.100000000000000000e+01 7.823203553237747521e-01
1.300000000000000000e+01 2.200000000000000000e+01 9.731727213088541273e-01
1.300000000000000000e+01 2.300000000000000000e+01 8.069066223925303039e-01
1.300000000000000000e+01 2.400000000000000000e+01 8.261435615378778241e-01
1.300000000000000000e+01 2.500000000000000000e+01 9.763816808176519757e-01
1.300000000000000000e+01 2.600000000000000000e+01 1.009745502020765073e+00
1.300000000000000000e+01 2.700000000000000000e+01 1.035158852770746929e+00
1.300000000000000000e+01 2.800000000000000000e+01 9.356097770464690822e-01
1.300000000000000000e+01 2.900000000000000000e+01 9.269191398685014960e-01
1.300000000000000000e+01 3.000000000000000000e+01 9.249964892371718150e-01
1.300000000000000000e+01 3.100000000000000000e+01 9.619795266691282265e-01
1.300000000000000000e+01 3.200000000000000000e+01 1.044311278949993316e+00
1.400000000000000000e+01 1.500000000000000000e+01 9.977837142978494001e-01
1.400000000000000000e+01 1.600000000000000000e+01 6.556123192133578303e-01
1.400000000000000000e+01 1.700000000000000000e+01 5.731944756210318737e-01
1.400000000000000000e+01 1.800000000000000000e+01 6.457266167670079327e-01
1.400000000000000000e+01 1.900000000000000000e+01 6.081441687945206009e-01
1.400000000000000000e+01 2.000000000000000000e+01 6.375882485060608840e-01
1.400000000000000000e+01 2.100000000000000000e+01 9.515490424773784817e-01
1.400000000000000000e+01 2.200000000000000000e+01 7.165477350113558241e-01
1.400000000000000000e+01 2.300000000000000000e+01 9.514973693283252931e-01
1.400000000000000000e+01 2.400000000000000000e+01 9.465556473693614858e-01
1.400000000000000000e+01 2.500000000000000000e+01 8.617273403789051933e-01
1.400000000000000000e+01 2.600000000000000000e+01 8.966949235376007188e-01
1.400000000000000000e+01 2.700000000000000000e+01 9.287531130740216412e-01
1.400000000000000000e+01 2.800000000000000000e+01 9.455303777493486717e-01
1.400000000000000000e+01 2.900000000000000000e+01 9.569039993905343877e-01
1.400000000000000000e+01 3.000000000000000000e+01 9.842077996068097079e-01
1.400000000000000000e+01 3.100000000000000000e+01 9.676215389155737867e-01
1.400000000000000000e+01 3.200000000000000000e+01 1.003666081268161481e+00
1.500000000000000000e+01 1.600000000000000000e+01 9.260097110749139215e-01
1.500000000000000000e+01 1.700000000000000000e+01 9.564534579905017431e-01
1.500000000000000000e+01 1.800000000000000000e+01 9.363809897906696378e-01
1.500000000000000000e+01 1.900000000000000000e+01 9.951357482034459689e-01
1.500000000000000000e+01 2.000000000000000000e+01 9.563568263792971980e-01
1.500000000000000000e+01 2.100000000000000000e+01 6.946610107671395973e-01
1.500000000000000000e+01 2.200000000000000000e+01 9.385654478231464370e-01
1.500000000000000000e+01 2.300000000000000000e+01 7.270749213273581812e-01
1.500000000000000000e+01 2.400000000000000000e+01 7.542419298320661714e-01
1.500000000000000000e+01 2.500000000000000000e+01 9.338447762432391386e-01
1.500000000000000000e+01 2.600000000000000000e+01 9.667414867634374076e-01
1.500000000000000000e+01 2.700000000000000000e+01 9.916853190484000713e-01
1.500000000000000000e+01 2.800000000000000000e+01 8.841633904429737623e-01
1.500000000000000000e+01 2.900000000000000000e+01 8.736697549660599194e-01
1.500000000000000000e+01 3.000000000000000000e+01 8.697761302422795104e-01
1.500000000000000000e+01 3.100000000000000000e+01 9.113942055619461691e-01
1.500000000000000000e+01 3.200000000000000000e+01 9.972065840434729544e-01
1.600000000000000000e+01 1.700000000000000000e+01 5.482302779555796590e-01
1.600000000000000000e+01 1.800000000000000000e+01 4.619138342224062832e-01
1.600000000000000000e+01 1.900000000000000000e+01 6.513273356551334548e-01
1.600000000000000000e+01 2.000000000000000000e+01 5.789200882092317979e-01
1.600000000000000000e+01 2.100000000000000000e+01 8.758739534266797300e-01
1.600000000000000000e+01 2.200000000000000000e+01 6.190649517216908482e-01
1.600000000000000000e+01 2.300000000000000000e+01 8.744438590182250781e-01
1.600000000000000000e+01 2.400000000000000000e+01 8.682988907355932984e-01
1.600000000000000000e+01 2.500000000000000000e+01 7.798370260305382828e-01
1.600000000000000000e+01 2.600000000000000000e+01 8.204905161288751358e-01
1.600000000000000000e+01 2.700000000000000000e+01 8.542575236169147601e-01
1.600000000000000000e+01 2.800000000000000000e+01 8.641888739700858135e-01
1.600000000000000000e+01 2.900000000000000000e+01 8.762254833096472240e-01
1.600000000000000000e+01 3.000000000000000000e+01 9.049449279707926230e-01
1.600000000000000000e+01 3.100000000000000000e+01 8.874845882068616021e-01
1.600000000000000000e+01 3.200000000000000000e+01 9.261031925696237010e-01
1.700000000000000000e+01 1.800000000000000000e+01 5.053022537317173324e-01
1.700000000000000000e+01 1.900000000000000000e+01 5.625765046869346531e-01
1.700000000000000000e+01 2.000000000000000000e+01 5.101389517930823292e-01
1.700000000000000000e+01 2.100000000000000000e+01 9.074812017645434992e-01
1.700000000000000000e+01 2.200000000000000000e+01 6.280459863047880287e-01
1.700000000000000000e+01 2.300000000000000000e+01 9.058507556058981169e-01
1.700000000000000000e+01 2.400000000000000000e+01 8.996585327425663525e-01
1.700000000000000000e+01 2.500000000000000000e+01 7.987859369262158005e-01
1.700000000000000000e+01 2.600000000000000000e+01 8.349854592056269453e-01
1.700000000000000000e+01 2.700000000000000000e+01 8.678846979975389786e-01
1.700000000000000000e+01 2.800000000000000000e+01 8.911435630390840412e-01
1.700000000000000000e+01 2.900000000000000000e+01 9.036922713731430079e-01
1.700000000000000000e+01 3.000000000000000000e+01 9.324435584782646558e-01
1.700000000000000000e+01 3.100000000000000000e+01 9.128052857280861687e-01
1.700000000000000000e+01 3.200000000000000000e+01 9.462477033160228146e-01
1.800000000000000000e+01 1.900000000000000000e+01 6.119730613197853497e-01
1.800000000000000000e+01 2.000000000000000000e+01 5.052252502497995845e-01
1.800000000000000000e+01 2.100000000000000000e+01 8.856604312146072466e-01
1.800000000000000000e+01 2.200000000000000000e+01 5.789420654514121356e-01
1.800000000000000000e+01 2.300000000000000000e+01 8.831973753206951994e-01
1.800000000000000000e+01 2.400000000000000000e+01 8.763138212447276754e-01
1.800000000000000000e+01 2.500000000000000000e+01 7.699203430100944878e-01
1.800000000000000000e+01 2.600000000000000000e+01 8.090551913746826251e-01
1.800000000000000000e+01 2.700000000000000000e+01 8.429694600243147207e-01
1.800000000000000000e+01 2.800000000000000000e+01 8.648425083977466787e-01
1.800000000000000000e+01 2.900000000000000000e+01 8.779199901619350044e-01
1.800000000000000000e+01 3.000000000000000000e+01 9.075143888179790785e-01
1.800000000000000000e+01 3.100000000000000000e+01 8.868551579114347660e-01
1.800000000000000000e+01 3.200000000000000000e+01 9.207777615262044968e-01
1.900000000000000000e+01 2.000000000000000000e+01 5.345539639896457196e-01
1.900000000000000000e+01 2.100000000000000000e+01 9.451619364422101377e-01
1.900000000000000000e+01 2.200000000000000000e+01 6.387362245147019113e-01
1.900000000000000000e+01 2.300000000000000000e+01 9.419802425631254028e-01
1.900000000000000000e+01 2.400000000000000000e+01 9.346916004993783833e-01
1.900000000000000000e+01 2.500000000000000000e+01 8.074255949054869319e-01
1.900000000000000000e+01 2.600000000000000000e+01 8.377059967473368118e-01
1.900000000000000000e+01 2.700000000000000000e+01 8.695557480582669641e-01
1.900000000000000000e+01 2.800000000000000000e+01 9.149962985750328404e-01
1.900000000000000000e+01 2.900000000000000000e+01 9.290591670714425376e-01
1.900000000000000000e+01 3.000000000000000000e+01 9.589770040376883742e-01
1.900000000000000000e+01 3.100000000000000000e+01 9.342894218106851945e-01
1.900000000000000000e+01 3.200000000000000000e+01 9.590426374623479688e-01
2.000000000000000000e+01 2.100000000000000000e+01 9.053980681907498607e-01
2.000000000000000000e+01 2.200000000000000000e+01 5.585727138171552308e-01
2.000000000000000000e+01 2.300000000000000000e+01 9.019583113153519793e-01
2.000000000000000000e+01 2.400000000000000000e+01 8.944123501777052621e-01
2.000000000000000000e+01 2.500000000000000000e+01 7.679624780701246323e-01
2.000000000000000000e+01 2.600000000000000000e+01 8.028328096246371004e-01
2.000000000000000000e+01 2.700000000000000000e+01 8.361847238432846829e-01
2.000000000000000000e+01 2.800000000000000000e+01 8.749362261033339916e-01
2.000000000000000000e+01 2.900000000000000000e+01 8.890845453493931849e-01
2.000000000000000000e+01 3.000000000000000000e+01 9.193999467280811189e-01
2.000000000000000000e+01 3.100000000000000000e+01 8.950717255761979629e-01
2.000000000000000000e+01 3.200000000000000000e+01 9.224069459038393148e-01
2.100000000000000000e+01 2.200000000000000000e+01 8.848758793487012664e-01
2.100000000000000000e+01 2.300000000000000000e+01 5.499096039729487462e-01
2.100000000000000000e+01 2.400000000000000000e+01 6.233564471693071596e-01
2.100000000000000000e+01 2.500000000000000000e+01 8.758708436496305261e-01
2.100000000000000000e+01 2.600000000000000000e+01 9.103904310264079314e-01
2.100000000000000000e+01 2.700000000000000000e+01 9.360811220852416348e-01
2.100000000000000000e+01 2.800000000000000000e+01 8.226660827277154642e-01
2.100000000000000000e+01 2.900000000000000000e+01 8.124183280391821249e-01
2.100000000000000000e+01 3.000000000000000000e+01 8.143890333413983385e-01
2.100000000000000000e+01 3.100000000000000000e+01 8.545808854449106207e-01
2.100000000000000000e+01 3.200000000000000000e+01 9.433502181541899567e-01
2.200000000000000000e+01 2.300000000000000000e+01 8.792457224106102753e-01
2.200000000000000000e+01 2.400000000000000000e+01 8.700114976496216013e-01
2.200000000000000000e+01 2.500000000000000000e+01 7.135765428847031799e-01
2.200000000000000000e+01 2.600000000000000000e+01 7.537647135083802574e-01
2.200000000000000000e+01 2.700000000000000000e+01 7.899474468043199415e-01
2.200000000000000000e+01 2.800000000000000000e+01 8.382873663861099001e-01
2.200000000000000000e+01 2.900000000000000000e+01 8.543679012850424748e-01
2.200000000000000000e+01 3.000000000000000000e+01 8.868387597085529706e-01
2.200000000000000000e+01 3.100000000000000000e+01 8.575812845424124475e-01
2.200000000000000000e+01 3.200000000000000000e+01 8.810567971253178143e-01
2.300000000000000000e+01 2.400000000000000000e+01 5.161495834177116659e-01
2.300000000000000000e+01 2.500000000000000000e+01 8.629057683201981632e-01
2.300000000000000000e+01 2.600000000000000000e+01 8.968673703124734331e-01
2.300000000000000000e+01 2.700000000000000000e+01 9.220995736477073379e-01
2.300000000000000000e+01 2.800000000000000000e+01 7.995837063586701543e-01
2.300000000000000000e+01 2.900000000000000000e+01 7.871128821924515684e-01
2.300000000000000000e+01 3.000000000000000000e+01 7.879425747772756949e-01
2.300000000000000000e+01 3.100000000000000000e+01 8.331498622209165816e-01
2.300000000000000000e+01 3.200000000000000000e+01 9.259761173533238576e-01
2.400000000000000000e+01 2.500000000000000000e+01 8.484493566837278955e-01
2.400000000000000000e+01 2.600000000000000000e+01 8.824355954239253563e-01
2.400000000000000000e+01 2.700000000000000000e+01 9.075782549621802531e-01
2.400000000000000000e+01 2.800000000000000000e+01 7.776817990630158217e-01
2.400000000000000000e+01 2.900000000000000000e+01 7.638730624613980780e-01
2.400000000000000000e+01 3.000000000000000000e+01 7.663651090487295647e-01
2.400000000000000000e+01 3.100000000000000000e+01 8.137913335335609233e-01
2.400000000000000000e+01 3.200000000000000000e+01 9.099346383884654443e-01
2.500000000000000000e+01 2.600000000000000000e+01 5.857647261169969255e-01
2.500000000000000000e+01 2.700000000000000000e+01 6.594413380822423676e-01
2.500000000000000000e+01 2.800000000000000000e+01 7.561302411764401210e-01
2.500000000000000000e+01 2.900000000000000000e+01 7.822108445092497142e-01
2.500000000000000000e+01 3.000000000000000000e+01 8.229518335414116592e-01
2.500000000000000000e+01 3.100000000000000000e+01 7.658445487917102668e-01
2.500000000000000000e+01 3.200000000000000000e+01 7.659728514382400100e-01
2.600000000000000000e+01 2.700000000000000000e+01 5.310015080916850039e-01
2.600000000000000000e+01 2.800000000000000000e+01 7.821105353570192431e-01
2.600000000000000000e+01 2.900000000000000000e+01 8.071239408577808305e-01
2.600000000000000000e+01 3.000000000000000000e+01 8.444963500629691922e-01
2.600000000000000000e+01 3.100000000000000000e+01 7.804721781883605658e-01
2.600000000000000000e+01 3.200000000000000000e+01 7.354613908490907903e-01
2.700000000000000000e+01 2.800000000000000000e+01 8.035234327101348217e-01
2.700000000000000000e+01 2.900000000000000000e+01 8.274369466241857651e-01
2.700000000000000000e+01 3.000000000000000000e+01 8.624783305042811321e-01
2.700000000000000000e+01 3.100000000000000000e+01 7.959555547641707918e-01
2.700000000000000000e+01 3.200000000000000000e+01 7.198000829649595644e-01
2.800000000000000000e+01 2.900000000000000000e+01 5.296425257734642678e-01
2.800000000000000000e+01 3.000000000000000000e+01 6.638614600746759464e-01
2.800000000000000000e+01 3.100000000000000000e+01 5.858083258195723175e-01
2.800000000000000000e+01 3.200000000000000000e+01 7.782935084572475404e-01
2.900000000000000000e+01 3.000000000000000000e+01 6.055014521585162512e-01
2.900000000000000000e+01 3.100000000000000000e+01 6.230469648852121622e-01
2.900000000000000000e+01 3.200000000000000000e+01 7.996577101769157814e-01
3.000000000000000000e+01 3.100000000000000000e+01 6.838240053251456452e-01
3.000000000000000000e+01 3.200000000000000000e+01 8.273829349508612374e-01
3.100000000000000000e+01 3.200000000000000000e+01 7.433578963436042741e-01
