1.000000000000000000e+00 2.000000000000000000e+00 9.146446447333289598e-01
1.000000000000000000e+00 3.000000000000000000e+00 1.022325842361958115e+00
1.000000000000000000e+00 4.000000000000000000e+00 1.004218412405254002e+00
1.000000000000000000e+00 5.000000000000000000e+00 1.019756728589188643e+00
1.000000000000000000e+00 6.000000000000000000e+00 1.030836884068206061e+00
1.000000000000000000e+00 7.000000000000000000e+00 1.025237667882263004e+00
1.000000000000000000e+00 8.000000000000000000e+00 1.051500462291868887e+00
1.000000000000000000e+00 9.000000000000000000e+00 9.971399555450154439e-01
1.000000000000000000e+00 1.000000000000000000e+01 1.042119866869668288e+00
1.000000000000000000e+00 1.100000000000000000e+01 1.020047485741522042e+00
1.000000000000000000e+00 1.200000000000000000e+01 1.033223861639012808e+00
1.000000000000000000e+00 1.300000000000000000e+01 1.022003279362391215e+00
1.000000000000000000e+00 1.400000000000000000e+01 1.265583525677586918e+00
1.000000000000000000e+00 1.500000000000000000e+01 1.055328494985219523e+00
1.000000000000000000e+00 1.600000000000000000e+01 1.190478921607759144e+00
1.000000000000000000e+00 1.700000000000000000e+01 1.223815031158939304e+00
1.000000000000000000e+00 1.800000000000000000e+01 1.203998848244718145e+00
1.000000000000000000e+00 1.900000000000000000e+01 1.310059272386322249e+00
1.000000000000000000e+00 2.000000000000000000e+01 1.231295175923329932e+00
1.000000000000000000e+00 2.100000000000000000e+01 1.087295468039972457e+00
1.000000000000000000e+00 2.200000000000000000e+01 1.214709155635913973e+00
1.000000000000000000e+00 2.300000000000000000e+01 1.099070901034428172e+00
1.000000000000000000e+00 2.400000000000000000e+01 1.108873551510713540e+00
1.000000000000000000e+00 2.500000000000000000e+01 1.217708562773194503e+00
1.000000000000000000e+00 2.600000000000000000e+01 1.253316326051826524e+00
1.000000000000000000e+00 2.700000000000000000e+01 1.283060150848839509e+00
1.000000000000000000e+00 2.800000000000000000e+01 1.179507605194983544e+00
1.000000000000000000e+00 2.900000000000000000e+01 1.172539839466368861e+00
1.000000000000000000e+00 3.000000000000000000e+01 1.169285196734038301e+00
1.000000000000000000e+00 3.100000000000000000e+01 1.198775782978303006e+00
1.000000000000000000e+00 3.200000000000000000e+01 1.280819567832944816e+00
2.000000000000000000e+00 3.000000000000000000e+00 8.419388375993135387e-01
2.000000000000000000e+00 4.000000000000000000e+00 8.115714642240849930e-01
2.000000000000000000e+00 5.000000000000000000e+00 8.366267047683351166e-01
2.000000000000000000e+00 6.000000000000000000e+00 8.515066800463064745e-01
2.000000000000000000e+00 7.000000000000000000e+00 8.421332179061511436e-01
2.000000000000000000e+00 8.000000000000000000e+00 8.795307844843798240e-01
2.000000000000000000e+00 9.000000000000000000e+00 7.923868624050877107e-01
2.000000000000000000e+00 1.000000000000000000e+01 8.666075363667802289e-01
2.000000000000000000e+00 1.100000000000000000e+01 8.342214161617009793e-01
2.000000000000000000e+00 1.200000000000000000e+01 8.540043044832301700e-01
2.000000000000000000e+00 1.300000000000000000e+01 8.568674992029401416e-01
2.000000000000000000e+00 1.400000000000000000e+01 1.112736170852599793e+00
2.000000000000000000e+00 1.500000000000000000e+01 9.048966630933767963e-01
2.000000000000000000e+00 1.600000000000000000e+01 1.038825196031580855e+00
2.000000000000000000e+00 1.700000000000000000e+01 1.072164645239970904e+00
2.000000000000000000e+00 1.800000000000000000e+01 1.053006646557657300e+00
2.000000000000000000e+00 1.900000000000000000e+01 1.159255510611225670e+00
2.000000000000000000e+00 2.000000000000000000e+01 1.080914229710453256e+00
2.000000000000000000e+00 2.100000000000000000e+01 9.390322200117602325e-01
2.000000000000000000e+00 2.200000000000000000e+01 1.065989068083427860e+00
2.000000000000000000e+00 2.300000000000000000e+01 9.538805359765576419e-01
2.000000000000000000e+00 2.400000000000000000e+01 9.650006825635388807e-01
2.000000000000000000e+00 2.500000000000000000e+01 1.074667688738289995e+00
2.000000000000000000e+00 2.600000000000000000e+01 1.111722710986380980e+00
2.000000000000000000e+00 2.700000000000000000e+01 1.142472857684078580e+00
2.000000000000000000e+00 2.800000000000000000e+01 1.041209063382761979e+00
2.000000000000000000e+00 2.900000000000000000e+01 1.035111519981216865e+00
2.000000000000000000e+00 3.000000000000000000e+01 1.034460720740423056e+00
2.000000000000000000e+00 3.100000000000000000e+01 1.062214234082302422e+00
2.000000000000000000e+00 3.200000000000000000e+01 1.144216151292194894e+00
3.000000000000000000e+00 4.000000000000000000e+00 5.995598385791194307e-01
3.000000000000000000e+00 5.000000000000000000e+00 4.613963343889664337e-01
3.000000000000000000e+00 6.000000000000000000e+00 5.761858821547551912e-01
3.000000000000000000e+00 7.000000000000000000e+00 6.282620573432491362e-01
3.000000000000000000e+00 8.000000000000000000e+00 6.631323386545762144e-01
3.000000000000000000e+00 9.000000000000000000e+00 7.329284671571797416e-01
3.000000000000000000e+00 1.000000000000000000e+01 6.521188430452362628e-01
3.000000000000000000e+00 1.100000000000000000e+01 7.403052848076621117e-01
3.000000000000000000e+00 1.200000000000000000e+01 7.256491720444449012e-01
3.000000000000000000e+00 1.300000000000000000e+01 8.474883083611794987e-01
3.000000000000000000e+00 1.400000000000000000e+01 1.008984044292712268e+00
3.000000000000000000e+00 1.500000000000000000e+01 8.776170282650750387e-01
3.000000000000000000e+00 1.600000000000000000e+01 9.421913889690558541e-01
3.000000000000000000e+00 1.700000000000000000e+01 9.741941006802126157e-01
3.000000000000000000e+00 1.800000000000000000e+01 9.583780067326335139e-01
3.000000000000000000e+00 1.900000000000000000e+01 1.064037908447164504e+00
3.000000000000000000e+00 2.000000000000000000e+01 9.879087500567540481e-01
3.000000000000000000e+00 2.100000000000000000e+01 8.897901430491563790e-01
3.000000000000000000e+00 2.200000000000000000e+01 9.796127127170679572e-01
3.000000000000000000e+00 2.300000000000000000e+01 9.059651115521920595e-01
3.000000000000000000e+00 2.400000000000000000e+01 9.157883076565402902e-01
3.000000000000000000e+00 2.500000000000000000e+01 1.006610578355898289e+00
3.000000000000000000e+00 2.600000000000000000e+01 1.046746954890535042e+00
3.000000000000000000e+00 2.700000000000000000e+01 1.079806892859227485e+00
3.000000000000000000e+00 2.800000000000000000e+01 9.890746014746567560e-01
3.000000000000000000e+00 2.900000000000000000e+01 9.859647544550753651e-01
3.000000000000000000e+00 3.000000000000000000e+01 9.916750670160281445e-01
3.000000000000000000e+00 3.100000000000000000e+01 1.012464027625587626e+00
3.000000000000000000e+00 3.200000000000000000e+01 1.091493442182898566e+00
4.000000000000000000e+00 5.000000000000000000e+00 5.683434999887391204e-01
4.000000000000000000e+00 6.000000000000000000e+00 6.413515335882205015e-01
4.000000000000000000e+00 7.000000000000000000e+00 6.351464852928780935e-01
4.000000000000000000e+00 8.000000000000000000e+00 7.160087122501794799e-01
4.000000000000000000e+00 9.000000000000000000e+00 6.843722087321902903e-01
4.000000000000000000e+00 1.000000000000000000e+01 6.933460825052277787e-01
4.000000000000000000e+00 1.100000000000000000e+01 7.182236915023305635e-01
4.000000000000000000e+00 1.200000000000000000e+01 7.199406455551098372e-01
4.000000000000000000e+00 1.300000000000000000e+01 8.300780234231810439e-01
4.000000000000000000e+00 1.400000000000000000e+01 1.023218696085620438e+00
4.000000000000000000e+00 1.500000000000000000e+01 8.671174828378602761e-01
4.000000000000000000e+00 1.600000000000000000e+01 9.538929914850897696e-01
4.000000000000000000e+00 1.700000000000000000e+01 9.865108440682368585e-01
4.000000000000000000e+00 1.800000000000000000e+01 9.695751056568477910e-01
4.000000000000000000e+00 1.900000000000000000e+01 1.075615127610079824e+00
4.000000000000000000e+00 2.000000000000000000e+01 9.987368808156680267e-01
4.000000000000000000e+00 2.100000000000000000e+01 8.854875272669511244e-01
4.000000000000000000e+00 2.200000000000000000e+01 9.884392337959746477e-01
4.000000000000000000e+00 2.300000000000000000e+01 9.022611818555854590e-01
4.000000000000000000e+00 2.400000000000000000e+01 9.128850200982139285e-01
4.000000000000000000e+00 2.500000000000000000e+01 1.010492815206239348e+00
4.000000000000000000e+00 2.600000000000000000e+01 1.049986185267514971e+00
4.000000000000000000e+00 2.700000000000000000e+01 1.082529061125246717e+00
4.000000000000000000e+00 2.800000000000000000e+01 9.887684867603203642e-01
4.000000000000000000e+00 2.900000000000000000e+01 9.849030909561204972e-01
4.000000000000000000e+00 3.000000000000000000e+01 9.892319166859193658e-01
4.000000000000000000e+00 3.100000000000000000e+01 1.011836929903552118e+00
4.000000000000000000e+00 3.200000000000000000e+01 1.091868316293076013e+00
5.000000000000000000e+00 6.000000000000000000e+00 5.467761656357865707e-01
5.000000000000000000e+00 7.000000000000000000e+00 5.902691559130006649e-01
5.000000000000000000e+00 8.000000000000000000e+00 6.629678065586521729e-01
5.000000000000000000e+00 9.000000000000000000e+00 7.141821758810665832e-01
5.000000000000000000e+00 1.000000000000000000e+01 6.392765788468157684e-01
5.000000000000000000e+00 1.100000000000000000e+01 7.218987999033990022e-01
5.000000000000000000e+00 1.200000000000000000e+01 7.076095040805234770e-01
5.000000000000000000e+00 1.300000000000000000e+01 8.371289815613311980e-01
5.000000000000000000e+00 1.400000000000000000e+01 1.006533475272620271e+00
5.000000000000000000e+00 1.500000000000000000e+01 8.685526069784610392e-01
5.000000000000000000e+00 1.600000000000000000e+01 9.387731249104915854e-01
5.000000000000000000e+00 1.700000000000000000e+01 9.710734202444972762e-01
5.000000000000000000e+00 1.800000000000000000e+01 9.548676337402419723e-01
5.000000000000000000e+00 1.900000000000000000e+01 1.060748087108445148e+00
5.000000000000000000e+00 2.000000000000000000e+01 9.843532007088291458e-01
5.000000000000000000e+00 2.100000000000000000e+01 8.817541587832919969e-01
5.000000000000000000e+00 2.200000000000000000e+01 9.754665769032051514e-01
5.000000000000000000e+00 2.300000000000000000e+01 8.983210580509799481e-01
5.000000000000000000e+00 2.400000000000000000e+01 9.084279743992240697e-01
5.000000000000000000e+00 2.500000000000000000e+01 1.001274420207464599e+00
5.000000000000000000e+00 2.600000000000000000e+01 1.041329857224387423e+00
5.000000000000000000e+00 2.700000000000000000e+01 1.074305694751524598e+00
5.000000000000000000e+00 2.800000000000000000e+01 9.828120660910655282e-01
5.000000000000000000e+00 2.900000000000000000e+01 9.795524386618335022e-01
5.000000000000000000e+00 3.000000000000000000e+01 9.850665045396533870e-01
5.000000000000000000e+00 3.100000000000000000e+01 1.006232958094636754e+00
5.000000000000000000e+00 3.200000000000000000e+01 1.085554844616574588e+00
6.000000000000000000e+00 7.000000000000000000e+00 5.318776061797914068e-01
6.000000000000000000e+00 8.000000000000000000e+00 6.006066261239044746e-01
6.000000000000000000e+00 9.000000000000000000e+00 7.209893562374062315e-01
6.000000000000000000e+00 1.000000000000000000e+01 5.467843690851978966e-01
6.000000000000000000e+00 1.100000000000000000e+01 7.081284439703265932e-01
6.000000000000000000e+00 1.200000000000000000e+01 6.776801958743186027e-01
6.000000000000000000e+00 1.300000000000000000e+01 8.312228358509778925e-01
6.000000000000000000e+00 1.400000000000000000e+01 9.875842692355394359e-01
6.000000000000000000e+00 1.500000000000000000e+01 8.588019494435383816e-01
6.000000000000000000e+00 1.600000000000000000e+01 9.200077712882626102e-01
6.000000000000000000e+00 1.700000000000000000e+01 9.524174430404668268e-01
6.000000000000000000e+00 1.800000000000000000e+01 9.363898883345476154e-01
6.000000000000000000e+00 1.900000000000000000e+01 1.042427712074343482e+00
6.000000000000000000e+00 2.000000000000000000e+01 9.661390910082134909e-01
6.000000000000000000e+00 2.100000000000000000e+01 8.682404507062309040e-01
6.000000000000000000e+00 2.200000000000000000e+01 9.578328158399105341e-01
6.000000000000000000e+00 2.300000000000000000e+01 8.850398321425099191e-01
6.000000000000000000e+00 2.400000000000000000e+01 8.949739336523925282e-01
6.000000000000000000e+00 2.500000000000000000e+01 9.857158377629049451e-01
6.000000000000000000e+00 2.600000000000000000e+01 1.026206988584237090e+00
6.000000000000000000e+00 2.700000000000000000e+01 1.059489842753838840e+00
6.000000000000000000e+00 2.800000000000000000e+01 9.692124298465203402e-01
6.000000000000000000e+00 2.900000000000000000e+01 9.663466451291209403e-01
6.000000000000000000e+00 3.000000000000000000e+01 9.727458758566265296e-01
6.000000000000000000e+00 3.100000000000000000e+01 9.930033901374697436e-01
6.000000000000000000e+00 3.200000000000000000e+01 1.072008314792852079e+00
7.000000000000000000e+00 8.000000000000000000e+00 6.464379295307025597e-01
7.000000000000000000e+00 9.000000000000000000e+00 6.869406321768459778e-01
7.000000000000000000e+00 1.000000000000000000e+01 5.810791962086887530e-01
7.000000000000000000e+00 1.100000000000000000e+01 6.663762687591998635e-01
7.000000000000000000e+00 1.200000000000000000e+01 6.339811833760213844e-01
7.000000000000000000e+00 1.300000000000000000e+01 8.124906956701392069e-01
7.000000000000000000e+00 1.400000000000000000e+01 9.888831118241638851e-01
7.000000000000000000e+00 1.500000000000000000e+01 8.433655046488168772e-01
7.000000000000000000e+00 1.600000000000000000e+01 9.192281825370947068e-01
7.000000000000000000e+00 1.700000000000000000e+01 9.522296744066205409e-01
7.000000000000000000e+00 1.800000000000000000e+01 9.353286101085005466e-01
7.000000000000000000e+00 1.900000000000000000e+01 1.041783485506807772e+00
7.000000000000000000e+00 2.000000000000000000e+01 9.649052595646558927e-01
7.000000000000000000e+00 2.100000000000000000e+01 8.557789705173719508e-01
7.000000000000000000e+00 2.200000000000000000e+01 9.551835329053570689e-01
7.000000000000000000e+00 2.300000000000000000e+01 8.734985642821511131e-01
7.000000000000000000e+00 2.400000000000000000e+01 8.841442548441886817e-01
7.000000000000000000e+00 2.500000000000000000e+01 9.799857020213129655e-01
7.000000000000000000e+00 2.600000000000000000e+01 1.020207898498520782e+00
7.000000000000000000e+00 2.700000000000000000e+01 1.053241456473083648e+00
7.000000000000000000e+00 2.800000000000000000e+01 9.609980658752550475e-01
7.000000000000000000e+00 2.900000000000000000e+01 9.577146685451580765e-01
7.000000000000000000e+00 3.000000000000000000e+01 9.635023335510926046e-01
7.000000000000000000e+00 3.100000000000000000e+01 9.847951795849434475e-01
7.000000000000000000e+00 3.200000000000000000e+01 1.064528981140408614e+00
8.000000000000000000e+00 9.000000000000000000e+00 7.636302865641128035e-01
8.000000000000000000e+00 1.000000000000000000e+01 5.333700526792448660e-01
8.000000000000000000e+00 1.100000000000000000e+01 7.391035341333289654e-01
8.000000000000000000e+00 1.200000000000000000e+01 6.996977875141539016e-01
8.000000000000000000e+00 1.300000000000000000e+01 8.451937634760624540e-01
8.000000000000000000e+00 1.400000000000000000e+01 9.614328701578511716e-01
8.000000000000000000e+00 1.500000000000000000e+01 8.646118940334004410e-01
8.000000000000000000e+00 1.600000000000000000e+01 8.965796261580618598e-01
8.000000000000000000e+00 1.700000000000000000e+01 9.284271290467274174e-01
8.000000000000000000e+00 1.800000000000000000e+01 9.136875154032788604e-01
8.000000000000000000e+00 1.900000000000000000e+01 1.019435825846941590e+00
8.000000000000000000e+00 2.000000000000000000e+01 9.439951839226368158e-01
8.000000000000000000e+00 2.100000000000000000e+01 8.660494914262195643e-01
8.000000000000000000e+00 2.200000000000000000e+01 9.381638948162160929e-01
8.000000000000000000e+00 2.300000000000000000e+01 8.819406427198823728e-01
8.000000000000000000e+00 2.400000000000000000e+01 8.907631637253352608e-01
8.000000000000000000e+00 2.500000000000000000e+01 9.724641327876162311e-01
8.000000000000000000e+00 2.600000000000000000e+01 1.013824953377215676e+00
8.000000000000000000e+00 2.700000000000000000e+01 1.047795725406059919e+00
8.000000000000000000e+00 2.800000000000000000e+01 9.614839802628227794e-01
8.000000000000000000e+00 2.900000000000000000e+01 9.596227784766231395e-01
8.000000000000000000e+00 3.000000000000000000e+01 9.678616286191514817e-01
8.000000000000000000e+00 3.100000000000000000e+01 9.857124359468789621e-01
8.000000000000000000e+00 3.200000000000000000e+01 1.063410145316715738e+00
9.000000000000000000e+00 1.000000000000000000e+01 7.361743866976262485e-01
9.000000000000000000e+00 1.100000000000000000e+01 6.292537794610124635e-01
9.000000000000000000e+00 1.200000000000000000e+01 6.867945985378542950e-01
9.000000000000000000e+00 1.300000000000000000e+01 7.654144216011258273e-01
9.000000000000000000e+00 1.400000000000000000e+01 1.021193804796365567e+00
9.000000000000000000e+00 1.500000000000000000e+01 8.195635674667649528e-01
9.000000000000000000e+00 1.600000000000000000e+01 9.473565786044675363e-01
9.000000000000000000e+00 1.700000000000000000e+01 9.811671137261488429e-01
9.000000000000000000e+00 1.800000000000000000e+01 9.622887285204895225e-01
9.000000000000000000e+00 1.900000000000000000e+01 1.069127460607098623e+00
9.000000000000000000e+00 2.000000000000000000e+01 9.909417591608660203e-01
9.000000000000000000e+00 2.100000000000000000e+01 8.498171937807292853e-01
9.000000000000000000e+00 2.200000000000000000e+01 9.773335165925916002e-01
9.000000000000000000e+00 2.300000000000000000e+01 8.687042008834584550e-01
9.000000000000000000e+00 2.400000000000000000e+01 8.812155077736392172e-01
9.000000000000000000e+00 2.500000000000000000e+01 9.916942003124569194e-01
9.000000000000000000e+00 2.600000000000000000e+01 1.030385142523920772e+00
9.000000000000000000e+00 2.700000000000000000e+01 1.062237411896640893e+00
9.000000000000000000e+00 2.800000000000000000e+01 9.634784235330755564e-01
9.000000000000000000e+00 2.900000000000000000e+01 9.584573889206100539e-01
9.000000000000000000e+00 3.000000000000000000e+01 9.609544659765094643e-01
9.000000000000000000e+00 3.100000000000000000e+01 9.864180616142994573e-01
9.000000000000000000e+00 3.200000000000000000e+01 1.068281802590400620e+00
1.000000000000000000e+01 1.100000000000000000e+01 7.054051227239810373e-01
1.000000000000000000e+01 1.200000000000000000e+01 6.569437381750635740e-01
1.000000000000000000e+01 1.300000000000000000e+01 8.278166419268075948e-01
1.000000000000000000e+01 1.400000000000000000e+01 9.678405512821208756e-01
1.000000000000000000e+01 1.500000000000000000e+01 8.503989551632484822e-01
1.000000000000000000e+01 1.600000000000000000e+01 9.003028380560254007e-01
1.000000000000000000e+01 1.700000000000000000e+01 9.329100492464121874e-01
1.000000000000000000e+01 1.800000000000000000e+01 9.170339698258571648e-01
1.000000000000000000e+01 1.900000000000000000e+01 1.023312941793799169e+00
1.000000000000000000e+01 2.000000000000000000e+01 9.471077833584060635e-01
1.000000000000000000e+01 2.100000000000000000e+01 8.550854753600511948e-01
1.000000000000000000e+01 2.200000000000000000e+01 9.394247790233594131e-01
1.000000000000000000e+01 2.300000000000000000e+01 8.720008598760697893e-01
1.000000000000000000e+01 2.400000000000000000e+01 8.816428872325312582e-01
1.000000000000000000e+01 2.500000000000000000e+01 9.696780109942741976e-01
1.000000000000000000e+01 2.600000000000000000e+01 1.010671614263068063e+00
1.000000000000000000e+01 2.700000000000000000e+01 1.044306245934491617e+00
1.000000000000000000e+01 2.800000000000000000e+01 9.554624662617370312e-01
1.000000000000000000e+01 2.900000000000000000e+01 9.530617416408242448e-01
1.000000000000000000e+01 3.000000000000000000e+01 9.604832990383296298e-01
1.000000000000000000e+01 3.100000000000000000e+01 9.796619399476398371e-01
1.000000000000000000e+01 3.200000000000000000e+01 1.058277675004247520e+00
1.100000000000000000e+01 1.200000000000000000e+01 5.759377486092980281e-01
1.100000000000000000e+01 1.300000000000000000e+01 7.488081422300150169e-01
1.100000000000000000e+01 1.400000000000000000e+01 9.915210107103444859e-01
1.100000000000000000e+01 1.500000000000000000e+01 7.928443503663087366e-01
1.100000000000000000e+01 1.600000000000000000e+01 9.166276305532727875e-01
1.100000000000000000e+01 1.700000000000000000e+01 9.510198066815716000e-01
1.100000000000000000e+01 1.800000000000000000e+01 9.318435210968811777e-01
1.100000000000000000e+01 1.900000000000000000e+01 1.039235802067397074e+00
1.100000000000000000e+01 2.000000000000000000e+01 9.608305361740927530e-01
1.100000000000000000e+01 2.100000000000000000e+01 8.169849434503877461e-01
1.100000000000000000e+01 2.200000000000000000e+01 9.472354306349113351e-01
1.100000000000000000e+01 2.300000000000000000e+01 8.380952184586680787e-01
1.100000000000000000e+01 2.400000000000000000e+01 8.512814744868553163e-01
1.100000000000000000e+01 2.500000000000000000e+01 9.631988516612401963e-01
1.100000000000000000e+01 2.600000000000000000e+01 1.002609954775953716e+00
1.100000000000000000e+01 2.700000000000000000e+01 1.034913536370383635e+00
1.100000000000000000e+01 2.800000000000000000e+01 9.368157467686044626e-01
1.100000000000000000e+01 2.900000000000000000e+01 9.322474199466830314e-01
1.100000000000000000e+01 3.000000000000000000e+01 9.361824589859630841e-01
1.100000000000000000e+01 3.100000000000000000e+01 9.606725028796070376e-01
1.100000000000000000e+01 3.200000000000000000e+01 1.042621825554076676e+00
1.200000000000000000e+01 1.300000000000000000e+01 7.749728786017173743e-01
1.200000000000000000e+01 1.400000000000000000e+01 9.721876579915200711e-01
1.200000000000000000e+01 1.500000000000000000e+01 8.038164751326037916e-01
1.200000000000000000e+01 1.600000000000000000e+01 8.985591711885381194e-01
1.200000000000000000e+01 1.700000000000000000e+01 9.328822491382011695e-01
1.200000000000000000e+01 1.800000000000000000e+01 9.144080109749401775e-01
1.200000000000000000e+01 1.900000000000000000e+01 1.021890774144071479e+00
1.200000000000000000e+01 2.000000000000000000e+01 9.439389547632290878e-01
1.200000000000000000e+01 2.100000000000000000e+01 8.159882448345709971e-01
1.200000000000000000e+01 2.200000000000000000e+01 9.320032892185361462e-01
1.200000000000000000e+01 2.300000000000000000e+01 8.364504711699622952e-01
1.200000000000000000e+01 2.400000000000000000e+01 8.485490202978591689e-01
1.200000000000000000e+01 2.500000000000000000e+01 9.530575671869818688e-01
1.200000000000000000e+01 2.600000000000000000e+01 9.933403169707195612e-01
1.200000000000000000e+01 2.700000000000000000e+01 1.026284733154688489e+00
1.200000000000000000e+01 2.800000000000000000e+01 9.314418728947697623e-01
1.200000000000000000e+01 2.900000000000000000e+01 9.278192110971108519e-01
1.200000000000000000e+01 3.000000000000000000e+01 9.336174684484452868e-01
1.200000000000000000e+01 3.100000000000000000e+01 9.558480168343379546e-01
1.200000000000000000e+01 3.200000000000000000e+01 1.036757164176572044e+00
1.300000000000000000e+01 1.400000000000000000e+01 1.021527248212560357e+00
1.300000000000000000e+01 1.500000000000000000e+01 6.833527399870078511e-01
1.300000000000000000e+01 1.600000000000000000e+01 9.403309556482288833e-01
1.300000000000000000e+01 1.700000000000000000e+01 9.757010444574165664e-01
1.300000000000000000e+01 1.800000000000000000e+01 9.534305821491877442e-01
1.300000000000000000e+01 1.900000000000000000e+01 1.061121800982031793e+00
1.300000000000000000e+01 2.000000000000000000e+01 9.806762572516558585e-01
1.300000000000000000e+01 2.100000000000000000e+01 7.758545688278044583e-01
1.300000000000000000e+01 2.200000000000000000e+01 9.606111518984814523e-01
1.300000000000000000e+01 2.300000000000000000e+01 7.989038185539123482e-01
1.300000000000000000e+01 2.400000000000000000e+01 8.166338341437160420e-01
1.300000000000000000e+01 2.500000000000000000e+01 9.581573523615032340e-01
1.300000000000000000e+01 2.600000000000000000e+01 9.947242425244213759e-01
1.300000000000000000e+01 2.700000000000000000e+01 1.024886315064642783e+00
1.300000000000000000e+01 2.800000000000000000e+01 9.144848565039640498e-01
1.300000000000000000e+01 2.900000000000000000e+01 9.064359778199189144e-01
1.300000000000000000e+01 3.000000000000000000e+01 9.038589745553817778e-01
1.300000000000000000e+01 3.100000000000000000e+01 9.368934146386531658e-01
1.300000000000000000e+01 3.200000000000000000e+01 1.023127797819590956e+00
1.400000000000000000e+01 1.500000000000000000e+01 1.003873307492890055e+00
1.400000000000000000e+01 1.600000000000000000e+01 6.652802379678925959e-01
1.400000000000000000e+01 1.700000000000000000e+01 5.796497518501662061e-01
1.400000000000000000e+01 1.800000000000000000e+01 6.567587034466095819e-01
1.400000000000000000e+01 1.900000000000000000e+01 6.524778602218397339e-01
1.400000000000000000e+01 2.000000000000000000e+01 6.537495818389351676e-01
1.400000000000000000e+01 2.100000000000000000e+01 9.653089266936285551e-01
1.400000000000000000e+01 2.200000000000000000e+01 7.399749085901983214e-01
1.400000000000000000e+01 2.300000000000000000e+01 9.663687663694933150e-01
1.400000000000000000e+01 2.400000000000000000e+01 9.626483960279212937e-01
1.400000000000000000e+01 2.500000000000000000e+01 8.979708801501307125e-01
1.400000000000000000e+01 2.600000000000000000e+01 9.439035706225575861e-01
1.400000000000000000e+01 2.700000000000000000e+01 9.853020974403743359e-01
1.400000000000000000e+01 2.800000000000000000e+01 9.691610004663924194e-01
1.400000000000000000e+01 2.900000000000000000e+01 9.788996945946890627e-01
1.400000000000000000e+01 3.000000000000000000e+01 1.003285791774081837e+00
1.400000000000000000e+01 3.100000000000000000e+01 9.917006280863946976e-01
1.400000000000000000e+01 3.200000000000000000e+01 1.043996926452850360e+00
1.500000000000000000e+01 1.600000000000000000e+01 9.187793913194219897e-01
1.500000000000000000e+01 1.700000000000000000e+01 9.550390750915049853e-01
1.500000000000000000e+01 1.800000000000000000e+01 9.309740344338017781e-01
1.500000000000000000e+01 1.900000000000000000e+01 1.039219770386643482e+00
1.500000000000000000e+01 2.000000000000000000e+01 9.575718029984852109e-01
1.500000000000000000e+01 2.100000000000000000e+01 6.929603159426591663e-01
1.500000000000000000e+01 2.200000000000000000e+01 9.341822023271202369e-01
1.500000000000000000e+01 2.300000000000000000e+01 7.246008341199574598e-01
1.500000000000000000e+01 2.400000000000000000e+01 7.508295385270318256e-01
1.500000000000000000e+01 2.500000000000000000e+01 9.236467383983828494e-01
1.500000000000000000e+01 2.600000000000000000e+01 9.598004013976424442e-01
1.500000000000000000e+01 2.700000000000000000e+01 9.895262176116275121e-01
1.500000000000000000e+01 2.800000000000000000e+01 8.715857668060391639e-01
1.500000000000000000e+01 2.900000000000000000e+01 8.617736140367937558e-01
1.500000000000000000e+01 3.000000000000000000e+01 8.575910437503626582e-01
1.500000000000000000e+01 3.100000000000000000e+01 8.953331561796078475e-01
1.500000000000000000e+01 3.200000000000000000e+01 9.851838484195964973e-01
1.600000000000000000e+01 1.700000000000000000e+01 5.499124271555653198e-01
1.600000000000000000e+01 1.800000000000000000e+01 4.621510679383955544e-01
1.600000000000000000e+01 1.900000000000000000e+01 6.881954836165773415e-01
1.600000000000000000e+01 2.000000000000000000e+01 5.819560953228979372e-01
1.600000000000000000e+01 2.100000000000000000e+01 8.755863020774365957e-01
1.600000000000000000e+01 2.200000000000000000e+01 6.227234410259243624e-01
1.600000000000000000e+01 2.300000000000000000e+01 8.748841840734886688e-01
1.600000000000000000e+01 2.400000000000000000e+01 8.696330636863227603e-01
1.600000000000000000e+01 2.500000000000000000e+01 7.936577233850574675e-01
1.600000000000000000e+01 2.600000000000000000e+01 8.436361359093245138e-01
1.600000000000000000e+01 2.700000000000000000e+01 8.864299784278641958e-01
1.600000000000000000e+01 2.800000000000000000e+01 8.701562008017180716e-01
1.600000000000000000e+01 2.900000000000000000e+01 8.810863185320210178e-01
1.600000000000000000e+01 3.000000000000000000e+01 9.074864179681205734e-01
1.600000000000000000e+01 3.100000000000000000e+01 8.934735764085650622e-01
1.600000000000000000e+01 3.200000000000000000e+01 9.459464764734604181e-01
1.700000000000000000e+01 1.800000000000000000e+01 5.067061949603475224e-01
1.700000000000000000e+01 1.900000000000000000e+01 5.896679147745460536e-01
1.700000000000000000e+01 2.000000000000000000e+01 5.128106959693932154e-01
1.700000000000000000e+01 2.100000000000000000e+01 9.133586178592902893e-01
1.700000000000000000e+01 2.200000000000000000e+01 6.367463883662831670e-01
1.700000000000000000e+01 2.300000000000000000e+01 9.127215709410001487e-01
1.700000000000000000e+01 2.400000000000000000e+01 9.076278111272899629e-01
1.700000000000000000e+01 2.500000000000000000e+01 8.234280295688318763e-01
1.700000000000000000e+01 2.600000000000000000e+01 8.706640255312085852e-01
1.700000000000000000e+01 2.700000000000000000e+01 9.133059314619131897e-01
1.700000000000000000e+01 2.800000000000000000e+01 9.057733399292029475e-01
1.700000000000000000e+01 2.900000000000000000e+01 9.169376865756024841e-01
1.700000000000000000e+01 3.000000000000000000e+01 9.431349988591617439e-01
1.700000000000000000e+01 3.100000000000000000e+01 9.279522225161471738e-01
1.700000000000000000e+01 3.200000000000000000e+01 9.771420366000573843e-01
1.800000000000000000e+01 1.900000000000000000e+01 6.457391958954512567e-01
1.800000000000000000e+01 2.000000000000000000e+01 5.068145836645028268e-01
1.800000000000000000e+01 2.100000000000000000e+01 8.872919775775327533e-01
1.800000000000000000e+01 2.200000000000000000e+01 5.821945131196106793e-01
1.800000000000000000e+01 2.300000000000000000e+01 8.856763104444178580e-01
1.800000000000000000e+01 2.400000000000000000e+01 8.797674980591478899e-01
1.800000000000000000e+01 2.500000000000000000e+01 7.867569076995477584e-01
1.800000000000000000e+01 2.600000000000000000e+01 8.360856682646062854e-01
1.800000000000000000e+01 2.700000000000000000e+01 8.795899056400462435e-01
1.800000000000000000e+01 2.800000000000000000e+01 8.737755112611043096e-01
1.800000000000000000e+01 2.900000000000000000e+01 8.856909149266618542e-01
1.800000000000000000e+01 3.000000000000000000e+01 9.129796213728775811e-01
1.800000000000000000e+01 3.100000000000000000e+01 8.961253493976606421e-01
1.800000000000000000e+01 3.200000000000000000e+01 9.447291591210356110e-01
1.900000000000000000e+01 2.000000000000000000e+01 5.617481673284807631e-01
1.900000000000000000e+01 2.100000000000000000e+01 9.968148294699610279e-01
1.900000000000000000e+01 2.200000000000000000e+01 6.871058670411724911e-01
1.900000000000000000e+01 2.300000000000000000e+01 9.950665584034719124e-01
1.900000000000000000e+01 2.400000000000000000e+01 9.891773431487287382e-01
1.900000000000000000e+01 2.500000000000000000e+01 8.845515849084664151e-01
1.900000000000000000e+01 2.600000000000000000e+01 9.289424459371427023e-01
1.900000000000000000e+01 2.700000000000000000e+01 9.718537439277925571e-01
1.900000000000000000e+01 2.800000000000000000e+01 9.793884386262097230e-01
1.900000000000000000e+01 2.900000000000000000e+01 9.917182538382167678e-01
1.900000000000000000e+01 3.000000000000000000e+01 1.018914091678094547e+00
1.900000000000000000e+01 3.100000000000000000e+01 1.000151284419334985e+00
1.900000000000000000e+01 3.200000000000000000e+01 1.043717332534921383e+00
2.000000000000000000e+01 2.100000000000000000e+01 9.137994630044061761e-01
2.000000000000000000e+01 2.200000000000000000e+01 5.635335568580877030e-01
2.000000000000000000e+01 2.300000000000000000e+01 9.114019678155185211e-01
2.000000000000000000e+01 2.400000000000000000e+01 9.049650738234631397e-01
2.000000000000000000e+01 2.500000000000000000e+01 7.941006724434853670e-01
2.000000000000000000e+01 2.600000000000000000e+01 8.409446285968968926e-01
2.000000000000000000e+01 2.700000000000000000e+01 8.848521882975974862e-01
2.000000000000000000e+01 2.800000000000000000e+01 8.924792914402139843e-01
2.000000000000000000e+01 2.900000000000000000e+01 9.053259930773638331e-01
2.000000000000000000e+01 3.000000000000000000e+01 9.332964139387298630e-01
2.000000000000000000e+01 3.100000000000000000e+01 9.134751792608053478e-01
2.000000000000000000e+01 3.200000000000000000e+01 9.571069465215367167e-01
2.100000000000000000e+01 2.200000000000000000e+01 8.874266061111923953e-01
2.100000000000000000e+01 2.300000000000000000e+01 5.497899275390574214e-01
2.100000000000000000e+01 2.400000000000000000e+01 6.229817264976580393e-01
2.100000000000000000e+01 2.500000000000000000e+01 8.729444775845951465e-01
2.100000000000000000e+01 2.600000000000000000e+01 9.111557717793876687e-01
2.100000000000000000e+01 2.700000000000000000e+01 9.419763515401138321e-01
2.100000000000000000e+01 2.800000000000000000e+01 8.171228285320673024e-01
2.100000000000000000e+01 2.900000000000000000e+01 8.072763905931419348e-01
2.100000000000000000e+01 3.000000000000000000e+01 8.088102117258135770e-01
2.100000000000000000e+01 3.100000000000000000e+01 8.464690830738481608e-01
2.100000000000000000e+01 3.200000000000000000e+01 9.406238808414451036e-01
2.200000000000000000e+01 2.300000000000000000e+01 8.826421252089700076e-01
2.200000000000000000e+01 2.400000000000000000e+01 8.743555276240240204e-01
2.200000000000000000e+01 2.500000000000000000e+01 7.276580723721732813e-01
2.200000000000000000e+01 2.600000000000000000e+01 7.781864135368847801e-01
2.200000000000000000e+01 2.700000000000000000e+01 8.248775081093118189e-01
2.200000000000000000e+01 2.800000000000000000e+01 8.478867057942118812e-01
2.200000000000000000e+01 2.900000000000000000e+01 8.630367175482280828e-01
2.200000000000000000e+01 3.000000000000000000e+01 8.935810945607109979e-01
2.200000000000000000e+01 3.100000000000000000e+01 8.678282320782439996e-01
2.200000000000000000e+01 3.200000000000000000e+01 9.058890069291494207e-01
2.300000000000000000e+01 2.400000000000000000e+01 5.160686974006527539e-01
2.300000000000000000e+01 2.500000000000000000e+01 8.606814888732035040e-01
2.300000000000000000e+01 2.600000000000000000e+01 8.982929558263921255e-01
2.300000000000000000e+01 2.700000000000000000e+01 9.286253678408642465e-01
2.300000000000000000e+01 2.800000000000000000e+01 7.952043681962428501e-01
2.300000000000000000e+01 2.900000000000000000e+01 7.831789616441786617e-01
2.300000000000000000e+01 3.000000000000000000e+01 7.837611526245065185e-01
2.300000000000000000e+01 3.100000000000000000e+01 8.264262373414430485e-01
2.300000000000000000e+01 3.200000000000000000e+01 9.246101484509186008e-01
2.400000000000000000e+01 2.500000000000000000e+01 8.470961901262279437e-01
2.400000000000000000e+01 2.600000000000000000e+01 8.847625189390713185e-01
2.400000000000000000e+01 2.700000000000000000e+01 9.150366338620385953e-01
2.400000000000000000e+01 2.800000000000000000e+01 7.743505226440632327e-01
2.400000000000000000e+01 2.900000000000000000e+01 7.609536743563751759e-01
2.400000000000000000e+01 3.000000000000000000e+01 7.632310346706483450e-01
2.400000000000000000e+01 3.100000000000000000e+01 8.083655031785101919e-01
2.400000000000000000e+01 3.200000000000000000e+01 9.100820712009727309e-01
2.500000000000000000e+01 2.600000000000000000e+01 5.877256758405200454e-01
2.500000000000000000e+01 2.700000000000000000e+01 6.673032776934419985e-01
2.500000000000000000e+01 2.800000000000000000e+01 7.574823152911114299e-01
2.500000000000000000e+01 2.900000000000000000e+01 7.832683360060550548e-01
2.500000000000000000e+01 3.000000000000000000e+01 8.227075891232877858e-01
2.500000000000000000e+01 3.100000000000000000e+01 7.671896326712936975e-01
2.500000000000000000e+01 3.200000000000000000e+01 7.756490129733708550e-01
2.600000000000000000e+01 2.700000000000000000e+01 5.336989932953641880e-01
2.600000000000000000e+01 2.800000000000000000e+01 7.868586612402850289e-01
2.600000000000000000e+01 2.900000000000000000e+01 8.116630150885235651e-01
2.600000000000000000e+01 3.000000000000000000e+01 8.477164351682064947e-01
2.600000000000000000e+01 3.100000000000000000e+01 7.851816946030376609e-01
2.600000000000000000e+01 3.200000000000000000e+01 7.470135032432629885e-01
2.700000000000000000e+01 2.800000000000000000e+01 8.131550114123706763e-01
2.700000000000000000e+01 2.900000000000000000e+01 8.368641813888020309e-01
2.700000000000000000e+01 3.000000000000000000e+01 8.704606418782079302e-01
2.700000000000000000e+01 3.100000000000000000e+01 8.053306213607256403e-01
2.700000000000000000e+01 3.200000000000000000e+01 7.343005054922451258e-01
2.800000000000000000e+01 2.900000000000000000e+01 5.295674316961469508e-01
2.800000000000000000e+01 3.000000000000000000e+01 6.631858052477368481e-01
2.800000000000000000e+01 3.100000000000000000e+01 5.855621666448778129e-01
2.800000000000000000e+01 3.200000000000000000e+01 7.852797027120828055e-01
2.900000000000000000e+01 3.000000000000000000e+01 6.051929880096076353e-01
2.900000000000000000e+01 3.100000000000000000e+01 6.225576548776881047e-01
2.900000000000000000e+01 3.200000000000000000e+01 8.061813672208075765e-01
3.000000000000000000e+01 3.100000000000000000e+01 6.825626426602053876e-01
3.000000000000000000e+01 3.200000000000000000e+01 8.325041474083030302e-01
3.100000000000000000e+01 3.200000000000000000e+01 7.511595150287813105e-01
