1.000000000000000000e+00 2.000000000000000000e+00 5.866781807820966144e+00
1.000000000000000000e+00 3.000000000000000000e+00 4.221027752308003755e+00
1.000000000000000000e+00 4.000000000000000000e+00 6.652492955073377345e+00
1.000000000000000000e+00 5.000000000000000000e+00 4.375769504531370480e+00
1.000000000000000000e+00 6.000000000000000000e+00 6.363041872925074394e+00
1.000000000000000000e+00 7.000000000000000000e+00 6.995110848155350780e+00
1.000000000000000000e+00 8.000000000000000000e+00 6.872468242248928050e+00
1.000000000000000000e+00 9.000000000000000000e+00 6.341424322685031534e+00
1.000000000000000000e+00 1.000000000000000000e+01 6.989928230664460784e+00
1.000000000000000000e+00 1.100000000000000000e+01 6.494148677706505168e+00
1.000000000000000000e+00 1.200000000000000000e+01 6.970077547943860807e+00
1.000000000000000000e+00 1.300000000000000000e+01 6.680522991598217608e+00
1.000000000000000000e+00 1.400000000000000000e+01 4.461036617041405528e+00
1.000000000000000000e+00 1.500000000000000000e+01 6.783933683297914463e+00
1.000000000000000000e+00 1.600000000000000000e+01 4.356088810032246350e+00
1.000000000000000000e+00 1.700000000000000000e+01 4.396677202015631281e+00
1.000000000000000000e+00 1.800000000000000000e+01 4.367328535636173292e+00
1.000000000000000000e+00 1.900000000000000000e+01 4.457837948826891328e+00
1.000000000000000000e+00 2.000000000000000000e+01 4.396707697033896522e+00
1.000000000000000000e+00 2.100000000000000000e+01 3.768016752147559600e+00
1.000000000000000000e+00 2.200000000000000000e+01 4.375808534773729441e+00
1.000000000000000000e+00 2.300000000000000000e+01 3.847514249549758958e+00
1.000000000000000000e+00 2.400000000000000000e+01 3.948265124548526739e+00
1.000000000000000000e+00 2.500000000000000000e+01 4.698368241751532004e+00
1.000000000000000000e+00 2.600000000000000000e+01 4.660450619482095824e+00
1.000000000000000000e+00 2.700000000000000000e+01 4.737528436991813585e+00
1.000000000000000000e+00 2.800000000000000000e+01 7.748905551698309857e+00
1.000000000000000000e+00 2.900000000000000000e+01 7.703455329982725530e+00
1.000000000000000000e+00 3.000000000000000000e+01 7.847934047285240133e+00
1.000000000000000000e+00 3.100000000000000000e+01 8.203227903315507774e+00
1.000000000000000000e+00 3.200000000000000000e+01 8.546407165185039290e+00
2.000000000000000000e+00 3.000000000000000000e+00 4.559233976519314169e+00
2.000000000000000000e+00 4.000000000000000000e+00 6.949706300161327732e+00
2.000000000000000000e+00 5.000000000000000000e+00 4.710440637140620446e+00
2.000000000000000000e+00 6.000000000000000000e+00 6.684041367389720101e+00
2.000000000000000000e+00 7.000000000000000000e+00 7.269191485655822405e+00
2.000000000000000000e+00 8.000000000000000000e+00 7.187002204430690711e+00
2.000000000000000000e+00 9.000000000000000000e+00 6.492752067267843152e+00
2.000000000000000000e+00 1.000000000000000000e+01 7.284763320372952933e+00
2.000000000000000000e+00 1.100000000000000000e+01 6.663895319569412834e+00
2.000000000000000000e+00 1.200000000000000000e+01 7.178153234351468015e+00
2.000000000000000000e+00 1.300000000000000000e+01 6.873868251065570867e+00
2.000000000000000000e+00 1.400000000000000000e+01 4.694917333381641633e+00
2.000000000000000000e+00 1.500000000000000000e+01 7.001737853588902105e+00
2.000000000000000000e+00 1.600000000000000000e+01 4.586491813635967141e+00
2.000000000000000000e+00 1.700000000000000000e+01 4.628323073920606490e+00
2.000000000000000000e+00 1.800000000000000000e+01 4.597720695561274162e+00
2.000000000000000000e+00 1.900000000000000000e+01 4.689115806948307430e+00
2.000000000000000000e+00 2.000000000000000000e+01 4.627254144098742472e+00
2.000000000000000000e+00 2.100000000000000000e+01 3.960968983074124594e+00
2.000000000000000000e+00 2.200000000000000000e+01 4.604875902379045094e+00
2.000000000000000000e+00 2.300000000000000000e+01 4.049880008389068031e+00
2.000000000000000000e+00 2.400000000000000000e+01 4.157095070029722450e+00
2.000000000000000000e+00 2.500000000000000000e+01 4.926274599098170448e+00
2.000000000000000000e+00 2.600000000000000000e+01 4.889123157761889438e+00
2.000000000000000000e+00 2.700000000000000000e+01 4.966440111643145805e+00
2.000000000000000000e+00 2.800000000000000000e+01 7.981669247267480394e+00
2.000000000000000000e+00 2.900000000000000000e+01 7.939403583267937492e+00
2.000000000000000000e+00 3.000000000000000000e+01 8.098245956378466559e+00
2.000000000000000000e+00 3.100000000000000000e+01 8.440519707557019302e+00
2.000000000000000000e+00 3.200000000000000000e+01 8.778922027091317304e+00
3.000000000000000000e+00 4.000000000000000000e+00 3.317640723965517680e+00
3.000000000000000000e+00 5.000000000000000000e+00 5.683797552128231345e-01
3.000000000000000000e+00 6.000000000000000000e+00 2.856905185617759635e+00
3.000000000000000000e+00 7.000000000000000000e+00 3.957900089984052627e+00
3.000000000000000000e+00 8.000000000000000000e+00 3.611638385298968856e+00
3.000000000000000000e+00 9.000000000000000000e+00 4.397054633154355407e+00
3.000000000000000000e+00 1.000000000000000000e+01 3.857972471098005229e+00
3.000000000000000000e+00 1.100000000000000000e+01 4.511497433798748347e+00
3.000000000000000000e+00 1.200000000000000000e+01 4.678896079548506393e+00
3.000000000000000000e+00 1.300000000000000000e+01 5.064127782928927068e+00
3.000000000000000000e+00 1.400000000000000000e+01 2.368355108813875454e+00
3.000000000000000000e+00 1.500000000000000000e+01 5.109929017740713952e+00
3.000000000000000000e+00 1.600000000000000000e+01 2.297545485207669991e+00
3.000000000000000000e+00 1.700000000000000000e+01 2.327139383074550594e+00
3.000000000000000000e+00 1.800000000000000000e+01 2.310411746705285374e+00
3.000000000000000000e+00 1.900000000000000000e+01 2.394081306542412690e+00
3.000000000000000000e+00 2.000000000000000000e+01 2.340004651685463344e+00
3.000000000000000000e+00 2.100000000000000000e+01 2.009511414522362038e+00
3.000000000000000000e+00 2.200000000000000000e+01 2.335864286448870786e+00
3.000000000000000000e+00 2.300000000000000000e+01 2.084461464664772556e+00
3.000000000000000000e+00 2.400000000000000000e+01 2.178262893749294715e+00
3.000000000000000000e+00 2.500000000000000000e+01 2.681445952445407066e+00
3.000000000000000000e+00 2.600000000000000000e+01 2.642761130606863240e+00
3.000000000000000000e+00 2.700000000000000000e+01 2.721083345667921982e+00
3.000000000000000000e+00 2.800000000000000000e+01 5.848997900203683820e+00
3.000000000000000000e+00 2.900000000000000000e+01 5.831674703333060705e+00
3.000000000000000000e+00 3.000000000000000000e+01 6.037417436367708667e+00
3.000000000000000000e+00 3.100000000000000000e+01 6.301151449361634960e+00
3.000000000000000000e+00 3.200000000000000000e+01 6.574087513967546315e+00
4.000000000000000000e+00 5.000000000000000000e+00 3.427397183689113724e+00
4.000000000000000000e+00 6.000000000000000000e+00 5.600845383369398967e+00
4.000000000000000000e+00 7.000000000000000000e+00 6.357495251210959708e+00
4.000000000000000000e+00 8.000000000000000000e+00 6.335438400826859606e+00
4.000000000000000000e+00 9.000000000000000000e+00 6.640045726138148474e+00
4.000000000000000000e+00 1.000000000000000000e+01 6.497744895716037306e+00
4.000000000000000000e+00 1.100000000000000000e+01 6.849462222049611526e+00
4.000000000000000000e+00 1.200000000000000000e+01 7.067785774479027339e+00
4.000000000000000000e+00 1.300000000000000000e+01 7.443093905902713026e+00
4.000000000000000000e+00 1.400000000000000000e+01 4.836977761414844146e+00
4.000000000000000000e+00 1.500000000000000000e+01 7.500066164901455501e+00
4.000000000000000000e+00 1.600000000000000000e+01 4.758693209464802898e+00
4.000000000000000000e+00 1.700000000000000000e+01 4.790742390448711419e+00
4.000000000000000000e+00 1.800000000000000000e+01 4.771268377740656597e+00
4.000000000000000000e+00 1.900000000000000000e+01 4.856505767981009747e+00
4.000000000000000000e+00 2.000000000000000000e+01 4.800882823322652371e+00
4.000000000000000000e+00 2.100000000000000000e+01 4.405259674287240301e+00
4.000000000000000000e+00 2.200000000000000000e+01 4.793171806747387187e+00
4.000000000000000000e+00 2.300000000000000000e+01 4.483752607700312254e+00
4.000000000000000000e+00 2.400000000000000000e+01 4.580666320160620586e+00
4.000000000000000000e+00 2.500000000000000000e+01 5.134145387703473951e+00
4.000000000000000000e+00 2.600000000000000000e+01 5.095840960053652502e+00
4.000000000000000000e+00 2.700000000000000000e+01 5.174007590219534158e+00
4.000000000000000000e+00 2.800000000000000000e+01 8.281674851865215459e+00
4.000000000000000000e+00 2.900000000000000000e+01 8.260168285205677918e+00
4.000000000000000000e+00 3.000000000000000000e+01 8.458951234841958211e+00
4.000000000000000000e+00 3.100000000000000000e+01 8.735564673445075812e+00
4.000000000000000000e+00 3.200000000000000000e+01 9.019974740325741536e+00
5.000000000000000000e+00 6.000000000000000000e+00 2.971396508962249605e+00
5.000000000000000000e+00 7.000000000000000000e+00 4.054112121074153308e+00
5.000000000000000000e+00 8.000000000000000000e+00 3.771055084393168499e+00
5.000000000000000000e+00 9.000000000000000000e+00 4.535850000364864520e+00
5.000000000000000000e+00 1.000000000000000000e+01 3.998033063489341288e+00
5.000000000000000000e+00 1.100000000000000000e+01 4.650447503853957443e+00
5.000000000000000000e+00 1.200000000000000000e+01 4.814227509574857677e+00
5.000000000000000000e+00 1.300000000000000000e+01 5.211994081457356209e+00
5.000000000000000000e+00 1.400000000000000000e+01 2.521902313886831060e+00
5.000000000000000000e+00 1.500000000000000000e+01 5.258246892942810113e+00
5.000000000000000000e+00 1.600000000000000000e+01 2.450501892142796123e+00
5.000000000000000000e+00 1.700000000000000000e+01 2.480293982734686153e+00
5.000000000000000000e+00 1.800000000000000000e+01 2.463352210563207301e+00
5.000000000000000000e+00 1.900000000000000000e+01 2.547150917782224688e+00
5.000000000000000000e+00 2.000000000000000000e+01 2.492952772322768240e+00
5.000000000000000000e+00 2.100000000000000000e+01 2.157945979454860996e+00
5.000000000000000000e+00 2.200000000000000000e+01 2.488541736002862770e+00
5.000000000000000000e+00 2.300000000000000000e+01 2.233162453027614625e+00
5.000000000000000000e+00 2.400000000000000000e+01 2.327190511620389035e+00
5.000000000000000000e+00 2.500000000000000000e+01 2.833789342985018500e+00
5.000000000000000000e+00 2.600000000000000000e+01 2.795138538684816432e+00
5.000000000000000000e+00 2.700000000000000000e+01 2.873451946590777517e+00
5.000000000000000000e+00 2.800000000000000000e+01 5.999993107985859275e+00
5.000000000000000000e+00 2.900000000000000000e+01 5.982407462552751909e+00
5.000000000000000000e+00 3.000000000000000000e+01 6.187758583564110459e+00
5.000000000000000000e+00 3.100000000000000000e+01 6.452291483434279940e+00
5.000000000000000000e+00 3.200000000000000000e+01 6.725990387726172415e+00
6.000000000000000000e+00 7.000000000000000000e+00 5.500006680605951104e+00
6.000000000000000000e+00 8.000000000000000000e+00 5.623301342788423085e+00
6.000000000000000000e+00 9.000000000000000000e+00 6.474148584290110087e+00
6.000000000000000000e+00 1.000000000000000000e+01 5.546158929069974874e+00
6.000000000000000000e+00 1.100000000000000000e+01 6.536025284465690532e+00
6.000000000000000000e+00 1.200000000000000000e+01 6.615454169083553992e+00
6.000000000000000000e+00 1.300000000000000000e+01 7.156460042963860069e+00
6.000000000000000000e+00 1.400000000000000000e+01 4.470348320517104845e+00
6.000000000000000000e+00 1.500000000000000000e+01 7.200258511333990974e+00
6.000000000000000000e+00 1.600000000000000000e+01 4.397194657173911558e+00
6.000000000000000000e+00 1.700000000000000000e+01 4.427613995929121415e+00
6.000000000000000000e+00 1.800000000000000000e+01 4.410064514804060032e+00
6.000000000000000000e+00 1.900000000000000000e+01 4.494295718291115627e+00
6.000000000000000000e+00 2.000000000000000000e+01 4.439743985881502653e+00
6.000000000000000000e+00 2.100000000000000000e+01 4.097455111537493089e+00
6.000000000000000000e+00 2.200000000000000000e+01 4.434638989795733899e+00
6.000000000000000000e+00 2.300000000000000000e+01 4.173290890864223002e+00
6.000000000000000000e+00 2.400000000000000000e+01 4.267779973295320772e+00
6.000000000000000000e+00 2.500000000000000000e+01 4.779178781898239414e+00
6.000000000000000000e+00 2.600000000000000000e+01 4.740664009535019652e+00
6.000000000000000000e+00 2.700000000000000000e+01 4.818983190594779309e+00
6.000000000000000000e+00 2.800000000000000000e+01 7.943556313991668283e+00
6.000000000000000000e+00 2.900000000000000000e+01 7.925819851068085953e+00
6.000000000000000000e+00 3.000000000000000000e+01 8.131441143760440582e+00
6.000000000000000000e+00 3.100000000000000000e+01 8.396339463406309989e+00
6.000000000000000000e+00 3.200000000000000000e+01 8.670972268343858147e+00
7.000000000000000000e+00 8.000000000000000000e+00 6.548251102678010582e+00
7.000000000000000000e+00 9.000000000000000000e+00 6.890166854438745325e+00
7.000000000000000000e+00 1.000000000000000000e+01 6.200998837665517627e+00
7.000000000000000000e+00 1.100000000000000000e+01 6.841085776132159069e+00
7.000000000000000000e+00 1.200000000000000000e+01 6.763244446191421844e+00
7.000000000000000000e+00 1.300000000000000000e+01 7.678063470606578456e+00
7.000000000000000000e+00 1.400000000000000000e+01 5.080911276401121945e+00
7.000000000000000000e+00 1.500000000000000000e+01 7.726956359451942369e+00
7.000000000000000000e+00 1.600000000000000000e+01 4.998161293201893507e+00
7.000000000000000000e+00 1.700000000000000000e+01 5.031797119218584413e+00
7.000000000000000000e+00 1.800000000000000000e+01 5.010764485613910857e+00
7.000000000000000000e+00 1.900000000000000000e+01 5.097090071257462718e+00
7.000000000000000000e+00 2.000000000000000000e+01 5.040563304561615610e+00
7.000000000000000000e+00 2.100000000000000000e+01 4.624968301505855806e+00
7.000000000000000000e+00 2.200000000000000000e+01 5.031048284150984706e+00
7.000000000000000000e+00 2.300000000000000000e+01 4.705184959518945220e+00
7.000000000000000000e+00 2.400000000000000000e+01 4.803385035900156197e+00
7.000000000000000000e+00 2.500000000000000000e+01 5.370145687951544566e+00
7.000000000000000000e+00 2.600000000000000000e+01 5.332193011338838495e+00
7.000000000000000000e+00 2.700000000000000000e+01 5.410372149723136737e+00
7.000000000000000000e+00 2.800000000000000000e+01 8.512704120544196229e+00
7.000000000000000000e+00 2.900000000000000000e+01 8.490759342751820427e+00
7.000000000000000000e+00 3.000000000000000000e+01 8.690201858632033094e+00
7.000000000000000000e+00 3.100000000000000000e+01 8.967888202980439871e+00
7.000000000000000000e+00 3.200000000000000000e+01 9.254843440176868441e+00
8.000000000000000000e+00 9.000000000000000000e+00 7.012079725345185643e+00
8.000000000000000000e+00 1.000000000000000000e+01 5.691758098681857447e+00
8.000000000000000000e+00 1.100000000000000000e+01 7.045552091974981224e+00
8.000000000000000000e+00 1.200000000000000000e+01 7.087349528180014957e+00
8.000000000000000000e+00 1.300000000000000000e+01 7.625132046535038732e+00
8.000000000000000000e+00 1.400000000000000000e+01 4.851702164272775342e+00
8.000000000000000000e+00 1.500000000000000000e+01 7.655123361357573764e+00
8.000000000000000000e+00 1.600000000000000000e+01 4.782876911393711516e+00
8.000000000000000000e+00 1.700000000000000000e+01 4.812017564887057119e+00
8.000000000000000000e+00 1.800000000000000000e+01 4.796170052229345337e+00
8.000000000000000000e+00 1.900000000000000000e+01 4.879673167785854027e+00
8.000000000000000000e+00 2.000000000000000000e+01 4.826046198165776957e+00
8.000000000000000000e+00 2.100000000000000000e+01 4.542348127452736861e+00
8.000000000000000000e+00 2.200000000000000000e+01 4.823428232455460041e+00
8.000000000000000000e+00 2.300000000000000000e+01 4.615380482022626296e+00
8.000000000000000000e+00 2.400000000000000000e+01 4.707250787514338342e+00
8.000000000000000000e+00 2.500000000000000000e+01 5.171661362984608878e+00
8.000000000000000000e+00 2.600000000000000000e+01 5.133014623483467709e+00
8.000000000000000000e+00 2.700000000000000000e+01 5.211523103248786093e+00
8.000000000000000000e+00 2.800000000000000000e+01 8.354814214440285269e+00
8.000000000000000000e+00 2.900000000000000000e+01 8.341469242863306377e+00
8.000000000000000000e+00 3.000000000000000000e+01 8.555419927020803783e+00
8.000000000000000000e+00 3.100000000000000000e+01 8.806619036134851086e+00
8.000000000000000000e+00 3.200000000000000000e+01 9.070281641353018287e+00
9.000000000000000000e+00 1.000000000000000000e+01 7.054865397238229363e+00
9.000000000000000000e+00 1.100000000000000000e+01 6.240620258811649279e+00
9.000000000000000000e+00 1.200000000000000000e+01 6.827384875236651496e+00
9.000000000000000000e+00 1.300000000000000000e+01 6.812548250240449299e+00
9.000000000000000000e+00 1.400000000000000000e+01 4.572881256922269877e+00
9.000000000000000000e+00 1.500000000000000000e+01 6.917220935351958921e+00
9.000000000000000000e+00 1.600000000000000000e+01 4.464698555909740740e+00
9.000000000000000000e+00 1.700000000000000000e+01 4.506547177802062265e+00
9.000000000000000000e+00 1.800000000000000000e+01 4.476070278591717688e+00
9.000000000000000000e+00 1.900000000000000000e+01 4.567556331816997606e+00
9.000000000000000000e+00 2.000000000000000000e+01 4.505741956059837960e+00
9.000000000000000000e+00 2.100000000000000000e+01 3.842453020802043540e+00
9.000000000000000000e+00 2.200000000000000000e+01 4.483683285622240611e+00
9.000000000000000000e+00 2.300000000000000000e+01 3.936402033134873690e+00
9.000000000000000000e+00 2.400000000000000000e+01 4.046688178877715814e+00
9.000000000000000000e+00 2.500000000000000000e+01 4.806105236704241612e+00
9.000000000000000000e+00 2.600000000000000000e+01 4.769360860415765124e+00
9.000000000000000000e+00 2.700000000000000000e+01 4.846914798586481332e+00
9.000000000000000000e+00 2.800000000000000000e+01 7.873342911807186262e+00
9.000000000000000000e+00 2.900000000000000000e+01 7.835158891025203687e+00
9.000000000000000000e+00 3.000000000000000000e+01 8.006998950975113161e+00
9.000000000000000000e+00 3.100000000000000000e+01 8.334596403882251536e+00
9.000000000000000000e+00 3.200000000000000000e+01 8.664843105790174249e+00
1.000000000000000000e+01 1.100000000000000000e+01 7.017764731376711751e+00
1.000000000000000000e+01 1.200000000000000000e+01 6.901663087693419740e+00
1.000000000000000000e+01 1.300000000000000000e+01 7.696074603253232560e+00
1.000000000000000000e+01 1.400000000000000000e+01 4.985909893597180620e+00
1.000000000000000000e+01 1.500000000000000000e+01 7.729186244571550013e+00
1.000000000000000000e+01 1.600000000000000000e+01 4.910349683064421988e+00
1.000000000000000000e+01 1.700000000000000000e+01 4.941733820876537564e+00
1.000000000000000000e+01 1.800000000000000000e+01 4.923426703684516959e+00
1.000000000000000000e+01 1.900000000000000000e+01 5.008380734785492727e+00
1.000000000000000000e+01 2.000000000000000000e+01 4.953363786021141024e+00
1.000000000000000000e+01 2.100000000000000000e+01 4.617699027483290308e+00
1.000000000000000000e+01 2.200000000000000000e+01 4.947602107640384439e+00
1.000000000000000000e+01 2.300000000000000000e+01 4.693615506254026570e+00
1.000000000000000000e+01 2.400000000000000000e+01 4.787975751761837984e+00
1.000000000000000000e+01 2.500000000000000000e+01 5.291909163028273078e+00
1.000000000000000000e+01 2.600000000000000000e+01 5.253648554606843213e+00
1.000000000000000000e+01 2.700000000000000000e+01 5.332048587120667982e+00
1.000000000000000000e+01 2.800000000000000000e+01 8.459076269561929706e+00
1.000000000000000000e+01 2.900000000000000000e+01 8.442602825417806045e+00
1.000000000000000000e+01 3.000000000000000000e+01 8.651710412815212692e+00
1.000000000000000000e+01 3.100000000000000000e+01 8.912512527573902332e+00
1.000000000000000000e+01 3.200000000000000000e+01 9.185251151137718395e+00
1.100000000000000000e+01 1.200000000000000000e+01 6.151061034113254777e+00
1.100000000000000000e+01 1.300000000000000000e+01 6.897156825386953294e+00
1.100000000000000000e+01 1.400000000000000000e+01 4.607929244322527929e+00
1.100000000000000000e+01 1.500000000000000000e+01 6.974390346838057475e+00
1.100000000000000000e+01 1.600000000000000000e+01 4.499259798012560374e+00
1.100000000000000000e+01 1.700000000000000000e+01 4.541346744085785758e+00
1.100000000000000000e+01 1.800000000000000000e+01 4.510737383084863161e+00
1.100000000000000000e+01 1.900000000000000000e+01 4.602427699736360900e+00
1.100000000000000000e+01 2.000000000000000000e+01 4.540521735877110387e+00
1.100000000000000000e+01 2.100000000000000000e+01 3.884631878552385231e+00
1.100000000000000000e+01 2.200000000000000000e+01 4.518431164341603967e+00
1.100000000000000000e+01 2.300000000000000000e+01 3.979273484026311536e+00
1.100000000000000000e+01 2.400000000000000000e+01 4.089833720788611515e+00
1.100000000000000000e+01 2.500000000000000000e+01 4.841155004512095239e+00
1.100000000000000000e+01 2.600000000000000000e+01 4.804573796096764049e+00
1.100000000000000000e+01 2.700000000000000000e+01 4.882212539839570375e+00
1.100000000000000000e+01 2.800000000000000000e+01 7.912718414301473935e+00
1.100000000000000000e+01 2.900000000000000000e+01 7.876051360615406338e+00
1.100000000000000000e+01 3.000000000000000000e+01 8.052095672717367592e+00
1.100000000000000000e+01 3.100000000000000000e+01 8.374593971013439386e+00
1.100000000000000000e+01 3.200000000000000000e+01 8.701986976835533127e+00
1.200000000000000000e+01 1.300000000000000000e+01 7.441489227680604834e+00
1.200000000000000000e+01 1.400000000000000000e+01 4.971814489001622483e+00
1.200000000000000000e+01 1.500000000000000000e+01 7.484642975856316660e+00
1.200000000000000000e+01 1.600000000000000000e+01 4.872455152592841010e+00
1.200000000000000000e+01 1.700000000000000000e+01 4.911674873044169942e+00
1.200000000000000000e+01 1.800000000000000000e+01 4.884616207835288826e+00
1.200000000000000000e+01 1.900000000000000000e+01 4.974590281774092126e+00
1.200000000000000000e+01 2.000000000000000000e+01 4.914643698486965917e+00
1.200000000000000000e+01 2.100000000000000000e+01 4.376441316205619714e+00
1.200000000000000000e+01 2.200000000000000000e+01 4.897524520651535873e+00
1.200000000000000000e+01 2.300000000000000000e+01 4.464429913806380767e+00
1.200000000000000000e+01 2.400000000000000000e+01 4.569086320168446846e+00
1.200000000000000000e+01 2.500000000000000000e+01 5.227350244473467633e+00
1.200000000000000000e+01 2.600000000000000000e+01 5.190439891329510225e+00
1.200000000000000000e+01 2.700000000000000000e+01 5.268414846994768475e+00
1.200000000000000000e+01 2.800000000000000000e+01 8.334162128469014164e+00
1.200000000000000000e+01 2.900000000000000000e+01 8.305659170678003633e+00
1.200000000000000000e+01 3.000000000000000000e+01 8.496362592954305626e+00
1.200000000000000000e+01 3.100000000000000000e+01 8.793780825852671512e+00
1.200000000000000000e+01 3.200000000000000000e+01 9.100731400685573291e+00
1.300000000000000000e+01 1.400000000000000000e+01 4.860972095836593176e+00
1.300000000000000000e+01 1.500000000000000000e+01 6.760620355778274693e+00
1.300000000000000000e+01 1.600000000000000000e+01 4.742706705077263329e+00
1.300000000000000000e+01 1.700000000000000000e+01 4.787737179725956693e+00
1.300000000000000000e+01 1.800000000000000000e+01 4.753503802041159965e+00
1.300000000000000000e+01 1.900000000000000000e+01 4.846920906477788726e+00
1.300000000000000000e+01 2.000000000000000000e+01 4.783020767699209586e+00
1.300000000000000000e+01 2.100000000000000000e+01 4.016611693137136285e+00
1.300000000000000000e+01 2.200000000000000000e+01 4.755863899318664600e+00
1.300000000000000000e+01 2.300000000000000000e+01 4.108684274726018160e+00
1.300000000000000000e+01 2.400000000000000000e+01 4.220018217984680575e+00
1.300000000000000000e+01 2.500000000000000000e+01 5.070942233555631340e+00
1.300000000000000000e+01 2.600000000000000000e+01 5.034250407586720932e+00
1.300000000000000000e+01 2.700000000000000000e+01 5.111331455804889679e+00
1.300000000000000000e+01 2.800000000000000000e+01 8.097170537991310368e+00
1.300000000000000000e+01 2.900000000000000000e+01 8.048331053683257963e+00
1.300000000000000000e+01 3.000000000000000000e+01 8.196993468946548234e+00
1.300000000000000000e+01 3.100000000000000000e+01 8.558761622740234998e+00
1.300000000000000000e+01 3.200000000000000000e+01 8.913772267384723946e+00
1.400000000000000000e+01 1.500000000000000000e+01 4.768456652099465565e+00
1.400000000000000000e+01 1.600000000000000000e+01 6.910686375093026967e-01
1.400000000000000000e+01 1.700000000000000000e+01 5.938768822045625839e-01
1.400000000000000000e+01 1.800000000000000000e+01 6.795371568685890651e-01
1.400000000000000000e+01 1.900000000000000000e+01 6.494357092835194578e-01
1.400000000000000000e+01 2.000000000000000000e+01 6.735518144760233028e-01
1.400000000000000000e+01 2.100000000000000000e+01 1.561768248389421743e+00
1.400000000000000000e+01 2.200000000000000000e+01 7.735111979846269747e-01
1.400000000000000000e+01 2.300000000000000000e+01 1.585922736141563760e+00
1.400000000000000000e+01 2.400000000000000000e+01 1.633137800552776131e+00
1.400000000000000000e+01 2.500000000000000000e+01 1.221864063771250564e+00
1.400000000000000000e+01 2.600000000000000000e+01 1.169318755672969168e+00
1.400000000000000000e+01 2.700000000000000000e+01 1.249744643655868792e+00
1.400000000000000000e+01 2.800000000000000000e+01 4.792197921652847192e+00
1.400000000000000000e+01 2.900000000000000000e+01 4.853772727530079933e+00
1.400000000000000000e+01 3.000000000000000000e+01 5.193515507003577447e+00
1.400000000000000000e+01 3.100000000000000000e+01 5.208098108488790956e+00
1.400000000000000000e+01 3.200000000000000000e+01 5.247454953210732853e+00
1.500000000000000000e+01 1.600000000000000000e+01 4.645944391495015147e+00
1.500000000000000000e+01 1.700000000000000000e+01 4.692251783035322532e+00
1.500000000000000000e+01 1.800000000000000000e+01 4.656411526536197165e+00
1.500000000000000000e+01 1.900000000000000000e+01 4.750558270712969211e+00
1.500000000000000000e+01 2.000000000000000000e+01 4.685777171403525898e+00
1.500000000000000000e+01 2.100000000000000000e+01 3.832564165420505375e+00
1.500000000000000000e+01 2.200000000000000000e+01 4.656332745349081925e+00
1.500000000000000000e+01 2.300000000000000000e+01 3.922281209701903748e+00
1.500000000000000000e+01 2.400000000000000000e+01 4.036150224803289888e+00
1.500000000000000000e+01 2.500000000000000000e+01 4.967797983316352806e+00
1.500000000000000000e+01 2.600000000000000000e+01 4.931018124580044848e+00
1.500000000000000000e+01 2.700000000000000000e+01 5.007826225361028172e+00
1.500000000000000000e+01 2.800000000000000000e+01 7.970178753626478318e+00
1.500000000000000000e+01 2.900000000000000000e+01 7.914255047264619591e+00
1.500000000000000000e+01 3.000000000000000000e+01 8.050935143316980458e+00
1.500000000000000000e+01 3.100000000000000000e+01 8.433026383684897098e+00
1.500000000000000000e+01 3.200000000000000000e+01 8.801963584988703460e+00
1.600000000000000000e+01 1.700000000000000000e+01 5.580716649590939937e-01
1.600000000000000000e+01 1.800000000000000000e+01 4.675762600767621180e-01
1.600000000000000000e+01 1.900000000000000000e+01 6.774887689243112021e-01
1.600000000000000000e+01 2.000000000000000000e+01 5.903159821693675369e-01
1.600000000000000000e+01 2.100000000000000000e+01 1.435853182556241947e+00
1.600000000000000000e+01 2.200000000000000000e+01 6.361722623453758274e-01
1.600000000000000000e+01 2.300000000000000000e+01 1.458262757287831057e+00
1.600000000000000000e+01 2.400000000000000000e+01 1.503859033716457017e+00
1.600000000000000000e+01 2.500000000000000000e+01 1.089075236378891809e+00
1.600000000000000000e+01 2.600000000000000000e+01 1.044566977734937119e+00
1.600000000000000000e+01 2.700000000000000000e+01 1.126380817254841737e+00
1.600000000000000000e+01 2.800000000000000000e+01 4.652578797345456429e+00
1.600000000000000000e+01 2.900000000000000000e+01 4.715191240908351844e+00
1.600000000000000000e+01 3.000000000000000000e+01 5.058891151437349798e+00
1.600000000000000000e+01 3.100000000000000000e+01 5.071967048893931462e+00
1.600000000000000000e+01 3.200000000000000000e+01 5.118751189572181559e+00
1.700000000000000000e+01 1.800000000000000000e+01 5.130377934393886008e-01
1.700000000000000000e+01 1.900000000000000000e+01 5.784464670086721938e-01
1.700000000000000000e+01 2.000000000000000000e+01 5.187531354181604826e-01
1.700000000000000000e+01 2.100000000000000000e+01 1.483271223949720330e+00
1.700000000000000000e+01 2.200000000000000000e+01 6.489097113515844839e-01
1.700000000000000000e+01 2.300000000000000000e+01 1.506016863585358578e+00
1.700000000000000000e+01 2.400000000000000000e+01 1.551948520196054115e+00
1.700000000000000000e+01 2.500000000000000000e+01 1.111404073144714566e+00
1.700000000000000000e+01 2.600000000000000000e+01 1.059137849224316419e+00
1.700000000000000000e+01 2.700000000000000000e+01 1.139820295495025171e+00
1.700000000000000000e+01 2.800000000000000000e+01 4.696103164113504924e+00
1.700000000000000000e+01 2.900000000000000000e+01 4.760040412853017600e+00
1.700000000000000000e+01 3.000000000000000000e+01 5.103433283296358702e+00
1.700000000000000000e+01 3.100000000000000000e+01 5.110507122602832908e+00
1.700000000000000000e+01 3.200000000000000000e+01 5.142221180108508705e+00
1.800000000000000000e+01 1.900000000000000000e+01 6.317470577214709948e-01
1.800000000000000000e+01 2.000000000000000000e+01 5.122160823984573952e-01
1.800000000000000000e+01 2.100000000000000000e+01 1.446152446693862892e+00
1.800000000000000000e+01 2.200000000000000000e+01 5.913955722948305294e-01
1.800000000000000000e+01 2.300000000000000000e+01 1.468177028413775176e+00
1.800000000000000000e+01 2.400000000000000000e+01 1.513442740189159696e+00
1.800000000000000000e+01 2.500000000000000000e+01 1.067385028511290024e+00
1.800000000000000000e+01 2.600000000000000000e+01 1.019031323561123692e+00
1.800000000000000000e+01 2.700000000000000000e+01 1.100466085667402893e+00
1.800000000000000000e+01 2.800000000000000000e+01 4.652470628758838878e+00
1.800000000000000000e+01 2.900000000000000000e+01 4.717050933973810700e+00
1.800000000000000000e+01 3.000000000000000000e+01 5.062150716994646693e+00
1.800000000000000000e+01 3.100000000000000000e+01 5.067858263140614383e+00
1.800000000000000000e+01 3.200000000000000000e+01 5.101397346921503484e+00
1.900000000000000000e+01 2.000000000000000000e+01 5.469891159386124357e-01
1.900000000000000000e+01 2.100000000000000000e+01 1.541030418255905587e+00
1.900000000000000000e+01 2.200000000000000000e+01 6.657302781045100204e-01
1.900000000000000000e+01 2.300000000000000000e+01 1.563088358413831536e+00
1.900000000000000000e+01 2.400000000000000000e+01 1.608424733138957397e+00
1.900000000000000000e+01 2.500000000000000000e+01 1.120485708178447837e+00
1.900000000000000000e+01 2.600000000000000000e+01 1.058182235471405441e+00
1.900000000000000000e+01 2.700000000000000000e+01 1.137364385299138192e+00
1.900000000000000000e+01 2.800000000000000000e+01 4.736787425677381869e+00
1.900000000000000000e+01 2.900000000000000000e+01 4.803834594681893222e+00
1.900000000000000000e+01 3.000000000000000000e+01 5.149571219056517712e+00
1.900000000000000000e+01 3.100000000000000000e+01 5.144727240874981788e+00
1.900000000000000000e+01 3.200000000000000000e+01 5.154304517561387300e+00
2.000000000000000000e+01 2.100000000000000000e+01 1.475523691669865300e+00
2.000000000000000000e+01 2.200000000000000000e+01 5.694504911493227794e-01
2.000000000000000000e+01 2.300000000000000000e+01 1.497223867549087650e+00
2.000000000000000000e+01 2.400000000000000000e+01 1.542223171735137566e+00
2.000000000000000000e+01 2.500000000000000000e+01 1.057339022020346242e+00
2.000000000000000000e+01 2.600000000000000000e+01 1.000684014059186389e+00
2.000000000000000000e+01 2.700000000000000000e+01 1.080977431085510254e+00
2.000000000000000000e+01 2.800000000000000000e+01 4.669788868229681533e+00
2.000000000000000000e+01 2.900000000000000000e+01 4.736771258780672511e+00
2.000000000000000000e+01 3.000000000000000000e+01 5.083258280577395816e+00
2.000000000000000000e+01 3.100000000000000000e+01 5.079488769616645527e+00
2.000000000000000000e+01 3.200000000000000000e+01 5.094262217151921845e+00
2.100000000000000000e+01 2.200000000000000000e+01 1.444375793417793652e+00
2.100000000000000000e+01 2.300000000000000000e+01 5.781631414331025454e-01
2.100000000000000000e+01 2.400000000000000000e+01 7.262227927441480269e-01
2.100000000000000000e+01 2.500000000000000000e+01 1.753876257588116161e+00
2.100000000000000000e+01 2.600000000000000000e+01 1.717732508776049549e+00
2.100000000000000000e+01 2.700000000000000000e+01 1.794682119249229046e+00
2.100000000000000000e+01 2.800000000000000000e+01 4.752375335311090687e+00
2.100000000000000000e+01 2.900000000000000000e+01 4.696652521924812973e+00
2.100000000000000000e+01 3.000000000000000000e+01 4.845553095277655764e+00
2.100000000000000000e+01 3.100000000000000000e+01 5.221220432307021042e+00
2.100000000000000000e+01 3.200000000000000000e+01 5.589989429574883317e+00
2.200000000000000000e+01 2.300000000000000000e+01 1.464748532549829285e+00
2.200000000000000000e+01 2.400000000000000000e+01 1.508551749277034393e+00
2.200000000000000000e+01 2.500000000000000000e+01 9.745707304394928272e-01
2.200000000000000000e+01 2.600000000000000000e+01 9.225773122272702409e-01
2.200000000000000000e+01 2.700000000000000000e+01 1.004493520997010947e+00
2.200000000000000000e+01 2.800000000000000000e+01 4.617937141494611986e+00
2.200000000000000000e+01 2.900000000000000000e+01 4.688196818375031327e+00
2.200000000000000000e+01 3.000000000000000000e+01 5.038502640099411956e+00
2.200000000000000000e+01 3.100000000000000000e+01 5.024014613442062682e+00
2.200000000000000000e+01 3.200000000000000000e+01 5.025680430886465544e+00
2.300000000000000000e+01 2.400000000000000000e+01 5.554509128156097653e-01
2.300000000000000000e+01 2.500000000000000000e+01 1.771081057620885524e+00
2.300000000000000000e+01 2.600000000000000000e+01 1.734306303975514219e+00
2.300000000000000000e+01 2.700000000000000000e+01 1.810798959484853476e+00
2.300000000000000000e+01 2.800000000000000000e+01 4.736813611739997931e+00
2.300000000000000000e+01 2.900000000000000000e+01 4.669426889160801508e+00
2.300000000000000000e+01 3.000000000000000000e+01 4.798964522727863447e+00
2.300000000000000000e+01 3.100000000000000000e+01 5.206671892291332426e+00
2.300000000000000000e+01 3.200000000000000000e+01 5.594785476369670718e+00
2.400000000000000000e+01 2.500000000000000000e+01 1.812200282472572255e+00
2.400000000000000000e+01 2.600000000000000000e+01 1.775033418279897468e+00
2.400000000000000000e+01 2.700000000000000000e+01 1.851199792517982168e+00
2.400000000000000000e+01 2.800000000000000000e+01 4.752450014785565280e+00
2.400000000000000000e+01 2.900000000000000000e+01 4.676649733214501836e+00
2.400000000000000000e+01 3.000000000000000000e+01 4.794237344739374684e+00
2.400000000000000000e+01 3.100000000000000000e+01 5.224124431414020719e+00
2.400000000000000000e+01 3.200000000000000000e+01 5.626796099860756684e+00
2.500000000000000000e+01 2.600000000000000000e+01 9.081144779557632774e-01
2.500000000000000000e+01 2.700000000000000000e+01 1.031837971506290863e+00
2.500000000000000000e+01 2.800000000000000000e+01 4.826963377031405322e+00
2.500000000000000000e+01 2.900000000000000000e+01 4.918563050197539255e+00
2.500000000000000000e+01 3.000000000000000000e+01 5.283214646334331910e+00
2.500000000000000000e+01 3.100000000000000000e+01 5.195771390112419397e+00
2.500000000000000000e+01 3.200000000000000000e+01 5.100367613813824974e+00
2.600000000000000000e+01 2.700000000000000000e+01 5.811465441511458607e-01
2.600000000000000000e+01 2.800000000000000000e+01 4.742946313692528726e+00
2.600000000000000000e+01 2.900000000000000000e+01 4.841895010819550649e+00
2.600000000000000000e+01 3.000000000000000000e+01 5.207757786553929513e+00
2.600000000000000000e+01 3.100000000000000000e+01 5.070585883987739351e+00
2.600000000000000000e+01 3.200000000000000000e+01 4.809633021066021641e+00
2.700000000000000000e+01 2.800000000000000000e+01 4.795913408322689087e+00
2.700000000000000000e+01 2.900000000000000000e+01 4.897918346652105015e+00
2.700000000000000000e+01 3.000000000000000000e+01 5.264130967726788235e+00
2.700000000000000000e+01 3.100000000000000000e+01 5.103068579362332713e+00
2.700000000000000000e+01 3.200000000000000000e+01 4.741954886168903371e+00
2.800000000000000000e+01 2.900000000000000000e+01 5.797166573978236315e+00
2.800000000000000000e+01 3.000000000000000000e+01 7.193800021305214010e+00
2.800000000000000000e+01 3.100000000000000000e+01 6.417939582008283850e+00
2.800000000000000000e+01 3.200000000000000000e+01 8.073114980107339633e+00
2.900000000000000000e+01 3.000000000000000000e+01 6.620027409391355810e+00
2.900000000000000000e+01 3.100000000000000000e+01 6.798643498570942967e+00
2.900000000000000000e+01 3.200000000000000000e+01 8.235315980366783251e+00
3.000000000000000000e+01 3.100000000000000000e+01 7.456387449339374029e+00
3.000000000000000000e+01 3.200000000000000000e+01 8.606957997534356863e+00
3.100000000000000000e+01 3.200000000000000000e+01 7.944737066365609834e+00
