1.000000000000000000e+00 2.000000000000000000e+00 1.205629247121085079e+01
1.000000000000000000e+00 3.000000000000000000e+00 1.185179694732569722e+01
1.000000000000000000e+00 4.000000000000000000e+00 1.261867717953739820e+01
1.000000000000000000e+00 5.000000000000000000e+00 1.064352974539697527e+01
1.000000000000000000e+00 6.000000000000000000e+00 1.251176761373238655e+01
1.000000000000000000e+00 7.000000000000000000e+00 1.293315164917847859e+01
1.000000000000000000e+00 8.000000000000000000e+00 1.309395926034008539e+01
1.000000000000000000e+00 9.000000000000000000e+00 1.236545766621403608e+01
1.000000000000000000e+00 1.000000000000000000e+01 1.310110590266614317e+01
1.000000000000000000e+00 1.100000000000000000e+01 1.267991058697118412e+01
1.000000000000000000e+00 1.200000000000000000e+01 1.308732349403535444e+01
1.000000000000000000e+00 1.300000000000000000e+01 1.291956055119386626e+01
1.000000000000000000e+00 1.400000000000000000e+01 1.608912239207901962e+01
1.000000000000000000e+00 1.500000000000000000e+01 1.363235890462070188e+01
1.000000000000000000e+00 1.600000000000000000e+01 1.517657544140508996e+01
1.000000000000000000e+00 1.700000000000000000e+01 1.518199912741589941e+01
1.000000000000000000e+00 1.800000000000000000e+01 1.322345551626167826e+01
1.000000000000000000e+00 1.900000000000000000e+01 1.590506316508930951e+01
1.000000000000000000e+00 2.000000000000000000e+01 1.322265819405793508e+01
1.000000000000000000e+00 2.100000000000000000e+01 1.357856717650551737e+01
1.000000000000000000e+00 2.200000000000000000e+01 1.478559522879356258e+01
1.000000000000000000e+00 2.300000000000000000e+01 1.388000652881150287e+01
1.000000000000000000e+00 2.400000000000000000e+01 1.417053018902826977e+01
1.000000000000000000e+00 2.500000000000000000e+01 1.676488551821855921e+01
1.000000000000000000e+00 2.600000000000000000e+01 1.675353833984028640e+01
1.000000000000000000e+00 2.700000000000000000e+01 1.710107842358934960e+01
1.000000000000000000e+00 2.800000000000000000e+01 1.552355714568400025e+01
1.000000000000000000e+00 2.900000000000000000e+01 1.537071811463240323e+01
1.000000000000000000e+00 3.000000000000000000e+01 1.524466134764651670e+01
1.000000000000000000e+00 3.100000000000000000e+01 1.610052350746814298e+01
1.000000000000000000e+00 3.200000000000000000e+01 1.970782382286251888e+01
2.000000000000000000e+00 3.000000000000000000e+00 8.320578528248544714e+00
2.000000000000000000e+00 4.000000000000000000e+00 8.997265689182837534e+00
2.000000000000000000e+00 5.000000000000000000e+00 7.107857093735610476e+00
2.000000000000000000e+00 6.000000000000000000e+00 8.979778783769814865e+00
2.000000000000000000e+00 7.000000000000000000e+00 9.350384730274127421e+00
2.000000000000000000e+00 8.000000000000000000e+00 9.599409033698300675e+00
2.000000000000000000e+00 9.000000000000000000e+00 8.484009351589824277e+00
2.000000000000000000e+00 1.000000000000000000e+01 9.581678420141463093e+00
2.000000000000000000e+00 1.100000000000000000e+01 9.008886514548413160e+00
2.000000000000000000e+00 1.200000000000000000e+01 9.512750575274379727e+00
2.000000000000000000e+00 1.300000000000000000e+01 9.630019408291824234e+00
2.000000000000000000e+00 1.400000000000000000e+01 1.286447882083169958e+01
2.000000000000000000e+00 1.500000000000000000e+01 1.052323314576901936e+01
2.000000000000000000e+00 1.600000000000000000e+01 1.196632244256830724e+01
2.000000000000000000e+00 1.700000000000000000e+01 1.197321038065273058e+01
2.000000000000000000e+00 1.800000000000000000e+01 1.002099208647534745e+01
2.000000000000000000e+00 1.900000000000000000e+01 1.269961852671989533e+01
2.000000000000000000e+00 2.000000000000000000e+01 1.002140596631813096e+01
2.000000000000000000e+00 2.100000000000000000e+01 1.044836958979105823e+01
2.000000000000000000e+00 2.200000000000000000e+01 1.158831465123621562e+01
2.000000000000000000e+00 2.300000000000000000e+01 1.079763341613628924e+01
2.000000000000000000e+00 2.400000000000000000e+01 1.110400624229752964e+01
2.000000000000000000e+00 2.500000000000000000e+01 1.361684471255975737e+01
2.000000000000000000e+00 2.600000000000000000e+01 1.361487347104368340e+01
2.000000000000000000e+00 2.700000000000000000e+01 1.396869711773737777e+01
2.000000000000000000e+00 2.800000000000000000e+01 1.246473536882089128e+01
2.000000000000000000e+00 2.900000000000000000e+01 1.233102877805468012e+01
2.000000000000000000e+00 3.000000000000000000e+01 1.225003490254279015e+01
2.000000000000000000e+00 3.100000000000000000e+01 1.304890256033991491e+01
2.000000000000000000e+00 3.200000000000000000e+01 1.661575268015127094e+01
3.000000000000000000e+00 4.000000000000000000e+00 5.111860341936273144e+00
3.000000000000000000e+00 5.000000000000000000e+00 2.013648472082595120e+00
3.000000000000000000e+00 6.000000000000000000e+00 4.365437574442081470e+00
3.000000000000000000e+00 7.000000000000000000e+00 5.539021906477854529e+00
3.000000000000000000e+00 8.000000000000000000e+00 5.306528040831082649e+00
3.000000000000000000e+00 9.000000000000000000e+00 6.727072162438391345e+00
3.000000000000000000e+00 1.000000000000000000e+01 5.491661736067422694e+00
3.000000000000000000e+00 1.100000000000000000e+01 6.813978936097614181e+00
3.000000000000000000e+00 1.200000000000000000e+01 6.785936238253389874e+00
3.000000000000000000e+00 1.300000000000000000e+01 8.321668111416785862e+00
3.000000000000000000e+00 1.400000000000000000e+01 1.035971319471109808e+01
3.000000000000000000e+00 1.500000000000000000e+01 9.033007327324682478e+00
3.000000000000000000e+00 1.600000000000000000e+01 9.543352393228106578e+00
3.000000000000000000e+00 1.700000000000000000e+01 9.546603280005584224e+00
3.000000000000000000e+00 1.800000000000000000e+01 7.624103503123519587e+00
3.000000000000000000e+00 1.900000000000000000e+01 1.028378115879439036e+01
3.000000000000000000e+00 2.000000000000000000e+01 7.628006017285649421e+00
3.000000000000000000e+00 2.100000000000000000e+01 8.643041911207832939e+00
3.000000000000000000e+00 2.200000000000000000e+01 9.211266842525473564e+00
3.000000000000000000e+00 2.300000000000000000e+01 9.022417124289059842e+00
3.000000000000000000e+00 2.400000000000000000e+01 9.313163223018548820e+00
3.000000000000000000e+00 2.500000000000000000e+01 1.140615476991845512e+01
3.000000000000000000e+00 2.600000000000000000e+01 1.142443396625788310e+01
3.000000000000000000e+00 2.700000000000000000e+01 1.179428851717289461e+01
3.000000000000000000e+00 2.800000000000000000e+01 1.051107346111991880e+01
3.000000000000000000e+00 2.900000000000000000e+01 1.042419165608075460e+01
3.000000000000000000e+00 3.000000000000000000e+01 1.043704463903056023e+01
3.000000000000000000e+00 3.100000000000000000e+01 1.109951530818820231e+01
3.000000000000000000e+00 3.200000000000000000e+01 1.455263168826138909e+01
4.000000000000000000e+00 5.000000000000000000e+00 3.883306576514323538e+00
4.000000000000000000e+00 6.000000000000000000e+00 6.029202591970280523e+00
4.000000000000000000e+00 7.000000000000000000e+00 6.632845475722179529e+00
4.000000000000000000e+00 8.000000000000000000e+00 6.905850346286847241e+00
4.000000000000000000e+00 9.000000000000000000e+00 7.287505373816456355e+00
4.000000000000000000e+00 1.000000000000000000e+01 6.953433326771390810e+00
4.000000000000000000e+00 1.100000000000000000e+01 7.581641682950772676e+00
4.000000000000000000e+00 1.200000000000000000e+01 7.711737202195264373e+00
4.000000000000000000e+00 1.300000000000000000e+01 9.111388914562022379e+00
4.000000000000000000e+00 1.400000000000000000e+01 1.143015052543139021e+01
4.000000000000000000e+00 1.500000000000000000e+01 9.879491358255695133e+00
4.000000000000000000e+00 1.600000000000000000e+01 1.059441931545556947e+01
4.000000000000000000e+00 1.700000000000000000e+01 1.059905930276476127e+01
4.000000000000000000e+00 1.800000000000000000e+01 8.669791016814718532e+00
4.000000000000000000e+00 1.900000000000000000e+01 1.133404293279518171e+01
4.000000000000000000e+00 2.000000000000000000e+01 8.673016066985461237e+00
4.000000000000000000e+00 2.100000000000000000e+01 9.549082313511584985e+00
4.000000000000000000e+00 2.200000000000000000e+01 1.025267852343611175e+01
4.000000000000000000e+00 2.300000000000000000e+01 9.930711685423030843e+00
4.000000000000000000e+00 2.400000000000000000e+01 1.022821972618395847e+01
4.000000000000000000e+00 2.500000000000000000e+01 1.241314783009793743e+01
4.000000000000000000e+00 2.600000000000000000e+01 1.242801215364330503e+01
4.000000000000000000e+00 2.700000000000000000e+01 1.279489906767127394e+01
4.000000000000000000e+00 2.800000000000000000e+01 1.146812881016343333e+01
4.000000000000000000e+00 2.900000000000000000e+01 1.137279566576855672e+01
4.000000000000000000e+00 3.000000000000000000e+01 1.136988843470741983e+01
4.000000000000000000e+00 3.100000000000000000e+01 1.205683695875558570e+01
4.000000000000000000e+00 3.200000000000000000e+01 1.553188123137788423e+01
5.000000000000000000e+00 6.000000000000000000e+00 3.086517625031950374e+00
5.000000000000000000e+00 7.000000000000000000e+00 4.245272150172953118e+00
5.000000000000000000e+00 8.000000000000000000e+00 4.073125678673235939e+00
5.000000000000000000e+00 9.000000000000000000e+00 5.489579981738350156e+00
5.000000000000000000e+00 1.000000000000000000e+01 4.240072565775564684e+00
5.000000000000000000e+00 1.100000000000000000e+01 5.569407683425394495e+00
5.000000000000000000e+00 1.200000000000000000e+01 5.535455115135098580e+00
5.000000000000000000e+00 1.300000000000000000e+01 7.093311777436097643e+00
5.000000000000000000e+00 1.400000000000000000e+01 9.136630031967037269e+00
5.000000000000000000e+00 1.500000000000000000e+01 7.805356950787206927e+00
5.000000000000000000e+00 1.600000000000000000e+01 8.319194613182498088e+00
5.000000000000000000e+00 1.700000000000000000e+01 8.322657994102453216e+00
5.000000000000000000e+00 1.800000000000000000e+01 6.399863629805986776e+00
5.000000000000000000e+00 1.900000000000000000e+01 9.059806996910150900e+00
5.000000000000000000e+00 2.000000000000000000e+01 6.403764563700519830e+00
5.000000000000000000e+00 2.100000000000000000e+01 7.414787846080701073e+00
5.000000000000000000e+00 2.200000000000000000e+01 7.986901714577220091e+00
5.000000000000000000e+00 2.300000000000000000e+01 7.794970849110164579e+00
5.000000000000000000e+00 2.400000000000000000e+01 8.086102405941968385e+00
5.000000000000000000e+00 2.500000000000000000e+01 1.018102574330088217e+01
5.000000000000000000e+00 2.600000000000000000e+01 1.019935095884133602e+01
5.000000000000000000e+00 2.700000000000000000e+01 1.056919347000840048e+01
5.000000000000000000e+00 2.800000000000000000e+01 9.285382808225692841e+00
5.000000000000000000e+00 2.900000000000000000e+01 9.198498092948604210e+00
5.000000000000000000e+00 3.000000000000000000e+01 9.211490440650994316e+00
5.000000000000000000e+00 3.100000000000000000e+01 9.873966204826718496e+00
5.000000000000000000e+00 3.200000000000000000e+01 1.332731506101791652e+01
6.000000000000000000e+00 7.000000000000000000e+00 5.582044259402303865e+00
6.000000000000000000e+00 8.000000000000000000e+00 5.722586041170821147e+00
6.000000000000000000e+00 9.000000000000000000e+00 7.300012308703690778e+00
6.000000000000000000e+00 1.000000000000000000e+01 5.613338787933694007e+00
6.000000000000000000e+00 1.100000000000000000e+01 7.285319906496587450e+00
6.000000000000000000e+00 1.200000000000000000e+01 7.161946548729742901e+00
6.000000000000000000e+00 1.300000000000000000e+01 8.874545269189889396e+00
6.000000000000000000e+00 1.400000000000000000e+01 1.088767839545272409e+01
6.000000000000000000e+00 1.500000000000000000e+01 9.576330134995227894e+00
6.000000000000000000e+00 1.600000000000000000e+01 1.006817606414494470e+01
6.000000000000000000e+00 1.700000000000000000e+01 1.007249822884307378e+01
6.000000000000000000e+00 1.800000000000000000e+01 8.149402008070682157e+00
6.000000000000000000e+00 1.900000000000000000e+01 1.080989743264012759e+01
6.000000000000000000e+00 2.000000000000000000e+01 8.153419482462346934e+00
6.000000000000000000e+00 2.100000000000000000e+01 9.170016239261149948e+00
6.000000000000000000e+00 2.200000000000000000e+01 9.736569733206790644e+00
6.000000000000000000e+00 2.300000000000000000e+01 9.553771455824143999e+00
6.000000000000000000e+00 2.400000000000000000e+01 9.845496677285488829e+00
6.000000000000000000e+00 2.500000000000000000e+01 1.193303960941404185e+01
6.000000000000000000e+00 2.600000000000000000e+01 1.195223857785699195e+01
6.000000000000000000e+00 2.700000000000000000e+01 1.232256628616610072e+01
6.000000000000000000e+00 2.800000000000000000e+01 1.104370082760194727e+01
6.000000000000000000e+00 2.900000000000000000e+01 1.095836421879145206e+01
6.000000000000000000e+00 3.000000000000000000e+01 1.097496946606439749e+01
6.000000000000000000e+00 3.100000000000000000e+01 1.163295812287087116e+01
6.000000000000000000e+00 3.200000000000000000e+01 1.508347028853370020e+01
7.000000000000000000e+00 8.000000000000000000e+00 6.720185383435644866e+00
7.000000000000000000e+00 9.000000000000000000e+00 7.417535185754635663e+00
7.000000000000000000e+00 1.000000000000000000e+01 6.276210434868358945e+00
7.000000000000000000e+00 1.100000000000000000e+01 7.266605653899249617e+00
7.000000000000000000e+00 1.200000000000000000e+01 7.051929527733809877e+00
7.000000000000000000e+00 1.300000000000000000e+01 9.121501143131370171e+00
7.000000000000000000e+00 1.400000000000000000e+01 1.135527857924398631e+01
7.000000000000000000e+00 1.500000000000000000e+01 9.856301845498872893e+00
7.000000000000000000e+00 1.600000000000000000e+01 1.051187545405793777e+01
7.000000000000000000e+00 1.700000000000000000e+01 1.051932464447844140e+01
7.000000000000000000e+00 1.800000000000000000e+01 8.588691349217983273e+00
7.000000000000000000e+00 1.900000000000000000e+01 1.125497616949564517e+01
7.000000000000000000e+00 2.000000000000000000e+01 8.592252113531625213e+00
7.000000000000000000e+00 2.100000000000000000e+01 9.474121002131125735e+00
7.000000000000000000e+00 2.200000000000000000e+01 1.017174232763544062e+01
7.000000000000000000e+00 2.300000000000000000e+01 9.869641492946186645e+00
7.000000000000000000e+00 2.400000000000000000e+01 1.017032577232720314e+01
7.000000000000000000e+00 2.500000000000000000e+01 1.233794309786399523e+01
7.000000000000000000e+00 2.600000000000000000e+01 1.235558409092726961e+01
7.000000000000000000e+00 2.700000000000000000e+01 1.272394237833916009e+01
7.000000000000000000e+00 2.800000000000000000e+01 1.141115559570768490e+01
7.000000000000000000e+00 2.900000000000000000e+01 1.132061189527860279e+01
7.000000000000000000e+00 3.000000000000000000e+01 1.132928168378039757e+01
7.000000000000000000e+00 3.100000000000000000e+01 1.200230622097888400e+01
7.000000000000000000e+00 3.200000000000000000e+01 1.546907452395141647e+01
8.000000000000000000e+00 9.000000000000000000e+00 7.973557226672033593e+00
8.000000000000000000e+00 1.000000000000000000e+01 5.745720526506906012e+00
8.000000000000000000e+00 1.100000000000000000e+01 7.887467532428781070e+00
8.000000000000000000e+00 1.200000000000000000e+01 7.698437781975000505e+00
8.000000000000000000e+00 1.300000000000000000e+01 9.389880027189326128e+00
8.000000000000000000e+00 1.400000000000000000e+01 1.113764879647211359e+01
8.000000000000000000e+00 1.500000000000000000e+01 1.003939114030168511e+01
8.000000000000000000e+00 1.600000000000000000e+01 1.033177609358401661e+01
8.000000000000000000e+00 1.700000000000000000e+01 1.033610628342845672e+01
8.000000000000000000e+00 1.800000000000000000e+01 8.418415467836824817e+00
8.000000000000000000e+00 1.900000000000000000e+01 1.107573342163314223e+01
8.000000000000000000e+00 2.000000000000000000e+01 8.423162232095656066e+00
8.000000000000000000e+00 2.100000000000000000e+01 9.573781394768909436e+00
8.000000000000000000e+00 2.200000000000000000e+01 1.000942131023479043e+01
8.000000000000000000e+00 2.300000000000000000e+01 9.955255505345839140e+00
8.000000000000000000e+00 2.400000000000000000e+01 1.024015481653702153e+01
8.000000000000000000e+00 2.500000000000000000e+01 1.223786019869815789e+01
8.000000000000000000e+00 2.600000000000000000e+01 1.226068972313900574e+01
8.000000000000000000e+00 2.700000000000000000e+01 1.263397041184443026e+01
8.000000000000000000e+00 2.800000000000000000e+01 1.139713112727722866e+01
8.000000000000000000e+00 2.900000000000000000e+01 1.132025970724398789e+01
8.000000000000000000e+00 3.000000000000000000e+01 1.135286660570528028e+01
8.000000000000000000e+00 3.100000000000000000e+01 1.198641556253365437e+01
8.000000000000000000e+00 3.200000000000000000e+01 1.541560934834194896e+01
9.000000000000000000e+00 1.000000000000000000e+01 7.856536294408916987e+00
9.000000000000000000e+00 1.100000000000000000e+01 6.699695473810875157e+00
9.000000000000000000e+00 1.200000000000000000e+01 7.466850326969192153e+00
9.000000000000000000e+00 1.300000000000000000e+01 8.350289389755028324e+00
9.000000000000000000e+00 1.400000000000000000e+01 1.149074578293852511e+01
9.000000000000000000e+00 1.500000000000000000e+01 9.322941997920061397e+00
9.000000000000000000e+00 1.600000000000000000e+01 1.059911261026389617e+01
9.000000000000000000e+00 1.700000000000000000e+01 1.060893056598627382e+01
9.000000000000000000e+00 1.800000000000000000e+01 8.660834793097643924e+00
9.000000000000000000e+00 1.900000000000000000e+01 1.133839913293890334e+01
9.000000000000000000e+00 2.000000000000000000e+01 8.662419326918502804e+00
9.000000000000000000e+00 2.100000000000000000e+01 9.153210165235639906e+00
9.000000000000000000e+00 2.200000000000000000e+01 1.023235230214247160e+01
9.000000000000000000e+00 2.300000000000000000e+01 9.552333038056094239e+00
9.000000000000000000e+00 2.400000000000000000e+01 9.872609432836910059e+00
9.000000000000000000e+00 2.500000000000000000e+01 1.230352982447189802e+01
9.000000000000000000e+00 2.600000000000000000e+01 1.231076394959506004e+01
9.000000000000000000e+00 2.700000000000000000e+01 1.267050184456974904e+01
9.000000000000000000e+00 2.800000000000000000e+01 1.123410636836316634e+01
9.000000000000000000e+00 2.900000000000000000e+01 1.111872668694340405e+01
9.000000000000000000e+00 3.000000000000000000e+01 1.108049609709420125e+01
9.000000000000000000e+00 3.100000000000000000e+01 1.182524502485345508e+01
9.000000000000000000e+00 3.200000000000000000e+01 1.535466837700237974e+01
1.000000000000000000e+01 1.100000000000000000e+01 7.677676800330308637e+00
1.000000000000000000e+01 1.200000000000000000e+01 7.356754863088154295e+00
1.000000000000000000e+01 1.300000000000000000e+01 9.314269030306435937e+00
1.000000000000000000e+01 1.400000000000000000e+01 1.123318523850267070e+01
1.000000000000000000e+01 1.500000000000000000e+01 9.983016836108063785e+00
1.000000000000000000e+01 1.600000000000000000e+01 1.040777020187594282e+01
1.000000000000000000e+01 1.700000000000000000e+01 1.041453983317254739e+01
1.000000000000000000e+01 1.800000000000000000e+01 8.490591342135312303e+00
1.000000000000000000e+01 1.900000000000000000e+01 1.115264542762848521e+01
1.000000000000000000e+01 2.000000000000000000e+01 8.494934850838362195e+00
1.000000000000000000e+01 2.100000000000000000e+01 9.534434670526691136e+00
1.000000000000000000e+01 2.200000000000000000e+01 1.007812599335326631e+01
1.000000000000000000e+01 2.300000000000000000e+01 9.924832769430150137e+00
1.000000000000000000e+01 2.400000000000000000e+01 1.021672585540349587e+01
1.000000000000000000e+01 2.500000000000000000e+01 1.228095498242629091e+01
1.000000000000000000e+01 2.600000000000000000e+01 1.230239900200001202e+01
1.000000000000000000e+01 2.700000000000000000e+01 1.267398342243347997e+01
1.000000000000000000e+01 2.800000000000000000e+01 1.140829527547247757e+01
1.000000000000000000e+01 2.900000000000000000e+01 1.132692696865062487e+01
1.000000000000000000e+01 3.000000000000000000e+01 1.135249599011968868e+01
1.000000000000000000e+01 3.100000000000000000e+01 1.199906695368642318e+01
1.000000000000000000e+01 3.200000000000000000e+01 1.544213940232755888e+01
1.100000000000000000e+01 1.200000000000000000e+01 6.358518967834553948e+00
1.100000000000000000e+01 1.300000000000000000e+01 8.282928217487109279e+00
1.100000000000000000e+01 1.400000000000000000e+01 1.126552064795671271e+01
1.100000000000000000e+01 1.500000000000000000e+01 9.170749854659899114e+00
1.100000000000000000e+01 1.600000000000000000e+01 1.036452086760512437e+01
1.100000000000000000e+01 1.700000000000000000e+01 1.037781197924504539e+01
1.100000000000000000e+01 1.800000000000000000e+01 8.427995741477515068e+00
1.100000000000000000e+01 1.900000000000000000e+01 1.110812187202354195e+01
1.100000000000000000e+01 2.000000000000000000e+01 8.430018468409805621e+00
1.100000000000000000e+01 2.100000000000000000e+01 8.906030758100060396e+00
1.100000000000000000e+01 2.200000000000000000e+01 9.999727273507607705e+00
1.100000000000000000e+01 2.300000000000000000e+01 9.335479267887595967e+00
1.100000000000000000e+01 2.400000000000000000e+01 9.664592085286560774e+00
1.100000000000000000e+01 2.500000000000000000e+01 1.207927195057235892e+01
1.100000000000000000e+01 2.600000000000000000e+01 1.209083799809178927e+01
1.100000000000000000e+01 2.700000000000000000e+01 1.245285894379983915e+01
1.100000000000000000e+01 2.800000000000000000e+01 1.103734789734717658e+01
1.100000000000000000e+01 2.900000000000000000e+01 1.092954696178652441e+01
1.100000000000000000e+01 3.000000000000000000e+01 1.091033007458093707e+01
1.100000000000000000e+01 3.100000000000000000e+01 1.163285024148673941e+01
1.100000000000000000e+01 3.200000000000000000e+01 1.514960752376498121e+01
1.200000000000000000e+01 1.300000000000000000e+01 8.793331766627295210e+00
1.200000000000000000e+01 1.400000000000000000e+01 1.128081061673029240e+01
1.200000000000000000e+01 1.500000000000000000e+01 9.516701020517658094e+00
1.200000000000000000e+01 1.600000000000000000e+01 1.039102052103895169e+01
1.200000000000000000e+01 1.700000000000000000e+01 1.040579468804527608e+01
1.200000000000000000e+01 1.800000000000000000e+01 8.461197336371670374e+00
1.200000000000000000e+01 1.900000000000000000e+01 1.113890173889270585e+01
1.200000000000000000e+01 2.000000000000000000e+01 8.464220501181017653e+00
1.200000000000000000e+01 2.100000000000000000e+01 9.108886307054062215e+00
1.200000000000000000e+01 2.200000000000000000e+01 1.003727350503507232e+01
1.200000000000000000e+01 2.300000000000000000e+01 9.541787079060309651e+00
1.200000000000000000e+01 2.400000000000000000e+01 9.862395346637228499e+00
1.200000000000000000e+01 2.500000000000000000e+01 1.215628784864481560e+01
1.200000000000000000e+01 2.600000000000000000e+01 1.217384169915306202e+01
1.200000000000000000e+01 2.700000000000000000e+01 1.254017319935061892e+01
1.200000000000000000e+01 2.800000000000000000e+01 1.118149063622458961e+01
1.200000000000000000e+01 2.900000000000000000e+01 1.108653957541815771e+01
1.200000000000000000e+01 3.000000000000000000e+01 1.109287685815633395e+01
1.200000000000000000e+01 3.100000000000000000e+01 1.177847599162107883e+01
1.200000000000000000e+01 3.200000000000000000e+01 1.526565622730501914e+01
1.300000000000000000e+01 1.400000000000000000e+01 1.178722828481517837e+01
1.300000000000000000e+01 1.500000000000000000e+01 8.054679180150060347e+00
1.300000000000000000e+01 1.600000000000000000e+01 1.082369825588369672e+01
1.300000000000000000e+01 1.700000000000000000e+01 1.083674870848685146e+01
1.300000000000000000e+01 1.800000000000000000e+01 8.862521453052318421e+00
1.300000000000000000e+01 1.900000000000000000e+01 1.155685080104504436e+01
1.300000000000000000e+01 2.000000000000000000e+01 8.861081273834138017e+00
1.300000000000000000e+01 2.100000000000000000e+01 8.677678965567389824e+00
1.300000000000000000e+01 2.200000000000000000e+01 1.041661641815774964e+01
1.300000000000000000e+01 2.300000000000000000e+01 9.089671492329351565e+00
1.300000000000000000e+01 2.400000000000000000e+01 9.455872618594366230e+00
1.300000000000000000e+01 2.500000000000000000e+01 1.234333634937109636e+01
1.300000000000000000e+01 2.600000000000000000e+01 1.233482461618075021e+01
1.300000000000000000e+01 2.700000000000000000e+01 1.268152768824493393e+01
1.300000000000000000e+01 2.800000000000000000e+01 1.105490427808209297e+01
1.300000000000000000e+01 2.900000000000000000e+01 1.090155958418300486e+01
1.300000000000000000e+01 3.000000000000000000e+01 1.079570496862049467e+01
1.300000000000000000e+01 3.100000000000000000e+01 1.164838535805635544e+01
1.300000000000000000e+01 3.200000000000000000e+01 1.527343296085205182e+01
1.400000000000000000e+01 1.500000000000000000e+01 1.187158602616941394e+01
1.400000000000000000e+01 1.600000000000000000e+01 6.938875111704868814e+00
1.400000000000000000e+01 1.700000000000000000e+01 6.145813465561904110e+00
1.400000000000000000e+01 1.800000000000000000e+01 4.836386453991584844e+00
1.400000000000000000e+01 1.900000000000000000e+01 6.641963014375839691e+00
1.400000000000000000e+01 2.000000000000000000e+01 4.793441952217268209e+00
1.400000000000000000e+01 2.100000000000000000e+01 1.076373738298569727e+01
1.400000000000000000e+01 2.200000000000000000e+01 6.600992708939953602e+00
1.400000000000000000e+01 2.300000000000000000e+01 1.094561772460793136e+01
1.400000000000000000e+01 2.400000000000000000e+01 1.103310980720731393e+01
1.400000000000000000e+01 2.500000000000000000e+01 1.023653774457131860e+01
1.400000000000000000e+01 2.600000000000000000e+01 1.028037619104324918e+01
1.400000000000000000e+01 2.700000000000000000e+01 1.072625343995154878e+01
1.400000000000000000e+01 2.800000000000000000e+01 1.091199524655983488e+01
1.400000000000000000e+01 2.900000000000000000e+01 1.103268148868266962e+01
1.400000000000000000e+01 3.000000000000000000e+01 1.137859998346399593e+01
1.400000000000000000e+01 3.100000000000000000e+01 1.142107026353638943e+01
1.400000000000000000e+01 3.200000000000000000e+01 1.417458437192482634e+01
1.500000000000000000e+01 1.600000000000000000e+01 1.086716549813452737e+01
1.500000000000000000e+01 1.700000000000000000e+01 1.088147740690026666e+01
1.500000000000000000e+01 1.800000000000000000e+01 8.892009485865907337e+00
1.500000000000000000e+01 1.900000000000000000e+01 1.159592558057511624e+01
1.500000000000000000e+01 2.000000000000000000e+01 8.888724786862340466e+00
1.500000000000000000e+01 2.100000000000000000e+01 8.088145336723494339e+00
1.500000000000000000e+01 2.200000000000000000e+01 1.043569675668200070e+01
1.500000000000000000e+01 2.300000000000000000e+01 8.547672770230661854e+00
1.500000000000000000e+01 2.400000000000000000e+01 8.989435127533507597e+00
1.500000000000000000e+01 2.500000000000000000e+01 1.227663636278473902e+01
1.500000000000000000e+01 2.600000000000000000e+01 1.226024687935893454e+01
1.500000000000000000e+01 2.700000000000000000e+01 1.259994908426568472e+01
1.500000000000000000e+01 2.800000000000000000e+01 1.085962570234576141e+01
1.500000000000000000e+01 2.900000000000000000e+01 1.068576395747232510e+01
1.500000000000000000e+01 3.000000000000000000e+01 1.055382809507970521e+01
1.500000000000000000e+01 3.100000000000000000e+01 1.146112283701414469e+01
1.500000000000000000e+01 3.200000000000000000e+01 1.514079551268881474e+01
1.600000000000000000e+01 1.700000000000000000e+01 5.361730028734520204e+00
1.600000000000000000e+01 1.800000000000000000e+01 3.213930042133133824e+00
1.600000000000000000e+01 1.900000000000000000e+01 6.316952714566486549e+00
1.600000000000000000e+01 2.000000000000000000e+01 3.386236424891706065e+00
1.600000000000000000e+01 2.100000000000000000e+01 9.712048293171013924e+00
1.600000000000000000e+01 2.200000000000000000e+01 5.142522771558061478e+00
1.600000000000000000e+01 2.300000000000000000e+01 9.874690980636607662e+00
1.600000000000000000e+01 2.400000000000000000e+01 9.944120976110760068e+00
1.600000000000000000e+01 2.500000000000000000e+01 8.932012677382573429e+00
1.600000000000000000e+01 2.600000000000000000e+01 9.002365966351398185e+00
1.600000000000000000e+01 2.700000000000000000e+01 9.459105900997123229e+00
1.600000000000000000e+01 2.800000000000000000e+01 9.717129907276509826e+00
1.600000000000000000e+01 2.900000000000000000e+01 9.854077876364367938e+00
1.600000000000000000e+01 3.000000000000000000e+01 1.022686563688537120e+01
1.600000000000000000e+01 3.100000000000000000e+01 1.022465958503930850e+01
1.600000000000000000e+01 3.200000000000000000e+01 1.294113069410797934e+01
1.700000000000000000e+01 1.800000000000000000e+01 2.942405720320499185e+00
1.700000000000000000e+01 1.900000000000000000e+01 5.592707270245515616e+00
1.700000000000000000e+01 2.000000000000000000e+01 2.942400887441088742e+00
1.700000000000000000e+01 2.100000000000000000e+01 9.732522907596985462e+00
1.700000000000000000e+01 2.200000000000000000e+01 4.843437345263987837e+00
1.700000000000000000e+01 2.300000000000000000e+01 9.891050335686241368e+00
1.700000000000000000e+01 2.400000000000000000e+01 9.958174523249148535e+00
1.700000000000000000e+01 2.500000000000000000e+01 8.803298203386084708e+00
1.700000000000000000e+01 2.600000000000000000e+01 8.851763927970946355e+00
1.700000000000000000e+01 2.700000000000000000e+01 9.308604605996848136e+00
1.700000000000000000e+01 2.800000000000000000e+01 9.683826296689483470e+00
1.700000000000000000e+01 2.900000000000000000e+01 9.826797818467660761e+00
1.700000000000000000e+01 3.000000000000000000e+01 1.020438866937577060e+01
1.700000000000000000e+01 3.100000000000000000e+01 1.017850975818310744e+01
1.700000000000000000e+01 3.200000000000000000e+01 1.284411802221478993e+01
1.800000000000000000e+01 1.900000000000000000e+01 3.807797014738131480e+00
1.800000000000000000e+01 2.000000000000000000e+01 6.723976082433846813e-01
1.800000000000000000e+01 2.100000000000000000e+01 7.727591616362646576e+00
1.800000000000000000e+01 2.200000000000000000e+01 2.511458399289365317e+00
1.800000000000000000e+01 2.300000000000000000e+01 7.876515031331951633e+00
1.800000000000000000e+01 2.400000000000000000e+01 7.935373012108250634e+00
1.800000000000000000e+01 2.500000000000000000e+01 6.632187246889749588e+00
1.800000000000000000e+01 2.600000000000000000e+01 6.685997562009152517e+00
1.800000000000000000e+01 2.700000000000000000e+01 7.148194962401412056e+00
1.800000000000000000e+01 2.800000000000000000e+01 7.598120206245718933e+00
1.800000000000000000e+01 2.900000000000000000e+01 7.750224992862392526e+00
1.800000000000000000e+01 3.000000000000000000e+01 8.140678969666485187e+00
1.800000000000000000e+01 3.100000000000000000e+01 8.087086952446558286e+00
1.800000000000000000e+01 3.200000000000000000e+01 1.071790417230269199e+01
1.900000000000000000e+01 2.000000000000000000e+01 3.624589237983354195e+00
1.900000000000000000e+01 2.100000000000000000e+01 1.044388391032057761e+01
1.900000000000000000e+01 2.200000000000000000e+01 5.469785548109483031e+00
1.900000000000000000e+01 2.300000000000000000e+01 1.059662665673397086e+01
1.900000000000000000e+01 2.400000000000000000e+01 1.065944183629569508e+01
1.900000000000000000e+01 2.500000000000000000e+01 9.372118537628775670e+00
1.900000000000000000e+01 2.600000000000000000e+01 9.389740462882432581e+00
1.900000000000000000e+01 2.700000000000000000e+01 9.842875511100338315e+00
1.900000000000000000e+01 2.800000000000000000e+01 1.033387279355522459e+01
1.900000000000000000e+01 2.900000000000000000e+01 1.048357018618176184e+01
1.900000000000000000e+01 3.000000000000000000e+01 1.086838198868370498e+01
1.900000000000000000e+01 3.100000000000000000e+01 1.081708234538319502e+01
1.900000000000000000e+01 3.200000000000000000e+01 1.343187676190390434e+01
2.000000000000000000e+01 2.100000000000000000e+01 7.723648574512756326e+00
2.000000000000000000e+01 2.200000000000000000e+01 2.414048976311294226e+00
2.000000000000000000e+01 2.300000000000000000e+01 7.870396063480296078e+00
2.000000000000000000e+01 2.400000000000000000e+01 7.927682696685913299e+00
2.000000000000000000e+01 2.500000000000000000e+01 6.567969745331826203e+00
2.000000000000000000e+01 2.600000000000000000e+01 6.611501269978791839e+00
2.000000000000000000e+01 2.700000000000000000e+01 7.073322685737387872e+00
2.000000000000000000e+01 2.800000000000000000e+01 7.569979186250767711e+00
2.000000000000000000e+01 2.900000000000000000e+01 7.724780061948550269e+00
2.000000000000000000e+01 3.000000000000000000e+01 8.117991042050412887e+00
2.000000000000000000e+01 3.100000000000000000e+01 8.054195059457068595e+00
2.000000000000000000e+01 3.200000000000000000e+01 1.066459028936025177e+01
2.100000000000000000e+01 2.200000000000000000e+01 9.262937424671198627e+00
2.100000000000000000e+01 2.300000000000000000e+01 6.040502034007200649e+00
2.100000000000000000e+01 2.400000000000000000e+01 6.987706821927393008e+00
2.100000000000000000e+01 2.500000000000000000e+01 1.105653747234858741e+01
2.100000000000000000e+01 2.600000000000000000e+01 1.105195295099247232e+01
2.100000000000000000e+01 2.700000000000000000e+01 1.139526604472228755e+01
2.100000000000000000e+01 2.800000000000000000e+01 9.627547310675277359e+00
2.100000000000000000e+01 2.900000000000000000e+01 9.471916706326901192e+00
2.100000000000000000e+01 3.000000000000000000e+01 9.423909777740934857e+00
2.100000000000000000e+01 3.100000000000000000e+01 1.026739970983244277e+01
2.100000000000000000e+01 3.200000000000000000e+01 1.394416775984527490e+01
2.200000000000000000e+01 2.300000000000000000e+01 9.403118129071604159e+00
2.200000000000000000e+01 2.400000000000000000e+01 9.454994542628025300e+00
2.200000000000000000e+01 2.500000000000000000e+01 7.966414345269676289e+00
2.200000000000000000e+01 2.600000000000000000e+01 8.032422309679830619e+00
2.200000000000000000e+01 2.700000000000000000e+01 8.504312054195445114e+00
2.200000000000000000e+01 2.800000000000000000e+01 9.050579634929574624e+00
2.200000000000000000e+01 2.900000000000000000e+01 9.212273455249224696e+00
2.200000000000000000e+01 3.000000000000000000e+01 9.614483686114592587e+00
2.200000000000000000e+01 3.100000000000000000e+01 9.530429854180432869e+00
2.200000000000000000e+01 3.200000000000000000e+01 1.211754389378609531e+01
2.300000000000000000e+01 2.400000000000000000e+01 5.771419901416123821e+00
2.300000000000000000e+01 2.500000000000000000e+01 1.111203136099367583e+01
2.300000000000000000e+01 2.600000000000000000e+01 1.109487881395098796e+01
2.300000000000000000e+01 2.700000000000000000e+01 1.142930582224214930e+01
2.300000000000000000e+01 2.800000000000000000e+01 9.523576329120148287e+00
2.300000000000000000e+01 2.900000000000000000e+01 9.339540506135627140e+00
2.300000000000000000e+01 3.000000000000000000e+01 9.264223583943895335e+00
2.300000000000000000e+01 3.100000000000000000e+01 1.017582810431473561e+01
2.300000000000000000e+01 3.200000000000000000e+01 1.391878984220533155e+01
2.400000000000000000e+01 2.500000000000000000e+01 1.110053494701536181e+01
2.400000000000000000e+01 2.600000000000000000e+01 1.107792803764136025e+01
2.400000000000000000e+01 2.700000000000000000e+01 1.140760490429390472e+01
2.400000000000000000e+01 2.800000000000000000e+01 9.402893467492289048e+00
2.400000000000000000e+01 2.900000000000000000e+01 9.206008764384701948e+00
2.400000000000000000e+01 3.000000000000000000e+01 9.144527147104742681e+00
2.400000000000000000e+01 3.100000000000000000e+01 1.007710371181107334e+01
2.400000000000000000e+01 3.200000000000000000e+01 1.386198290524405152e+01
2.500000000000000000e+01 2.600000000000000000e+01 7.469106102537839575e+00
2.500000000000000000e+01 2.700000000000000000e+01 8.406972014137188864e+00
2.500000000000000000e+01 2.800000000000000000e+01 9.883757362098252841e+00
2.500000000000000000e+01 2.900000000000000000e+01 1.017008090590459091e+01
2.500000000000000000e+01 3.000000000000000000e+01 1.070120801081676376e+01
2.500000000000000000e+01 3.100000000000000000e+01 1.022839059637347958e+01
2.500000000000000000e+01 3.200000000000000000e+01 1.234974259007744379e+01
2.600000000000000000e+01 2.700000000000000000e+01 6.003902708858884552e+00
2.600000000000000000e+01 2.800000000000000000e+01 9.668475647146189900e+00
2.600000000000000000e+01 2.900000000000000000e+01 9.957637414423018640e+00
2.600000000000000000e+01 3.000000000000000000e+01 1.047931546640186085e+01
2.600000000000000000e+01 3.100000000000000000e+01 9.852094332472464799e+00
2.600000000000000000e+01 3.200000000000000000e+01 1.124320209212313060e+01
2.700000000000000000e+01 2.800000000000000000e+01 9.893194761394484615e+00
2.700000000000000000e+01 2.900000000000000000e+01 1.018011304892233326e+01
2.700000000000000000e+01 3.000000000000000000e+01 1.069507716314990731e+01
2.700000000000000000e+01 3.100000000000000000e+01 9.987606551277618649e+00
2.700000000000000000e+01 3.200000000000000000e+01 1.088089241151575592e+01
2.800000000000000000e+01 2.900000000000000000e+01 5.892832685572372498e+00
2.800000000000000000e+01 3.000000000000000000e+01 7.566189698447669087e+00
2.800000000000000000e+01 3.100000000000000000e+01 6.782935503716981174e+00
2.800000000000000000e+01 3.200000000000000000e+01 1.171020324441867899e+01
2.900000000000000000e+01 3.000000000000000000e+01 6.811966044170251422e+00
2.900000000000000000e+01 3.100000000000000000e+01 7.157689361214398360e+00
2.900000000000000000e+01 3.200000000000000000e+01 1.199341220684826581e+01
3.000000000000000000e+01 3.100000000000000000e+01 7.944553517954535238e+00
3.000000000000000000e+01 3.200000000000000000e+01 1.248614655969139520e+01
3.100000000000000000e+01 3.200000000000000000e+01 1.132886426345711683e+01
