1.000000000000000000e+00 2.000000000000000000e+00 1.555679103648576955e+01
1.000000000000000000e+00 3.000000000000000000e+00 1.367831293595313369e+01
1.000000000000000000e+00 4.000000000000000000e+00 1.450566267934410192e+01
1.000000000000000000e+00 5.000000000000000000e+00 1.241895933639726834e+01
1.000000000000000000e+00 6.000000000000000000e+00 1.438748707542897165e+01
1.000000000000000000e+00 7.000000000000000000e+00 1.490231537272727458e+01
1.000000000000000000e+00 8.000000000000000000e+00 1.498949356844479830e+01
1.000000000000000000e+00 9.000000000000000000e+00 1.455211140728956210e+01
1.000000000000000000e+00 1.000000000000000000e+01 1.510754620514946822e+01
1.000000000000000000e+00 1.100000000000000000e+01 1.475988383195569398e+01
1.000000000000000000e+00 1.200000000000000000e+01 1.517819242309817973e+01
1.000000000000000000e+00 1.300000000000000000e+01 1.673734974909270790e+01
1.000000000000000000e+00 1.400000000000000000e+01 2.089440154288260842e+01
1.000000000000000000e+00 1.500000000000000000e+01 1.803439965516863452e+01
1.000000000000000000e+00 1.600000000000000000e+01 2.087596568602513258e+01
1.000000000000000000e+00 1.700000000000000000e+01 2.127490757929032128e+01
1.000000000000000000e+00 1.800000000000000000e+01 1.934765088056721183e+01
1.000000000000000000e+00 1.900000000000000000e+01 2.235163791980728476e+01
1.000000000000000000e+00 2.000000000000000000e+01 1.952421487987430737e+01
1.000000000000000000e+00 2.100000000000000000e+01 1.614850256539417117e+01
1.000000000000000000e+00 2.200000000000000000e+01 2.111516442027317453e+01
1.000000000000000000e+00 2.300000000000000000e+01 1.646209753662517272e+01
1.000000000000000000e+00 2.400000000000000000e+01 1.675591587271143368e+01
1.000000000000000000e+00 2.500000000000000000e+01 2.320384435512145771e+01
1.000000000000000000e+00 2.600000000000000000e+01 2.322376819409503312e+01
1.000000000000000000e+00 2.700000000000000000e+01 2.350603285865325276e+01
1.000000000000000000e+00 2.800000000000000000e+01 1.853640526457540361e+01
1.000000000000000000e+00 2.900000000000000000e+01 1.835980885386350892e+01
1.000000000000000000e+00 3.000000000000000000e+01 1.857560206740530617e+01
1.000000000000000000e+00 3.100000000000000000e+01 1.940741246317053736e+01
1.000000000000000000e+00 3.200000000000000000e+01 2.578425782819943279e+01
2.000000000000000000e+00 3.000000000000000000e+00 9.610070776403862425e+00
2.000000000000000000e+00 4.000000000000000000e+00 1.035017721408515357e+01
2.000000000000000000e+00 5.000000000000000000e+00 8.352789115895919991e+00
2.000000000000000000e+00 6.000000000000000000e+00 1.031412136527355017e+01
2.000000000000000000e+00 7.000000000000000000e+00 1.078287149929846400e+01
2.000000000000000000e+00 8.000000000000000000e+00 1.094341974673738171e+01
2.000000000000000000e+00 9.000000000000000000e+00 1.019641571136726199e+01
2.000000000000000000e+00 1.000000000000000000e+01 1.104205445115283268e+01
2.000000000000000000e+00 1.100000000000000000e+01 1.056027104432954999e+01
2.000000000000000000e+00 1.200000000000000000e+01 1.106772537234948039e+01
2.000000000000000000e+00 1.300000000000000000e+01 1.291122678856077499e+01
2.000000000000000000e+00 1.400000000000000000e+01 1.714639299361725122e+01
2.000000000000000000e+00 1.500000000000000000e+01 1.443718101126011533e+01
2.000000000000000000e+00 1.600000000000000000e+01 1.714437613981881015e+01
2.000000000000000000e+00 1.700000000000000000e+01 1.754545077266600828e+01
2.000000000000000000e+00 1.800000000000000000e+01 1.562802585924615428e+01
2.000000000000000000e+00 1.900000000000000000e+01 1.863498295742528299e+01
2.000000000000000000e+00 2.000000000000000000e+01 1.581187885854093622e+01
2.000000000000000000e+00 2.100000000000000000e+01 1.254965051421445921e+01
2.000000000000000000e+00 2.200000000000000000e+01 1.741868090869465391e+01
2.000000000000000000e+00 2.300000000000000000e+01 1.291932189513076423e+01
2.000000000000000000e+00 2.400000000000000000e+01 1.323538113970977292e+01
2.000000000000000000e+00 2.500000000000000000e+01 1.958904179697034564e+01
2.000000000000000000e+00 2.600000000000000000e+01 1.962279195646219065e+01
2.000000000000000000e+00 2.700000000000000000e+01 1.991361840477124545e+01
2.000000000000000000e+00 2.800000000000000000e+01 1.503128800045496760e+01
2.000000000000000000e+00 2.900000000000000000e+01 1.487491930216324576e+01
2.000000000000000000e+00 3.000000000000000000e+01 1.513725272718948389e+01
2.000000000000000000e+00 3.100000000000000000e+01 1.590704165486462784e+01
2.000000000000000000e+00 3.200000000000000000e+01 2.222950005063957590e+01
3.000000000000000000e+00 4.000000000000000000e+00 4.448737214830849496e+00
3.000000000000000000e+00 5.000000000000000000e+00 1.452798021841498866e+00
3.000000000000000000e+00 6.000000000000000000e+00 3.663486944104882070e+00
3.000000000000000000e+00 7.000000000000000000e+00 4.885582188651055091e+00
3.000000000000000000e+00 8.000000000000000000e+00 4.433124177303875868e+00
3.000000000000000000e+00 9.000000000000000000e+00 6.123186494129491564e+00
3.000000000000000000e+00 1.000000000000000000e+01 4.758137354884457437e+00
3.000000000000000000e+00 1.100000000000000000e+01 6.154245072854966025e+00
3.000000000000000000e+00 1.200000000000000000e+01 6.188567556748131082e+00
3.000000000000000000e+00 1.300000000000000000e+01 9.449843663307753161e+00
3.000000000000000000e+00 1.400000000000000000e+01 1.234989469068710477e+01
3.000000000000000000e+00 1.500000000000000000e+01 1.075503630541105338e+01
3.000000000000000000e+00 1.600000000000000000e+01 1.242909698632551141e+01
3.000000000000000000e+00 1.700000000000000000e+01 1.282185693496273160e+01
3.000000000000000000e+00 1.800000000000000000e+01 1.094322782366763391e+01
3.000000000000000000e+00 1.900000000000000000e+01 1.394577169696384900e+01
3.000000000000000000e+00 2.000000000000000000e+01 1.114388742973862634e+01
3.000000000000000000e+00 2.100000000000000000e+01 8.564022504963087812e+00
3.000000000000000000e+00 2.200000000000000000e+01 1.280251178528423139e+01
3.000000000000000000e+00 2.300000000000000000e+01 8.957535565164111091e+00
3.000000000000000000e+00 2.400000000000000000e+01 9.261611762107669676e+00
3.000000000000000000e+00 2.500000000000000000e+01 1.519473633235195464e+01
3.000000000000000000e+00 2.600000000000000000e+01 1.525595541898614371e+01
3.000000000000000000e+00 2.700000000000000000e+01 1.556592076712856354e+01
3.000000000000000000e+00 2.800000000000000000e+01 1.090464943693978483e+01
3.000000000000000000e+00 2.900000000000000000e+01 1.079067157762942841e+01
3.000000000000000000e+00 3.000000000000000000e+01 1.113367944781137453e+01
3.000000000000000000e+00 3.100000000000000000e+01 1.177869281665304513e+01
3.000000000000000000e+00 3.200000000000000000e+01 1.797126815076192585e+01
4.000000000000000000e+00 5.000000000000000000e+00 3.229253089209596084e+00
4.000000000000000000e+00 6.000000000000000000e+00 5.291108873351802799e+00
4.000000000000000000e+00 7.000000000000000000e+00 6.012539855997721006e+00
4.000000000000000000e+00 8.000000000000000000e+00 6.063374576691858309e+00
4.000000000000000000e+00 9.000000000000000000e+00 6.769471784932019176e+00
4.000000000000000000e+00 1.000000000000000000e+01 6.249871175815915336e+00
4.000000000000000000e+00 1.100000000000000000e+01 6.972717430243346115e+00
4.000000000000000000e+00 1.200000000000000000e+01 7.146857471308495136e+00
4.000000000000000000e+00 1.300000000000000000e+01 1.029233241634312890e+01
4.000000000000000000e+00 1.400000000000000000e+01 1.349934747064231644e+01
4.000000000000000000e+00 1.500000000000000000e+01 1.166353656086125312e+01
4.000000000000000000e+00 1.600000000000000000e+01 1.355884626096986523e+01
4.000000000000000000e+00 1.700000000000000000e+01 1.395479374296919417e+01
4.000000000000000000e+00 1.800000000000000000e+01 1.206737259309213428e+01
4.000000000000000000e+00 1.900000000000000000e+01 1.507214791508078022e+01
4.000000000000000000e+00 2.000000000000000000e+01 1.226513996060386802e+01
4.000000000000000000e+00 2.100000000000000000e+01 9.529453225616332901e+00
4.000000000000000000e+00 2.200000000000000000e+01 1.391286078253496328e+01
4.000000000000000000e+00 2.300000000000000000e+01 9.928464364383284391e+00
4.000000000000000000e+00 2.400000000000000000e+01 1.023968044370058550e+01
4.000000000000000000e+00 2.500000000000000000e+01 1.626239412403765883e+01
4.000000000000000000e+00 2.600000000000000000e+01 1.631926173604022878e+01
4.000000000000000000e+00 2.700000000000000000e+01 1.662591733001851324e+01
4.000000000000000000e+00 2.800000000000000000e+01 1.192385650688247978e+01
4.000000000000000000e+00 2.900000000000000000e+01 1.180286147322353330e+01
4.000000000000000000e+00 3.000000000000000000e+01 1.213399810337092433e+01
4.000000000000000000e+00 3.100000000000000000e+01 1.279928293479944301e+01
4.000000000000000000e+00 3.200000000000000000e+01 1.901517980277600017e+01
5.000000000000000000e+00 6.000000000000000000e+00 2.316983652425768980e+00
5.000000000000000000e+00 7.000000000000000000e+00 3.566889812018144923e+00
5.000000000000000000e+00 8.000000000000000000e+00 3.094590206389456810e+00
5.000000000000000000e+00 9.000000000000000000e+00 4.849571578297894092e+00
5.000000000000000000e+00 1.000000000000000000e+01 3.425059443197390863e+00
5.000000000000000000e+00 1.100000000000000000e+01 4.868552991761870175e+00
5.000000000000000000e+00 1.200000000000000000e+01 4.892077492547278084e+00
5.000000000000000000e+00 1.300000000000000000e+01 8.171350553406981021e+00
5.000000000000000000e+00 1.400000000000000000e+01 1.105411830882977142e+01
5.000000000000000000e+00 1.500000000000000000e+01 9.472829786943957942e+00
5.000000000000000000e+00 1.600000000000000000e+01 1.113395801401092911e+01
5.000000000000000000e+00 1.700000000000000000e+01 1.152673983617700770e+01
5.000000000000000000e+00 1.800000000000000000e+01 9.648475099400695143e+00
5.000000000000000000e+00 1.900000000000000000e+01 1.265106577071037819e+01
5.000000000000000000e+00 2.000000000000000000e+01 9.849356119263504183e+00
5.000000000000000000e+00 2.100000000000000000e+01 7.277806808728431776e+00
5.000000000000000000e+00 2.200000000000000000e+01 1.150852853153087096e+01
5.000000000000000000e+00 2.300000000000000000e+01 7.671457217246860694e+00
5.000000000000000000e+00 2.400000000000000000e+01 7.975303641560781642e+00
5.000000000000000000e+00 2.500000000000000000e+01 1.390328744563080576e+01
5.000000000000000000e+00 2.600000000000000000e+01 1.396484067259667583e+01
5.000000000000000000e+00 2.700000000000000000e+01 1.427503167972808384e+01
5.000000000000000000e+00 2.800000000000000000e+01 9.616333960921725321e+00
5.000000000000000000e+00 2.900000000000000000e+01 9.502856299045699728e+00
5.000000000000000000e+00 3.000000000000000000e+01 9.846806423994117097e+00
5.000000000000000000e+00 3.100000000000000000e+01 1.049035577127821028e+01
5.000000000000000000e+00 3.200000000000000000e+01 1.668141722408043037e+01
6.000000000000000000e+00 7.000000000000000000e+00 5.086140986779097872e+00
6.000000000000000000e+00 8.000000000000000000e+00 5.082142300696171233e+00
6.000000000000000000e+00 9.000000000000000000e+00 6.732217934896752354e+00
6.000000000000000000e+00 1.000000000000000000e+01 5.119606904178560569e+00
6.000000000000000000e+00 1.100000000000000000e+01 6.704219489112833941e+00
6.000000000000000000e+00 1.200000000000000000e+01 6.679639453117120595e+00
6.000000000000000000e+00 1.300000000000000000e+01 1.006695667471716860e+01
6.000000000000000000e+00 1.400000000000000000e+01 1.298735936414943737e+01
6.000000000000000000e+00 1.500000000000000000e+01 1.137090400969672999e+01
6.000000000000000000e+00 1.600000000000000000e+01 1.306074270178317676e+01
6.000000000000000000e+00 1.700000000000000000e+01 1.345539799763873390e+01
6.000000000000000000e+00 1.800000000000000000e+01 1.157476238668100876e+01
6.000000000000000000e+00 1.900000000000000000e+01 1.457887194726946589e+01
6.000000000000000000e+00 2.000000000000000000e+01 1.177553734792248719e+01
6.000000000000000000e+00 2.100000000000000000e+01 9.176312530529951772e+00
6.000000000000000000e+00 2.200000000000000000e+01 1.343240927616966474e+01
6.000000000000000000e+00 2.300000000000000000e+01 9.573450748035781999e+00
6.000000000000000000e+00 2.400000000000000000e+01 9.879325016249048019e+00
6.000000000000000000e+00 2.500000000000000000e+01 1.582081600854532510e+01
6.000000000000000000e+00 2.600000000000000000e+01 1.588223899165498310e+01
6.000000000000000000e+00 2.700000000000000000e+01 1.619213594458310368e+01
6.000000000000000000e+00 2.800000000000000000e+01 1.152845214896511905e+01
6.000000000000000000e+00 2.900000000000000000e+01 1.141450021634410916e+01
6.000000000000000000e+00 3.000000000000000000e+01 1.175823082301715417e+01
6.000000000000000000e+00 3.100000000000000000e+01 1.240305384300625491e+01
6.000000000000000000e+00 3.200000000000000000e+01 1.859669350369280139e+01
7.000000000000000000e+00 8.000000000000000000e+00 6.118126548497388129e+00
7.000000000000000000e+00 9.000000000000000000e+00 6.888375726952716605e+00
7.000000000000000000e+00 1.000000000000000000e+01 5.804166306363008232e+00
7.000000000000000000e+00 1.100000000000000000e+01 6.731522914570170713e+00
7.000000000000000000e+00 1.200000000000000000e+01 6.607906537344431896e+00
7.000000000000000000e+00 1.300000000000000000e+01 1.034929121070372560e+01
7.000000000000000000e+00 1.400000000000000000e+01 1.352569198528821559e+01
7.000000000000000000e+00 1.500000000000000000e+01 1.169210611047530790e+01
7.000000000000000000e+00 1.600000000000000000e+01 1.357205974601830434e+01
7.000000000000000000e+00 1.700000000000000000e+01 1.397328383913850303e+01
7.000000000000000000e+00 1.800000000000000000e+01 1.208191792259730946e+01
7.000000000000000000e+00 1.900000000000000000e+01 1.509118913148471464e+01
7.000000000000000000e+00 2.000000000000000000e+01 1.228095818458730548e+01
7.000000000000000000e+00 2.100000000000000000e+01 9.525560642069194728e+00
7.000000000000000000e+00 2.200000000000000000e+01 1.392621904911663222e+01
7.000000000000000000e+00 2.300000000000000000e+01 9.936636700863843430e+00
7.000000000000000000e+00 2.400000000000000000e+01 1.025239469146960403e+01
7.000000000000000000e+00 2.500000000000000000e+01 1.627644169851057754e+01
7.000000000000000000e+00 2.600000000000000000e+01 1.633545809619963407e+01
7.000000000000000000e+00 2.700000000000000000e+01 1.664296864964482481e+01
7.000000000000000000e+00 2.800000000000000000e+01 1.194587475318236969e+01
7.000000000000000000e+00 2.900000000000000000e+01 1.182731763785818657e+01
7.000000000000000000e+00 3.000000000000000000e+01 1.216509274757578041e+01
7.000000000000000000e+00 3.100000000000000000e+01 1.282288015144288806e+01
7.000000000000000000e+00 3.200000000000000000e+01 1.903479417349424452e+01
8.000000000000000000e+00 9.000000000000000000e+00 7.396682426327018334e+00
8.000000000000000000e+00 1.000000000000000000e+01 5.298076470774347513e+00
8.000000000000000000e+00 1.100000000000000000e+01 7.323451623533152599e+00
8.000000000000000000e+00 1.200000000000000000e+01 7.254440781367909707e+00
8.000000000000000000e+00 1.300000000000000000e+01 1.061653334072572363e+01
8.000000000000000000e+00 1.400000000000000000e+01 1.330088832820593936e+01
8.000000000000000000e+00 1.500000000000000000e+01 1.186981137045778212e+01
8.000000000000000000e+00 1.600000000000000000e+01 1.338311504316071421e+01
8.000000000000000000e+00 1.700000000000000000e+01 1.377780161171181561e+01
8.000000000000000000e+00 1.800000000000000000e+01 1.190214720259770687e+01
8.000000000000000000e+00 1.900000000000000000e+01 1.490660574849146158e+01
8.000000000000000000e+00 2.000000000000000000e+01 1.210572251825165324e+01
8.000000000000000000e+00 2.100000000000000000e+01 9.627966913372450364e+00
8.000000000000000000e+00 2.200000000000000000e+01 1.376989674967946087e+01
8.000000000000000000e+00 2.300000000000000000e+01 1.002068614542912428e+01
8.000000000000000000e+00 2.400000000000000000e+01 1.032066438115329632e+01
8.000000000000000000e+00 2.500000000000000000e+01 1.619064876786387330e+01
8.000000000000000000e+00 2.600000000000000000e+01 1.625588932116752616e+01
8.000000000000000000e+00 2.700000000000000000e+01 1.656848207611093571e+01
8.000000000000000000e+00 2.800000000000000000e+01 1.193681807761462821e+01
8.000000000000000000e+00 2.900000000000000000e+01 1.182865277941098370e+01
8.000000000000000000e+00 3.000000000000000000e+01 1.218240271162035171e+01
8.000000000000000000e+00 3.100000000000000000e+01 1.281054016254903871e+01
8.000000000000000000e+00 3.200000000000000000e+01 1.898570385779678915e+01
9.000000000000000000e+00 1.000000000000000000e+01 7.381421955010338820e+00
9.000000000000000000e+00 1.100000000000000000e+01 6.080511375310678091e+00
9.000000000000000000e+00 1.200000000000000000e+01 6.920109558058799237e+00
9.000000000000000000e+00 1.300000000000000000e+01 9.567784394238216805e+00
9.000000000000000000e+00 1.400000000000000000e+01 1.377358862706008935e+01
9.000000000000000000e+00 1.500000000000000000e+01 1.120648543441955525e+01
9.000000000000000000e+00 1.600000000000000000e+01 1.377032999737719621e+01
9.000000000000000000e+00 1.700000000000000000e+01 1.417843592104915018e+01
9.000000000000000000e+00 1.800000000000000000e+01 1.226426406379348677e+01
9.000000000000000000e+00 1.900000000000000000e+01 1.527810375225558559e+01
9.000000000000000000e+00 2.000000000000000000e+01 1.245488642950309455e+01
9.000000000000000000e+00 2.100000000000000000e+01 9.247049936605289844e+00
9.000000000000000000e+00 2.200000000000000000e+01 1.407096610679953130e+01
9.000000000000000000e+00 2.300000000000000000e+01 9.678351789314746156e+00
9.000000000000000000e+00 2.400000000000000000e+01 1.001796311685590979e+01
9.000000000000000000e+00 2.500000000000000000e+01 1.630337578073669036e+01
9.000000000000000000e+00 2.600000000000000000e+01 1.634989272164164120e+01
9.000000000000000000e+00 2.700000000000000000e+01 1.664809838920009000e+01
9.000000000000000000e+00 2.800000000000000000e+01 1.183692332625462384e+01
9.000000000000000000e+00 2.900000000000000000e+01 1.169855586538667325e+01
9.000000000000000000e+00 3.000000000000000000e+01 1.200334619938842806e+01
9.000000000000000000e+00 3.100000000000000000e+01 1.271798609362500798e+01
9.000000000000000000e+00 3.200000000000000000e+01 1.899511537231574820e+01
1.000000000000000000e+01 1.100000000000000000e+01 7.227803820910686738e+00
1.000000000000000000e+01 1.200000000000000000e+01 7.046602222165775586e+00
1.000000000000000000e+01 1.300000000000000000e+01 1.063614687500369627e+01
1.000000000000000000e+01 1.400000000000000000e+01 1.348975576107026697e+01
1.000000000000000000e+01 1.500000000000000000e+01 1.190846727895311119e+01
1.000000000000000000e+01 1.600000000000000000e+01 1.355361690712422984e+01
1.000000000000000000e+01 1.700000000000000000e+01 1.395256519215273983e+01
1.000000000000000000e+01 1.800000000000000000e+01 1.206942722912935650e+01
1.000000000000000000e+01 1.900000000000000000e+01 1.507720396614007896e+01
1.000000000000000000e+01 2.000000000000000000e+01 1.227160015074667498e+01
1.000000000000000000e+01 2.100000000000000000e+01 9.683622410547624071e+00
1.000000000000000000e+01 2.200000000000000000e+01 1.392749379493504591e+01
1.000000000000000000e+01 2.300000000000000000e+01 1.008525347545153039e+01
1.000000000000000000e+01 2.400000000000000000e+01 1.039173178123679264e+01
1.000000000000000000e+01 2.500000000000000000e+01 1.632042712116031069e+01
1.000000000000000000e+01 2.600000000000000000e+01 1.638380659231085090e+01
1.000000000000000000e+01 2.700000000000000000e+01 1.669462001112110627e+01
1.000000000000000000e+01 2.800000000000000000e+01 1.203846916587383120e+01
1.000000000000000000e+01 2.900000000000000000e+01 1.192684100147082660e+01
1.000000000000000000e+01 3.000000000000000000e+01 1.227586677128036996e+01
1.000000000000000000e+01 3.100000000000000000e+01 1.291382222598223706e+01
1.000000000000000000e+01 3.200000000000000000e+01 1.910245630214159362e+01
1.100000000000000000e+01 1.200000000000000000e+01 5.873958005224418244e+00
1.100000000000000000e+01 1.300000000000000000e+01 9.470191437193214767e+00
1.100000000000000000e+01 1.400000000000000000e+01 1.350439288320393061e+01
1.100000000000000000e+01 1.500000000000000000e+01 1.099097750504894222e+01
1.100000000000000000e+01 1.600000000000000000e+01 1.348805355967774489e+01
1.100000000000000000e+01 1.700000000000000000e+01 1.390210046310605918e+01
1.100000000000000000e+01 1.800000000000000000e+01 1.198429776323883544e+01
1.100000000000000000e+01 1.900000000000000000e+01 1.500331685868466636e+01
1.100000000000000000e+01 2.000000000000000000e+01 1.217687495011227128e+01
1.100000000000000000e+01 2.100000000000000000e+01 8.953780886175469078e+00
1.100000000000000000e+01 2.200000000000000000e+01 1.379140333801782958e+01
1.100000000000000000e+01 2.300000000000000000e+01 9.406050425461955911e+00
1.100000000000000000e+01 2.400000000000000000e+01 9.752969261475328722e+00
1.100000000000000000e+01 2.500000000000000000e+01 1.603118439391371552e+01
1.100000000000000000e+01 2.600000000000000000e+01 1.608139098349532148e+01
1.100000000000000000e+01 2.700000000000000000e+01 1.638131302192355676e+01
1.100000000000000000e+01 2.800000000000000000e+01 1.158324902895481401e+01
1.100000000000000000e+01 2.900000000000000000e+01 1.144950751077339746e+01
1.100000000000000000e+01 3.000000000000000000e+01 1.176604582675854971e+01
1.100000000000000000e+01 3.100000000000000000e+01 1.246655551625424252e+01
1.100000000000000000e+01 3.200000000000000000e+01 1.873445767719101340e+01
1.200000000000000000e+01 1.300000000000000000e+01 1.002903171195448095e+01
1.200000000000000000e+01 1.400000000000000000e+01 1.351206416190985848e+01
1.200000000000000000e+01 1.500000000000000000e+01 1.134523324639681618e+01
1.200000000000000000e+01 1.600000000000000000e+01 1.350108732871002104e+01
1.200000000000000000e+01 1.700000000000000000e+01 1.391822551340545999e+01
1.200000000000000000e+01 1.800000000000000000e+01 1.200515554006854657e+01
1.200000000000000000e+01 1.900000000000000000e+01 1.502730395576266531e+01
1.200000000000000000e+01 2.000000000000000000e+01 1.220250062965663318e+01
1.200000000000000000e+01 2.100000000000000000e+01 9.163741587964448598e+00
1.200000000000000000e+01 2.200000000000000000e+01 1.382597031797586595e+01
1.200000000000000000e+01 2.300000000000000000e+01 9.613250363671042464e+00
1.200000000000000000e+01 2.400000000000000000e+01 9.950844863309857402e+00
1.200000000000000000e+01 2.500000000000000000e+01 1.611366381264202019e+01
1.200000000000000000e+01 2.600000000000000000e+01 1.617111232320010217e+01
1.200000000000000000e+01 2.700000000000000000e+01 1.647563776146781223e+01
1.200000000000000000e+01 2.800000000000000000e+01 1.172884906962405083e+01
1.200000000000000000e+01 2.900000000000000000e+01 1.160550177964087837e+01
1.200000000000000000e+01 3.000000000000000000e+01 1.194114899040503985e+01
1.200000000000000000e+01 3.100000000000000000e+01 1.261169035539754901e+01
1.200000000000000000e+01 3.200000000000000000e+01 1.884930970428906605e+01
1.300000000000000000e+01 1.400000000000000000e+01 1.584362607835812398e+01
1.300000000000000000e+01 1.500000000000000000e+01 1.122437932841777908e+01
1.300000000000000000e+01 1.600000000000000000e+01 1.575991433437719991e+01
1.300000000000000000e+01 1.700000000000000000e+01 1.617603282493593753e+01
1.300000000000000000e+01 1.800000000000000000e+01 1.422318699116302909e+01
1.300000000000000000e+01 1.900000000000000000e+01 1.724149020654373388e+01
1.300000000000000000e+01 2.000000000000000000e+01 1.439705365739013132e+01
1.300000000000000000e+01 2.100000000000000000e+01 1.026817008509364015e+01
1.300000000000000000e+01 2.200000000000000000e+01 1.596124053551164934e+01
1.300000000000000000e+01 2.300000000000000000e+01 1.074170645460039708e+01
1.300000000000000000e+01 2.400000000000000000e+01 1.114107578241518581e+01
1.300000000000000000e+01 2.500000000000000000e+01 1.797388661730828474e+01
1.300000000000000000e+01 2.600000000000000000e+01 1.799563460249479263e+01
1.300000000000000000e+01 2.700000000000000000e+01 1.827598835579443559e+01
1.300000000000000000e+01 2.800000000000000000e+01 1.324649748841510544e+01
1.300000000000000000e+01 2.900000000000000000e+01 1.306960811874812123e+01
1.300000000000000000e+01 3.000000000000000000e+01 1.331330867312171051e+01
1.300000000000000000e+01 3.100000000000000000e+01 1.413660754372728690e+01
1.300000000000000000e+01 3.200000000000000000e+01 2.053822875668349113e+01
1.400000000000000000e+01 1.500000000000000000e+01 1.636505219230281227e+01
1.400000000000000000e+01 1.600000000000000000e+01 1.132337162961095345e+01
1.400000000000000000e+01 1.700000000000000000e+01 9.980318519997418036e+00
1.400000000000000000e+01 1.800000000000000000e+01 9.398131337281128594e+00
1.400000000000000000e+01 1.900000000000000000e+01 1.079471123442667491e+01
1.400000000000000000e+01 2.000000000000000000e+01 9.232602476521229562e+00
1.400000000000000000e+01 2.100000000000000000e+01 1.337308898302445570e+01
1.400000000000000000e+01 2.200000000000000000e+01 1.183419092866666489e+01
1.400000000000000000e+01 2.300000000000000000e+01 1.352494258073522815e+01
1.400000000000000000e+01 2.400000000000000000e+01 1.361193633136713288e+01
1.400000000000000000e+01 2.500000000000000000e+01 1.626367870534915383e+01
1.400000000000000000e+01 2.600000000000000000e+01 1.636156197570347715e+01
1.400000000000000000e+01 2.700000000000000000e+01 1.677344640434357714e+01
1.400000000000000000e+01 2.800000000000000000e+01 1.380208146750125664e+01
1.400000000000000000e+01 2.900000000000000000e+01 1.389750451847950430e+01
1.400000000000000000e+01 3.000000000000000000e+01 1.453842740169746151e+01
1.400000000000000000e+01 3.100000000000000000e+01 1.456476786463910145e+01
1.400000000000000000e+01 3.200000000000000000e+01 1.983902305035303115e+01
1.500000000000000000e+01 1.600000000000000000e+01 1.622343875741736952e+01
1.500000000000000000e+01 1.700000000000000000e+01 1.664441056680052355e+01
1.500000000000000000e+01 1.800000000000000000e+01 1.466301117565553014e+01
1.500000000000000000e+01 1.900000000000000000e+01 1.768394195317745599e+01
1.500000000000000000e+01 2.000000000000000000e+01 1.482398461575758120e+01
1.500000000000000000e+01 2.100000000000000000e+01 9.712096232217785285e+00
1.500000000000000000e+01 2.200000000000000000e+01 1.634914240917006367e+01
1.500000000000000000e+01 2.300000000000000000e+01 1.028359376791190272e+01
1.500000000000000000e+01 2.400000000000000000e+01 1.079232271505843244e+01
1.500000000000000000e+01 2.500000000000000000e+01 1.819701392975121124e+01
1.500000000000000000e+01 2.600000000000000000e+01 1.820239391247701732e+01
1.500000000000000000e+01 2.700000000000000000e+01 1.847039459704210529e+01
1.500000000000000000e+01 2.800000000000000000e+01 1.327668738902841739e+01
1.500000000000000000e+01 2.900000000000000000e+01 1.307418513478894440e+01
1.500000000000000000e+01 3.000000000000000000e+01 1.329181829493803235e+01
1.500000000000000000e+01 3.100000000000000000e+01 1.418148484303461743e+01
1.500000000000000000e+01 3.200000000000000000e+01 2.067276222478021097e+01
1.600000000000000000e+01 1.700000000000000000e+01 1.040252646018177529e+01
1.600000000000000000e+01 1.800000000000000000e+01 7.491874481702719635e+00
1.600000000000000000e+01 1.900000000000000000e+01 1.228647072697523512e+01
1.600000000000000000e+01 2.000000000000000000e+01 8.833360848160776158e+00
1.600000000000000000e+01 2.100000000000000000e+01 1.316825816737903310e+01
1.600000000000000000e+01 2.200000000000000000e+01 1.104534744715471817e+01
1.600000000000000000e+01 2.300000000000000000e+01 1.329776152388637911e+01
1.600000000000000000e+01 2.400000000000000000e+01 1.336511629816538971e+01
1.600000000000000000e+01 2.500000000000000000e+01 1.582277856957617601e+01
1.600000000000000000e+01 2.600000000000000000e+01 1.599997802520534762e+01
1.600000000000000000e+01 2.700000000000000000e+01 1.643354948921865244e+01
1.600000000000000000e+01 2.800000000000000000e+01 1.345572033626138975e+01
1.600000000000000000e+01 2.900000000000000000e+01 1.356536689139856477e+01
1.600000000000000000e+01 3.000000000000000000e+01 1.422988827901171049e+01
1.600000000000000000e+01 3.100000000000000000e+01 1.422217622797144543e+01
1.600000000000000000e+01 3.200000000000000000e+01 1.949219982042739119e+01
1.700000000000000000e+01 1.800000000000000000e+01 7.796629469787692557e+00
1.700000000000000000e+01 1.900000000000000000e+01 1.084590780931365472e+01
1.700000000000000000e+01 2.000000000000000000e+01 7.807960086518782816e+00
1.700000000000000000e+01 2.100000000000000000e+01 1.359856324711376985e+01
1.700000000000000000e+01 2.200000000000000000e+01 1.096534577895736362e+01
1.700000000000000000e+01 2.300000000000000000e+01 1.372173863710074571e+01
1.700000000000000000e+01 2.400000000000000000e+01 1.378514068143324067e+01
1.700000000000000000e+01 2.500000000000000000e+01 1.599271346267311955e+01
1.700000000000000000e+01 2.600000000000000000e+01 1.611305065453789709e+01
1.700000000000000000e+01 2.700000000000000000e+01 1.654482490192000554e+01
1.700000000000000000e+01 2.800000000000000000e+01 1.379120246099464353e+01
1.700000000000000000e+01 2.900000000000000000e+01 1.391205548181127583e+01
1.700000000000000000e+01 3.000000000000000000e+01 1.458556970820443865e+01
1.700000000000000000e+01 3.100000000000000000e+01 1.453701152184669354e+01
1.700000000000000000e+01 3.200000000000000000e+01 1.969423589903959382e+01
1.800000000000000000e+01 1.900000000000000000e+01 9.690001585728605704e+00
1.800000000000000000e+01 2.000000000000000000e+01 5.647553783709906128e+00
1.800000000000000000e+01 2.100000000000000000e+01 1.158750216001562450e+01
1.800000000000000000e+01 2.200000000000000000e+01 8.301527970705500081e+00
1.800000000000000000e+01 2.300000000000000000e+01 1.169548187291452734e+01
1.800000000000000000e+01 2.400000000000000000e+01 1.174627090571502919e+01
1.800000000000000000e+01 2.500000000000000000e+01 1.374573523395524788e+01
1.800000000000000000e+01 2.600000000000000000e+01 1.390486854810145800e+01
1.800000000000000000e+01 2.700000000000000000e+01 1.435173976964650322e+01
1.800000000000000000e+01 2.800000000000000000e+01 1.166370084328248780e+01
1.800000000000000000e+01 2.900000000000000000e+01 1.179687835940131180e+01
1.800000000000000000e+01 3.000000000000000000e+01 1.248718148936714201e+01
1.800000000000000000e+01 3.100000000000000000e+01 1.240493940074601653e+01
1.800000000000000000e+01 3.200000000000000000e+01 1.752456236458095518e+01
1.900000000000000000e+01 2.000000000000000000e+01 8.580919013810266449e+00
1.900000000000000000e+01 2.100000000000000000e+01 1.461611495878872446e+01
1.900000000000000000e+01 2.200000000000000000e+01 1.150220569437272644e+01
1.900000000000000000e+01 2.300000000000000000e+01 1.471691631195614036e+01
1.900000000000000000e+01 2.400000000000000000e+01 1.476316504203418489e+01
1.900000000000000000e+01 2.500000000000000000e+01 1.648862473677481333e+01
1.900000000000000000e+01 2.600000000000000000e+01 1.652192642940647360e+01
1.900000000000000000e+01 2.700000000000000000e+01 1.695018087843547860e+01
1.900000000000000000e+01 2.800000000000000000e+01 1.458037304306211368e+01
1.900000000000000000e+01 2.900000000000000000e+01 1.472659776091907347e+01
1.900000000000000000e+01 3.000000000000000000e+01 1.542704129895479781e+01
1.900000000000000000e+01 3.100000000000000000e+01 1.529333879653342620e+01
1.900000000000000000e+01 3.200000000000000000e+01 2.025371359777977531e+01
2.000000000000000000e+01 2.100000000000000000e+01 1.173871288211082842e+01
2.000000000000000000e+01 2.200000000000000000e+01 7.838119122509652925e+00
2.000000000000000000e+01 2.300000000000000000e+01 1.183340883594427240e+01
2.000000000000000000e+01 2.400000000000000000e+01 1.187420455407332298e+01
2.000000000000000000e+01 2.500000000000000000e+01 1.355033666968443740e+01
2.000000000000000000e+01 2.600000000000000000e+01 1.365877570691403875e+01
2.000000000000000000e+01 2.700000000000000000e+01 1.410754527439700112e+01
2.000000000000000000e+01 2.800000000000000000e+01 1.167172061926850191e+01
2.000000000000000000e+01 2.900000000000000000e+01 1.182105975519619889e+01
2.000000000000000000e+01 3.000000000000000000e+01 1.252783540366106863e+01
2.000000000000000000e+01 3.100000000000000000e+01 1.239091326124601622e+01
2.000000000000000000e+01 3.200000000000000000e+01 1.738184985254514103e+01
2.100000000000000000e+01 2.200000000000000000e+01 1.322605679979032800e+01
2.100000000000000000e+01 2.300000000000000000e+01 5.609885055552659594e+00
2.100000000000000000e+01 2.400000000000000000e+01 6.585209678986533532e+00
2.100000000000000000e+01 2.500000000000000000e+01 1.493828438952123250e+01
2.100000000000000000e+01 2.600000000000000000e+01 1.494112317873524987e+01
2.100000000000000000e+01 2.700000000000000000e+01 1.520359159614515576e+01
2.100000000000000000e+01 2.800000000000000000e+01 9.890793651165150635e+00
2.100000000000000000e+01 2.900000000000000000e+01 9.685170751610439055e+00
2.100000000000000000e+01 3.000000000000000000e+01 9.946115581780915704e+00
2.100000000000000000e+01 3.100000000000000000e+01 1.082811667948802636e+01
2.100000000000000000e+01 3.200000000000000000e+01 1.737184813680305595e+01
2.200000000000000000e+01 2.300000000000000000e+01 1.329409393588839094e+01
2.200000000000000000e+01 2.400000000000000000e+01 1.331356148623552826e+01
2.200000000000000000e+01 2.500000000000000000e+01 1.448310081899743196e+01
2.200000000000000000e+01 2.600000000000000000e+01 1.467527526002755067e+01
2.200000000000000000e+01 2.700000000000000000e+01 1.516454175495723078e+01
2.200000000000000000e+01 2.800000000000000000e+01 1.292579861114704798e+01
2.200000000000000000e+01 2.900000000000000000e+01 1.310097027252711044e+01
2.200000000000000000e+01 3.000000000000000000e+01 1.383903582049830305e+01
2.200000000000000000e+01 3.100000000000000000e+01 1.362793077620126070e+01
2.200000000000000000e+01 3.200000000000000000e+01 1.851224640976534275e+01
2.300000000000000000e+01 2.400000000000000000e+01 5.335830397061190666e+00
2.300000000000000000e+01 2.500000000000000000e+01 1.486292039537822873e+01
2.300000000000000000e+01 2.600000000000000000e+01 1.484497584469138687e+01
2.300000000000000000e+01 2.700000000000000000e+01 1.509429122285900249e+01
2.300000000000000000e+01 2.800000000000000000e+01 9.616136078923815944e+00
2.300000000000000000e+01 2.900000000000000000e+01 9.380693991850375113e+00
2.300000000000000000e+01 3.000000000000000000e+01 9.614078862526902469e+00
2.300000000000000000e+01 3.100000000000000000e+01 1.056875047804000189e+01
2.300000000000000000e+01 3.200000000000000000e+01 1.720374694766445245e+01
2.400000000000000000e+01 2.500000000000000000e+01 1.477272552350631329e+01
2.400000000000000000e+01 2.600000000000000000e+01 1.474160086131754710e+01
2.400000000000000000e+01 2.700000000000000000e+01 1.498207267267362042e+01
2.400000000000000000e+01 2.800000000000000000e+01 9.379371947488554184e+00
2.400000000000000000e+01 2.900000000000000000e+01 9.127658296908258251e+00
2.400000000000000000e+01 3.000000000000000000e+01 9.364924159190053388e+00
2.400000000000000000e+01 3.100000000000000000e+01 1.035163736948690882e+01
2.400000000000000000e+01 3.200000000000000000e+01 1.705071661700764807e+01
2.500000000000000000e+01 2.600000000000000000e+01 1.270538375116326435e+01
2.500000000000000000e+01 2.700000000000000000e+01 1.395716904376567058e+01
2.500000000000000000e+01 2.800000000000000000e+01 1.308055261007090309e+01
2.500000000000000000e+01 2.900000000000000000e+01 1.344952811162869821e+01
2.500000000000000000e+01 3.000000000000000000e+01 1.438526812591002368e+01
2.500000000000000000e+01 3.100000000000000000e+01 1.359763094994202248e+01
2.500000000000000000e+01 3.200000000000000000e+01 1.767575860407420052e+01
2.600000000000000000e+01 2.700000000000000000e+01 1.053063230937377526e+01
2.600000000000000000e+01 2.800000000000000000e+01 1.275848305312948483e+01
2.600000000000000000e+01 2.900000000000000000e+01 1.314761173557030105e+01
2.600000000000000000e+01 3.000000000000000000e+01 1.409211633347392478e+01
2.600000000000000000e+01 3.100000000000000000e+01 1.309659065249236676e+01
2.600000000000000000e+01 3.200000000000000000e+01 1.597822049475109552e+01
2.700000000000000000e+01 2.800000000000000000e+01 1.285147652724321077e+01
2.700000000000000000e+01 2.900000000000000000e+01 1.324585360748967844e+01
2.700000000000000000e+01 3.000000000000000000e+01 1.419223622467755774e+01
2.700000000000000000e+01 3.100000000000000000e+01 1.309584443581224633e+01
2.700000000000000000e+01 3.200000000000000000e+01 1.516465967905375933e+01
2.800000000000000000e+01 2.900000000000000000e+01 5.443143219466097804e+00
2.800000000000000000e+01 3.000000000000000000e+01 7.355769343534660720e+00
2.800000000000000000e+01 3.100000000000000000e+01 6.411567888701174667e+00
2.800000000000000000e+01 3.200000000000000000e+01 1.433304742272026644e+01
2.900000000000000000e+01 3.000000000000000000e+01 6.521216013455198635e+00
2.900000000000000000e+01 3.100000000000000000e+01 6.825701476748193386e+00
2.900000000000000000e+01 3.200000000000000000e+01 1.474241601303109306e+01
3.000000000000000000e+01 3.100000000000000000e+01 8.022473648128048751e+00
3.000000000000000000e+01 3.200000000000000000e+01 1.569621078246096957e+01
3.100000000000000000e+01 3.200000000000000000e+01 1.422339969577404517e+01
