1.000000000000000000e+00 2.000000000000000000e+00 9.780568588209968439e+00
1.000000000000000000e+00 3.000000000000000000e+00 6.276818812266589553e+00
1.000000000000000000e+00 4.000000000000000000e+00 8.695808741620634663e+00
1.000000000000000000e+00 5.000000000000000000e+00 6.297668372303203199e+00
1.000000000000000000e+00 6.000000000000000000e+00 8.372149905193206010e+00
1.000000000000000000e+00 7.000000000000000000e+00 9.170106816686860896e+00
1.000000000000000000e+00 8.000000000000000000e+00 8.981214439462215537e+00
1.000000000000000000e+00 9.000000000000000000e+00 8.848193625064075363e+00
1.000000000000000000e+00 1.000000000000000000e+01 9.201827580710327581e+00
1.000000000000000000e+00 1.100000000000000000e+01 9.010448494005606435e+00
1.000000000000000000e+00 1.200000000000000000e+01 9.404667386652690197e+00
1.000000000000000000e+00 1.300000000000000000e+01 1.072684656961435046e+01
1.000000000000000000e+00 1.400000000000000000e+01 9.485793956399835025e+00
1.000000000000000000e+00 1.500000000000000000e+01 1.105325745487014366e+01
1.000000000000000000e+00 1.600000000000000000e+01 1.029859787192808795e+01
1.000000000000000000e+00 1.700000000000000000e+01 1.057113120439407083e+01
1.000000000000000000e+00 1.800000000000000000e+01 1.056425099005928558e+01
1.000000000000000000e+00 1.900000000000000000e+01 1.116233604545729463e+01
1.000000000000000000e+00 2.000000000000000000e+01 1.085391750427946000e+01
1.000000000000000000e+00 2.100000000000000000e+01 6.301154443187570564e+00
1.000000000000000000e+00 2.200000000000000000e+01 1.090815138994385869e+01
1.000000000000000000e+00 2.300000000000000000e+01 6.313688949910789994e+00
1.000000000000000000e+00 2.400000000000000000e+01 6.328448465251860000e+00
1.000000000000000000e+00 2.500000000000000000e+01 1.210127445786118372e+01
1.000000000000000000e+00 2.600000000000000000e+01 1.188411931359899931e+01
1.000000000000000000e+00 2.700000000000000000e+01 1.195634044330620327e+01
1.000000000000000000e+00 2.800000000000000000e+01 1.055930887215989245e+01
1.000000000000000000e+00 2.900000000000000000e+01 1.036026075109848321e+01
1.000000000000000000e+00 3.000000000000000000e+01 1.070742072284541990e+01
1.000000000000000000e+00 3.100000000000000000e+01 1.133555185378433450e+01
1.000000000000000000e+00 3.200000000000000000e+01 1.487193118649796908e+01
2.000000000000000000e+00 3.000000000000000000e+00 5.981922696984258714e+00
2.000000000000000000e+00 4.000000000000000000e+00 8.336658946264513759e+00
2.000000000000000000e+00 5.000000000000000000e+00 6.002045050984042618e+00
2.000000000000000000e+00 6.000000000000000000e+00 8.056938869448343254e+00
2.000000000000000000e+00 7.000000000000000000e+00 8.781329253478702412e+00
2.000000000000000000e+00 8.000000000000000000e+00 8.657332685139243367e+00
2.000000000000000000e+00 9.000000000000000000e+00 8.278539920126851470e+00
2.000000000000000000e+00 1.000000000000000000e+01 8.851385357080760130e+00
2.000000000000000000e+00 1.100000000000000000e+01 8.468690922564858781e+00
2.000000000000000000e+00 1.200000000000000000e+01 8.912611297403351784e+00
2.000000000000000000e+00 1.300000000000000000e+01 1.021136063628959256e+01
2.000000000000000000e+00 1.400000000000000000e+01 9.034205450279301886e+00
2.000000000000000000e+00 1.500000000000000000e+01 1.056213805992399379e+01
2.000000000000000000e+00 1.600000000000000000e+01 9.839988182469049605e+00
2.000000000000000000e+00 1.700000000000000000e+01 1.011434860103878464e+01
2.000000000000000000e+00 1.800000000000000000e+01 1.010480803931131533e+01
2.000000000000000000e+00 1.900000000000000000e+01 1.070413569004191601e+01
2.000000000000000000e+00 2.000000000000000000e+01 1.039394754330180426e+01
2.000000000000000000e+00 2.100000000000000000e+01 5.757161274721267930e+00
2.000000000000000000e+00 2.200000000000000000e+01 1.044366170979523822e+01
2.000000000000000000e+00 2.300000000000000000e+01 5.772191693665660317e+00
2.000000000000000000e+00 2.400000000000000000e+01 5.788600161949554845e+00
2.000000000000000000e+00 2.500000000000000000e+01 1.162690211265740103e+01
2.000000000000000000e+00 2.600000000000000000e+01 1.141016931042886462e+01
2.000000000000000000e+00 2.700000000000000000e+01 1.148215826484588575e+01
2.000000000000000000e+00 2.800000000000000000e+01 1.007085056606250006e+01
2.000000000000000000e+00 2.900000000000000000e+01 9.871240424576566141e+00
2.000000000000000000e+00 3.000000000000000000e+01 1.023390929685810846e+01
2.000000000000000000e+00 3.100000000000000000e+01 1.085529376075708541e+01
2.000000000000000000e+00 3.200000000000000000e+01 1.439653135586427446e+01
3.000000000000000000e+00 4.000000000000000000e+00 2.723712636297037193e+00
3.000000000000000000e+00 5.000000000000000000e+00 6.455492223676451147e-02
3.000000000000000000e+00 6.000000000000000000e+00 2.268904325161020807e+00
3.000000000000000000e+00 7.000000000000000000e+00 3.424071719497234767e+00
3.000000000000000000e+00 8.000000000000000000e+00 2.975455802255622118e+00
3.000000000000000000e+00 9.000000000000000000e+00 3.943977695844978371e+00
3.000000000000000000e+00 1.000000000000000000e+01 3.310948167953263521e+00
3.000000000000000000e+00 1.100000000000000000e+01 4.085673293810053508e+00
3.000000000000000000e+00 1.200000000000000000e+01 4.247778784884609138e+00
3.000000000000000000e+00 1.300000000000000000e+01 6.178579355734990841e+00
3.000000000000000000e+00 1.400000000000000000e+01 4.343011957898877284e+00
3.000000000000000000e+00 1.500000000000000000e+01 6.465666671021898182e+00
3.000000000000000000e+00 1.600000000000000000e+01 5.193926848997499235e+00
3.000000000000000000e+00 1.700000000000000000e+01 5.460495499318707147e+00
3.000000000000000000e+00 1.800000000000000000e+01 5.469885827498718101e+00
3.000000000000000000e+00 1.900000000000000000e+01 6.067811500241081291e+00
3.000000000000000000e+00 2.000000000000000000e+01 5.768762902849895013e+00
3.000000000000000000e+00 2.100000000000000000e+01 1.600515521644235051e+00
3.000000000000000000e+00 2.200000000000000000e+01 5.856626742598136204e+00
3.000000000000000000e+00 2.300000000000000000e+01 1.613722462462311213e+00
3.000000000000000000e+00 2.400000000000000000e+01 1.628600965164281433e+00
3.000000000000000000e+00 2.500000000000000000e+01 7.145751983075623315e+00
3.000000000000000000e+00 2.600000000000000000e+01 6.943338244515151914e+00
3.000000000000000000e+00 2.700000000000000000e+01 7.025124434147510755e+00
3.000000000000000000e+00 2.800000000000000000e+01 5.761837020976905421e+00
3.000000000000000000e+00 2.900000000000000000e+01 5.592845971338697098e+00
3.000000000000000000e+00 3.000000000000000000e+01 6.003795883729864613e+00
3.000000000000000000e+00 3.100000000000000000e+01 6.533489765724382892e+00
3.000000000000000000e+00 3.200000000000000000e+01 9.979788963537307822e+00
4.000000000000000000e+00 5.000000000000000000e+00 2.738391783240473387e+00
4.000000000000000000e+00 6.000000000000000000e+00 4.861430546391561691e+00
4.000000000000000000e+00 7.000000000000000000e+00 5.739800740601836537e+00
4.000000000000000000e+00 8.000000000000000000e+00 5.580412361539410782e+00
4.000000000000000000e+00 9.000000000000000000e+00 6.131410410049477733e+00
4.000000000000000000e+00 1.000000000000000000e+01 5.839676653121403049e+00
4.000000000000000000e+00 1.100000000000000000e+01 6.343318832482362168e+00
4.000000000000000000e+00 1.200000000000000000e+01 6.545311953362059398e+00
4.000000000000000000e+00 1.300000000000000000e+01 8.467846815325239973e+00
4.000000000000000000e+00 1.400000000000000000e+01 6.744355534077765668e+00
4.000000000000000000e+00 1.500000000000000000e+01 8.758792890942961762e+00
4.000000000000000000e+00 1.600000000000000000e+01 7.585522402411029930e+00
4.000000000000000000e+00 1.700000000000000000e+01 7.853996214447725777e+00
4.000000000000000000e+00 1.800000000000000000e+01 7.859421537221439991e+00
4.000000000000000000e+00 1.900000000000000000e+01 8.457997150687397436e+00
4.000000000000000000e+00 2.000000000000000000e+01 8.156548610756841455e+00
4.000000000000000000e+00 2.100000000000000000e+01 3.891925850444559742e+00
4.000000000000000000e+00 2.200000000000000000e+01 8.236737289053161604e+00
4.000000000000000000e+00 2.300000000000000000e+01 3.905830444555744130e+00
4.000000000000000000e+00 2.400000000000000000e+01 3.921223945129193922e+00
4.000000000000000000e+00 2.500000000000000000e+01 9.505253279546327150e+00
4.000000000000000000e+00 2.600000000000000000e+01 9.300366812322524268e+00
4.000000000000000000e+00 2.700000000000000000e+01 9.380364106410059577e+00
4.000000000000000000e+00 2.800000000000000000e+01 8.088359049672707357e+00
4.000000000000000000e+00 2.900000000000000000e+01 7.913839667320335280e+00
4.000000000000000000e+00 3.000000000000000000e+01 8.318532849077584501e+00
4.000000000000000000e+00 3.100000000000000000e+01 8.863548375892026598e+00
4.000000000000000000e+00 3.200000000000000000e+01 1.232760641922652489e+01
5.000000000000000000e+00 6.000000000000000000e+00 2.284937226991081261e+00
5.000000000000000000e+00 7.000000000000000000e+00 3.437380609647860297e+00
5.000000000000000000e+00 8.000000000000000000e+00 2.996701566378837001e+00
5.000000000000000000e+00 9.000000000000000000e+00 3.961843921700314297e+00
5.000000000000000000e+00 1.000000000000000000e+01 3.329715054484692516e+00
5.000000000000000000e+00 1.100000000000000000e+01 4.103550840162066393e+00
5.000000000000000000e+00 1.200000000000000000e+01 4.265358214427664052e+00
5.000000000000000000e+00 1.300000000000000000e+01 6.197414966390676128e+00
5.000000000000000000e+00 1.400000000000000000e+01 4.363006996756080724e+00
5.000000000000000000e+00 1.500000000000000000e+01 6.484515932776110603e+00
5.000000000000000000e+00 1.600000000000000000e+01 5.213800025533911864e+00
5.000000000000000000e+00 1.700000000000000000e+01 5.480396015376850727e+00
5.000000000000000000e+00 1.800000000000000000e+01 5.489739005425640528e+00
5.000000000000000000e+00 1.900000000000000000e+01 6.087678059044986156e+00
5.000000000000000000e+00 2.000000000000000000e+01 5.788599780722391230e+00
5.000000000000000000e+00 2.100000000000000000e+01 1.619314301770133468e+00
5.000000000000000000e+00 2.200000000000000000e+01 5.876377296029717812e+00
5.000000000000000000e+00 2.300000000000000000e+01 1.632529194053382149e+00
5.000000000000000000e+00 2.400000000000000000e+01 1.647413480376641814e+00
5.000000000000000000e+00 2.500000000000000000e+01 7.165279340475493086e+00
5.000000000000000000e+00 2.600000000000000000e+01 6.962840708791640409e+00
5.000000000000000000e+00 2.700000000000000000e+01 7.044608151802457030e+00
5.000000000000000000e+00 2.800000000000000000e+01 5.781013328223817638e+00
5.000000000000000000e+00 2.900000000000000000e+01 5.611965260907728847e+00
5.000000000000000000e+00 3.000000000000000000e+01 6.022857913866793922e+00
5.000000000000000000e+00 3.100000000000000000e+01 6.552706849941081657e+00
5.000000000000000000e+00 3.200000000000000000e+01 9.999194130364164934e+00
6.000000000000000000e+00 7.000000000000000000e+00 5.011606359269759281e+00
6.000000000000000000e+00 8.000000000000000000e+00 5.031052418418200389e+00
6.000000000000000000e+00 9.000000000000000000e+00 5.943449990584271703e+00
6.000000000000000000e+00 1.000000000000000000e+01 5.077023422936214558e+00
6.000000000000000000e+00 1.100000000000000000e+01 6.049127470235134751e+00
6.000000000000000000e+00 1.200000000000000000e+01 6.155272029280606461e+00
6.000000000000000000e+00 1.300000000000000000e+01 8.192500592123439063e+00
6.000000000000000000e+00 1.400000000000000000e+01 6.384599362128033917e+00
6.000000000000000000e+00 1.500000000000000000e+01 8.478466582969550913e+00
6.000000000000000000e+00 1.600000000000000000e+01 7.231369792079455294e+00
6.000000000000000000e+00 1.700000000000000000e+01 7.499042443480647080e+00
6.000000000000000000e+00 1.800000000000000000e+01 7.506932418522239914e+00
6.000000000000000000e+00 1.900000000000000000e+01 8.105572526246945131e+00
6.000000000000000000e+00 2.000000000000000000e+01 7.805530321556519269e+00
6.000000000000000000e+00 2.100000000000000000e+01 3.610430361035517066e+00
6.000000000000000000e+00 2.200000000000000000e+01 7.890932867342689505e+00
6.000000000000000000e+00 2.300000000000000000e+01 3.623860100000103834e+00
6.000000000000000000e+00 2.400000000000000000e+01 3.638896655340282393e+00
6.000000000000000000e+00 2.500000000000000000e+01 9.174169070527348424e+00
6.000000000000000000e+00 2.600000000000000000e+01 8.971204347624924580e+00
6.000000000000000000e+00 2.700000000000000000e+01 9.052530838804816682e+00
6.000000000000000000e+00 2.800000000000000000e+01 7.781354435961635119e+00
6.000000000000000000e+00 2.900000000000000000e+01 7.611022662316482723e+00
6.000000000000000000e+00 3.000000000000000000e+01 8.021011304382007268e+00
6.000000000000000000e+00 3.100000000000000000e+01 8.554202254040994546e+00
6.000000000000000000e+00 3.200000000000000000e+01 1.200522320144382427e+01
7.000000000000000000e+00 8.000000000000000000e+00 6.004734310248865725e+00
7.000000000000000000e+00 9.000000000000000000e+00 6.384671355576379881e+00
7.000000000000000000e+00 1.000000000000000000e+01 5.748398823801641910e+00
7.000000000000000000e+00 1.100000000000000000e+01 6.372119224820176342e+00
7.000000000000000000e+00 1.200000000000000000e+01 6.328085058322489687e+00
7.000000000000000000e+00 1.300000000000000000e+01 8.715084306341184472e+00
7.000000000000000000e+00 1.400000000000000000e+01 7.048727818243222032e+00
7.000000000000000000e+00 1.500000000000000000e+01 9.000169320970046627e+00
7.000000000000000000e+00 1.600000000000000000e+01 7.879579947374637072e+00
7.000000000000000000e+00 1.700000000000000000e+01 8.150925354186291827e+00
7.000000000000000000e+00 1.800000000000000000e+01 8.152689497304400845e+00
7.000000000000000000e+00 1.900000000000000000e+01 8.753229808755641272e+00
7.000000000000000000e+00 2.000000000000000000e+01 8.449316615937780384e+00
7.000000000000000000e+00 2.100000000000000000e+01 4.123819754610991595e+00
7.000000000000000000e+00 2.200000000000000000e+01 8.523705637144468383e+00
7.000000000000000000e+00 2.300000000000000000e+01 4.138268518634583337e+00
7.000000000000000000e+00 2.400000000000000000e+01 4.154041614048464837e+00
7.000000000000000000e+00 2.500000000000000000e+01 9.778794731629009362e+00
7.000000000000000000e+00 2.600000000000000000e+01 9.572786003322230286e+00
7.000000000000000000e+00 2.700000000000000000e+01 9.651781126968067781e+00
7.000000000000000000e+00 2.800000000000000000e+01 8.342049789966115014e+00
7.000000000000000000e+00 2.900000000000000000e+01 8.164687110569417428e+00
7.000000000000000000e+00 3.000000000000000000e+01 8.568006456490913081e+00
7.000000000000000000e+00 3.100000000000000000e+01 9.120163269872346490e+00
7.000000000000000000e+00 3.200000000000000000e+01 1.259466775352619017e+01
8.000000000000000000e+00 9.000000000000000000e+00 6.535368852245779792e+00
8.000000000000000000e+00 1.000000000000000000e+01 5.266088005644311565e+00
8.000000000000000000e+00 1.100000000000000000e+01 6.622580752466147302e+00
8.000000000000000000e+00 1.200000000000000000e+01 6.702546817982984351e+00
8.000000000000000000e+00 1.300000000000000000e+01 8.739585736074898747e+00
8.000000000000000000e+00 1.400000000000000000e+01 6.813381712725885109e+00
8.000000000000000000e+00 1.500000000000000000e+01 9.018439402553477535e+00
8.000000000000000000e+00 1.600000000000000000e+01 7.664349010269237539e+00
8.000000000000000000e+00 1.700000000000000000e+01 7.932388269697781880e+00
8.000000000000000000e+00 1.800000000000000000e+01 7.942762624024048534e+00
8.000000000000000000e+00 1.900000000000000000e+01 8.542888063415539079e+00
8.000000000000000000e+00 2.000000000000000000e+01 8.244000366666062618e+00
8.000000000000000000e+00 2.100000000000000000e+01 4.144958246424870651e+00
8.000000000000000000e+00 2.200000000000000000e+01 8.336007877286855106e+00
8.000000000000000000e+00 2.300000000000000000e+01 4.157812980180481510e+00
8.000000000000000000e+00 2.400000000000000000e+01 4.172404359341642888e+00
8.000000000000000000e+00 2.500000000000000000e+01 9.639645520807572865e+00
8.000000000000000000e+00 2.600000000000000000e+01 9.439625729051405401e+00
8.000000000000000000e+00 2.700000000000000000e+01 9.522883918522229152e+00
8.000000000000000000e+00 2.800000000000000000e+01 8.280971655997479530e+00
8.000000000000000000e+00 2.900000000000000000e+01 8.116804026914362424e+00
8.000000000000000000e+00 3.000000000000000000e+01 8.535645447797357122e+00
8.000000000000000000e+00 3.100000000000000000e+01 9.050967121042056363e+00
8.000000000000000000e+00 3.200000000000000000e+01 1.248337431038683398e+01
9.000000000000000000e+00 1.000000000000000000e+01 6.635942939099082949e+00
9.000000000000000000e+00 1.100000000000000000e+01 5.690047136178643328e+00
9.000000000000000000e+00 1.200000000000000000e+01 6.289189220327942920e+00
9.000000000000000000e+00 1.300000000000000000e+01 7.739221204975679669e+00
9.000000000000000000e+00 1.400000000000000000e+01 6.619789023352684154e+00
9.000000000000000000e+00 1.500000000000000000e+01 8.048258716235858756e+00
9.000000000000000000e+00 1.600000000000000000e+01 7.410265702788883857e+00
9.000000000000000000e+00 1.700000000000000000e+01 7.688144241791690092e+00
9.000000000000000000e+00 1.800000000000000000e+01 7.672624359397381966e+00
9.000000000000000000e+00 1.900000000000000000e+01 8.273845361705539858e+00
9.000000000000000000e+00 2.000000000000000000e+01 7.959860168662798330e+00
9.000000000000000000e+00 2.100000000000000000e+01 3.163170441430047219e+00
9.000000000000000000e+00 2.200000000000000000e+01 7.998738713991768279e+00
9.000000000000000000e+00 2.300000000000000000e+01 3.181208580366724270e+00
9.000000000000000000e+00 2.400000000000000000e+01 3.199630054474861041e+00
9.000000000000000000e+00 2.500000000000000000e+01 9.155241363254042142e+00
9.000000000000000000e+00 2.600000000000000000e+01 8.936853724676511845e+00
9.000000000000000000e+00 2.700000000000000000e+01 9.007123082082976850e+00
9.000000000000000000e+00 2.800000000000000000e+01 7.558232516803048640e+00
9.000000000000000000e+00 2.900000000000000000e+01 7.353493823948845431e+00
9.000000000000000000e+00 3.000000000000000000e+01 7.725558438695117047e+00
9.000000000000000000e+00 3.100000000000000000e+01 8.353364636187865955e+00
9.000000000000000000e+00 3.200000000000000000e+01 1.191409895869284519e+01
1.000000000000000000e+01 1.100000000000000000e+01 6.657857877005932679e+00
1.000000000000000000e+01 1.200000000000000000e+01 6.608864879201874487e+00
1.000000000000000000e+01 1.300000000000000000e+01 8.858038315459667800e+00
1.000000000000000000e+01 1.400000000000000000e+01 7.025802362175770810e+00
1.000000000000000000e+01 1.500000000000000000e+01 9.137004519170362826e+00
1.000000000000000000e+01 1.600000000000000000e+01 7.867226353908542080e+00
1.000000000000000000e+01 1.700000000000000000e+01 8.137300244259940030e+00
1.000000000000000000e+01 1.800000000000000000e+01 8.143881606367308734e+00
1.000000000000000000e+01 1.900000000000000000e+01 8.744895254597704337e+00
1.000000000000000000e+01 2.000000000000000000e+01 8.443666362780204437e+00
1.000000000000000000e+01 2.100000000000000000e+01 4.260802322516223484e+00
1.000000000000000000e+01 2.200000000000000000e+01 8.528583086776139410e+00
1.000000000000000000e+01 2.300000000000000000e+01 4.274233855490867207e+00
1.000000000000000000e+01 2.400000000000000000e+01 4.289248909057553405e+00
1.000000000000000000e+01 2.500000000000000000e+01 9.813731539766099132e+00
1.000000000000000000e+01 2.600000000000000000e+01 9.611640693907675725e+00
1.000000000000000000e+01 2.700000000000000000e+01 9.693343138964870320e+00
1.000000000000000000e+01 2.800000000000000000e+01 8.426166166504561517e+00
1.000000000000000000e+01 2.900000000000000000e+01 8.257320802329093823e+00
1.000000000000000000e+01 3.000000000000000000e+01 8.671104623868295391e+00
1.000000000000000000e+01 3.100000000000000000e+01 9.199371024642680084e+00
1.000000000000000000e+01 3.200000000000000000e+01 1.264731465418635104e+01
1.100000000000000000e+01 1.200000000000000000e+01 5.680296943994212810e+00
1.100000000000000000e+01 1.300000000000000000e+01 7.843581312085101231e+00
1.100000000000000000e+01 1.400000000000000000e+01 6.673562003158497902e+00
1.100000000000000000e+01 1.500000000000000000e+01 8.134264770979390491e+00
1.100000000000000000e+01 1.600000000000000000e+01 7.462758637572729725e+00
1.100000000000000000e+01 1.700000000000000000e+01 7.741595876184316438e+00
1.100000000000000000e+01 1.800000000000000000e+01 7.725990485561617049e+00
1.100000000000000000e+01 1.900000000000000000e+01 8.328356360448040618e+00
1.100000000000000000e+01 2.000000000000000000e+01 8.014114027271952878e+00
1.100000000000000000e+01 2.100000000000000000e+01 3.239914782596967413e+00
1.100000000000000000e+01 2.200000000000000000e+01 8.053890965943567792e+00
1.100000000000000000e+01 2.300000000000000000e+01 3.257873179744923853e+00
1.100000000000000000e+01 2.400000000000000000e+01 3.276211024060618371e+00
1.100000000000000000e+01 2.500000000000000000e+01 9.214655636615919576e+00
1.100000000000000000e+01 2.600000000000000000e+01 8.997219015988116908e+00
1.100000000000000000e+01 2.700000000000000000e+01 9.068005694975148856e+00
1.100000000000000000e+01 2.800000000000000000e+01 7.626025262447118536e+00
1.100000000000000000e+01 2.900000000000000000e+01 7.423139603203377845e+00
1.100000000000000000e+01 3.000000000000000000e+01 7.798848741179774890e+00
1.100000000000000000e+01 3.100000000000000000e+01 8.420929551990571582e+00
1.100000000000000000e+01 3.200000000000000000e+01 1.197695004562651455e+01
1.200000000000000000e+01 1.300000000000000000e+01 8.439135652112193853e+00
1.200000000000000000e+01 1.400000000000000000e+01 6.993029180501157072e+00
1.200000000000000000e+01 1.500000000000000000e+01 8.711445848966794969e+00
1.200000000000000000e+01 1.600000000000000000e+01 7.794653465751039789e+00
1.200000000000000000e+01 1.700000000000000000e+01 8.073149931229394838e+00
1.200000000000000000e+01 1.800000000000000000e+01 8.063902647228296416e+00
1.200000000000000000e+01 1.900000000000000000e+01 8.668544134534997170e+00
1.200000000000000000e+01 2.000000000000000000e+01 8.357549692470131575e+00
1.200000000000000000e+01 2.100000000000000000e+01 3.814994749786794870e+00
1.200000000000000000e+01 2.200000000000000000e+01 8.412782012761292449e+00
1.200000000000000000e+01 2.300000000000000000e+01 3.831163704307390283e+00
1.200000000000000000e+01 2.400000000000000000e+01 3.848165030694371325e+00
1.200000000000000000e+01 2.500000000000000000e+01 9.620244560089837194e+00
1.200000000000000000e+01 2.600000000000000000e+01 9.409446505482675249e+00
1.200000000000000000e+01 2.700000000000000000e+01 9.484618522815299713e+00
1.200000000000000000e+01 2.800000000000000000e+01 8.110596181356147127e+00
1.200000000000000000e+01 2.900000000000000000e+01 7.921964124602887125e+00
1.200000000000000000e+01 3.000000000000000000e+01 8.315779864569698532e+00
1.200000000000000000e+01 3.100000000000000000e+01 8.897936858881475786e+00
1.200000000000000000e+01 3.200000000000000000e+01 1.241127144537094118e+01
1.300000000000000000e+01 1.400000000000000000e+01 8.544909181656866082e+00
1.300000000000000000e+01 1.500000000000000000e+01 9.375949900156816952e+00
1.300000000000000000e+01 1.600000000000000000e+01 9.322404707611426034e+00
1.300000000000000000e+01 1.700000000000000000e+01 9.602103301938342383e+00
1.300000000000000000e+01 1.800000000000000000e+01 9.580895755469711617e+00
1.300000000000000000e+01 1.900000000000000000e+01 1.018187389307336588e+01
1.300000000000000000e+01 2.000000000000000000e+01 9.864664225961488953e+00
1.300000000000000000e+01 2.100000000000000000e+01 4.918542072088955663e+00
1.300000000000000000e+01 2.200000000000000000e+01 9.891477029742530291e+00
1.300000000000000000e+01 2.300000000000000000e+01 4.936264013726497701e+00
1.300000000000000000e+01 2.400000000000000000e+01 4.954748046427715380e+00
1.300000000000000000e+01 2.500000000000000000e+01 1.101328719865889028e+01
1.300000000000000000e+01 2.600000000000000000e+01 1.078978883940963662e+01
1.300000000000000000e+01 2.700000000000000000e+01 1.085669696390569072e+01
1.300000000000000000e+01 2.800000000000000000e+01 9.358811463733456293e+00
1.300000000000000000e+01 2.900000000000000000e+01 9.143383244299311485e+00
1.300000000000000000e+01 3.000000000000000000e+01 9.496123594707245985e+00
1.300000000000000000e+01 3.100000000000000000e+01 1.015712014411318975e+01
1.300000000000000000e+01 3.200000000000000000e+01 1.374996620620490084e+01
1.400000000000000000e+01 1.500000000000000000e+01 8.744026718125807562e+00
1.400000000000000000e+01 1.600000000000000000e+01 4.848661028924723837e+00
1.400000000000000000e+01 1.700000000000000000e+01 4.361785931715431275e+00
1.400000000000000000e+01 1.800000000000000000e+01 4.917270450462465803e+00
1.400000000000000000e+01 1.900000000000000000e+01 4.798273932981057754e+00
1.400000000000000000e+01 2.000000000000000000e+01 4.965108354073281660e+00
1.400000000000000000e+01 2.100000000000000000e+01 3.806659053353222077e+00
1.400000000000000000e+01 2.200000000000000000e+01 5.564433103358178201e+00
1.400000000000000000e+01 2.300000000000000000e+01 3.808597225158194099e+00
1.400000000000000000e+01 2.400000000000000000e+01 3.814764511871640451e+00
1.400000000000000000e+01 2.500000000000000000e+01 7.562648270751015644e+00
1.400000000000000000e+01 2.600000000000000000e+01 7.392025857320193793e+00
1.400000000000000000e+01 2.700000000000000000e+01 7.523206755610999608e+00
1.400000000000000000e+01 2.800000000000000000e+01 7.175028095623506630e+00
1.400000000000000000e+01 2.900000000000000000e+01 7.156430960825865384e+00
1.400000000000000000e+01 3.000000000000000000e+01 7.749509186844193209e+00
1.400000000000000000e+01 3.100000000000000000e+01 7.839479219183143499e+00
1.400000000000000000e+01 3.200000000000000000e+01 1.072342066140834227e+01
1.500000000000000000e+01 1.600000000000000000e+01 9.517462771192533921e+00
1.500000000000000000e+01 1.700000000000000000e+01 9.797626102553525840e+00
1.500000000000000000e+01 1.800000000000000000e+01 9.774570602396906338e+00
1.500000000000000000e+01 1.900000000000000000e+01 1.037532757717038834e+01
1.500000000000000000e+01 2.000000000000000000e+01 1.005709391088057281e+01
1.500000000000000000e+01 2.100000000000000000e+01 5.053356300995561767e+00
1.500000000000000000e+01 2.200000000000000000e+01 1.007983664779109922e+01
1.500000000000000000e+01 2.300000000000000000e+01 5.069791259925826132e+00
1.500000000000000000e+01 2.400000000000000000e+01 5.088118728513611799e+00
1.500000000000000000e+01 2.500000000000000000e+01 1.118980526942618425e+01
1.500000000000000000e+01 2.600000000000000000e+01 1.096470052318374577e+01
1.500000000000000000e+01 2.700000000000000000e+01 1.103052296175847147e+01
1.500000000000000000e+01 2.800000000000000000e+01 9.515329713234368825e+00
1.500000000000000000e+01 2.900000000000000000e+01 9.296310560661009248e+00
1.500000000000000000e+01 3.000000000000000000e+01 9.645040810666156261e+00
1.500000000000000000e+01 3.100000000000000000e+01 1.031581971849036705e+01
1.500000000000000000e+01 3.200000000000000000e+01 1.391938637466635775e+01
1.600000000000000000e+01 1.700000000000000000e+01 5.323214721837771890e+00
1.600000000000000000e+01 1.800000000000000000e+01 4.591079281964820069e+00
1.600000000000000000e+01 1.900000000000000000e+01 6.312244413096060214e+00
1.600000000000000000e+01 2.000000000000000000e+01 5.691771427319407550e+00
1.600000000000000000e+01 2.100000000000000000e+01 4.576771267928567255e+00
1.600000000000000000e+01 2.200000000000000000e+01 6.074012165737228131e+00
1.600000000000000000e+01 2.300000000000000000e+01 4.578092541401836080e+00
1.600000000000000000e+01 2.400000000000000000e+01 4.583781697131827926e+00
1.600000000000000000e+01 2.500000000000000000e+01 8.253536618970450434e+00
1.600000000000000000e+01 2.600000000000000000e+01 8.118783889151396593e+00
1.600000000000000000e+01 2.700000000000000000e+01 8.257825667497350253e+00
1.600000000000000000e+01 2.800000000000000000e+01 7.908875621490008001e+00
1.600000000000000000e+01 2.900000000000000000e+01 7.896835639911664373e+00
1.600000000000000000e+01 3.000000000000000000e+01 8.499142757938091819e+00
1.600000000000000000e+01 3.100000000000000000e+01 8.573084323838077836e+00
1.600000000000000000e+01 3.200000000000000000e+01 1.145498302165542803e+01
1.700000000000000000e+01 1.800000000000000000e+01 4.983680712762303955e+00
1.700000000000000000e+01 1.900000000000000000e+01 5.578093694380594769e+00
1.700000000000000000e+01 2.000000000000000000e+01 5.061382275410759135e+00
1.700000000000000000e+01 2.100000000000000000e+01 4.857574397112472298e+00
1.700000000000000000e+01 2.200000000000000000e+01 6.119414706096330647e+00
1.700000000000000000e+01 2.300000000000000000e+01 4.858794492229379536e+00
1.700000000000000000e+01 2.400000000000000000e+01 4.864399665720521071e+00
1.700000000000000000e+01 2.500000000000000000e+01 8.383332169870779893e+00
1.700000000000000000e+01 2.600000000000000000e+01 8.216995487894136474e+00
1.700000000000000000e+01 2.700000000000000000e+01 8.356648023194708230e+00
1.700000000000000000e+01 2.800000000000000000e+01 8.147260041882883996e+00
1.700000000000000000e+01 2.900000000000000000e+01 8.145929054367218924e+00
1.700000000000000000e+01 3.000000000000000000e+01 8.754496328090290547e+00
1.700000000000000000e+01 3.100000000000000000e+01 8.792984361382366387e+00
1.700000000000000000e+01 3.200000000000000000e+01 1.159412969806686711e+01
1.800000000000000000e+01 1.900000000000000000e+01 6.037555424536090953e+00
1.800000000000000000e+01 2.000000000000000000e+01 5.035313817821942095e+00
1.800000000000000000e+01 2.100000000000000000e+01 4.833112794291036352e+00
1.800000000000000000e+01 2.200000000000000000e+01 5.746029253953684801e+00
1.800000000000000000e+01 2.300000000000000000e+01 4.833959112872906694e+00
1.800000000000000000e+01 2.400000000000000000e+01 4.839270456557949629e+00
1.800000000000000000e+01 2.500000000000000000e+01 8.250520704892675639e+00
1.800000000000000000e+01 2.600000000000000000e+01 8.106859888982414830e+00
1.800000000000000000e+01 2.700000000000000000e+01 8.253895358002644400e+00
1.800000000000000000e+01 2.800000000000000000e+01 8.086173521897212169e+00
1.800000000000000000e+01 2.900000000000000000e+01 8.092811188700487435e+00
1.800000000000000000e+01 3.000000000000000000e+01 8.709093851166741729e+00
1.800000000000000000e+01 3.100000000000000000e+01 8.725579648882405337e+00
1.800000000000000000e+01 3.200000000000000000e+01 1.150087600434271273e+01
1.900000000000000000e+01 2.000000000000000000e+01 5.328090085721859381e+00
1.900000000000000000e+01 2.100000000000000000e+01 5.434126913520065827e+00
1.900000000000000000e+01 2.200000000000000000e+01 6.296667076458964729e+00
1.900000000000000000e+01 2.300000000000000000e+01 5.434673066291629162e+00
1.900000000000000000e+01 2.400000000000000000e+01 5.439744739425185216e+00
1.900000000000000000e+01 2.500000000000000000e+01 8.591563158138569634e+00
1.900000000000000000e+01 2.600000000000000000e+01 8.369759783617299220e+00
1.900000000000000000e+01 2.700000000000000000e+01 8.512366849695034432e+00
1.900000000000000000e+01 2.800000000000000000e+01 8.606970503069916845e+00
1.900000000000000000e+01 2.900000000000000000e+01 8.633099913813975235e+00
1.900000000000000000e+01 3.000000000000000000e+01 9.261664995113410015e+00
1.900000000000000000e+01 3.100000000000000000e+01 9.212693621099358410e+00
1.900000000000000000e+01 3.200000000000000000e+01 1.183627990898493998e+01
2.000000000000000000e+01 2.100000000000000000e+01 5.115029071008279971e+00
2.000000000000000000e+01 2.200000000000000000e+01 5.549219990202315600e+00
2.000000000000000000e+01 2.300000000000000000e+01 5.115414613554233547e+00
2.000000000000000000e+01 2.400000000000000000e+01 5.120360359040143194e+00
2.000000000000000000e+01 2.500000000000000000e+01 8.251914167794680566e+00
2.000000000000000000e+01 2.600000000000000000e+01 8.070867057755743090e+00
2.000000000000000000e+01 2.700000000000000000e+01 8.222232373992309107e+00
2.000000000000000000e+01 2.800000000000000000e+01 8.282311354056322017e+00
2.000000000000000000e+01 2.900000000000000000e+01 8.309317368017726579e+00
2.000000000000000000e+01 3.000000000000000000e+01 8.940074845926439195e+00
2.000000000000000000e+01 3.100000000000000000e+01 8.891535305875859052e+00
2.000000000000000000e+01 3.200000000000000000e+01 1.153394523720291964e+01
2.100000000000000000e+01 2.200000000000000000e+01 5.134995175375342669e+00
2.100000000000000000e+01 2.300000000000000000e+01 6.586077874880302829e-02
2.100000000000000000e+01 2.400000000000000000e+01 8.700898550035240930e-02
2.100000000000000000e+01 2.500000000000000000e+01 6.238064395665571027e+00
2.100000000000000000e+01 2.600000000000000000e+01 6.012947853649718510e+00
2.100000000000000000e+01 2.700000000000000000e+01 6.078502117960617568e+00
2.100000000000000000e+01 2.800000000000000000e+01 4.552710737792521556e+00
2.100000000000000000e+01 2.900000000000000000e+01 4.332858747943637567e+00
2.100000000000000000e+01 3.000000000000000000e+01 4.690852369660971632e+00
2.100000000000000000e+01 3.100000000000000000e+01 5.358500294514140450e+00
2.100000000000000000e+01 3.200000000000000000e+01 8.966185430245802834e+00
2.200000000000000000e+01 2.300000000000000000e+01 5.134328136110879903e+00
2.200000000000000000e+01 2.400000000000000000e+01 5.138440126545420483e+00
2.200000000000000000e+01 2.500000000000000000e+01 7.798655192191006336e+00
2.200000000000000000e+01 2.600000000000000000e+01 7.675631032784879793e+00
2.200000000000000000e+01 2.700000000000000000e+01 7.856161247041647755e+00
2.200000000000000000e+01 2.800000000000000000e+01 8.161730843184528794e+00
2.200000000000000000e+01 2.900000000000000000e+01 8.221247613852103342e+00
2.200000000000000000e+01 3.000000000000000000e+01 8.878811168656810082e+00
2.200000000000000000e+01 3.100000000000000000e+01 8.735211218787373610e+00
2.200000000000000000e+01 3.200000000000000000e+01 1.123071560203788088e+01
2.300000000000000000e+01 2.400000000000000000e+01 6.232897658879732461e-02
2.300000000000000000e+01 2.500000000000000000e+01 6.233803896811306089e+00
2.300000000000000000e+01 2.600000000000000000e+01 6.008054612047212473e+00
2.300000000000000000e+01 2.700000000000000000e+01 6.073231342627593676e+00
2.300000000000000000e+01 2.800000000000000000e+01 4.541565496900293653e+00
2.300000000000000000e+01 2.900000000000000000e+01 4.320296390041697521e+00
2.300000000000000000e+01 3.000000000000000000e+01 4.676717875228820986e+00
2.300000000000000000e+01 3.100000000000000000e+01 5.348079928936829930e+00
2.300000000000000000e+01 3.200000000000000000e+01 8.959444878547133229e+00
2.400000000000000000e+01 2.500000000000000000e+01 6.235077863159606437e+00
2.400000000000000000e+01 2.600000000000000000e+01 6.008855567444461698e+00
2.400000000000000000e+01 2.700000000000000000e+01 6.073744939127148967e+00
2.400000000000000000e+01 2.800000000000000000e+01 4.537467741265446719e+00
2.400000000000000000e+01 2.900000000000000000e+01 4.315239526832064243e+00
2.400000000000000000e+01 3.000000000000000000e+01 4.670919356434085401e+00
2.400000000000000000e+01 3.100000000000000000e+01 5.344675589386600478e+00
2.400000000000000000e+01 3.200000000000000000e+01 8.958840122144712481e+00
2.500000000000000000e+01 2.600000000000000000e+01 6.720229269781244241e+00
2.500000000000000000e+01 2.700000000000000000e+01 7.253997245295234819e+00
2.500000000000000000e+01 2.800000000000000000e+01 8.622780996942367437e+00
2.500000000000000000e+01 2.900000000000000000e+01 8.840792663107144733e+00
2.500000000000000000e+01 3.000000000000000000e+01 9.613782874971676051e+00
2.500000000000000000e+01 3.100000000000000000e+01 8.998211918492756922e+00
2.500000000000000000e+01 3.200000000000000000e+01 1.081915299236319505e+01
2.600000000000000000e+01 2.700000000000000000e+01 5.117309718235304672e+00
2.600000000000000000e+01 2.800000000000000000e+01 8.204323490328786050e+00
2.600000000000000000e+01 2.900000000000000000e+01 8.458600707711802613e+00
2.600000000000000000e+01 3.000000000000000000e+01 9.247918253976578740e+00
2.600000000000000000e+01 3.100000000000000000e+01 8.434304781735928458e+00
2.600000000000000000e+01 3.200000000000000000e+01 9.362557397365963041e+00
2.700000000000000000e+01 2.800000000000000000e+01 8.177862720827402399e+00
2.700000000000000000e+01 2.900000000000000000e+01 8.448343442682002546e+00
2.700000000000000000e+01 3.000000000000000000e+01 9.245456866135121743e+00
2.700000000000000000e+01 3.100000000000000000e+01 8.342386313199845915e+00
2.700000000000000000e+01 3.200000000000000000e+01 8.786446385905639644e+00
2.800000000000000000e+01 2.900000000000000000e+01 5.359716558180416257e+00
2.800000000000000000e+01 3.000000000000000000e+01 7.019621688113179658e+00
2.800000000000000000e+01 3.100000000000000000e+01 6.059896801747107986e+00
2.800000000000000000e+01 3.200000000000000000e+01 1.075173410369744254e+01
2.900000000000000000e+01 3.000000000000000000e+01 6.346505232101190330e+00
2.900000000000000000e+01 3.100000000000000000e+01 6.502563291072998908e+00
2.900000000000000000e+01 3.200000000000000000e+01 1.106370898746842890e+01
3.000000000000000000e+01 3.100000000000000000e+01 7.562851183369957653e+00
3.000000000000000000e+01 3.200000000000000000e+01 1.187521572229966260e+01
3.100000000000000000e+01 3.200000000000000000e+01 1.066775105328041739e+01
