1.000000000000000000e+00 2.000000000000000000e+00 1.077574907850961239e+01
1.000000000000000000e+00 3.000000000000000000e+00 7.632249801665954791e+00
1.000000000000000000e+00 4.000000000000000000e+00 1.002718685434993517e+01
1.000000000000000000e+00 5.000000000000000000e+00 7.792892842724315372e+00
1.000000000000000000e+00 6.000000000000000000e+00 9.771304616809642241e+00
1.000000000000000000e+00 7.000000000000000000e+00 1.043526133016762181e+01
1.000000000000000000e+00 8.000000000000000000e+00 1.034526129519241877e+01
1.000000000000000000e+00 9.000000000000000000e+00 1.002162933916023313e+01
1.000000000000000000e+00 1.000000000000000000e+01 1.053040027031013182e+01
1.000000000000000000e+00 1.100000000000000000e+01 1.021421949112470884e+01
1.000000000000000000e+00 1.200000000000000000e+01 1.061968049380005041e+01
1.000000000000000000e+00 1.300000000000000000e+01 1.194558701129652789e+01
1.000000000000000000e+00 1.400000000000000000e+01 1.123634715522621264e+01
1.000000000000000000e+00 1.500000000000000000e+01 1.245686356094114089e+01
1.000000000000000000e+00 1.600000000000000000e+01 1.192405232419965166e+01
1.000000000000000000e+00 1.700000000000000000e+01 1.224165555756987978e+01
1.000000000000000000e+00 1.800000000000000000e+01 1.219345150675795786e+01
1.000000000000000000e+00 1.900000000000000000e+01 1.288664094262645143e+01
1.000000000000000000e+00 2.000000000000000000e+01 1.250895925460096336e+01
1.000000000000000000e+00 2.100000000000000000e+01 7.881099235501453748e+00
1.000000000000000000e+00 2.200000000000000000e+01 1.253749216142264622e+01
1.000000000000000000e+00 2.300000000000000000e+01 7.951407312379488168e+00
1.000000000000000000e+00 2.400000000000000000e+01 8.049122059489693726e+00
1.000000000000000000e+00 2.500000000000000000e+01 1.379622546360690016e+01
1.000000000000000000e+00 2.600000000000000000e+01 1.364727794081090195e+01
1.000000000000000000e+00 2.700000000000000000e+01 1.375538711511071099e+01
1.000000000000000000e+00 2.800000000000000000e+01 1.233922485057722085e+01
1.000000000000000000e+00 2.900000000000000000e+01 1.215556084995739283e+01
1.000000000000000000e+00 3.000000000000000000e+01 1.254071805751391189e+01
1.000000000000000000e+00 3.100000000000000000e+01 1.313609832516347353e+01
1.000000000000000000e+00 3.200000000000000000e+01 1.675521685357350421e+01
2.000000000000000000e+00 3.000000000000000000e+00 7.071945217855173382e+00
2.000000000000000000e+00 4.000000000000000000e+00 9.386380267204934569e+00
2.000000000000000000e+00 5.000000000000000000e+00 7.226346533144020867e+00
2.000000000000000000e+00 6.000000000000000000e+00 9.192923531182943364e+00
2.000000000000000000e+00 7.000000000000000000e+00 9.784749268091266217e+00
2.000000000000000000e+00 8.000000000000000000e+00 9.777479960629644751e+00
2.000000000000000000e+00 9.000000000000000000e+00 9.158486048599479901e+00
2.000000000000000000e+00 1.000000000000000000e+01 9.930692659779815301e+00
2.000000000000000000e+00 1.100000000000000000e+01 9.412219026334391003e+00
2.000000000000000000e+00 1.200000000000000000e+01 9.887334127471635981e+00
2.000000000000000000e+00 1.300000000000000000e+01 1.121629771771398154e+01
2.000000000000000000e+00 1.400000000000000000e+01 1.064195816391472604e+01
2.000000000000000000e+00 1.500000000000000000e+01 1.183235035138828906e+01
2.000000000000000000e+00 1.600000000000000000e+01 1.132577103238449290e+01
2.000000000000000000e+00 1.700000000000000000e+01 1.164545058068174832e+01
2.000000000000000000e+00 1.800000000000000000e+01 1.159610009538992337e+01
2.000000000000000000e+00 1.900000000000000000e+01 1.229141914042220485e+01
2.000000000000000000e+00 2.000000000000000000e+01 1.191277559095024330e+01
2.000000000000000000e+00 2.100000000000000000e+01 7.235930533229549155e+00
2.000000000000000000e+00 2.200000000000000000e+01 1.194097829467030714e+01
2.000000000000000000e+00 2.300000000000000000e+01 7.321449764889151446e+00
2.000000000000000000e+00 2.400000000000000000e+01 7.429192453099439319e+00
2.000000000000000000e+00 2.500000000000000000e+01 1.320415868624067635e+01
2.000000000000000000e+00 2.600000000000000000e+01 1.305811513208226415e+01
2.000000000000000000e+00 2.700000000000000000e+01 1.316755128114256834e+01
2.000000000000000000e+00 2.800000000000000000e+01 1.175942226184973194e+01
2.000000000000000000e+00 2.900000000000000000e+01 1.158063373069524005e+01
2.000000000000000000e+00 3.000000000000000000e+01 1.198939132644210481e+01
2.000000000000000000e+00 3.100000000000000000e+01 1.256257945916536301e+01
2.000000000000000000e+00 3.200000000000000000e+01 1.617231045774014930e+01
3.000000000000000000e+00 4.000000000000000000e+00 3.412890847049325771e+00
3.000000000000000000e+00 5.000000000000000000e+00 6.231279612085138808e-01
3.000000000000000000e+00 6.000000000000000000e+00 2.934105313217754585e+00
3.000000000000000000e+00 7.000000000000000000e+00 4.086468761210033662e+00
3.000000000000000000e+00 8.000000000000000000e+00 3.748931318993026451e+00
3.000000000000000000e+00 9.000000000000000000e+00 4.835606997420248021e+00
3.000000000000000000e+00 1.000000000000000000e+01 4.039960292535383246e+00
3.000000000000000000e+00 1.100000000000000000e+01 4.966950714664591260e+00
3.000000000000000000e+00 1.200000000000000000e+01 5.068155677645325596e+00
3.000000000000000000e+00 1.300000000000000000e+01 7.246677502417885108e+00
3.000000000000000000e+00 1.400000000000000000e+01 5.755480681916274932e+00
3.000000000000000000e+00 1.500000000000000000e+01 7.693512773588491171e+00
3.000000000000000000e+00 1.600000000000000000e+01 6.497047843423734648e+00
3.000000000000000000e+00 1.700000000000000000e+01 6.804663422673113971e+00
3.000000000000000000e+00 1.800000000000000000e+01 6.781383966739424451e+00
3.000000000000000000e+00 1.900000000000000000e+01 7.474790198702558897e+00
3.000000000000000000e+00 2.000000000000000000e+01 7.109888470384394310e+00
3.000000000000000000e+00 2.100000000000000000e+01 2.969377751414469913e+00
3.000000000000000000e+00 2.200000000000000000e+01 7.186963778935124836e+00
3.000000000000000000e+00 2.300000000000000000e+01 3.046782942656265369e+00
3.000000000000000000e+00 2.400000000000000000e+01 3.145877954701427726e+00
3.000000000000000000e+00 2.500000000000000000e+01 8.575493388789846350e+00
3.000000000000000000e+00 2.600000000000000000e+01 8.444671561754429234e+00
3.000000000000000000e+00 2.700000000000000000e+01 8.565152184480577802e+00
3.000000000000000000e+00 2.800000000000000000e+01 7.321408551505491857e+00
3.000000000000000000e+00 2.900000000000000000e+01 7.176580784271088476e+00
3.000000000000000000e+00 3.000000000000000000e+01 7.641479886772918562e+00
3.000000000000000000e+00 3.100000000000000000e+01 8.111601526054172950e+00
3.000000000000000000e+00 3.200000000000000000e+01 1.161730428610284704e+01
4.000000000000000000e+00 5.000000000000000000e+00 3.522881316758196490e+00
4.000000000000000000e+00 6.000000000000000000e+00 5.714292028737267159e+00
4.000000000000000000e+00 7.000000000000000000e+00 6.474522949786473802e+00
4.000000000000000000e+00 8.000000000000000000e+00 6.518900181951845951e+00
4.000000000000000000e+00 9.000000000000000000e+00 6.972044552951826901e+00
4.000000000000000000e+00 1.000000000000000000e+01 6.710734540059238640e+00
4.000000000000000000e+00 1.100000000000000000e+01 7.214589139096343473e+00
4.000000000000000000e+00 1.200000000000000000e+01 7.393539183364222112e+00
4.000000000000000000e+00 1.300000000000000000e+01 9.533494569250528627e+00
4.000000000000000000e+00 1.400000000000000000e+01 8.242905930529033753e+00
4.000000000000000000e+00 1.500000000000000000e+01 1.001503320098642291e+01
4.000000000000000000e+00 1.600000000000000000e+01 8.969786779978106139e+00
4.000000000000000000e+00 1.700000000000000000e+01 9.280881085375314754e+00
4.000000000000000000e+00 1.800000000000000000e+01 9.251193059536605645e+00
4.000000000000000000e+00 1.900000000000000000e+01 9.945717279794690668e+00
4.000000000000000000e+00 2.000000000000000000e+01 9.577327440254325808e+00
4.000000000000000000e+00 2.100000000000000000e+01 5.307079224156133535e+00
4.000000000000000000e+00 2.200000000000000000e+01 9.642992538828080384e+00
4.000000000000000000e+00 2.300000000000000000e+01 5.389047280864207146e+00
4.000000000000000000e+00 2.400000000000000000e+01 5.491842415502100394e+00
4.000000000000000000e+00 2.500000000000000000e+01 1.100372101326994034e+01
4.000000000000000000e+00 2.600000000000000000e+01 1.087003564617858942e+01
4.000000000000000000e+00 2.700000000000000000e+01 1.098826377207673843e+01
4.000000000000000000e+00 2.800000000000000000e+01 9.708751970982604007e+00
4.000000000000000000e+00 2.900000000000000000e+01 9.557191266159193788e+00
4.000000000000000000e+00 3.000000000000000000e+01 1.001374122944982936e+01
4.000000000000000000e+00 3.100000000000000000e+01 1.050302042557261828e+01
4.000000000000000000e+00 3.200000000000000000e+01 1.403056327488636512e+01
5.000000000000000000e+00 6.000000000000000000e+00 3.055324734756428740e+00
5.000000000000000000e+00 7.000000000000000000e+00 4.182811422811498758e+00
5.000000000000000000e+00 8.000000000000000000e+00 3.919504640799701178e+00
5.000000000000000000e+00 9.000000000000000000e+00 4.970393813307717679e+00
5.000000000000000000e+00 1.000000000000000000e+01 4.186943378863729137e+00
5.000000000000000000e+00 1.100000000000000000e+01 5.102286120491491772e+00
5.000000000000000000e+00 1.200000000000000000e+01 5.202169591164343743e+00
5.000000000000000000e+00 1.300000000000000000e+01 7.391654961299884974e+00
5.000000000000000000e+00 1.400000000000000000e+01 5.914811831330055725e+00
5.000000000000000000e+00 1.500000000000000000e+01 7.840430723700983151e+00
5.000000000000000000e+00 1.600000000000000000e+01 6.655039886385429426e+00
5.000000000000000000e+00 1.700000000000000000e+01 6.963014216575144744e+00
5.000000000000000000e+00 1.800000000000000000e+01 6.939176931023022021e+00
5.000000000000000000e+00 1.900000000000000000e+01 7.632747140100386574e+00
5.000000000000000000e+00 2.000000000000000000e+01 7.267530522474498156e+00
5.000000000000000000e+00 2.100000000000000000e+01 3.117012576484620823e+00
5.000000000000000000e+00 2.200000000000000000e+01 7.343677691728077050e+00
5.000000000000000000e+00 2.300000000000000000e+01 3.194811977010362902e+00
5.000000000000000000e+00 2.400000000000000000e+01 3.294215273160748580e+00
5.000000000000000000e+00 2.500000000000000000e+01 8.730070857770423132e+00
5.000000000000000000e+00 2.600000000000000000e+01 8.599056288117967739e+00
5.000000000000000000e+00 2.700000000000000000e+01 8.719373450219706001e+00
5.000000000000000000e+00 2.800000000000000000e+01 7.472941802910412434e+00
5.000000000000000000e+00 2.900000000000000000e+01 7.327637187811038899e+00
5.000000000000000000e+00 3.000000000000000000e+01 7.792033896298372397e+00
5.000000000000000000e+00 3.100000000000000000e+01 8.263478218631803429e+00
5.000000000000000000e+00 3.200000000000000000e+01 1.177079669792858496e+01
6.000000000000000000e+00 7.000000000000000000e+00 5.588359527145394523e+00
6.000000000000000000e+00 8.000000000000000000e+00 5.731331594803940277e+00
6.000000000000000000e+00 9.000000000000000000e+00 6.863714738685969152e+00
6.000000000000000000e+00 1.000000000000000000e+01 5.673295862546897439e+00
6.000000000000000000e+00 1.100000000000000000e+01 6.933756520422246439e+00
6.000000000000000000e+00 1.200000000000000000e+01 6.955936813613252667e+00
6.000000000000000000e+00 1.300000000000000000e+01 9.281685158621293397e+00
6.000000000000000000e+00 1.400000000000000000e+01 7.810152849024266430e+00
6.000000000000000000e+00 1.500000000000000000e+01 9.725571214201529813e+00
6.000000000000000000e+00 1.600000000000000000e+01 8.546715067872396432e+00
6.000000000000000000e+00 1.700000000000000000e+01 8.856037171084329529e+00
6.000000000000000000e+00 1.800000000000000000e+01 8.830906237905361778e+00
6.000000000000000000e+00 1.900000000000000000e+01 9.525470227112334598e+00
6.000000000000000000e+00 2.000000000000000000e+01 9.159419881046591883e+00
6.000000000000000000e+00 2.100000000000000000e+01 4.997841955122948931e+00
6.000000000000000000e+00 2.200000000000000000e+01 9.234014506411805101e+00
6.000000000000000000e+00 2.300000000000000000e+01 5.076454820606900675e+00
6.000000000000000000e+00 2.400000000000000000e+01 5.176397912203773544e+00
6.000000000000000000e+00 2.500000000000000000e+01 1.061805931003751446e+01
6.000000000000000000e+00 2.600000000000000000e+01 1.048711037773058052e+01
6.000000000000000000e+00 2.700000000000000000e+01 1.060734532936887220e+01
6.000000000000000000e+00 2.800000000000000000e+01 9.358589841309793655e+00
6.000000000000000000e+00 2.900000000000000000e+01 9.213172133706660105e+00
6.000000000000000000e+00 3.000000000000000000e+01 9.678385415100402511e+00
6.000000000000000000e+00 3.100000000000000000e+01 1.014979164379082377e+01
6.000000000000000000e+00 3.200000000000000000e+01 1.365825109373969681e+01
7.000000000000000000e+00 8.000000000000000000e+00 6.716301488861798674e+00
7.000000000000000000e+00 9.000000000000000000e+00 7.160029712427197879e+00
7.000000000000000000e+00 1.000000000000000000e+01 6.356747624266716912e+00
7.000000000000000000e+00 1.100000000000000000e+01 7.105946129182576954e+00
7.000000000000000000e+00 1.200000000000000000e+01 6.995974419705174085e+00
7.000000000000000000e+00 1.300000000000000000e+01 9.682891025983924038e+00
7.000000000000000000e+00 1.400000000000000000e+01 8.416142718310588577e+00
7.000000000000000000e+00 1.500000000000000000e+01 1.014863087913134621e+01
7.000000000000000000e+00 1.600000000000000000e+01 9.132277802565342384e+00
7.000000000000000000e+00 1.700000000000000000e+01 9.447134720266282315e+00
7.000000000000000000e+00 1.800000000000000000e+01 9.413513980390847635e+00
7.000000000000000000e+00 1.900000000000000000e+01 1.011067065250199981e+01
7.000000000000000000e+00 2.000000000000000000e+01 9.739814071828636344e+00
7.000000000000000000e+00 2.100000000000000000e+01 5.427820701287597416e+00
7.000000000000000000e+00 2.200000000000000000e+01 9.800376616025987531e+00
7.000000000000000000e+00 2.300000000000000000e+01 5.512638431470915812e+00
7.000000000000000000e+00 2.400000000000000000e+01 5.617373465931503773e+00
7.000000000000000000e+00 2.500000000000000000e+01 1.115243677314830784e+01
7.000000000000000000e+00 2.600000000000000000e+01 1.101871616502274875e+01
7.000000000000000000e+00 2.700000000000000000e+01 1.113654658272121978e+01
7.000000000000000000e+00 2.800000000000000000e+01 9.847801110241082512e+00
7.000000000000000000e+00 2.900000000000000000e+01 9.695433436663332571e+00
7.000000000000000000e+00 3.000000000000000000e+01 1.015384380023226463e+01
7.000000000000000000e+00 3.100000000000000000e+01 1.064431750395491960e+01
7.000000000000000000e+00 3.200000000000000000e+01 1.417667724989889777e+01
8.000000000000000000e+00 9.000000000000000000e+00 7.476806945652432645e+00
8.000000000000000000e+00 1.000000000000000000e+01 5.820302772523120893e+00
8.000000000000000000e+00 1.100000000000000000e+01 7.514167327891563275e+00
8.000000000000000000e+00 1.200000000000000000e+01 7.499798870823685348e+00
8.000000000000000000e+00 1.300000000000000000e+01 9.804640841529735695e+00
8.000000000000000000e+00 1.400000000000000000e+01 8.130998803370250272e+00
8.000000000000000000e+00 1.500000000000000000e+01 1.021139118236676424e+01
8.000000000000000000e+00 1.600000000000000000e+01 8.875524659067073330e+00
8.000000000000000000e+00 1.700000000000000000e+01 9.184230762054680142e+00
8.000000000000000000e+00 1.800000000000000000e+01 9.163460826441587770e+00
8.000000000000000000e+00 1.900000000000000000e+01 9.859320837799279147e+00
8.000000000000000000e+00 2.000000000000000000e+01 9.495286784077702436e+00
8.000000000000000000e+00 2.100000000000000000e+01 5.461652011382140515e+00
8.000000000000000000e+00 2.200000000000000000e+01 9.579657556807147145e+00
8.000000000000000000e+00 2.300000000000000000e+01 5.536283208289868973e+00
8.000000000000000000e+00 2.400000000000000000e+01 5.632829456721896833e+00
8.000000000000000000e+00 2.500000000000000000e+01 1.099092684099291439e+01
8.000000000000000000e+00 2.600000000000000000e+01 1.086337261716027669e+01
8.000000000000000000e+00 2.700000000000000000e+01 1.098601258332102759e+01
8.000000000000000000e+00 2.800000000000000000e+01 9.773601277003880483e+00
8.000000000000000000e+00 2.900000000000000000e+01 9.635580356546281422e+00
8.000000000000000000e+00 3.000000000000000000e+01 1.011145643333290600e+01
8.000000000000000000e+00 3.100000000000000000e+01 1.056128749558602919e+01
8.000000000000000000e+00 3.200000000000000000e+01 1.404710797758355056e+01
9.000000000000000000e+00 1.000000000000000000e+01 7.517992133672887434e+00
9.000000000000000000e+00 1.100000000000000000e+01 6.364525390630721091e+00
9.000000000000000000e+00 1.200000000000000000e+01 7.050172277669652487e+00
9.000000000000000000e+00 1.300000000000000000e+01 8.668476590394426751e+00
9.000000000000000000e+00 1.400000000000000000e+01 8.195184141695410318e+00
9.000000000000000000e+00 1.500000000000000000e+01 9.307877890361670126e+00
9.000000000000000000e+00 1.600000000000000000e+01 8.865350468485678093e+00
9.000000000000000000e+00 1.700000000000000000e+01 9.189745387076472483e+00
9.000000000000000000e+00 1.800000000000000000e+01 9.135204941753416463e+00
9.000000000000000000e+00 1.900000000000000000e+01 9.833881419931378431e+00
9.000000000000000000e+00 2.000000000000000000e+01 9.451988291407516840e+00
9.000000000000000000e+00 2.100000000000000000e+01 4.657939910820585894e+00
9.000000000000000000e+00 2.200000000000000000e+01 9.473179401452371806e+00
9.000000000000000000e+00 2.300000000000000000e+01 4.761405970533876264e+00
9.000000000000000000e+00 2.400000000000000000e+01 4.881126473497515050e+00
9.000000000000000000e+00 2.500000000000000000e+01 1.072547260728824092e+01
9.000000000000000000e+00 2.600000000000000000e+01 1.058089338675248214e+01
9.000000000000000000e+00 2.700000000000000000e+01 1.069045716507421417e+01
9.000000000000000000e+00 2.800000000000000000e+01 9.271229572641821903e+00
9.000000000000000000e+00 2.900000000000000000e+01 9.093841937159186983e+00
9.000000000000000000e+00 3.000000000000000000e+01 9.521647668396875375e+00
9.000000000000000000e+00 3.100000000000000000e+01 1.008275160603482590e+01
9.000000000000000000e+00 3.200000000000000000e+01 1.369480515857409486e+01
1.000000000000000000e+01 1.100000000000000000e+01 7.482199203866098713e+00
1.000000000000000000e+01 1.200000000000000000e+01 7.333994875509535660e+00
1.000000000000000000e+01 1.300000000000000000e+01 9.879467000493963980e+00
1.000000000000000000e+01 1.400000000000000000e+01 8.354784979657932098e+00
1.000000000000000000e+01 1.500000000000000000e+01 1.029942881517198217e+01
1.000000000000000000e+01 1.600000000000000000e+01 9.085015338130384421e+00
1.000000000000000000e+01 1.700000000000000000e+01 9.397409385029908080e+00
1.000000000000000000e+01 1.800000000000000000e+01 9.370538627663593800e+00
1.000000000000000000e+01 1.900000000000000000e+01 1.006792180380322499e+01
1.000000000000000000e+01 2.000000000000000000e+01 9.700499592037733265e+00
1.000000000000000000e+01 2.100000000000000000e+01 5.555929982373065457e+00
1.000000000000000000e+01 2.200000000000000000e+01 9.774466224781791723e+00
1.000000000000000000e+01 2.300000000000000000e+01 5.634629326239340763e+00
1.000000000000000000e+01 2.400000000000000000e+01 5.734384519956744697e+00
1.000000000000000000e+01 2.500000000000000000e+01 1.116152298880276739e+01
1.000000000000000000e+01 2.600000000000000000e+01 1.103177006146470873e+01
1.000000000000000000e+01 2.700000000000000000e+01 1.115255388660374791e+01
1.000000000000000000e+01 2.800000000000000000e+01 9.909814635256577020e+00
1.000000000000000000e+01 2.900000000000000000e+01 9.766413010641738168e+00
1.000000000000000000e+01 3.000000000000000000e+01 1.023638080030576170e+01
1.000000000000000000e+01 3.100000000000000000e+01 1.070128188670287983e+01
1.000000000000000000e+01 3.200000000000000000e+01 1.420538349988147431e+01
1.100000000000000000e+01 1.200000000000000000e+01 6.280416303647744058e+00
1.100000000000000000e+01 1.300000000000000000e+01 8.731492513523530619e+00
1.100000000000000000e+01 1.400000000000000000e+01 8.158394620871817438e+00
1.100000000000000000e+01 1.500000000000000000e+01 9.300492690121529904e+00
1.100000000000000000e+01 1.600000000000000000e+01 8.824042932169303910e+00
1.100000000000000000e+01 1.700000000000000000e+01 9.150502225620590124e+00
1.100000000000000000e+01 1.800000000000000000e+01 9.094576253276004607e+00
1.100000000000000000e+01 1.900000000000000000e+01 9.795082153899612010e+00
1.100000000000000000e+01 2.000000000000000000e+01 9.412171308407831560e+00
1.100000000000000000e+01 2.100000000000000000e+01 4.620213083746024907e+00
1.100000000000000000e+01 2.200000000000000000e+01 9.432436342389619810e+00
1.100000000000000000e+01 2.300000000000000000e+01 4.725331094322460679e+00
1.100000000000000000e+01 2.400000000000000000e+01 4.845935163789455657e+00
1.100000000000000000e+01 2.500000000000000000e+01 1.068576535031660946e+01
1.100000000000000000e+01 2.600000000000000000e+01 1.054213019762170944e+01
1.100000000000000000e+01 2.700000000000000000e+01 1.065208039522775962e+01
1.100000000000000000e+01 2.800000000000000000e+01 9.236035961170902198e+00
1.100000000000000000e+01 2.900000000000000000e+01 9.060203264676307100e+00
1.100000000000000000e+01 3.000000000000000000e+01 9.493006609258523909e+00
1.100000000000000000e+01 3.100000000000000000e+01 1.004847533492106493e+01
1.100000000000000000e+01 3.200000000000000000e+01 1.365771651450113922e+01
1.200000000000000000e+01 1.300000000000000000e+01 9.336248938126104235e+00
1.200000000000000000e+01 1.400000000000000000e+01 8.346275481223496939e+00
1.200000000000000000e+01 1.500000000000000000e+01 9.788679822473863368e+00
1.200000000000000000e+01 1.600000000000000000e+01 9.024075462356611510e+00
1.200000000000000000e+01 1.700000000000000000e+01 9.349920201424177790e+00
1.200000000000000000e+01 1.800000000000000000e+01 9.300691279445965520e+00
1.200000000000000000e+01 1.900000000000000000e+01 1.000360751764796241e+01
1.200000000000000000e+01 2.000000000000000000e+01 9.623754316876940607e+00
1.200000000000000000e+01 2.100000000000000000e+01 5.057364592930975178e+00
1.200000000000000000e+01 2.200000000000000000e+01 9.659484323900278113e+00
1.200000000000000000e+01 2.300000000000000000e+01 5.153656328268126252e+00
1.200000000000000000e+01 2.400000000000000000e+01 5.266989075019985478e+00
1.200000000000000000e+01 2.500000000000000000e+01 1.095732661671395114e+01
1.200000000000000000e+01 2.600000000000000000e+01 1.081957358549534831e+01
1.200000000000000000e+01 2.700000000000000000e+01 1.093356807409226050e+01
1.200000000000000000e+01 2.800000000000000000e+01 9.578661286841160916e+00
1.200000000000000000e+01 2.900000000000000000e+01 9.415578547635579554e+00
1.200000000000000000e+01 3.000000000000000000e+01 9.865954451193788444e+00
1.200000000000000000e+01 3.100000000000000000e+01 1.038491493598046134e+01
1.200000000000000000e+01 3.200000000000000000e+01 1.395616081104252260e+01
1.300000000000000000e+01 1.400000000000000000e+01 1.003345219671773236e+01
1.300000000000000000e+01 1.500000000000000000e+01 1.030372732996271878e+01
1.300000000000000000e+01 1.600000000000000000e+01 1.067493494236762608e+01
1.300000000000000000e+01 1.700000000000000000e+01 1.100452053394896090e+01
1.300000000000000000e+01 1.800000000000000000e+01 1.093654517123306569e+01
1.300000000000000000e+01 1.900000000000000000e+01 1.163501382408907681e+01
1.300000000000000000e+01 2.000000000000000000e+01 1.124622710698148254e+01
1.300000000000000000e+01 2.100000000000000000e+01 6.127952147959801366e+00
1.300000000000000000e+01 2.200000000000000000e+01 1.124101696728716071e+01
1.300000000000000000e+01 2.300000000000000000e+01 6.237521081332203288e+00
1.300000000000000000e+01 2.400000000000000000e+01 6.364336345862399824e+00
1.300000000000000000e+01 2.500000000000000000e+01 1.242351493227219983e+01
1.300000000000000000e+01 2.600000000000000000e+01 1.227039795166272285e+01
1.300000000000000000e+01 2.700000000000000000e+01 1.237382733321852157e+01
1.300000000000000000e+01 2.800000000000000000e+01 1.086118454776422126e+01
1.300000000000000000e+01 2.900000000000000000e+01 1.066463232226290003e+01
1.300000000000000000e+01 3.000000000000000000e+01 1.106495070111384571e+01
1.300000000000000000e+01 3.100000000000000000e+01 1.168179886756079711e+01
1.300000000000000000e+01 3.200000000000000000e+01 1.535202164710743133e+01
1.400000000000000000e+01 1.500000000000000000e+01 1.009996844546712325e+01
1.400000000000000000e+01 1.600000000000000000e+01 5.576126600760380470e+00
1.400000000000000000e+01 1.700000000000000000e+01 4.957627185077305043e+00
1.400000000000000000e+01 1.800000000000000000e+01 5.621997534452008338e+00
1.400000000000000000e+01 1.900000000000000000e+01 5.462898188895779938e+00
1.400000000000000000e+01 2.000000000000000000e+01 5.658511847727588417e+00
1.400000000000000000e+01 2.100000000000000000e+01 5.119009450929871363e+00
1.400000000000000000e+01 2.200000000000000000e+01 6.385851148287004619e+00
1.400000000000000000e+01 2.300000000000000000e+01 5.126555938267270740e+00
1.400000000000000000e+01 2.400000000000000000e+01 5.166694406170854847e+00
1.400000000000000000e+01 2.500000000000000000e+01 8.636376115716172919e+00
1.400000000000000000e+01 2.600000000000000000e+01 8.531181539043195983e+00
1.400000000000000000e+01 2.700000000000000000e+01 8.705624889256753818e+00
1.400000000000000000e+01 2.800000000000000000e+01 8.481594676954646417e+00
1.400000000000000000e+01 2.900000000000000000e+01 8.497789178394178577e+00
1.400000000000000000e+01 3.000000000000000000e+01 9.156234184543881938e+00
1.400000000000000000e+01 3.100000000000000000e+01 9.152445368542430515e+00
1.400000000000000000e+01 3.200000000000000000e+01 1.204520401209317981e+01
1.500000000000000000e+01 1.600000000000000000e+01 1.071939352628508679e+01
1.500000000000000000e+01 1.700000000000000000e+01 1.105250672918471899e+01
1.500000000000000000e+01 1.800000000000000000e+01 1.097389223877469711e+01
1.500000000000000000e+01 1.900000000000000000e+01 1.167156984993380142e+01
1.500000000000000000e+01 2.000000000000000000e+01 1.127741263428799101e+01
1.500000000000000000e+01 2.100000000000000000e+01 5.837455921030256789e+00
1.500000000000000000e+01 2.200000000000000000e+01 1.125059260036939257e+01
1.500000000000000000e+01 2.300000000000000000e+01 5.956351040673841801e+00
1.500000000000000000e+01 2.400000000000000000e+01 6.095652183909184174e+00
1.500000000000000000e+01 2.500000000000000000e+01 1.237520414949738701e+01
1.500000000000000000e+01 2.600000000000000000e+01 1.221557826773824473e+01
1.500000000000000000e+01 2.700000000000000000e+01 1.231419306457748419e+01
1.500000000000000000e+01 2.800000000000000000e+01 1.072216330920583971e+01
1.500000000000000000e+01 2.900000000000000000e+01 1.051033597499285932e+01
1.500000000000000000e+01 3.000000000000000000e+01 1.089863727365486490e+01
1.500000000000000000e+01 3.100000000000000000e+01 1.155457168663086520e+01
1.500000000000000000e+01 3.200000000000000000e+01 1.527185994447900086e+01
1.600000000000000000e+01 1.700000000000000000e+01 5.893543043811826365e+00
1.600000000000000000e+01 1.800000000000000000e+01 5.056967657499795266e+00
1.600000000000000000e+01 1.900000000000000000e+01 7.005698107990438572e+00
1.600000000000000000e+01 2.000000000000000000e+01 6.286276601872593517e+00
1.600000000000000000e+01 2.100000000000000000e+01 5.722840978352428110e+00
1.600000000000000000e+01 2.200000000000000000e+01 6.717416591009628846e+00
1.600000000000000000e+01 2.300000000000000000e+01 5.725662960670230284e+00
1.600000000000000000e+01 2.400000000000000000e+01 5.761810022896915129e+00
1.600000000000000000e+01 2.500000000000000000e+01 9.147410347352797899e+00
1.600000000000000000e+01 2.600000000000000000e+01 9.084325179527056093e+00
1.600000000000000000e+01 2.700000000000000000e+01 9.267789546371748344e+00
1.600000000000000000e+01 2.800000000000000000e+01 9.033486819731340489e+00
1.600000000000000000e+01 2.900000000000000000e+01 9.057068205564014818e+00
1.600000000000000000e+01 3.000000000000000000e+01 9.726833506894399406e+00
1.600000000000000000e+01 3.100000000000000000e+01 9.705577484014916934e+00
1.600000000000000000e+01 3.200000000000000000e+01 1.260112303351497687e+01
1.700000000000000000e+01 1.800000000000000000e+01 5.501464430685699014e+00
1.700000000000000000e+01 1.900000000000000000e+01 6.158681506325704547e+00
1.700000000000000000e+01 2.000000000000000000e+01 5.582306807331711695e+00
1.700000000000000000e+01 2.100000000000000000e+01 6.058583991204709918e+00
1.700000000000000000e+01 2.200000000000000000e+01 6.788147899521446149e+00
1.700000000000000000e+01 2.300000000000000000e+01 6.060756836721945540e+00
1.700000000000000000e+01 2.400000000000000000e+01 6.096383996381117498e+00
1.700000000000000000e+01 2.500000000000000000e+01 9.318839130228818490e+00
1.700000000000000000e+01 2.600000000000000000e+01 9.218923062455239403e+00
1.700000000000000000e+01 2.700000000000000000e+01 9.402222808329540271e+00
1.700000000000000000e+01 2.800000000000000000e+01 9.320110843031518044e+00
1.700000000000000000e+01 2.900000000000000000e+01 9.354739947170241265e+00
1.700000000000000000e+01 3.000000000000000000e+01 1.003091903313160493e+01
1.700000000000000000e+01 3.100000000000000000e+01 9.972262664775762175e+00
1.700000000000000000e+01 3.200000000000000000e+01 1.278163784373165512e+01
1.800000000000000000e+01 1.900000000000000000e+01 6.674063275907160531e+00
1.800000000000000000e+01 2.000000000000000000e+01 5.544898530437510686e+00
1.800000000000000000e+01 2.100000000000000000e+01 5.972445034925552676e+00
1.800000000000000000e+01 2.200000000000000000e+01 6.338468313774834328e+00
1.800000000000000000e+01 2.300000000000000000e+01 5.971654685215241010e+00
1.800000000000000000e+01 2.400000000000000000e+01 6.004781568869162811e+00
1.800000000000000000e+01 2.500000000000000000e+01 9.117337252523165958e+00
1.800000000000000000e+01 2.600000000000000000e+01 9.043315237230785897e+00
1.800000000000000000e+01 2.700000000000000000e+01 9.234542879668314441e+00
1.800000000000000000e+01 2.800000000000000000e+01 9.186565882807254724e+00
1.800000000000000000e+01 2.900000000000000000e+01 9.229442389754627385e+00
1.800000000000000000e+01 3.000000000000000000e+01 9.914610848069367322e+00
1.800000000000000000e+01 3.100000000000000000e+01 9.833641216218360626e+00
1.800000000000000000e+01 3.200000000000000000e+01 1.262162045154434864e+01
1.900000000000000000e+01 2.000000000000000000e+01 5.873010867977448868e+00
1.900000000000000000e+01 2.100000000000000000e+01 6.669855581216951990e+00
1.900000000000000000e+01 2.200000000000000000e+01 6.971052311359505538e+00
1.900000000000000000e+01 2.300000000000000000e+01 6.666742944950292404e+00
1.900000000000000000e+01 2.400000000000000000e+01 6.697968897294217072e+00
1.900000000000000000e+01 2.500000000000000000e+01 9.526407855201883379e+00
1.900000000000000000e+01 2.600000000000000000e+01 9.366694277549530767e+00
1.900000000000000000e+01 2.700000000000000000e+01 9.551998190956329182e+00
1.900000000000000000e+01 2.800000000000000000e+01 9.787054208040391501e+00
1.900000000000000000e+01 2.900000000000000000e+01 9.850434768813567388e+00
1.900000000000000000e+01 3.000000000000000000e+01 1.054905167960758128e+01
1.900000000000000000e+01 3.100000000000000000e+01 1.039822514024028521e+01
1.900000000000000000e+01 3.200000000000000000e+01 1.302569482792983635e+01
2.000000000000000000e+01 2.100000000000000000e+01 6.271834201293588151e+00
2.000000000000000000e+01 2.200000000000000000e+01 6.119485776025483048e+00
2.000000000000000000e+01 2.300000000000000000e+01 6.267571275752628956e+00
2.000000000000000000e+01 2.400000000000000000e+01 6.297812401274686778e+00
2.000000000000000000e+01 2.500000000000000000e+01 9.111853710689560515e+00
2.000000000000000000e+01 2.600000000000000000e+01 8.996240622036943080e+00
2.000000000000000000e+01 2.700000000000000000e+01 9.191060394265299749e+00
2.000000000000000000e+01 2.800000000000000000e+01 9.381941332938946942e+00
2.000000000000000000e+01 2.900000000000000000e+01 9.445949629778493062e+00
2.000000000000000000e+01 3.000000000000000000e+01 1.014697556867393224e+01
2.000000000000000000e+01 3.100000000000000000e+01 9.997884402761840761e+00
2.000000000000000000e+01 3.200000000000000000e+01 1.264920748631208269e+01
2.100000000000000000e+01 2.200000000000000000e+01 6.229880274437865850e+00
2.100000000000000000e+01 2.300000000000000000e+01 6.460515889467233208e-01
2.100000000000000000e+01 2.400000000000000000e+01 8.252346286691647492e-01
2.100000000000000000e+01 2.500000000000000000e+01 7.315370985475576404e+00
2.100000000000000000e+01 2.600000000000000000e+01 7.152679924793176269e+00
2.100000000000000000e+01 2.700000000000000000e+01 7.248601243349494183e+00
2.100000000000000000e+01 2.800000000000000000e+01 5.602882292355925387e+00
2.100000000000000000e+01 2.900000000000000000e+01 5.383183010610061103e+00
2.100000000000000000e+01 3.000000000000000000e+01 5.780110294539499094e+00
2.100000000000000000e+01 3.100000000000000000e+01 6.448730196824683958e+00
2.100000000000000000e+01 3.200000000000000000e+01 1.019449031171734887e+01
2.200000000000000000e+01 2.300000000000000000e+01 6.217630026159551626e+00
2.200000000000000000e+01 2.400000000000000000e+01 6.241158731490871858e+00
2.200000000000000000e+01 2.500000000000000000e+01 8.565397376325266876e+00
2.200000000000000000e+01 2.600000000000000000e+01 8.511069704335071151e+00
2.200000000000000000e+01 2.700000000000000000e+01 8.736412068001460085e+00
2.200000000000000000e+01 2.800000000000000000e+01 9.166505627466634110e+00
2.200000000000000000e+01 2.900000000000000000e+01 9.263904211083140439e+00
2.200000000000000000e+01 3.000000000000000000e+01 9.994757195607464340e+00
2.200000000000000000e+01 3.100000000000000000e+01 9.748262812564831847e+00
2.200000000000000000e+01 3.200000000000000000e+01 1.225869398780232800e+01
2.300000000000000000e+01 2.400000000000000000e+01 6.154798786993733728e-01
2.300000000000000000e+01 2.500000000000000000e+01 7.276442273573808350e+00
2.300000000000000000e+01 2.600000000000000000e+01 7.109278836787300548e+00
2.300000000000000000e+01 2.700000000000000000e+01 7.202460445806572409e+00
2.300000000000000000e+01 2.800000000000000000e+01 5.514505249090039030e+00
2.300000000000000000e+01 2.900000000000000000e+01 5.284806176745103556e+00
2.300000000000000000e+01 3.000000000000000000e+01 5.671380050846538623e+00
2.300000000000000000e+01 3.100000000000000000e+01 6.365780636505501633e+00
2.300000000000000000e+01 3.200000000000000000e+01 1.013736911032800592e+01
2.400000000000000000e+01 2.500000000000000000e+01 7.277790339496858607e+00
2.400000000000000000e+01 2.600000000000000000e+01 7.107195512955414074e+00
2.400000000000000000e+01 2.700000000000000000e+01 7.198219854099654924e+00
2.400000000000000000e+01 2.800000000000000000e+01 5.475562578740795772e+00
2.400000000000000000e+01 2.900000000000000000e+01 5.238940005565936531e+00
2.400000000000000000e+01 3.000000000000000000e+01 5.621413149800156717e+00
2.400000000000000000e+01 3.100000000000000000e+01 6.332425066304075756e+00
2.400000000000000000e+01 3.200000000000000000e+01 1.012444921208572168e+01
2.500000000000000000e+01 2.600000000000000000e+01 7.341757627059642743e+00
2.500000000000000000e+01 2.700000000000000000e+01 7.961657195342301208e+00
2.500000000000000000e+01 2.800000000000000000e+01 9.470322811555107023e+00
2.500000000000000000e+01 2.900000000000000000e+01 9.734301455440675710e+00
2.500000000000000000e+01 3.000000000000000000e+01 1.059270952574813585e+01
2.500000000000000000e+01 3.100000000000000000e+01 9.848668086999673221e+00
2.500000000000000000e+01 3.200000000000000000e+01 1.168671382827548655e+01
2.600000000000000000e+01 2.700000000000000000e+01 5.692365677689615211e+00
2.600000000000000000e+01 2.800000000000000000e+01 9.085376166688568844e+00
2.600000000000000000e+01 2.900000000000000000e+01 9.385877551545675601e+00
2.600000000000000000e+01 3.000000000000000000e+01 1.026020437561642673e+01
2.600000000000000000e+01 3.100000000000000000e+01 9.306992403146484349e+00
2.600000000000000000e+01 3.200000000000000000e+01 1.021722850755688228e+01
2.700000000000000000e+01 2.800000000000000000e+01 9.072589372136960151e+00
2.700000000000000000e+01 2.900000000000000000e+01 9.388734666220706515e+00
2.700000000000000000e+01 3.000000000000000000e+01 1.027007665188800623e+01
2.700000000000000000e+01 3.100000000000000000e+01 9.220407173807295464e+00
2.700000000000000000e+01 3.200000000000000000e+01 9.574958018522853109e+00
2.800000000000000000e+01 2.900000000000000000e+01 5.893751346198630614e+00
2.800000000000000000e+01 3.000000000000000000e+01 7.722807290790639101e+00
2.800000000000000000e+01 3.100000000000000000e+01 6.653797710909874041e+00
2.800000000000000000e+01 3.200000000000000000e+01 1.163492922475081670e+01
2.900000000000000000e+01 3.000000000000000000e+01 6.972724218537146967e+00
2.900000000000000000e+01 3.100000000000000000e+01 7.141126071984157164e+00
2.900000000000000000e+01 3.200000000000000000e+01 1.199179368164877246e+01
3.000000000000000000e+01 3.100000000000000000e+01 8.299971836079578225e+00
3.000000000000000000e+01 3.200000000000000000e+01 1.288576876986172337e+01
3.100000000000000000e+01 3.200000000000000000e+01 1.150302859705258030e+01
