1.000000000000000000e+00 2.000000000000000000e+00 6.938189173955533029e+00
1.000000000000000000e+00 3.000000000000000000e+00 5.306917529739770600e+00
1.000000000000000000e+00 4.000000000000000000e+00 5.731499256870801418e+00
1.000000000000000000e+00 5.000000000000000000e+00 5.818494131300962380e+00
1.000000000000000000e+00 6.000000000000000000e+00 5.936509893915068226e+00
1.000000000000000000e+00 7.000000000000000000e+00 5.926381356912623133e+00
1.000000000000000000e+00 8.000000000000000000e+00 6.047826648435932206e+00
1.000000000000000000e+00 9.000000000000000000e+00 5.852823310222688313e+00
1.000000000000000000e+00 1.000000000000000000e+01 6.035455877912838218e+00
1.000000000000000000e+00 1.100000000000000000e+01 5.968613917704340466e+00
1.000000000000000000e+00 1.200000000000000000e+01 5.980724777653362523e+00
1.000000000000000000e+00 1.300000000000000000e+01 7.464424894146460154e+00
1.000000000000000000e+00 1.400000000000000000e+01 9.079679678833125323e+00
1.000000000000000000e+00 1.500000000000000000e+01 7.524740444391882832e+00
1.000000000000000000e+00 1.600000000000000000e+01 7.061019433839782700e+00
1.000000000000000000e+00 1.700000000000000000e+01 7.196101908218082599e+00
1.000000000000000000e+00 1.800000000000000000e+01 7.532799482105489552e+00
1.000000000000000000e+00 1.900000000000000000e+01 7.649525445593930328e+00
1.000000000000000000e+00 2.000000000000000000e+01 7.752489861080222866e+00
1.000000000000000000e+00 2.100000000000000000e+01 7.046257314269832150e+00
1.000000000000000000e+00 2.200000000000000000e+01 7.215857756713569771e+00
1.000000000000000000e+00 2.300000000000000000e+01 7.451444901626780748e+00
1.000000000000000000e+00 2.400000000000000000e+01 7.220575049545757906e+00
1.000000000000000000e+00 2.500000000000000000e+01 8.393510699630603256e+00
1.000000000000000000e+00 2.600000000000000000e+01 8.477628507547377623e+00
1.000000000000000000e+00 2.700000000000000000e+01 8.505632654478576526e+00
1.000000000000000000e+00 2.800000000000000000e+01 6.889616152129360849e+00
1.000000000000000000e+00 2.900000000000000000e+01 6.835941801437270371e+00
1.000000000000000000e+00 3.000000000000000000e+01 7.014625856844682872e+00
1.000000000000000000e+00 3.100000000000000000e+01 7.025823788021405392e+00
1.000000000000000000e+00 3.200000000000000000e+01 7.729936923881547628e+00
2.000000000000000000e+00 3.000000000000000000e+00 4.807330925503642050e+00
2.000000000000000000e+00 4.000000000000000000e+00 5.176677988753203508e+00
2.000000000000000000e+00 5.000000000000000000e+00 5.311057245006578498e+00
2.000000000000000000e+00 6.000000000000000000e+00 5.453836118035471081e+00
2.000000000000000000e+00 7.000000000000000000e+00 5.432728890849640280e+00
2.000000000000000000e+00 8.000000000000000000e+00 5.604600595224501269e+00
2.000000000000000000e+00 9.000000000000000000e+00 5.281409956952701101e+00
2.000000000000000000e+00 1.000000000000000000e+01 5.577587937998515599e+00
2.000000000000000000e+00 1.100000000000000000e+01 5.489057713356286783e+00
2.000000000000000000e+00 1.200000000000000000e+01 5.527954052600287937e+00
2.000000000000000000e+00 1.300000000000000000e+01 7.154595872409843516e+00
2.000000000000000000e+00 1.400000000000000000e+01 8.787919925722226466e+00
2.000000000000000000e+00 1.500000000000000000e+01 7.301003249956078633e+00
2.000000000000000000e+00 1.600000000000000000e+01 6.775064092874599986e+00
2.000000000000000000e+00 1.700000000000000000e+01 6.913806170793076689e+00
2.000000000000000000e+00 1.800000000000000000e+01 7.253381830841461486e+00
2.000000000000000000e+00 1.900000000000000000e+01 7.380069385061204912e+00
2.000000000000000000e+00 2.000000000000000000e+01 7.481562952270861544e+00
2.000000000000000000e+00 2.100000000000000000e+01 6.815232018741154363e+00
2.000000000000000000e+00 2.200000000000000000e+01 6.961574828814219629e+00
2.000000000000000000e+00 2.300000000000000000e+01 7.245045926408664627e+00
2.000000000000000000e+00 2.400000000000000000e+01 7.027502365894132907e+00
2.000000000000000000e+00 2.500000000000000000e+01 8.197330777423005088e+00
2.000000000000000000e+00 2.600000000000000000e+01 8.297187738529460788e+00
2.000000000000000000e+00 2.700000000000000000e+01 8.334096795269688940e+00
2.000000000000000000e+00 2.800000000000000000e+01 6.736827663313106562e+00
2.000000000000000000e+00 2.900000000000000000e+01 6.687624246606917566e+00
2.000000000000000000e+00 3.000000000000000000e+01 6.882891248228110825e+00
2.000000000000000000e+00 3.100000000000000000e+01 6.882725354639227078e+00
2.000000000000000000e+00 3.200000000000000000e+01 7.590115511895893619e+00
3.000000000000000000e+00 4.000000000000000000e+00 2.067807676629861646e+00
3.000000000000000000e+00 5.000000000000000000e+00 1.537976875856148951e+00
3.000000000000000000e+00 6.000000000000000000e+00 2.029235362080171079e+00
3.000000000000000000e+00 7.000000000000000000e+00 2.259536948767580711e+00
3.000000000000000000e+00 8.000000000000000000e+00 2.387504185411938984e+00
3.000000000000000000e+00 9.000000000000000000e+00 2.699984447965481316e+00
3.000000000000000000e+00 1.000000000000000000e+01 2.370380293441790798e+00
3.000000000000000000e+00 1.100000000000000000e+01 2.767005362029571813e+00
3.000000000000000000e+00 1.200000000000000000e+01 2.679515707790487866e+00
3.000000000000000000e+00 1.300000000000000000e+01 4.905882215864692419e+00
3.000000000000000000e+00 1.400000000000000000e+01 6.059782523245745622e+00
3.000000000000000000e+00 1.500000000000000000e+01 4.950974082131169851e+00
3.000000000000000000e+00 1.600000000000000000e+01 4.063648402650826164e+00
3.000000000000000000e+00 1.700000000000000000e+01 4.206867634726021876e+00
3.000000000000000000e+00 1.800000000000000000e+01 4.553823158646093994e+00
3.000000000000000000e+00 1.900000000000000000e+01 4.696988572744277946e+00
3.000000000000000000e+00 2.000000000000000000e+01 4.796847389382579152e+00
3.000000000000000000e+00 2.100000000000000000e+01 4.327425814715512686e+00
3.000000000000000000e+00 2.200000000000000000e+01 4.310162112400439227e+00
3.000000000000000000e+00 2.300000000000000000e+01 4.773835581797097660e+00
3.000000000000000000e+00 2.400000000000000000e+01 4.559872920039175881e+00
3.000000000000000000e+00 2.500000000000000000e+01 5.651698015056593860e+00
3.000000000000000000e+00 2.600000000000000000e+01 5.775985567729151171e+00
3.000000000000000000e+00 2.700000000000000000e+01 5.826630149422804550e+00
3.000000000000000000e+00 2.800000000000000000e+01 4.278967286631675471e+00
3.000000000000000000e+00 2.900000000000000000e+01 4.240848781899146047e+00
3.000000000000000000e+00 3.000000000000000000e+01 4.463036826714597893e+00
3.000000000000000000e+00 3.100000000000000000e+01 4.434842185636899359e+00
3.000000000000000000e+00 3.200000000000000000e+01 5.134302670545322300e+00
4.000000000000000000e+00 5.000000000000000000e+00 2.479984156340194090e+00
4.000000000000000000e+00 6.000000000000000000e+00 2.826646317699535338e+00
4.000000000000000000e+00 7.000000000000000000e+00 2.813443829222316950e+00
4.000000000000000000e+00 8.000000000000000000e+00 3.160410551044463112e+00
4.000000000000000000e+00 9.000000000000000000e+00 2.988147436475096619e+00
4.000000000000000000e+00 1.000000000000000000e+01 3.085290312210405617e+00
4.000000000000000000e+00 1.100000000000000000e+01 3.188426594567795647e+00
4.000000000000000000e+00 1.200000000000000000e+01 3.179045478319428852e+00
4.000000000000000000e+00 1.300000000000000000e+01 5.348388376652677856e+00
4.000000000000000000e+00 1.400000000000000000e+01 6.663070534503708231e+00
4.000000000000000000e+00 1.500000000000000000e+01 5.434237566984192469e+00
4.000000000000000000e+00 1.600000000000000000e+01 4.660332995794523647e+00
4.000000000000000000e+00 1.700000000000000000e+01 4.803431436517007214e+00
4.000000000000000000e+00 1.800000000000000000e+01 5.147786193006955280e+00
4.000000000000000000e+00 1.900000000000000000e+01 5.287757082069365566e+00
4.000000000000000000e+00 2.000000000000000000e+01 5.387587847858636536e+00
4.000000000000000000e+00 2.100000000000000000e+01 4.848187187425883948e+00
4.000000000000000000e+00 2.200000000000000000e+01 4.891933973271180847e+00
4.000000000000000000e+00 2.300000000000000000e+01 5.297065660050462199e+00
4.000000000000000000e+00 2.400000000000000000e+01 5.086112150260714060e+00
4.000000000000000000e+00 2.500000000000000000e+01 6.208583456173437654e+00
4.000000000000000000e+00 2.600000000000000000e+01 6.328102982416321964e+00
4.000000000000000000e+00 2.700000000000000000e+01 6.376038799838930515e+00
4.000000000000000000e+00 2.800000000000000000e+01 4.814297028596940642e+00
4.000000000000000000e+00 2.900000000000000000e+01 4.773273364298548316e+00
4.000000000000000000e+00 3.000000000000000000e+01 4.990243421923809208e+00
4.000000000000000000e+00 3.100000000000000000e+01 4.969264626241582050e+00
4.000000000000000000e+00 3.200000000000000000e+01 5.672850446811919412e+00
5.000000000000000000e+00 6.000000000000000000e+00 2.420017024555623841e+00
5.000000000000000000e+00 7.000000000000000000e+00 2.620168830055028764e+00
5.000000000000000000e+00 8.000000000000000000e+00 2.917514567956376759e+00
5.000000000000000000e+00 9.000000000000000000e+00 3.142561032187251691e+00
5.000000000000000000e+00 1.000000000000000000e+01 2.840745722574670395e+00
5.000000000000000000e+00 1.100000000000000000e+01 3.211401748881886675e+00
5.000000000000000000e+00 1.200000000000000000e+01 3.127588592233562892e+00
5.000000000000000000e+00 1.300000000000000000e+01 5.386134777459806067e+00
5.000000000000000000e+00 1.400000000000000000e+01 6.574697668215595314e+00
5.000000000000000000e+00 1.500000000000000000e+01 5.438462659838044999e+00
5.000000000000000000e+00 1.600000000000000000e+01 4.576240155204536642e+00
5.000000000000000000e+00 1.700000000000000000e+01 4.719840192927168943e+00
5.000000000000000000e+00 1.800000000000000000e+01 5.065979407465284190e+00
5.000000000000000000e+00 1.900000000000000000e+01 5.208879902983802879e+00
5.000000000000000000e+00 2.000000000000000000e+01 5.308559781178137982e+00
5.000000000000000000e+00 2.100000000000000000e+01 4.820663118779235035e+00
5.000000000000000000e+00 2.200000000000000000e+01 4.819846524798160559e+00
5.000000000000000000e+00 2.300000000000000000e+01 5.269148997069413198e+00
5.000000000000000000e+00 2.400000000000000000e+01 5.056663076529126499e+00
5.000000000000000000e+00 2.500000000000000000e+01 6.156996057684143153e+00
5.000000000000000000e+00 2.600000000000000000e+01 6.280758730059600836e+00
5.000000000000000000e+00 2.700000000000000000e+01 6.331087180340158937e+00
5.000000000000000000e+00 2.800000000000000000e+01 4.780317893724396860e+00
5.000000000000000000e+00 2.900000000000000000e+01 4.741634938597833582e+00
5.000000000000000000e+00 3.000000000000000000e+01 4.963269465943495717e+00
5.000000000000000000e+00 3.100000000000000000e+01 4.936443681029174968e+00
5.000000000000000000e+00 3.200000000000000000e+01 5.637241702458036130e+00
6.000000000000000000e+00 7.000000000000000000e+00 2.392326523657553494e+00
6.000000000000000000e+00 8.000000000000000000e+00 2.701972390280048764e+00
6.000000000000000000e+00 9.000000000000000000e+00 3.231251225163235041e+00
6.000000000000000000e+00 1.000000000000000000e+01 2.469904417033529143e+00
6.000000000000000000e+00 1.100000000000000000e+01 3.198716594420625725e+00
6.000000000000000000e+00 1.200000000000000000e+01 3.044326254662363951e+00
6.000000000000000000e+00 1.300000000000000000e+01 5.417332670477148504e+00
6.000000000000000000e+00 1.400000000000000000e+01 6.536894156533550770e+00
6.000000000000000000e+00 1.500000000000000000e+01 5.448509948898275113e+00
6.000000000000000000e+00 1.600000000000000000e+01 4.538833562402330379e+00
6.000000000000000000e+00 1.700000000000000000e+01 4.683523544358422441e+00
6.000000000000000000e+00 1.800000000000000000e+01 5.030086297908984427e+00
6.000000000000000000e+00 1.900000000000000000e+01 5.175384216715006147e+00
6.000000000000000000e+00 2.000000000000000000e+01 5.274635557515757966e+00
6.000000000000000000e+00 2.100000000000000000e+01 4.808961046244332849e+00
6.000000000000000000e+00 2.200000000000000000e+01 4.789387181903654422e+00
6.000000000000000000e+00 2.300000000000000000e+01 5.259745081380826193e+00
6.000000000000000000e+00 2.400000000000000000e+01 5.047762421639200525e+00
6.000000000000000000e+00 2.500000000000000000e+01 6.139234070735923865e+00
6.000000000000000000e+00 2.600000000000000000e+01 6.266171811953180182e+00
6.000000000000000000e+00 2.700000000000000000e+01 6.318257490617503080e+00
6.000000000000000000e+00 2.800000000000000000e+01 4.773288643037759904e+00
6.000000000000000000e+00 2.900000000000000000e+01 4.735988242703697892e+00
6.000000000000000000e+00 3.000000000000000000e+01 4.961142090231753343e+00
6.000000000000000000e+00 3.100000000000000000e+01 4.930810662991714111e+00
6.000000000000000000e+00 3.200000000000000000e+01 5.630872499586416779e+00
7.000000000000000000e+00 8.000000000000000000e+00 2.920924197775337738e+00
7.000000000000000000e+00 9.000000000000000000e+00 3.081769365768230351e+00
7.000000000000000000e+00 1.000000000000000000e+01 2.636228381903627849e+00
7.000000000000000000e+00 1.100000000000000000e+01 3.009516602052276113e+00
7.000000000000000000e+00 1.200000000000000000e+01 2.849999634648280988e+00
7.000000000000000000e+00 1.300000000000000000e+01 5.340188089139158656e+00
7.000000000000000000e+00 1.400000000000000000e+01 6.555163026013708816e+00
7.000000000000000000e+00 1.500000000000000000e+01 5.389993593045423026e+00
7.000000000000000000e+00 1.600000000000000000e+01 4.551355733528253289e+00
7.000000000000000000e+00 1.700000000000000000e+01 4.696802238612107772e+00
7.000000000000000000e+00 1.800000000000000000e+01 5.041271951647551042e+00
7.000000000000000000e+00 1.900000000000000000e+01 5.185517870838303622e+00
7.000000000000000000e+00 2.000000000000000000e+01 5.284397680018523502e+00
7.000000000000000000e+00 2.100000000000000000e+01 4.767092900516969323e+00
7.000000000000000000e+00 2.200000000000000000e+01 4.793552402577367033e+00
7.000000000000000000e+00 2.300000000000000000e+01 5.223410961316270473e+00
7.000000000000000000e+00 2.400000000000000000e+01 5.015419477323014519e+00
7.000000000000000000e+00 2.500000000000000000e+01 6.130578001677788436e+00
7.000000000000000000e+00 2.600000000000000000e+01 6.255803448879175832e+00
7.000000000000000000e+00 2.700000000000000000e+01 6.306878616938194071e+00
7.000000000000000000e+00 2.800000000000000000e+01 4.753100659814953666e+00
7.000000000000000000e+00 2.900000000000000000e+01 4.714161364293930845e+00
7.000000000000000000e+00 3.000000000000000000e+01 4.937511066711733676e+00
7.000000000000000000e+00 3.100000000000000000e+01 4.911159909529002832e+00
7.000000000000000000e+00 3.200000000000000000e+01 5.614849079584109504e+00
8.000000000000000000e+00 9.000000000000000000e+00 3.454141781615091666e+00
8.000000000000000000e+00 1.000000000000000000e+01 2.415963905536013812e+00
8.000000000000000000e+00 1.100000000000000000e+01 3.362153383173344778e+00
8.000000000000000000e+00 1.200000000000000000e+01 3.161710756085936325e+00
8.000000000000000000e+00 1.300000000000000000e+01 5.499638665225757173e+00
8.000000000000000000e+00 1.400000000000000000e+01 6.409961364044045595e+00
8.000000000000000000e+00 1.500000000000000000e+01 5.483331517961731905e+00
8.000000000000000000e+00 1.600000000000000000e+01 4.419924785072985252e+00
8.000000000000000000e+00 1.700000000000000000e+01 4.565034507242955897e+00
8.000000000000000000e+00 1.800000000000000000e+01 4.914924263373626978e+00
8.000000000000000000e+00 1.900000000000000000e+01 5.064732116248688243e+00
8.000000000000000000e+00 2.000000000000000000e+01 5.163915875670939570e+00
8.000000000000000000e+00 2.100000000000000000e+01 4.796214242035810926e+00
8.000000000000000000e+00 2.200000000000000000e+01 4.690584007281829670e+00
8.000000000000000000e+00 2.300000000000000000e+01 5.242269821622649317e+00
8.000000000000000000e+00 2.400000000000000000e+01 5.025495140444952824e+00
8.000000000000000000e+00 2.500000000000000000e+01 6.073701834067314564e+00
8.000000000000000000e+00 2.600000000000000000e+01 6.206916630501789101e+00
8.000000000000000000e+00 2.700000000000000000e+01 6.262562644061622663e+00
8.000000000000000000e+00 2.800000000000000000e+01 4.736795384101028183e+00
8.000000000000000000e+00 2.900000000000000000e+01 4.703435339993996323e+00
8.000000000000000000e+00 3.000000000000000000e+01 4.935392283247711731e+00
8.000000000000000000e+00 3.100000000000000000e+01 4.895317079436640739e+00
8.000000000000000000e+00 3.200000000000000000e+01 5.589532370502221070e+00
9.000000000000000000e+00 1.000000000000000000e+01 3.347992194541319577e+00
9.000000000000000000e+00 1.100000000000000000e+01 2.834841522627192134e+00
9.000000000000000000e+00 1.200000000000000000e+01 3.082545533974093033e+00
9.000000000000000000e+00 1.300000000000000000e+01 5.158224085677145077e+00
9.000000000000000000e+00 1.400000000000000000e+01 6.750829771566037252e+00
9.000000000000000000e+00 1.500000000000000000e+01 5.337531583850820383e+00
9.000000000000000000e+00 1.600000000000000000e+01 4.738253006069977680e+00
9.000000000000000000e+00 1.700000000000000000e+01 4.882317334108908113e+00
9.000000000000000000e+00 1.800000000000000000e+01 5.223010184814429913e+00
9.000000000000000000e+00 1.900000000000000000e+01 5.360544749754765803e+00
9.000000000000000000e+00 2.000000000000000000e+01 5.459853121508244200e+00
9.000000000000000000e+00 2.100000000000000000e+01 4.810837773710117560e+00
9.000000000000000000e+00 2.200000000000000000e+01 4.953725814194877231e+00
9.000000000000000000e+00 2.300000000000000000e+01 5.272280009859104055e+00
9.000000000000000000e+00 2.400000000000000000e+01 5.070812173401884948e+00
9.000000000000000000e+00 2.500000000000000000e+01 6.245057207711319336e+00
9.000000000000000000e+00 2.600000000000000000e+01 6.361116545150734325e+00
9.000000000000000000e+00 2.700000000000000000e+01 6.407067117687242686e+00
9.000000000000000000e+00 2.800000000000000000e+01 4.826926417727158913e+00
9.000000000000000000e+00 2.900000000000000000e+01 4.782320783192171021e+00
9.000000000000000000e+00 3.000000000000000000e+01 4.995442914482088881e+00
9.000000000000000000e+00 3.100000000000000000e+01 4.983221002039659453e+00
9.000000000000000000e+00 3.200000000000000000e+01 5.694731538827204176e+00
1.000000000000000000e+01 1.100000000000000000e+01 3.227263945822455682e+00
1.000000000000000000e+01 1.200000000000000000e+01 2.991905907152821342e+00
1.000000000000000000e+01 1.300000000000000000e+01 5.447319098956204364e+00
1.000000000000000000e+01 1.400000000000000000e+01 6.477987764335408016e+00
1.000000000000000000e+01 1.500000000000000000e+01 5.450762320704649611e+00
1.000000000000000000e+01 1.600000000000000000e+01 4.480077093961081225e+00
1.000000000000000000e+01 1.700000000000000000e+01 4.626111450490423493e+00
1.000000000000000000e+01 1.800000000000000000e+01 4.973092277907604775e+00
1.000000000000000000e+01 1.900000000000000000e+01 5.121206780025095995e+00
1.000000000000000000e+01 2.000000000000000000e+01 5.219932089889054438e+00
1.000000000000000000e+01 2.100000000000000000e+01 4.784068356125327881e+00
1.000000000000000000e+01 2.200000000000000000e+01 4.738593357713142495e+00
1.000000000000000000e+01 2.300000000000000000e+01 5.236197066302278103e+00
1.000000000000000000e+01 2.400000000000000000e+01 5.023987527713149603e+00
1.000000000000000000e+01 2.500000000000000000e+01 6.102921810400671276e+00
1.000000000000000000e+01 2.600000000000000000e+01 6.233394646406775763e+00
1.000000000000000000e+01 2.700000000000000000e+01 6.287427419584309618e+00
1.000000000000000000e+01 2.800000000000000000e+01 4.749517719980906882e+00
1.000000000000000000e+01 2.900000000000000000e+01 4.713883913843364581e+00
1.000000000000000000e+01 3.000000000000000000e+01 4.942951877359321955e+00
1.000000000000000000e+01 3.100000000000000000e+01 4.908420699935092557e+00
1.000000000000000000e+01 3.200000000000000000e+01 5.607264717871665027e+00
1.100000000000000000e+01 1.200000000000000000e+01 2.571363378919318876e+00
1.100000000000000000e+01 1.300000000000000000e+01 5.067114673507764344e+00
1.100000000000000000e+01 1.400000000000000000e+01 6.588322876104946602e+00
1.100000000000000000e+01 1.500000000000000000e+01 5.187873657205139821e+00
1.100000000000000000e+01 1.600000000000000000e+01 4.571231571416784156e+00
1.100000000000000000e+01 1.700000000000000000e+01 4.718114872011017980e+00
1.100000000000000000e+01 1.800000000000000000e+01 5.057602849732766082e+00
1.100000000000000000e+01 1.900000000000000000e+01 5.198785191332419231e+00
1.100000000000000000e+01 2.000000000000000000e+01 5.296899263931615920e+00
1.100000000000000000e+01 2.100000000000000000e+01 4.626329846763509224e+00
1.100000000000000000e+01 2.200000000000000000e+01 4.792074241584392880e+00
1.100000000000000000e+01 2.300000000000000000e+01 5.102855456638179632e+00
1.100000000000000000e+01 2.400000000000000000e+01 4.908983586352098527e+00
1.100000000000000000e+01 2.500000000000000000e+01 6.096203700688878513e+00
1.100000000000000000e+01 2.600000000000000000e+01 6.217307883911400879e+00
1.100000000000000000e+01 2.700000000000000000e+01 6.265997308913473063e+00
1.100000000000000000e+01 2.800000000000000000e+01 4.687594727604834866e+00
1.100000000000000000e+01 2.900000000000000000e+01 4.643983127765972441e+00
1.100000000000000000e+01 3.000000000000000000e+01 4.862968754924208881e+00
1.100000000000000000e+01 3.100000000000000000e+01 4.847908615287311207e+00
1.100000000000000000e+01 3.200000000000000000e+01 5.562577314317843857e+00
1.200000000000000000e+01 1.300000000000000000e+01 5.149705560860707187e+00
1.200000000000000000e+01 1.400000000000000000e+01 6.431125957823413231e+00
1.200000000000000000e+01 1.500000000000000000e+01 5.179953605741300038e+00
1.200000000000000000e+01 1.600000000000000000e+01 4.415325666907032875e+00
1.200000000000000000e+01 1.700000000000000000e+01 4.564213719563532834e+00
1.200000000000000000e+01 1.800000000000000000e+01 4.904688299203116664e+00
1.200000000000000000e+01 1.900000000000000000e+01 5.050473067173484765e+00
1.200000000000000000e+01 2.000000000000000000e+01 5.147830135999916124e+00
1.200000000000000000e+01 2.100000000000000000e+01 4.547128317826883759e+00
1.200000000000000000e+01 2.200000000000000000e+01 4.650094156882758512e+00
1.200000000000000000e+01 2.300000000000000000e+01 5.021385733200103729e+00
1.200000000000000000e+01 2.400000000000000000e+01 4.823905644316287322e+00
1.200000000000000000e+01 2.500000000000000000e+01 5.979490625401487236e+00
1.200000000000000000e+01 2.600000000000000000e+01 6.106323822701268611e+00
1.200000000000000000e+01 2.700000000000000000e+01 6.158142507907260921e+00
1.200000000000000000e+01 2.800000000000000000e+01 4.593963939891296810e+00
1.200000000000000000e+01 2.900000000000000000e+01 4.553656548417363226e+00
1.200000000000000000e+01 3.000000000000000000e+01 4.779133009776868946e+00
1.200000000000000000e+01 3.100000000000000000e+01 4.755788639701748366e+00
1.200000000000000000e+01 3.200000000000000000e+01 5.466672283610487071e+00
1.300000000000000000e+01 1.400000000000000000e+01 8.329658135433868793e+00
1.300000000000000000e+01 1.500000000000000000e+01 5.828691818232440980e+00
1.300000000000000000e+01 1.600000000000000000e+01 6.295615235786153896e+00
1.300000000000000000e+01 1.700000000000000000e+01 6.435980130569145530e+00
1.300000000000000000e+01 1.800000000000000000e+01 6.767341026440647944e+00
1.300000000000000000e+01 1.900000000000000000e+01 6.888008650610608186e+00
1.300000000000000000e+01 2.000000000000000000e+01 6.988378501333453841e+00
1.300000000000000000e+01 2.100000000000000000e+01 5.894508248465660571e+00
1.300000000000000000e+01 2.200000000000000000e+01 6.443887222996474762e+00
1.300000000000000000e+01 2.300000000000000000e+01 6.390392380368703940e+00
1.300000000000000000e+01 2.400000000000000000e+01 6.226348635508879070e+00
1.300000000000000000e+01 2.500000000000000000e+01 7.619946374531131994e+00
1.300000000000000000e+01 2.600000000000000000e+01 7.715320985753210792e+00
1.300000000000000000e+01 2.700000000000000000e+01 7.750021262920041565e+00
1.300000000000000000e+01 2.800000000000000000e+01 6.088520595038576566e+00
1.300000000000000000e+01 2.900000000000000000e+01 6.025972745583230150e+00
1.300000000000000000e+01 3.000000000000000000e+01 6.213850795867761789e+00
1.300000000000000000e+01 3.100000000000000000e+01 6.246594839315115166e+00
1.300000000000000000e+01 3.200000000000000000e+01 6.990539187095391682e+00
1.400000000000000000e+01 1.500000000000000000e+01 8.075995912771173124e+00
1.400000000000000000e+01 1.600000000000000000e+01 4.787074207291754924e+00
1.400000000000000000e+01 1.700000000000000000e+01 4.212181148162029487e+00
1.400000000000000000e+01 1.800000000000000000e+01 5.113738181716805720e+00
1.400000000000000000e+01 1.900000000000000000e+01 4.703557357007966289e+00
1.400000000000000000e+01 2.000000000000000000e+01 5.098135999841323596e+00
1.400000000000000000e+01 2.100000000000000000e+01 7.138440217065051385e+00
1.400000000000000000e+01 2.200000000000000000e+01 5.243123190612397622e+00
1.400000000000000000e+01 2.300000000000000000e+01 7.489536541845231099e+00
1.400000000000000000e+01 2.400000000000000000e+01 7.195770589523316829e+00
1.400000000000000000e+01 2.500000000000000000e+01 7.353220400104078180e+00
1.400000000000000000e+01 2.600000000000000000e+01 7.532890860789303034e+00
1.400000000000000000e+01 2.700000000000000000e+01 7.630986154299618462e+00
1.400000000000000000e+01 2.800000000000000000e+01 6.553439515033841367e+00
1.400000000000000000e+01 2.900000000000000000e+01 6.582422901151572248e+00
1.400000000000000000e+01 3.000000000000000000e+01 6.882360150843565449e+00
1.400000000000000000e+01 3.100000000000000000e+01 6.685720494108089440e+00
1.400000000000000000e+01 3.200000000000000000e+01 7.204635208995773255e+00
1.500000000000000000e+01 1.600000000000000000e+01 6.028922875672514614e+00
1.500000000000000000e+01 1.700000000000000000e+01 6.168610170522981662e+00
1.500000000000000000e+01 1.800000000000000000e+01 6.494378647570177243e+00
1.500000000000000000e+01 1.900000000000000000e+01 6.608090154978928155e+00
1.500000000000000000e+01 2.000000000000000000e+01 6.708292835611361582e+00
1.500000000000000000e+01 2.100000000000000000e+01 5.136003090382208924e+00
1.500000000000000000e+01 2.200000000000000000e+01 6.143759094287611688e+00
1.500000000000000000e+01 2.300000000000000000e+01 5.711090801235220837e+00
1.500000000000000000e+01 2.400000000000000000e+01 5.618826296227837247e+00
1.500000000000000000e+01 2.500000000000000000e+01 7.265492693057829854e+00
1.500000000000000000e+01 2.600000000000000000e+01 7.356936035280076780e+00
1.500000000000000000e+01 2.700000000000000000e+01 7.389957231872578802e+00
1.500000000000000000e+01 2.800000000000000000e+01 5.663650128534409411e+00
1.500000000000000000e+01 2.900000000000000000e+01 5.587107858818955108e+00
1.500000000000000000e+01 3.000000000000000000e+01 5.768937456980014034e+00
1.500000000000000000e+01 3.100000000000000000e+01 5.835305248737663320e+00
1.500000000000000000e+01 3.200000000000000000e+01 6.617235082076771135e+00
1.600000000000000000e+01 1.700000000000000000e+01 2.473673836163225559e+00
1.600000000000000000e+01 1.800000000000000000e+01 2.405684010159721886e+00
1.600000000000000000e+01 1.900000000000000000e+01 3.292957974367125118e+00
1.600000000000000000e+01 2.000000000000000000e+01 3.226041415504175447e+00
1.600000000000000000e+01 2.100000000000000000e+01 5.074321593462025604e+00
1.600000000000000000e+01 2.200000000000000000e+01 3.101082674283196283e+00
1.600000000000000000e+01 2.300000000000000000e+01 5.421170846052005388e+00
1.600000000000000000e+01 2.400000000000000000e+01 5.123878034538263293e+00
1.600000000000000000e+01 2.500000000000000000e+01 5.275930570555630084e+00
1.600000000000000000e+01 2.600000000000000000e+01 5.478829024814517723e+00
1.600000000000000000e+01 2.700000000000000000e+01 5.582667314229157185e+00
1.600000000000000000e+01 2.800000000000000000e+01 4.476394474688562219e+00
1.600000000000000000e+01 2.900000000000000000e+01 4.506552798022612549e+00
1.600000000000000000e+01 3.000000000000000000e+01 4.809921418589736319e+00
1.600000000000000000e+01 3.100000000000000000e+01 4.612455813959655870e+00
1.600000000000000000e+01 3.200000000000000000e+01 5.143798208336294309e+00
1.700000000000000000e+01 1.800000000000000000e+01 2.681134961050909205e+00
1.700000000000000000e+01 1.900000000000000000e+01 2.708089797186264747e+00
1.700000000000000000e+01 2.000000000000000000e+01 2.743507991079290775e+00
1.700000000000000000e+01 2.100000000000000000e+01 5.218009120980131144e+00
1.700000000000000000e+01 2.200000000000000000e+01 3.082066411165163444e+00
1.700000000000000000e+01 2.300000000000000000e+01 5.559990094000376359e+00
1.700000000000000000e+01 2.400000000000000000e+01 5.258991249012145985e+00
1.700000000000000000e+01 2.500000000000000000e+01 5.322335867816292421e+00
1.700000000000000000e+01 2.600000000000000000e+01 5.511419222477913493e+00
1.700000000000000000e+01 2.700000000000000000e+01 5.615167339677348934e+00
1.700000000000000000e+01 2.800000000000000000e+01 4.579154089398026706e+00
1.700000000000000000e+01 2.900000000000000000e+01 4.614324828127502442e+00
1.700000000000000000e+01 3.000000000000000000e+01 4.920149046854488617e+00
1.700000000000000000e+01 3.100000000000000000e+01 4.708293836271085553e+00
1.700000000000000000e+01 3.200000000000000000e+01 5.210383564141585211e+00
1.800000000000000000e+01 1.900000000000000000e+01 3.471269579081353029e+00
1.800000000000000000e+01 2.000000000000000000e+01 3.264393930080929707e+00
1.800000000000000000e+01 2.100000000000000000e+01 5.536984749454148869e+00
1.800000000000000000e+01 2.200000000000000000e+01 3.293927900918232510e+00
1.800000000000000000e+01 2.300000000000000000e+01 5.876229280437689440e+00
1.800000000000000000e+01 2.400000000000000000e+01 5.573003462061681290e+00
1.800000000000000000e+01 2.500000000000000000e+01 5.621529205862087153e+00
1.800000000000000000e+01 2.600000000000000000e+01 5.825109491897475067e+00
1.800000000000000000e+01 2.700000000000000000e+01 5.932959494413426071e+00
1.800000000000000000e+01 2.800000000000000000e+01 4.886350882141438312e+00
1.800000000000000000e+01 2.900000000000000000e+01 4.922740039130873768e+00
1.800000000000000000e+01 3.000000000000000000e+01 5.230600391897949564e+00
1.800000000000000000e+01 3.100000000000000000e+01 5.016834510780277867e+00
1.800000000000000000e+01 3.200000000000000000e+01 5.523417586835671855e+00
1.900000000000000000e+01 2.000000000000000000e+01 2.966140767645763177e+00
1.900000000000000000e+01 2.100000000000000000e+01 5.651489847920421639e+00
1.900000000000000000e+01 2.200000000000000000e+01 3.257926432442530995e+00
1.900000000000000000e+01 2.300000000000000000e+01 5.979465017144766747e+00
1.900000000000000000e+01 2.400000000000000000e+01 5.667579811230897491e+00
1.900000000000000000e+01 2.500000000000000000e+01 5.544038945494300208e+00
1.900000000000000000e+01 2.600000000000000000e+01 5.714353726356341312e+00
1.900000000000000000e+01 2.700000000000000000e+01 5.819409502203638951e+00
1.900000000000000000e+01 2.800000000000000000e+01 4.914686121235374294e+00
1.900000000000000000e+01 2.900000000000000000e+01 4.961413067604480531e+00
1.900000000000000000e+01 3.000000000000000000e+01 5.275188791627950735e+00
1.900000000000000000e+01 3.100000000000000000e+01 5.031927208088880832e+00
1.900000000000000000e+01 3.200000000000000000e+01 5.479837536381845453e+00
2.000000000000000000e+01 2.100000000000000000e+01 5.749274582110928122e+00
2.000000000000000000e+01 2.200000000000000000e+01 3.220713358331442677e+00
2.000000000000000000e+01 2.300000000000000000e+01 6.078881164773255463e+00
2.000000000000000000e+01 2.400000000000000000e+01 5.768191042723923800e+00
2.000000000000000000e+01 2.500000000000000000e+01 5.674119567752727633e+00
2.000000000000000000e+01 2.600000000000000000e+01 5.865591000076763706e+00
2.000000000000000000e+01 2.700000000000000000e+01 5.975833465207687212e+00
2.000000000000000000e+01 2.800000000000000000e+01 5.028175189222443997e+00
2.000000000000000000e+01 2.900000000000000000e+01 5.073000594164959409e+00
2.000000000000000000e+01 3.000000000000000000e+01 5.386279085902211605e+00
2.000000000000000000e+01 3.100000000000000000e+01 5.149372517942177652e+00
2.000000000000000000e+01 3.200000000000000000e+01 5.615015853727049588e+00
2.100000000000000000e+01 2.200000000000000000e+01 5.169755063495719227e+00
2.100000000000000000e+01 2.300000000000000000e+01 3.852773558961210654e+00
2.100000000000000000e+01 2.400000000000000000e+01 4.094465560711590513e+00
2.100000000000000000e+01 2.500000000000000000e+01 6.272245107341568371e+00
2.100000000000000000e+01 2.600000000000000000e+01 6.376479176962869033e+00
2.100000000000000000e+01 2.700000000000000000e+01 6.416880720735246513e+00
2.100000000000000000e+01 2.800000000000000000e+01 4.624783332518471290e+00
2.100000000000000000e+01 2.900000000000000000e+01 4.539102868786423883e+00
2.100000000000000000e+01 3.000000000000000000e+01 4.750421177882207857e+00
2.100000000000000000e+01 3.100000000000000000e+01 4.828286656406854505e+00
2.100000000000000000e+01 3.200000000000000000e+01 5.659917830781720838e+00
2.200000000000000000e+01 2.300000000000000000e+01 5.480712243939997563e+00
2.200000000000000000e+01 2.400000000000000000e+01 5.155313874956769737e+00
2.200000000000000000e+01 2.500000000000000000e+01 4.818913799360906580e+00
2.200000000000000000e+01 2.600000000000000000e+01 5.053080815292270600e+00
2.200000000000000000e+01 2.700000000000000000e+01 5.185037103599016817e+00
2.200000000000000000e+01 2.800000000000000000e+01 4.328521204790964028e+00
2.200000000000000000e+01 2.900000000000000000e+01 4.387534135675130287e+00
2.200000000000000000e+01 3.000000000000000000e+01 4.712810223508105523e+00
2.200000000000000000e+01 3.100000000000000000e+01 4.441182912850447195e+00
2.200000000000000000e+01 3.200000000000000000e+01 4.868946209054637819e+00
2.300000000000000000e+01 2.400000000000000000e+01 3.592280981041884758e+00
2.300000000000000000e+01 2.500000000000000000e+01 6.515688667828717584e+00
2.300000000000000000e+01 2.600000000000000000e+01 6.611224923920561380e+00
2.300000000000000000e+01 2.700000000000000000e+01 6.647911012775304940e+00
2.300000000000000000e+01 2.800000000000000000e+01 4.772928083105207442e+00
2.300000000000000000e+01 2.900000000000000000e+01 4.667361123062217843e+00
2.300000000000000000e+01 3.000000000000000000e+01 4.874016923390209755e+00
2.300000000000000000e+01 3.100000000000000000e+01 4.993168921901627755e+00
2.300000000000000000e+01 3.200000000000000000e+01 5.870487141908290241e+00
2.400000000000000000e+01 2.500000000000000000e+01 6.137439167155022801e+00
2.400000000000000000e+01 2.600000000000000000e+01 6.227432861427379507e+00
2.400000000000000000e+01 2.700000000000000000e+01 6.262037138281561610e+00
2.400000000000000000e+01 2.800000000000000000e+01 4.314987498711720271e+00
2.400000000000000000e+01 2.900000000000000000e+01 4.192608953543244255e+00
2.400000000000000000e+01 3.000000000000000000e+01 4.402165605813104676e+00
2.400000000000000000e+01 3.100000000000000000e+01 4.552546390610260119e+00
2.400000000000000000e+01 3.200000000000000000e+01 5.470734733384821524e+00
2.500000000000000000e+01 2.600000000000000000e+01 5.088154063133165650e+00
2.500000000000000000e+01 2.700000000000000000e+01 5.463181023157700267e+00
2.500000000000000000e+01 2.800000000000000000e+01 4.909299766239901608e+00
2.500000000000000000e+01 2.900000000000000000e+01 5.038819876288860300e+00
2.500000000000000000e+01 3.000000000000000000e+01 5.413264300481470670e+00
2.500000000000000000e+01 3.100000000000000000e+01 4.960713024853244946e+00
2.500000000000000000e+01 3.200000000000000000e+01 5.214838333213291932e+00
2.600000000000000000e+01 2.700000000000000000e+01 4.559736220957299579e+00
2.600000000000000000e+01 2.800000000000000000e+01 4.931321908436076207e+00
2.600000000000000000e+01 2.900000000000000000e+01 5.066036160020294332e+00
2.600000000000000000e+01 3.000000000000000000e+01 5.432841312202757678e+00
2.600000000000000000e+01 3.100000000000000000e+01 4.930554519546936021e+00
2.600000000000000000e+01 3.200000000000000000e+01 4.904149724437649738e+00
2.700000000000000000e+01 2.800000000000000000e+01 4.947921564488297896e+00
2.700000000000000000e+01 2.900000000000000000e+01 5.080003617390635995e+00
2.700000000000000000e+01 3.000000000000000000e+01 5.438337439555182229e+00
2.700000000000000000e+01 3.100000000000000000e+01 4.926547630925227850e+00
2.700000000000000000e+01 3.200000000000000000e+01 4.710517855830973488e+00
2.800000000000000000e+01 2.900000000000000000e+01 2.376907005178663823e+00
2.800000000000000000e+01 3.000000000000000000e+01 3.108573410191459274e+00
2.800000000000000000e+01 3.100000000000000000e+01 2.596210497777562409e+00
2.800000000000000000e+01 3.200000000000000000e+01 4.042516659877071206e+00
2.900000000000000000e+01 3.000000000000000000e+01 2.795045969904700556e+00
2.900000000000000000e+01 3.100000000000000000e+01 2.811820963566347586e+00
2.900000000000000000e+01 3.200000000000000000e+01 4.176277766218479570e+00
3.000000000000000000e+01 3.100000000000000000e+01 3.291529601402903182e+00
3.000000000000000000e+01 3.200000000000000000e+01 4.517580514665548108e+00
3.100000000000000000e+01 3.200000000000000000e+01 3.938642573190721308e+00
