1.000000000000000000e+00 2.000000000000000000e+00 1.677868759510602992e+00
1.000000000000000000e+00 3.000000000000000000e+00 1.273657714170240984e+00
1.000000000000000000e+00 4.000000000000000000e+00 1.827274684044065900e+00
1.000000000000000000e+00 5.000000000000000000e+00 1.869307727011023657e+00
1.000000000000000000e+00 6.000000000000000000e+00 1.982417564951498568e+00
1.000000000000000000e+00 7.000000000000000000e+00 1.995362320785511567e+00
1.000000000000000000e+00 8.000000000000000000e+00 2.008397083017416040e+00
1.000000000000000000e+00 9.000000000000000000e+00 1.931215602936891873e+00
1.000000000000000000e+00 1.000000000000000000e+01 2.011553592504959020e+00
1.000000000000000000e+00 1.100000000000000000e+01 1.998345608401543183e+00
1.000000000000000000e+00 1.200000000000000000e+01 1.972740243433755536e+00
1.000000000000000000e+00 1.300000000000000000e+01 1.989628454536914060e+00
1.000000000000000000e+00 1.400000000000000000e+01 2.748719534516447904e+00
1.000000000000000000e+00 1.500000000000000000e+01 1.782199135408714330e+00
1.000000000000000000e+00 1.600000000000000000e+01 1.647206329442957307e+00
1.000000000000000000e+00 1.700000000000000000e+01 1.645889116288760556e+00
1.000000000000000000e+00 1.800000000000000000e+01 2.025349372176442841e+00
1.000000000000000000e+00 1.900000000000000000e+01 1.694481862898765012e+00
1.000000000000000000e+00 2.000000000000000000e+01 2.113653479490431586e+00
1.000000000000000000e+00 2.100000000000000000e+01 2.495568275564490790e+00
1.000000000000000000e+00 2.200000000000000000e+01 1.617968297284159584e+00
1.000000000000000000e+00 2.300000000000000000e+01 3.048694640126630162e+00
1.000000000000000000e+00 2.400000000000000000e+01 2.838621813250248760e+00
1.000000000000000000e+00 2.500000000000000000e+01 2.842846827256663378e+00
1.000000000000000000e+00 2.600000000000000000e+01 2.879178484438231322e+00
1.000000000000000000e+00 2.700000000000000000e+01 2.885322092289983154e+00
1.000000000000000000e+00 2.800000000000000000e+01 2.295598294348693891e+00
1.000000000000000000e+00 2.900000000000000000e+01 2.253438621679835663e+00
1.000000000000000000e+00 3.000000000000000000e+01 2.300592994905259481e+00
1.000000000000000000e+00 3.100000000000000000e+01 2.302513488834661004e+00
1.000000000000000000e+00 3.200000000000000000e+01 1.773438748726068548e+00
2.000000000000000000e+00 3.000000000000000000e+00 1.547820028037274698e+00
2.000000000000000000e+00 4.000000000000000000e+00 2.084470481406745623e+00
2.000000000000000000e+00 5.000000000000000000e+00 2.143086919619070052e+00
2.000000000000000000e+00 6.000000000000000000e+00 2.265336225600899311e+00
2.000000000000000000e+00 7.000000000000000000e+00 2.276469611927792958e+00
2.000000000000000000e+00 8.000000000000000000e+00 2.305122573373606709e+00
2.000000000000000000e+00 9.000000000000000000e+00 2.189942423706785046e+00
2.000000000000000000e+00 1.000000000000000000e+01 2.304987387322685599e+00
2.000000000000000000e+00 1.100000000000000000e+01 2.289490508137145497e+00
2.000000000000000000e+00 1.200000000000000000e+01 2.271539704293546791e+00
2.000000000000000000e+00 1.300000000000000000e+01 2.362756842433765936e+00
2.000000000000000000e+00 1.400000000000000000e+01 3.096092697486017453e+00
2.000000000000000000e+00 1.500000000000000000e+01 2.159618323330566358e+00
2.000000000000000000e+00 1.600000000000000000e+01 1.996879762220305166e+00
2.000000000000000000e+00 1.700000000000000000e+01 1.995709419852061073e+00
2.000000000000000000e+00 1.800000000000000000e+01 2.375515367423997937e+00
2.000000000000000000e+00 1.900000000000000000e+01 2.044891842444533925e+00
2.000000000000000000e+00 2.000000000000000000e+01 2.464676072658701145e+00
2.000000000000000000e+00 2.100000000000000000e+01 2.862278076623996803e+00
2.000000000000000000e+00 2.200000000000000000e+01 1.976739759623877601e+00
2.000000000000000000e+00 2.300000000000000000e+01 3.426414494599578475e+00
2.000000000000000000e+00 2.400000000000000000e+01 3.222534347256312603e+00
2.000000000000000000e+00 2.500000000000000000e+01 3.217655080478146079e+00
2.000000000000000000e+00 2.600000000000000000e+01 3.261113727431197873e+00
2.000000000000000000e+00 2.700000000000000000e+01 3.270040425240448023e+00
2.000000000000000000e+00 2.800000000000000000e+01 2.691095121257802703e+00
2.000000000000000000e+00 2.900000000000000000e+01 2.650809168920554626e+00
2.000000000000000000e+00 3.000000000000000000e+01 2.706030143238719710e+00
2.000000000000000000e+00 3.100000000000000000e+01 2.701545727345227021e+00
2.000000000000000000e+00 3.200000000000000000e+01 2.172048857585228809e+00
3.000000000000000000e+00 4.000000000000000000e+00 1.013201037425560891e+00
3.000000000000000000e+00 5.000000000000000000e+00 7.697014335998535461e-01
3.000000000000000000e+00 6.000000000000000000e+00 1.074741111236187985e+00
3.000000000000000000e+00 7.000000000000000000e+00 1.202434335710382829e+00
3.000000000000000000e+00 8.000000000000000000e+00 1.237667513518231122e+00
3.000000000000000000e+00 9.000000000000000000e+00 1.381030453465476260e+00
3.000000000000000000e+00 1.000000000000000000e+01 1.235458107045532827e+00
3.000000000000000000e+00 1.100000000000000000e+01 1.431632985948859682e+00
3.000000000000000000e+00 1.200000000000000000e+01 1.353742191197419453e+00
3.000000000000000000e+00 1.300000000000000000e+01 1.703513916072245227e+00
3.000000000000000000e+00 1.400000000000000000e+01 2.222837728260069756e+00
3.000000000000000000e+00 1.500000000000000000e+01 1.474299072770123953e+00
3.000000000000000000e+00 1.600000000000000000e+01 1.129775236461217913e+00
3.000000000000000000e+00 1.700000000000000000e+01 1.128832955362437440e+00
3.000000000000000000e+00 1.800000000000000000e+01 1.509558012372096414e+00
3.000000000000000000e+00 1.900000000000000000e+01 1.179359261431766281e+00
3.000000000000000000e+00 2.000000000000000000e+01 1.600621368348717155e+00
3.000000000000000000e+00 2.100000000000000000e+01 2.081855500829258077e+00
3.000000000000000000e+00 2.200000000000000000e+01 1.130907266517797494e+00
3.000000000000000000e+00 2.300000000000000000e+01 2.661123303809431739e+00
3.000000000000000000e+00 2.400000000000000000e+01 2.461419418478930421e+00
3.000000000000000000e+00 2.500000000000000000e+01 2.406541413022821541e+00
3.000000000000000000e+00 2.600000000000000000e+01 2.464476178653018046e+00
3.000000000000000000e+00 2.700000000000000000e+01 2.478786497089895846e+00
3.000000000000000000e+00 2.800000000000000000e+01 1.928856019426198110e+00
3.000000000000000000e+00 2.900000000000000000e+01 1.894968336100886219e+00
3.000000000000000000e+00 3.000000000000000000e+01 1.966070363366747564e+00
3.000000000000000000e+00 3.100000000000000000e+01 1.943438839506474558e+00
3.000000000000000000e+00 3.200000000000000000e+01 1.408664931284907107e+00
4.000000000000000000e+00 5.000000000000000000e+00 1.579276722392206844e+00
4.000000000000000000e+00 6.000000000000000000e+00 1.790575790957556146e+00
4.000000000000000000e+00 7.000000000000000000e+00 1.804497561318953114e+00
4.000000000000000000e+00 8.000000000000000000e+00 1.934678876998612740e+00
4.000000000000000000e+00 9.000000000000000000e+00 1.861779981794951855e+00
4.000000000000000000e+00 1.000000000000000000e+01 1.908235041502788221e+00
4.000000000000000000e+00 1.100000000000000000e+01 1.974653547734339432e+00
4.000000000000000000e+00 1.200000000000000000e+01 1.936176320687845065e+00
4.000000000000000000e+00 1.300000000000000000e+01 2.267099632298073875e+00
4.000000000000000000e+00 1.400000000000000000e+01 2.854447594226714902e+00
4.000000000000000000e+00 1.500000000000000000e+01 2.044311929244655435e+00
4.000000000000000000e+00 1.600000000000000000e+01 1.759305206955142920e+00
4.000000000000000000e+00 1.700000000000000000e+01 1.758343500835310325e+00
4.000000000000000000e+00 1.800000000000000000e+01 2.138763243658427626e+00
4.000000000000000000e+00 1.900000000000000000e+01 1.808500254606001167e+00
4.000000000000000000e+00 2.000000000000000000e+01 2.229323363568576077e+00
4.000000000000000000e+00 2.100000000000000000e+01 2.678712782208640952e+00
4.000000000000000000e+00 2.200000000000000000e+01 1.754374104630015863e+00
4.000000000000000000e+00 2.300000000000000000e+01 3.256868926754949989e+00
4.000000000000000000e+00 2.400000000000000000e+01 3.058008985578854588e+00
4.000000000000000000e+00 2.500000000000000000e+01 3.021180450243491133e+00
4.000000000000000000e+00 2.600000000000000000e+01 3.075653671484237073e+00
4.000000000000000000e+00 2.700000000000000000e+01 3.088722576853101032e+00
4.000000000000000000e+00 2.800000000000000000e+01 2.530511894993010102e+00
4.000000000000000000e+00 2.900000000000000000e+01 2.494668112839431906e+00
4.000000000000000000e+00 3.000000000000000000e+01 2.562290553690989903e+00
4.000000000000000000e+00 3.100000000000000000e+01 2.544695332745519067e+00
4.000000000000000000e+00 3.200000000000000000e+01 2.011952945232998502e+00
5.000000000000000000e+00 6.000000000000000000e+00 1.565534876854729918e+00
5.000000000000000000e+00 7.000000000000000000e+00 1.697063930882281912e+00
5.000000000000000000e+00 8.000000000000000000e+00 1.820981061570970727e+00
5.000000000000000000e+00 9.000000000000000000e+00 1.943079756199909358e+00
5.000000000000000000e+00 1.000000000000000000e+01 1.787979611465676744e+00
5.000000000000000000e+00 1.100000000000000000e+01 1.990478755433811697e+00
5.000000000000000000e+00 1.200000000000000000e+01 1.910928752511769746e+00
5.000000000000000000e+00 1.300000000000000000e+01 2.285100378160776824e+00
5.000000000000000000e+00 1.400000000000000000e+01 2.812625934586903131e+00
5.000000000000000000e+00 1.500000000000000000e+01 2.055849283196321320e+00
5.000000000000000000e+00 1.600000000000000000e+01 1.719149906231156377e+00
5.000000000000000000e+00 1.700000000000000000e+01 1.718223736576123928e+00
5.000000000000000000e+00 1.800000000000000000e+01 2.098891040355161053e+00
5.000000000000000000e+00 1.900000000000000000e+01 1.768707027705939350e+00
5.000000000000000000e+00 2.000000000000000000e+01 2.189904138176682835e+00
5.000000000000000000e+00 2.100000000000000000e+01 2.665069525805274786e+00
5.000000000000000000e+00 2.200000000000000000e+01 1.719484250183632268e+00
5.000000000000000000e+00 2.300000000000000000e+01 3.245185990425417444e+00
5.000000000000000000e+00 2.400000000000000000e+01 3.046146147872191623e+00
5.000000000000000000e+00 2.500000000000000000e+01 2.994379744685644607e+00
5.000000000000000000e+00 2.600000000000000000e+01 3.052104347568040943e+00
5.000000000000000000e+00 2.700000000000000000e+01 3.066353973914609732e+00
5.000000000000000000e+00 2.800000000000000000e+01 2.515463884172815412e+00
5.000000000000000000e+00 2.900000000000000000e+01 2.481322225550384175e+00
5.000000000000000000e+00 3.000000000000000000e+01 2.552340236491729364e+00
5.000000000000000000e+00 3.100000000000000000e+01 2.530221124802293886e+00
5.000000000000000000e+00 3.200000000000000000e+01 1.995823863104444262e+00
6.000000000000000000e+00 7.000000000000000000e+00 1.582386050316107795e+00
6.000000000000000000e+00 8.000000000000000000e+00 1.763874569304249018e+00
6.000000000000000000e+00 9.000000000000000000e+00 2.027430352849485917e+00
6.000000000000000000e+00 1.000000000000000000e+01 1.620400211387621692e+00
6.000000000000000000e+00 1.100000000000000000e+01 2.027301061333530718e+00
6.000000000000000000e+00 1.200000000000000000e+01 1.908091446387536694e+00
6.000000000000000000e+00 1.300000000000000000e+01 2.355860807209221530e+00
6.000000000000000000e+00 1.400000000000000000e+01 2.856205905181685711e+00
6.000000000000000000e+00 1.500000000000000000e+01 2.121981550203885458e+00
6.000000000000000000e+00 1.600000000000000000e+01 1.763060238887456554e+00
6.000000000000000000e+00 1.700000000000000000e+01 1.762193952554679699e+00
6.000000000000000000e+00 1.800000000000000000e+01 2.142919116773557064e+00
6.000000000000000000e+00 1.900000000000000000e+01 1.812823627307496022e+00
6.000000000000000000e+00 2.000000000000000000e+01 2.234155004241283216e+00
6.000000000000000000e+00 2.100000000000000000e+01 2.716067968320583503e+00
6.000000000000000000e+00 2.200000000000000000e+01 1.765533224141011326e+00
6.000000000000000000e+00 2.300000000000000000e+01 3.299160409053063958e+00
6.000000000000000000e+00 2.400000000000000000e+01 3.101222727036111682e+00
6.000000000000000000e+00 2.500000000000000000e+01 3.044728203772173902e+00
6.000000000000000000e+00 2.600000000000000000e+01 3.104351620342581164e+00
6.000000000000000000e+00 2.700000000000000000e+01 3.119319639422175605e+00
6.000000000000000000e+00 2.800000000000000000e+01 2.571785208191297301e+00
6.000000000000000000e+00 2.900000000000000000e+01 2.538371410076984525e+00
6.000000000000000000e+00 3.000000000000000000e+01 2.611634306332565991e+00
6.000000000000000000e+00 3.100000000000000000e+01 2.587274823333255647e+00
6.000000000000000000e+00 3.200000000000000000e+01 2.052415874026996434e+00
7.000000000000000000e+00 8.000000000000000000e+00 1.882379498588997446e+00
7.000000000000000000e+00 9.000000000000000000e+00 1.960936387542511650e+00
7.000000000000000000e+00 1.000000000000000000e+01 1.717316246100429211e+00
7.000000000000000000e+00 1.100000000000000000e+01 1.936842171929880285e+00
7.000000000000000000e+00 1.200000000000000000e+01 1.813824330977550359e+00
7.000000000000000000e+00 1.300000000000000000e+01 2.340289364485693913e+00
7.000000000000000000e+00 1.400000000000000000e+01 2.878971594760403097e+00
7.000000000000000000e+00 1.500000000000000000e+01 2.107558253407416426e+00
7.000000000000000000e+00 1.600000000000000000e+01 1.784249395415732797e+00
7.000000000000000000e+00 1.700000000000000000e+01 1.783415259611880410e+00
7.000000000000000000e+00 1.800000000000000000e+01 2.163914339477019944e+00
7.000000000000000000e+00 1.900000000000000000e+01 1.833834528489885596e+00
7.000000000000000000e+00 2.000000000000000000e+01 2.254883599168670649e+00
7.000000000000000000e+00 2.100000000000000000e+01 2.712573027656478786e+00
7.000000000000000000e+00 2.200000000000000000e+01 1.783058044321838009e+00
7.000000000000000000e+00 2.300000000000000000e+01 3.297577682945178168e+00
7.000000000000000000e+00 2.400000000000000000e+01 3.101566641888079179e+00
7.000000000000000000e+00 2.500000000000000000e+01 3.057937736906235937e+00
7.000000000000000000e+00 2.600000000000000000e+01 3.116065012099978659e+00
7.000000000000000000e+00 2.700000000000000000e+01 3.130533118169974038e+00
7.000000000000000000e+00 2.800000000000000000e+01 2.578284997629310737e+00
7.000000000000000000e+00 2.900000000000000000e+01 2.543690549104123733e+00
7.000000000000000000e+00 3.000000000000000000e+01 2.615780383522578134e+00
7.000000000000000000e+00 3.100000000000000000e+01 2.594098939733530784e+00
7.000000000000000000e+00 3.200000000000000000e+01 2.060746135270068002e+00
8.000000000000000000e+00 9.000000000000000000e+00 2.109431330799812709e+00
8.000000000000000000e+00 1.000000000000000000e+01 1.580344227499038467e+00
8.000000000000000000e+00 1.100000000000000000e+01 2.083508868707779627e+00
8.000000000000000000e+00 1.200000000000000000e+01 1.938954706748025059e+00
8.000000000000000000e+00 1.300000000000000000e+01 2.363389997650783503e+00
8.000000000000000000e+00 1.400000000000000000e+01 2.774894361159031764e+00
8.000000000000000000e+00 1.500000000000000000e+01 2.122302929385317949e+00
8.000000000000000000e+00 1.600000000000000000e+01 1.684528958062148751e+00
8.000000000000000000e+00 1.700000000000000000e+01 1.683688606330444371e+00
8.000000000000000000e+00 1.800000000000000000e+01 2.064826241238704618e+00
8.000000000000000000e+00 1.900000000000000000e+01 1.734817216158772712e+00
8.000000000000000000e+00 2.000000000000000000e+01 2.156740486350170904e+00
8.000000000000000000e+00 2.100000000000000000e+01 2.682600008290073390e+00
8.000000000000000000e+00 2.200000000000000000e+01 1.695177667647370212e+00
8.000000000000000000e+00 2.300000000000000000e+01 3.266679466314020175e+00
8.000000000000000000e+00 2.400000000000000000e+01 3.067382304036721852e+00
8.000000000000000000e+00 2.500000000000000000e+01 2.986198417776817049e+00
8.000000000000000000e+00 2.600000000000000000e+01 3.050439096876157663e+00
8.000000000000000000e+00 2.700000000000000000e+01 3.067059140422657926e+00
8.000000000000000000e+00 2.800000000000000000e+01 2.530685342699007023e+00
8.000000000000000000e+00 2.900000000000000000e+01 2.499910566670087597e+00
8.000000000000000000e+00 3.000000000000000000e+01 2.577744912281976220e+00
8.000000000000000000e+00 3.100000000000000000e+01 2.546650255869955970e+00
8.000000000000000000e+00 3.200000000000000000e+01 2.009022194525027061e+00
9.000000000000000000e+00 1.000000000000000000e+01 2.060813550780991044e+00
9.000000000000000000e+00 1.100000000000000000e+01 1.787286025699432512e+00
9.000000000000000000e+00 1.200000000000000000e+01 1.897718944838546529e+00
9.000000000000000000e+00 1.300000000000000000e+01 2.234302328936529580e+00
9.000000000000000000e+00 1.400000000000000000e+01 2.931997511637610021e+00
9.000000000000000000e+00 1.500000000000000000e+01 2.019354946798278316e+00
9.000000000000000000e+00 1.600000000000000000e+01 1.833692952371090756e+00
9.000000000000000000e+00 1.700000000000000000e+01 1.832776325040638143e+00
9.000000000000000000e+00 1.800000000000000000e+01 2.212737370718258489e+00
9.000000000000000000e+00 1.900000000000000000e+01 1.882479490644973552e+00
9.000000000000000000e+00 2.000000000000000000e+01 2.302711733628842516e+00
9.000000000000000000e+00 2.100000000000000000e+01 2.694228782359997965e+00
9.000000000000000000e+00 2.200000000000000000e+01 1.820978914032674423e+00
9.000000000000000000e+00 2.300000000000000000e+01 3.276867289162343155e+00
9.000000000000000000e+00 2.400000000000000000e+01 3.083138729191612359e+00
9.000000000000000000e+00 2.500000000000000000e+01 3.078115520722849663e+00
9.000000000000000000e+00 2.600000000000000000e+01 3.129243070492345069e+00
9.000000000000000000e+00 2.700000000000000000e+01 3.141222492890149987e+00
9.000000000000000000e+00 2.800000000000000000e+01 2.571884428642777110e+00
9.000000000000000000e+00 2.900000000000000000e+01 2.533121109211668553e+00
9.000000000000000000e+00 3.000000000000000000e+01 2.598039889746315723e+00
9.000000000000000000e+00 3.100000000000000000e+01 2.587056446413686928e+00
9.000000000000000000e+00 3.200000000000000000e+01 2.058102480690136460e+00
1.000000000000000000e+01 1.100000000000000000e+01 2.014419554298847004e+00
1.000000000000000000e+01 1.200000000000000000e+01 1.841884834383235026e+00
1.000000000000000000e+01 1.300000000000000000e+01 2.348521721701780418e+00
1.000000000000000000e+01 1.400000000000000000e+01 2.808266486946845664e+00
1.000000000000000000e+01 1.500000000000000000e+01 2.108850617325267685e+00
1.000000000000000000e+01 1.600000000000000000e+01 1.715640812899622558e+00
1.000000000000000000e+01 1.700000000000000000e+01 1.714848242581606064e+00
1.000000000000000000e+01 1.800000000000000000e+01 2.095663877682786946e+00
1.000000000000000000e+01 1.900000000000000000e+01 1.765679664509210323e+00
1.000000000000000000e+01 2.000000000000000000e+01 2.187202348962428822e+00
1.000000000000000000e+01 2.100000000000000000e+01 2.681805053785274673e+00
1.000000000000000000e+01 2.200000000000000000e+01 1.721100469860987525e+00
1.000000000000000000e+01 2.300000000000000000e+01 3.267887265466142388e+00
1.000000000000000000e+01 2.400000000000000000e+01 3.070740484476305543e+00
1.000000000000000000e+01 2.500000000000000000e+01 3.006033911039881712e+00
1.000000000000000000e+01 2.600000000000000000e+01 3.068127990297208285e+00
1.000000000000000000e+01 2.700000000000000000e+01 3.084014997432548810e+00
1.000000000000000000e+01 2.800000000000000000e+01 2.541276811791009393e+00
1.000000000000000000e+01 2.900000000000000000e+01 2.508954156628700360e+00
1.000000000000000000e+01 3.000000000000000000e+01 2.585036426357729233e+00
1.000000000000000000e+01 3.100000000000000000e+01 2.557525516399774546e+00
1.000000000000000000e+01 3.200000000000000000e+01 2.021812930367588024e+00
1.100000000000000000e+01 1.200000000000000000e+01 1.656839271125726265e+00
1.100000000000000000e+01 1.300000000000000000e+01 2.213887027140599262e+00
1.100000000000000000e+01 1.400000000000000000e+01 2.884690215765434385e+00
1.100000000000000000e+01 1.500000000000000000e+01 1.985006572159056848e+00
1.100000000000000000e+01 1.600000000000000000e+01 1.785941620919080153e+00
1.100000000000000000e+01 1.700000000000000000e+01 1.785150271148684409e+00
1.100000000000000000e+01 1.800000000000000000e+01 2.165059170893074203e+00
1.100000000000000000e+01 1.900000000000000000e+01 1.834965252341592912e+00
1.100000000000000000e+01 2.000000000000000000e+01 2.255241039111154144e+00
1.100000000000000000e+01 2.100000000000000000e+01 2.636446964479395305e+00
1.100000000000000000e+01 2.200000000000000000e+01 1.774477560246039642e+00
1.100000000000000000e+01 2.300000000000000000e+01 3.227663956329371864e+00
1.100000000000000000e+01 2.400000000000000000e+01 3.038280545419180800e+00
1.100000000000000000e+01 2.500000000000000000e+01 3.036282735519429732e+00
1.100000000000000000e+01 2.600000000000000000e+01 3.089816899386097937e+00
1.100000000000000000e+01 2.700000000000000000e+01 3.102770909355049511e+00
1.100000000000000000e+01 2.800000000000000000e+01 2.535781511346622885e+00
1.100000000000000000e+01 2.900000000000000000e+01 2.497368357485317603e+00
1.100000000000000000e+01 3.000000000000000000e+01 2.565764062567382986e+00
1.100000000000000000e+01 3.100000000000000000e+01 2.552741935449160948e+00
1.100000000000000000e+01 3.200000000000000000e+01 2.024260926383597337e+00
1.200000000000000000e+01 1.300000000000000000e+01 2.215037604829707352e+00
1.200000000000000000e+01 1.400000000000000000e+01 2.776618028637846347e+00
1.200000000000000000e+01 1.500000000000000000e+01 1.974071431170211000e+00
1.200000000000000000e+01 1.600000000000000000e+01 1.679368912450928120e+00
1.200000000000000000e+01 1.700000000000000000e+01 1.678692932499403989e+00
1.200000000000000000e+01 1.800000000000000000e+01 2.058840837996739559e+00
1.200000000000000000e+01 1.900000000000000000e+01 1.728932296375248256e+00
1.200000000000000000e+01 2.000000000000000000e+01 2.149642586462475968e+00
1.200000000000000000e+01 2.100000000000000000e+01 2.569810231248427002e+00
1.200000000000000000e+01 2.200000000000000000e+01 1.674407328550465257e+00
1.200000000000000000e+01 2.300000000000000000e+01 3.164027510487708028e+00
1.200000000000000000e+01 2.400000000000000000e+01 2.973723637672673004e+00
1.200000000000000000e+01 2.500000000000000000e+01 2.947773566974790871e+00
1.200000000000000000e+01 2.600000000000000000e+01 3.006044323920992412e+00
1.200000000000000000e+01 2.700000000000000000e+01 3.020695271694089357e+00
1.200000000000000000e+01 2.800000000000000000e+01 2.464653515367902337e+00
1.200000000000000000e+01 2.900000000000000000e+01 2.428947373820093070e+00
1.200000000000000000e+01 3.000000000000000000e+01 2.502475016750784320e+00
1.200000000000000000e+01 3.100000000000000000e+01 2.482298791048407338e+00
1.200000000000000000e+01 3.200000000000000000e+01 1.951124679687373797e+00
1.300000000000000000e+01 1.400000000000000000e+01 2.978750526886131400e+00
1.300000000000000000e+01 1.500000000000000000e+01 1.502710047116363246e+00
1.300000000000000000e+01 1.600000000000000000e+01 1.872319730285155748e+00
1.300000000000000000e+01 1.700000000000000000e+01 1.871097784332408809e+00
1.300000000000000000e+01 1.800000000000000000e+01 2.249830392755814756e+00
1.300000000000000000e+01 1.900000000000000000e+01 1.919010125081257012e+00
1.300000000000000000e+01 2.000000000000000000e+01 2.337267368427309755e+00
1.300000000000000000e+01 2.100000000000000000e+01 2.544997104327185511e+00
1.300000000000000000e+01 2.200000000000000000e+01 1.831207438735672044e+00
1.300000000000000000e+01 2.300000000000000000e+01 3.113233733059791675e+00
1.300000000000000000e+01 2.400000000000000000e+01 2.928500254952946857e+00
1.300000000000000000e+01 2.500000000000000000e+01 3.041991473223764952e+00
1.300000000000000000e+01 2.600000000000000000e+01 3.074996951206443008e+00
1.300000000000000000e+01 2.700000000000000000e+01 3.080733595296989868e+00
1.300000000000000000e+01 2.800000000000000000e+01 2.462729945859489789e+00
1.300000000000000000e+01 2.900000000000000000e+01 2.411025111777082230e+00
1.300000000000000000e+01 3.000000000000000000e+01 2.455730884796231805e+00
1.300000000000000000e+01 3.100000000000000000e+01 2.477983426387341481e+00
1.300000000000000000e+01 3.200000000000000000e+01 1.963657091905218754e+00
1.400000000000000000e+01 1.500000000000000000e+01 2.708747100738683411e+00
1.400000000000000000e+01 1.600000000000000000e+01 1.293117126500221259e+00
1.400000000000000000e+01 1.700000000000000000e+01 1.254474383734992537e+00
1.400000000000000000e+01 1.800000000000000000e+01 1.681405432770270103e+00
1.400000000000000000e+01 1.900000000000000000e+01 1.310383793089125781e+00
1.400000000000000000e+01 2.000000000000000000e+01 1.765018525140442662e+00
1.400000000000000000e+01 2.100000000000000000e+01 3.128323413452113400e+00
1.400000000000000000e+01 2.200000000000000000e+01 1.583729539169108191e+00
1.400000000000000000e+01 2.300000000000000000e+01 3.690974372607554344e+00
1.400000000000000000e+01 2.400000000000000000e+01 3.465295612064439812e+00
1.400000000000000000e+01 2.500000000000000000e+01 3.046741274031657287e+00
1.400000000000000000e+01 2.600000000000000000e+01 3.154770239985785096e+00
1.400000000000000000e+01 2.700000000000000000e+01 3.187001617103676132e+00
1.400000000000000000e+01 2.800000000000000000e+01 2.809664149356019713e+00
1.400000000000000000e+01 2.900000000000000000e+01 2.809715796325022552e+00
1.400000000000000000e+01 3.000000000000000000e+01 2.919500690152917244e+00
1.400000000000000000e+01 3.100000000000000000e+01 2.816067017411430840e+00
1.400000000000000000e+01 3.200000000000000000e+01 2.232187267122036189e+00
1.500000000000000000e+01 1.600000000000000000e+01 1.601276667196140702e+00
1.500000000000000000e+01 1.700000000000000000e+01 1.600079837247515568e+00
1.500000000000000000e+01 1.800000000000000000e+01 1.978655681609214234e+00
1.500000000000000000e+01 1.900000000000000000e+01 1.647852951418925738e+00
1.500000000000000000e+01 2.000000000000000000e+01 2.065917772432976030e+00
1.500000000000000000e+01 2.100000000000000000e+01 2.216631919586362187e+00
1.500000000000000000e+01 2.200000000000000000e+01 1.557697865961253259e+00
1.500000000000000000e+01 2.300000000000000000e+01 2.791311703930420052e+00
1.500000000000000000e+01 2.400000000000000000e+01 2.616871269643991749e+00
1.500000000000000000e+01 2.500000000000000000e+01 2.765711965825438323e+00
1.500000000000000000e+01 2.600000000000000000e+01 2.798347996288572226e+00
1.500000000000000000e+01 2.700000000000000000e+01 2.804209670864267423e+00
1.500000000000000000e+01 2.800000000000000000e+01 2.178630855663899801e+00
1.500000000000000000e+01 2.900000000000000000e+01 2.124199170198091124e+00
1.500000000000000000e+01 3.000000000000000000e+01 2.169329671567895801e+00
1.500000000000000000e+01 3.100000000000000000e+01 2.196813304736464190e+00
1.500000000000000000e+01 3.200000000000000000e+01 1.686832649213534596e+00
1.600000000000000000e+01 1.700000000000000000e+01 8.365031408186096584e-02
1.600000000000000000e+01 1.800000000000000000e+01 4.486636639735488430e-01
1.600000000000000000e+01 1.900000000000000000e+01 1.628478021397152808e-01
1.600000000000000000e+01 2.000000000000000000e+01 6.033667380303748828e-01
1.600000000000000000e+01 2.100000000000000000e+01 2.016791179387918298e+00
1.600000000000000000e+01 2.200000000000000000e+01 4.268123864334769646e-01
1.600000000000000000e+01 2.300000000000000000e+01 2.577197669940997748e+00
1.600000000000000000e+01 2.400000000000000000e+01 2.349413431553661891e+00
1.600000000000000000e+01 2.500000000000000000e+01 1.904522159866715914e+00
1.600000000000000000e+01 2.600000000000000000e+01 2.016132727492132126e+00
1.600000000000000000e+01 2.700000000000000000e+01 2.049686095331662905e+00
1.600000000000000000e+01 2.800000000000000000e+01 1.684253809406113689e+00
1.600000000000000000e+01 2.900000000000000000e+01 1.686582379131403187e+00
1.600000000000000000e+01 3.000000000000000000e+01 1.798141591576209564e+00
1.600000000000000000e+01 3.100000000000000000e+01 1.689571900601174015e+00
1.600000000000000000e+01 3.200000000000000000e+01 1.102039690892570922e+00
1.700000000000000000e+01 1.800000000000000000e+01 4.721486011249877990e-01
1.700000000000000000e+01 1.900000000000000000e+01 1.111142472780728419e-01
1.700000000000000000e+01 2.000000000000000000e+01 5.606119524497508166e-01
1.700000000000000000e+01 2.100000000000000000e+01 2.016161384424404623e+00
1.700000000000000000e+01 2.200000000000000000e+01 4.176756709379387811e-01
1.700000000000000000e+01 2.300000000000000000e+01 2.576147636659370299e+00
1.700000000000000000e+01 2.400000000000000000e+01 2.348051539962359602e+00
1.700000000000000000e+01 2.500000000000000000e+01 1.898174407547564169e+00
1.700000000000000000e+01 2.600000000000000000e+01 2.009821235651806148e+00
1.700000000000000000e+01 2.700000000000000000e+01 2.043376269155135816e+00
1.700000000000000000e+01 2.800000000000000000e+01 1.681198445283333065e+00
1.700000000000000000e+01 2.900000000000000000e+01 1.683917930556498632e+00
1.700000000000000000e+01 3.000000000000000000e+01 1.795604568138378987e+00
1.700000000000000000e+01 3.100000000000000000e+01 1.686126215515905358e+00
1.700000000000000000e+01 3.200000000000000000e+01 1.097611051059087073e+00
1.800000000000000000e+01 1.900000000000000000e+01 5.460595516542960937e-01
1.800000000000000000e+01 2.000000000000000000e+01 9.668211110034228284e-01
1.800000000000000000e+01 2.100000000000000000e+01 2.394119957119530184e+00
1.800000000000000000e+01 2.200000000000000000e+01 7.863291784777579618e-01
1.800000000000000000e+01 2.300000000000000000e+01 2.953747495420604885e+00
1.800000000000000000e+01 2.400000000000000000e+01 2.725315811086215678e+00
1.800000000000000000e+01 2.500000000000000000e+01 2.270993376476730941e+00
1.800000000000000000e+01 2.600000000000000000e+01 2.383872387157810024e+00
1.800000000000000000e+01 2.700000000000000000e+01 2.417941084398552043e+00
1.800000000000000000e+01 2.800000000000000000e+01 2.056988929313970260e+00
1.800000000000000000e+01 2.900000000000000000e+01 2.060060021528455465e+00
1.800000000000000000e+01 3.000000000000000000e+01 2.172035595390714668e+00
1.800000000000000000e+01 3.100000000000000000e+01 2.061791281883640359e+00
1.800000000000000000e+01 3.200000000000000000e+01 1.472858864581073624e+00
1.900000000000000000e+01 2.000000000000000000e+01 5.780490203411674521e-01
1.900000000000000000e+01 2.100000000000000000e+01 2.064031159473766586e+00
1.900000000000000000e+01 2.200000000000000000e+01 4.474853224501555982e-01
1.900000000000000000e+01 2.300000000000000000e+01 2.623055567423095980e+00
1.900000000000000000e+01 2.400000000000000000e+01 2.394171564635259930e+00
1.900000000000000000e+01 2.500000000000000000e+01 1.933322851159270162e+00
1.900000000000000000e+01 2.600000000000000000e+01 2.045333198265691266e+00
1.900000000000000000e+01 2.700000000000000000e+01 2.078971713426963852e+00
1.900000000000000000e+01 2.800000000000000000e+01 1.723385519534835986e+00
1.900000000000000000e+01 2.900000000000000000e+01 1.727022281635940626e+00
1.900000000000000000e+01 3.000000000000000000e+01 1.839181464444824776e+00
1.900000000000000000e+01 3.100000000000000000e+01 1.727595310912453996e+00
1.900000000000000000e+01 3.200000000000000000e+01 1.137092331336065909e+00
2.000000000000000000e+01 2.100000000000000000e+01 2.481780068711571197e+00
2.000000000000000000e+01 2.200000000000000000e+01 8.417171043818589826e-01
2.000000000000000000e+01 2.300000000000000000e+01 3.039914135069361478e+00
2.000000000000000000e+01 2.400000000000000000e+01 2.810273290753810382e+00
2.000000000000000000e+01 2.500000000000000000e+01 2.337897992680017634e+00
2.000000000000000000e+01 2.600000000000000000e+01 2.452326343953020071e+00
2.000000000000000000e+01 2.700000000000000000e+01 2.487005203501759354e+00
2.000000000000000000e+01 2.800000000000000000e+01 2.135840640813730040e+00
2.000000000000000000e+01 2.900000000000000000e+01 2.140340201921890895e+00
2.000000000000000000e+01 3.000000000000000000e+01 2.253026380586844901e+00
2.000000000000000000e+01 3.100000000000000000e+01 2.139516211967059434e+00
2.000000000000000000e+01 3.200000000000000000e+01 1.547580951616710498e+00
2.100000000000000000e+01 2.200000000000000000e+01 1.971993231855450501e+00
2.100000000000000000e+01 2.300000000000000000e+01 2.854669158271660123e+00
2.100000000000000000e+01 2.400000000000000000e+01 2.835315401518444300e+00
2.100000000000000000e+01 2.500000000000000000e+01 3.193245279170184414e+00
2.100000000000000000e+01 2.600000000000000000e+01 3.237061546930526390e+00
2.100000000000000000e+01 2.700000000000000000e+01 3.248367624754897598e+00
2.100000000000000000e+01 2.800000000000000000e+01 2.608927146059379254e+00
2.100000000000000000e+01 2.900000000000000000e+01 2.549386786748476297e+00
2.100000000000000000e+01 3.000000000000000000e+01 2.631599556679605989e+00
2.100000000000000000e+01 3.100000000000000000e+01 2.649137923078315637e+00
2.100000000000000000e+01 3.200000000000000000e+01 2.153785166603820578e+00
2.200000000000000000e+01 2.300000000000000000e+01 2.518184238213122761e+00
2.200000000000000000e+01 2.400000000000000000e+01 2.278567684042763108e+00
2.200000000000000000e+01 2.500000000000000000e+01 1.656427625962990202e+00
2.200000000000000000e+01 2.600000000000000000e+01 1.794269693255062137e+00
2.200000000000000000e+01 2.700000000000000000e+01 1.838750708879389073e+00
2.200000000000000000e+01 2.800000000000000000e+01 1.555203010909234962e+00
2.200000000000000000e+01 2.900000000000000000e+01 1.571227860051827463e+00
2.200000000000000000e+01 3.000000000000000000e+01 1.690455876828998782e+00
2.200000000000000000e+01 3.100000000000000000e+01 1.550956189387181716e+00
2.200000000000000000e+01 3.200000000000000000e+01 9.377207222492798255e-01
2.300000000000000000e+01 2.400000000000000000e+01 2.754074197065221608e+00
2.300000000000000000e+01 2.500000000000000000e+01 3.708930189186669946e+00
2.300000000000000000e+01 2.600000000000000000e+01 3.741865516056314789e+00
2.300000000000000000e+01 2.700000000000000000e+01 3.750224349592071071e+00
2.300000000000000000e+01 2.800000000000000000e+01 3.060780673345789182e+00
2.300000000000000000e+01 2.900000000000000000e+01 2.983148654170017622e+00
2.300000000000000000e+01 3.000000000000000000e+01 3.063605156117533035e+00
2.300000000000000000e+01 3.100000000000000000e+01 3.111818118965384627e+00
2.300000000000000000e+01 3.200000000000000000e+01 2.637443709886413856e+00
2.400000000000000000e+01 2.500000000000000000e+01 3.444827967594468188e+00
2.400000000000000000e+01 2.600000000000000000e+01 3.469804024720431812e+00
2.400000000000000000e+01 2.700000000000000000e+01 3.476347079792518890e+00
2.400000000000000000e+01 2.800000000000000000e+01 2.740762674939798416e+00
2.400000000000000000e+01 2.900000000000000000e+01 2.645821852175596511e+00
2.400000000000000000e+01 3.000000000000000000e+01 2.732578082991989454e+00
2.400000000000000000e+01 3.100000000000000000e+01 2.804916041745102895e+00
2.400000000000000000e+01 3.200000000000000000e+01 2.350945333983291974e+00
2.500000000000000000e+01 2.600000000000000000e+01 2.737283188814439328e+00
2.500000000000000000e+01 2.700000000000000000e+01 2.855120550012107294e+00
2.500000000000000000e+01 2.800000000000000000e+01 2.587697594996996919e+00
2.500000000000000000e+01 2.900000000000000000e+01 2.637064603857054657e+00
2.500000000000000000e+01 3.000000000000000000e+01 2.772766096035957695e+00
2.500000000000000000e+01 3.100000000000000000e+01 2.558429166504094354e+00
2.500000000000000000e+01 3.200000000000000000e+01 1.904607881268519654e+00
2.600000000000000000e+01 2.700000000000000000e+01 2.453969349508506426e+00
2.600000000000000000e+01 2.800000000000000000e+01 2.565364967655859196e+00
2.600000000000000000e+01 2.900000000000000000e+01 2.624426184933822626e+00
2.600000000000000000e+01 3.000000000000000000e+01 2.760091698087809853e+00
2.600000000000000000e+01 3.100000000000000000e+01 2.512158171419955011e+00
2.600000000000000000e+01 3.200000000000000000e+01 1.788562421800088620e+00
2.700000000000000000e+01 2.800000000000000000e+01 2.564839520231932291e+00
2.700000000000000000e+01 2.900000000000000000e+01 2.623356463720242004e+00
2.700000000000000000e+01 3.000000000000000000e+01 2.755374814421949203e+00
2.700000000000000000e+01 3.100000000000000000e+01 2.504169144752163234e+00
2.700000000000000000e+01 3.200000000000000000e+01 1.721480895452200732e+00
2.800000000000000000e+01 2.900000000000000000e+01 1.555777545520925287e+00
2.800000000000000000e+01 3.000000000000000000e+01 1.896124468027266197e+00
2.800000000000000000e+01 3.100000000000000000e+01 1.610533220895185025e+00
2.800000000000000000e+01 3.200000000000000000e+01 1.379223521921784323e+00
2.900000000000000000e+01 3.000000000000000000e+01 1.732804330649512004e+00
2.900000000000000000e+01 3.100000000000000000e+01 1.735207674407958756e+00
2.900000000000000000e+01 3.200000000000000000e+01 1.443357957229176813e+00
3.000000000000000000e+01 3.100000000000000000e+01 1.924838475693594120e+00
3.000000000000000000e+01 3.200000000000000000e+01 1.565101163564685427e+00
3.100000000000000000e+01 3.200000000000000000e+01 1.277132914658902552e+00
