1.000000000000000000e+00 2.000000000000000000e+00 8.292976504423993589e+00
1.000000000000000000e+00 3.000000000000000000e+00 5.291584238292236009e+00
1.000000000000000000e+00 4.000000000000000000e+00 7.593299940033483963e+00
1.000000000000000000e+00 5.000000000000000000e+00 5.535023856043858714e+00
1.000000000000000000e+00 6.000000000000000000e+00 7.358378085617817810e+00
1.000000000000000000e+00 7.000000000000000000e+00 7.868996146382527535e+00
1.000000000000000000e+00 8.000000000000000000e+00 7.804604444635404370e+00
1.000000000000000000e+00 9.000000000000000000e+00 7.493914859725679278e+00
1.000000000000000000e+00 1.000000000000000000e+01 7.899575885319216617e+00
1.000000000000000000e+00 1.100000000000000000e+01 7.559305753934969729e+00
1.000000000000000000e+00 1.200000000000000000e+01 6.582455382842566927e+00
1.000000000000000000e+00 1.300000000000000000e+01 8.625800609870493574e+00
1.000000000000000000e+00 1.400000000000000000e+01 7.595624930950423348e+00
1.000000000000000000e+00 1.500000000000000000e+01 8.587314352878854251e+00
1.000000000000000000e+00 1.600000000000000000e+01 6.714849697609630574e+00
1.000000000000000000e+00 1.700000000000000000e+01 6.911823905154600212e+00
1.000000000000000000e+00 1.800000000000000000e+01 6.814451047242598314e+00
1.000000000000000000e+00 1.900000000000000000e+01 7.068950204687392436e+00
1.000000000000000000e+00 2.000000000000000000e+01 6.951725443029677542e+00
1.000000000000000000e+00 2.100000000000000000e+01 5.187016305111610492e+00
1.000000000000000000e+00 2.200000000000000000e+01 6.918832798350765145e+00
1.000000000000000000e+00 2.300000000000000000e+01 5.267959848598381178e+00
1.000000000000000000e+00 2.400000000000000000e+01 5.383037811633738734e+00
1.000000000000000000e+00 2.500000000000000000e+01 7.752573320908843435e+00
1.000000000000000000e+00 2.600000000000000000e+01 7.628186874934602457e+00
1.000000000000000000e+00 2.700000000000000000e+01 7.734814690829264983e+00
1.000000000000000000e+00 2.800000000000000000e+01 9.224933712812640962e+00
1.000000000000000000e+00 2.900000000000000000e+01 9.120606012419976594e+00
1.000000000000000000e+00 3.000000000000000000e+01 9.370503900205511272e+00
1.000000000000000000e+00 3.100000000000000000e+01 9.827283576784720864e+00
1.000000000000000000e+00 3.200000000000000000e+01 1.156811528518993093e+01
2.000000000000000000e+00 3.000000000000000000e+00 7.324398789768986617e+00
2.000000000000000000e+00 4.000000000000000000e+00 9.556614623936665609e+00
2.000000000000000000e+00 5.000000000000000000e+00 7.562512625045005876e+00
2.000000000000000000e+00 6.000000000000000000e+00 9.397013686855501646e+00
2.000000000000000000e+00 7.000000000000000000e+00 9.886168458705505202e+00
2.000000000000000000e+00 8.000000000000000000e+00 9.872414183853546632e+00
2.000000000000000000e+00 9.000000000000000000e+00 9.370906310067971035e+00
2.000000000000000000e+00 1.000000000000000000e+01 9.955730595835024843e+00
2.000000000000000000e+00 1.100000000000000000e+01 9.561377195818797858e+00
2.000000000000000000e+00 1.200000000000000000e+01 8.628833026932404948e+00
2.000000000000000000e+00 1.300000000000000000e+01 1.084707374355959963e+01
2.000000000000000000e+00 1.400000000000000000e+01 9.784650203345419683e+00
2.000000000000000000e+00 1.500000000000000000e+01 1.092287725206322868e+01
2.000000000000000000e+00 1.600000000000000000e+01 8.907310653682188217e+00
2.000000000000000000e+00 1.700000000000000000e+01 9.105087353649059523e+00
2.000000000000000000e+00 1.800000000000000000e+01 9.009470933837842921e+00
2.000000000000000000e+00 1.900000000000000000e+01 9.266616349551977549e+00
2.000000000000000000e+00 2.000000000000000000e+01 9.149196763827251999e+00
2.000000000000000000e+00 2.100000000000000000e+01 7.443261287151704764e+00
2.000000000000000000e+00 2.200000000000000000e+01 9.120949523572898343e+00
2.000000000000000000e+00 2.300000000000000000e+01 7.540767711428316922e+00
2.000000000000000000e+00 2.400000000000000000e+01 7.663331820791682070e+00
2.000000000000000000e+00 2.500000000000000000e+01 9.968873175742750448e+00
2.000000000000000000e+00 2.600000000000000000e+01 9.846607250350071894e+00
2.000000000000000000e+00 2.700000000000000000e+01 9.954620144434873197e+00
2.000000000000000000e+00 2.800000000000000000e+01 1.149261119888230986e+01
2.000000000000000000e+00 2.900000000000000000e+01 1.140154528559568803e+01
2.000000000000000000e+00 3.000000000000000000e+01 1.168471811146145889e+01
2.000000000000000000e+00 3.100000000000000000e+01 1.209674432071884986e+01
2.000000000000000000e+00 3.200000000000000000e+01 1.380481560485492842e+01
3.000000000000000000e+00 4.000000000000000000e+00 3.841725556297511446e+00
3.000000000000000000e+00 5.000000000000000000e+00 1.088718922284423130e+00
3.000000000000000000e+00 6.000000000000000000e+00 3.377081786011495446e+00
3.000000000000000000e+00 7.000000000000000000e+00 4.429451879348868637e+00
3.000000000000000000e+00 8.000000000000000000e+00 4.180879710123321935e+00
3.000000000000000000e+00 9.000000000000000000e+00 5.226833128186905597e+00
3.000000000000000000e+00 1.000000000000000000e+01 4.390553645771741564e+00
3.000000000000000000e+00 1.100000000000000000e+01 5.209808310020694222e+00
3.000000000000000000e+00 1.200000000000000000e+01 3.942444993634974360e+00
3.000000000000000000e+00 1.300000000000000000e+01 7.126378549073423940e+00
3.000000000000000000e+00 1.400000000000000000e+01 5.125544254575061132e+00
3.000000000000000000e+00 1.500000000000000000e+01 7.066962958452542409e+00
3.000000000000000000e+00 1.600000000000000000e+01 4.282812690426253788e+00
3.000000000000000000e+00 1.700000000000000000e+01 4.477580041107232844e+00
3.000000000000000000e+00 1.800000000000000000e+01 4.396268564252776123e+00
3.000000000000000000e+00 1.900000000000000000e+01 4.660167986085272496e+00
3.000000000000000000e+00 2.000000000000000000e+01 4.545543832520201555e+00
3.000000000000000000e+00 2.100000000000000000e+01 3.327855632651433027e+00
3.000000000000000000e+00 2.200000000000000000e+01 4.545373853006321241e+00
3.000000000000000000e+00 2.300000000000000000e+01 3.422047523868235963e+00
3.000000000000000000e+00 2.400000000000000000e+01 3.534248615606382593e+00
3.000000000000000000e+00 2.500000000000000000e+01 5.459423501972897164e+00
3.000000000000000000e+00 2.600000000000000000e+01 5.339766307181914584e+00
3.000000000000000000e+00 2.700000000000000000e+01 5.451467927699609639e+00
3.000000000000000000e+00 2.800000000000000000e+01 7.181318327181353212e+00
3.000000000000000000e+00 2.900000000000000000e+01 7.132616045949923489e+00
3.000000000000000000e+00 3.000000000000000000e+01 7.493550946544390357e+00
3.000000000000000000e+00 3.100000000000000000e+01 7.773982976352465712e+00
3.000000000000000000e+00 3.200000000000000000e+01 9.361990055657040344e+00
4.000000000000000000e+00 5.000000000000000000e+00 4.002406952791240258e+00
4.000000000000000000e+00 6.000000000000000000e+00 6.138288258545439469e+00
4.000000000000000000e+00 7.000000000000000000e+00 6.762589508759361046e+00
4.000000000000000000e+00 8.000000000000000000e+00 6.900235260428959627e+00
4.000000000000000000e+00 9.000000000000000000e+00 7.268613428442892044e+00
4.000000000000000000e+00 1.000000000000000000e+01 7.009784375653778987e+00
4.000000000000000000e+00 1.100000000000000000e+01 7.420230392028141608e+00
4.000000000000000000e+00 1.200000000000000000e+01 6.243752336922027801e+00
4.000000000000000000e+00 1.300000000000000000e+01 9.384980613275368810e+00
4.000000000000000000e+00 1.400000000000000000e+01 7.580558435038030396e+00
4.000000000000000000e+00 1.500000000000000000e+01 9.368442057144472201e+00
4.000000000000000000e+00 1.600000000000000000e+01 6.728840921319926061e+00
4.000000000000000000e+00 1.700000000000000000e+01 6.924926659857378652e+00
4.000000000000000000e+00 1.800000000000000000e+01 6.840098860948367054e+00
4.000000000000000000e+00 1.900000000000000000e+01 7.103188877464273965e+00
4.000000000000000000e+00 2.000000000000000000e+01 6.987630838200568739e+00
4.000000000000000000e+00 2.100000000000000000e+01 5.660523811283912465e+00
4.000000000000000000e+00 2.200000000000000000e+01 6.981152990921870582e+00
4.000000000000000000e+00 2.300000000000000000e+01 5.760143949243761163e+00
4.000000000000000000e+00 2.400000000000000000e+01 5.876905165666474140e+00
4.000000000000000000e+00 2.500000000000000000e+01 7.881665370122720837e+00
4.000000000000000000e+00 2.600000000000000000e+01 7.761992518414377429e+00
4.000000000000000000e+00 2.700000000000000000e+01 7.873130851710791411e+00
4.000000000000000000e+00 2.800000000000000000e+01 9.566080516684186463e+00
4.000000000000000000e+00 2.900000000000000000e+01 9.510083764820841168e+00
4.000000000000000000e+00 3.000000000000000000e+01 9.859909250723111640e+00
4.000000000000000000e+00 3.100000000000000000e+01 1.016218999782782184e+01
4.000000000000000000e+00 3.200000000000000000e+01 1.177252195032755999e+01
5.000000000000000000e+00 6.000000000000000000e+00 3.551209709432012751e+00
5.000000000000000000e+00 7.000000000000000000e+00 4.569239764592523123e+00
5.000000000000000000e+00 8.000000000000000000e+00 4.439692570961516260e+00
5.000000000000000000e+00 9.000000000000000000e+00 5.432715661378864525e+00
5.000000000000000000e+00 1.000000000000000000e+01 4.612360659122560769e+00
5.000000000000000000e+00 1.100000000000000000e+01 5.418607147564186377e+00
5.000000000000000000e+00 1.200000000000000000e+01 4.150726101061056106e+00
5.000000000000000000e+00 1.300000000000000000e+01 7.354331854287256220e+00
5.000000000000000000e+00 1.400000000000000000e+01 5.372918125051279858e+00
5.000000000000000000e+00 1.500000000000000000e+01 7.298810645543110098e+00
5.000000000000000000e+00 1.600000000000000000e+01 4.528811300439179455e+00
5.000000000000000000e+00 1.700000000000000000e+01 4.723863994223696849e+00
5.000000000000000000e+00 1.800000000000000000e+01 4.642054390925610896e+00
5.000000000000000000e+00 1.900000000000000000e+01 4.905975180695500093e+00
5.000000000000000000e+00 2.000000000000000000e+01 4.791179871067440921e+00
5.000000000000000000e+00 2.100000000000000000e+01 3.561134425316875962e+00
5.000000000000000000e+00 2.200000000000000000e+01 4.790216803938369239e+00
5.000000000000000000e+00 2.300000000000000000e+01 3.656177547008943485e+00
5.000000000000000000e+00 2.400000000000000000e+01 3.768995457399982207e+00
5.000000000000000000e+00 2.500000000000000000e+01 5.702747450655489381e+00
5.000000000000000000e+00 2.600000000000000000e+01 5.583145306989582224e+00
5.000000000000000000e+00 2.700000000000000000e+01 5.694803670240964344e+00
5.000000000000000000e+00 2.800000000000000000e+01 7.420770288825240257e+00
5.000000000000000000e+00 2.900000000000000000e+01 7.371386329692313666e+00
5.000000000000000000e+00 3.000000000000000000e+01 7.731477837320655411e+00
5.000000000000000000e+00 3.100000000000000000e+01 8.013896775345317636e+00
5.000000000000000000e+00 3.200000000000000000e+01 9.604189334998375571e+00
6.000000000000000000e+00 7.000000000000000000e+00 5.808869067168836331e+00
6.000000000000000000e+00 8.000000000000000000e+00 6.028247369084296814e+00
6.000000000000000000e+00 9.000000000000000000e+00 7.200008769014212717e+00
6.000000000000000000e+00 1.000000000000000000e+01 5.876598539734687598e+00
6.000000000000000000e+00 1.100000000000000000e+01 7.093454656942453695e+00
6.000000000000000000e+00 1.200000000000000000e+01 5.745086503729205596e+00
6.000000000000000000e+00 1.300000000000000000e+01 9.104071161234562837e+00
6.000000000000000000e+00 1.400000000000000000e+01 7.103651359724100445e+00
6.000000000000000000e+00 1.500000000000000000e+01 9.041924562768747009e+00
6.000000000000000000e+00 1.600000000000000000e+01 6.256810522186852630e+00
6.000000000000000000e+00 1.700000000000000000e+01 6.452891438881790620e+00
6.000000000000000000e+00 1.800000000000000000e+01 6.370315473433055153e+00
6.000000000000000000e+00 1.900000000000000000e+01 6.635078812235351897e+00
6.000000000000000000e+00 2.000000000000000000e+01 6.519789201115684385e+00
6.000000000000000000e+00 2.100000000000000000e+01 5.289884303241056074e+00
6.000000000000000000e+00 2.200000000000000000e+01 6.518206476112387904e+00
6.000000000000000000e+00 2.300000000000000000e+01 5.386497081744839655e+00
6.000000000000000000e+00 2.400000000000000000e+01 5.499971922490732190e+00
6.000000000000000000e+00 2.500000000000000000e+01 7.430760260518000315e+00
6.000000000000000000e+00 2.600000000000000000e+01 7.311567446920378188e+00
6.000000000000000000e+00 2.700000000000000000e+01 7.423369810277544723e+00
6.000000000000000000e+00 2.800000000000000000e+01 9.151242659326682016e+00
6.000000000000000000e+00 2.900000000000000000e+01 9.102846088994802187e+00
6.000000000000000000e+00 3.000000000000000000e+01 9.465785673295647129e+00
6.000000000000000000e+00 3.100000000000000000e+01 9.744879883562701295e+00
6.000000000000000000e+00 3.200000000000000000e+01 1.133357162446698929e+01
7.000000000000000000e+00 8.000000000000000000e+00 6.915560651103398904e+00
7.000000000000000000e+00 9.000000000000000000e+00 7.419947926992540133e+00
7.000000000000000000e+00 1.000000000000000000e+01 6.512913205631515545e+00
7.000000000000000000e+00 1.100000000000000000e+01 7.197001714835376873e+00
7.000000000000000000e+00 1.200000000000000000e+01 5.758754576245256551e+00
7.000000000000000000e+00 1.300000000000000000e+01 9.459843019095318439e+00
7.000000000000000000e+00 1.400000000000000000e+01 7.623901187885662623e+00
7.000000000000000000e+00 1.500000000000000000e+01 9.426900415861100058e+00
7.000000000000000000e+00 1.600000000000000000e+01 6.764550414465101191e+00
7.000000000000000000e+00 1.700000000000000000e+01 6.963237324475864298e+00
7.000000000000000000e+00 1.800000000000000000e+01 6.876107023970132737e+00
7.000000000000000000e+00 1.900000000000000000e+01 7.141078087722674717e+00
7.000000000000000000e+00 2.000000000000000000e+01 7.024220705713459800e+00
7.000000000000000000e+00 2.100000000000000000e+01 5.681461982960342993e+00
7.000000000000000000e+00 2.200000000000000000e+01 7.015389408381855318e+00
7.000000000000000000e+00 2.300000000000000000e+01 5.786567022186340559e+00
7.000000000000000000e+00 2.400000000000000000e+01 5.905997113701967116e+00
7.000000000000000000e+00 2.500000000000000000e+01 7.914199694774587179e+00
7.000000000000000000e+00 2.600000000000000000e+01 7.795599209767679838e+00
7.000000000000000000e+00 2.700000000000000000e+01 7.907046097933174700e+00
7.000000000000000000e+00 2.800000000000000000e+01 9.600300599919384226e+00
7.000000000000000000e+00 2.900000000000000000e+01 9.546023794949551444e+00
7.000000000000000000e+00 3.000000000000000000e+01 9.902257884076684391e+00
7.000000000000000000e+00 3.100000000000000000e+01 1.019830986157644226e+01
7.000000000000000000e+00 3.200000000000000000e+01 1.180721276239231265e+01
8.000000000000000000e+00 9.000000000000000000e+00 7.726216535812296726e+00
8.000000000000000000e+00 1.000000000000000000e+01 5.984576595347525618e+00
8.000000000000000000e+00 1.100000000000000000e+01 7.553577778098256701e+00
8.000000000000000000e+00 1.200000000000000000e+01 6.156317627907538004e+00
8.000000000000000000e+00 1.300000000000000000e+01 9.503711222734912312e+00
8.000000000000000000e+00 1.400000000000000000e+01 7.313433519672804195e+00
8.000000000000000000e+00 1.500000000000000000e+01 9.402601710461057749e+00
8.000000000000000000e+00 1.600000000000000000e+01 6.469633389485781372e+00
8.000000000000000000e+00 1.700000000000000000e+01 6.666460863868264752e+00
8.000000000000000000e+00 1.800000000000000000e+01 6.585738155490955315e+00
8.000000000000000000e+00 1.900000000000000000e+01 6.852861764033201020e+00
8.000000000000000000e+00 2.000000000000000000e+01 6.737510372687972371e+00
8.000000000000000000e+00 2.100000000000000000e+01 5.611072564772731752e+00
8.000000000000000000e+00 2.200000000000000000e+01 6.740703848707566337e+00
8.000000000000000000e+00 2.300000000000000000e+01 5.703538502418534328e+00
8.000000000000000000e+00 2.400000000000000000e+01 5.813052347218023108e+00
8.000000000000000000e+00 2.500000000000000000e+01 7.665704643282906794e+00
8.000000000000000000e+00 2.600000000000000000e+01 7.547052759186467341e+00
8.000000000000000000e+00 2.700000000000000000e+01 7.659548240951843390e+00
8.000000000000000000e+00 2.800000000000000000e+01 9.423432795112423932e+00
8.000000000000000000e+00 2.900000000000000000e+01 9.382813138433803601e+00
8.000000000000000000e+00 3.000000000000000000e+01 9.758803739820882228e+00
8.000000000000000000e+00 3.100000000000000000e+01 1.001434887573744525e+01
8.000000000000000000e+00 3.200000000000000000e+01 1.158082148561267921e+01
9.000000000000000000e+00 1.000000000000000000e+01 7.702658482080875224e+00
9.000000000000000000e+00 1.100000000000000000e+01 6.728830095799649413e+00
9.000000000000000000e+00 1.200000000000000000e+01 6.062301151678833655e+00
9.000000000000000000e+00 1.300000000000000000e+01 8.806374758594442298e+00
9.000000000000000000e+00 1.400000000000000000e+01 7.684485913615814567e+00
9.000000000000000000e+00 1.500000000000000000e+01 8.981774865476802816e+00
9.000000000000000000e+00 1.600000000000000000e+01 6.803941236792037550e+00
9.000000000000000000e+00 1.700000000000000000e+01 7.004336612131139006e+00
9.000000000000000000e+00 1.800000000000000000e+01 6.908230689561224658e+00
9.000000000000000000e+00 1.900000000000000000e+01 7.168897899724144374e+00
9.000000000000000000e+00 2.000000000000000000e+01 7.050285794734301170e+00
9.000000000000000000e+00 2.100000000000000000e+01 5.359332563313637721e+00
9.000000000000000000e+00 2.200000000000000000e+01 7.023652529299093672e+00
9.000000000000000000e+00 2.300000000000000000e+01 5.482529298483822977e+00
9.000000000000000000e+00 2.400000000000000000e+01 5.617277517329154257e+00
9.000000000000000000e+00 2.500000000000000000e+01 7.881410328022760758e+00
9.000000000000000000e+00 2.600000000000000000e+01 7.762068142280778460e+00
9.000000000000000000e+00 2.700000000000000000e+01 7.871576798047978052e+00
9.000000000000000000e+00 2.800000000000000000e+01 9.449544408510805127e+00
9.000000000000000000e+00 2.900000000000000000e+01 9.371575572699057943e+00
9.000000000000000000e+00 3.000000000000000000e+01 9.690994753691585473e+00
9.000000000000000000e+00 3.100000000000000000e+01 1.005781700991765426e+01
9.000000000000000000e+00 3.200000000000000000e+01 1.173686187404471504e+01
1.000000000000000000e+01 1.100000000000000000e+01 7.448054929894777132e+00
1.000000000000000000e+01 1.200000000000000000e+01 5.941785226007177734e+00
1.000000000000000000e+01 1.300000000000000000e+01 9.525288110990141277e+00
1.000000000000000000e+01 1.400000000000000000e+01 7.461226564337374967e+00
1.000000000000000000e+01 1.500000000000000000e+01 9.440937494194871604e+00
1.000000000000000000e+01 1.600000000000000000e+01 6.608011323540142534e+00
1.000000000000000000e+01 1.700000000000000000e+01 6.806666954629209343e+00
1.000000000000000000e+01 1.800000000000000000e+01 6.722412940112708846e+00
1.000000000000000000e+01 1.900000000000000000e+01 6.989439677556306130e+00
1.000000000000000000e+01 2.000000000000000000e+01 6.872950894873103955e+00
1.000000000000000000e+01 2.100000000000000000e+01 5.656716920026974904e+00
1.000000000000000000e+01 2.200000000000000000e+01 6.870340018715717534e+00
1.000000000000000000e+01 2.300000000000000000e+01 5.755185211596757888e+00
1.000000000000000000e+01 2.400000000000000000e+01 5.869048352189847328e+00
1.000000000000000000e+01 2.500000000000000000e+01 7.784068509126375268e+00
1.000000000000000000e+01 2.600000000000000000e+01 7.665816787031273449e+00
1.000000000000000000e+01 2.700000000000000000e+01 7.777990879030787674e+00
1.000000000000000000e+01 2.800000000000000000e+01 9.513249039525257800e+00
1.000000000000000000e+01 2.900000000000000000e+01 9.467639289842466610e+00
1.000000000000000000e+01 3.000000000000000000e+01 9.837420240754722656e+00
1.000000000000000000e+01 3.100000000000000000e+01 1.010755899125930135e+01
1.000000000000000000e+01 3.200000000000000000e+01 1.169087858253805301e+01
1.100000000000000000e+01 1.200000000000000000e+01 5.123626331264618194e+00
1.100000000000000000e+01 1.300000000000000000e+01 8.716857969753183610e+00
1.100000000000000000e+01 1.400000000000000000e+01 7.435721586187503007e+00
1.100000000000000000e+01 1.500000000000000000e+01 8.812364438821683521e+00
1.100000000000000000e+01 1.600000000000000000e+01 6.550526754758480230e+00
1.100000000000000000e+01 1.700000000000000000e+01 6.752980072546970192e+00
1.100000000000000000e+01 1.800000000000000000e+01 6.655624843459329476e+00
1.100000000000000000e+01 1.900000000000000000e+01 6.918266344002991453e+00
1.100000000000000000e+01 2.000000000000000000e+01 6.798674213358830265e+00
1.100000000000000000e+01 2.100000000000000000e+01 5.116929080212019088e+00
1.100000000000000000e+01 2.200000000000000000e+01 6.771432570437845300e+00
1.100000000000000000e+01 2.300000000000000000e+01 5.247267917059059705e+00
1.100000000000000000e+01 2.400000000000000000e+01 5.384960935979068886e+00
1.100000000000000000e+01 2.500000000000000000e+01 7.631366123793310585e+00
1.100000000000000000e+01 2.600000000000000000e+01 7.513306905464983032e+00
1.100000000000000000e+01 2.700000000000000000e+01 7.623368062573034898e+00
1.100000000000000000e+01 2.800000000000000000e+01 9.213371718969183277e+00
1.100000000000000000e+01 2.900000000000000000e+01 9.139912024427985671e+00
1.100000000000000000e+01 3.000000000000000000e+01 9.471433464071486341e+00
1.100000000000000000e+01 3.100000000000000000e+01 9.823147550637949976e+00
1.100000000000000000e+01 3.200000000000000000e+01 1.149323703477551284e+01
1.200000000000000000e+01 1.300000000000000000e+01 7.864411867212885099e+00
1.200000000000000000e+01 1.400000000000000000e+01 6.191506515947432732e+00
1.200000000000000000e+01 1.500000000000000000e+01 7.831269520416165975e+00
1.200000000000000000e+01 1.600000000000000000e+01 5.310932635101171861e+00
1.200000000000000000e+01 1.700000000000000000e+01 5.514542988451767158e+00
1.200000000000000000e+01 1.800000000000000000e+01 5.419864111479131275e+00
1.200000000000000000e+01 1.900000000000000000e+01 5.686059129659496669e+00
1.200000000000000000e+01 2.000000000000000000e+01 5.566351420441701059e+00
1.200000000000000000e+01 2.100000000000000000e+01 4.057350803339909717e+00
1.200000000000000000e+01 2.200000000000000000e+01 5.546132554381321356e+00
1.200000000000000000e+01 2.300000000000000000e+01 4.178707242476202843e+00
1.200000000000000000e+01 2.400000000000000000e+01 4.308507800083911654e+00
1.200000000000000000e+01 2.500000000000000000e+01 6.424999959219220180e+00
1.200000000000000000e+01 2.600000000000000000e+01 6.307970279161621008e+00
1.200000000000000000e+01 2.700000000000000000e+01 6.419158825934498047e+00
1.200000000000000000e+01 2.800000000000000000e+01 8.065707159482316868e+00
1.200000000000000000e+01 2.900000000000000000e+01 8.004799958182715613e+00
1.200000000000000000e+01 3.000000000000000000e+01 8.357029125897971866e+00
1.200000000000000000e+01 3.100000000000000000e+01 8.671163828471163626e+00
1.200000000000000000e+01 3.200000000000000000e+01 1.030634200418683655e+01
1.300000000000000000e+01 1.400000000000000000e+01 8.984087349068845541e+00
1.300000000000000000e+01 1.500000000000000000e+01 9.484910768673048054e+00
1.300000000000000000e+01 1.600000000000000000e+01 8.085569761954026546e+00
1.300000000000000000e+01 1.700000000000000000e+01 8.286718671680160853e+00
1.300000000000000000e+01 1.800000000000000000e+01 8.182805920620584317e+00
1.300000000000000000e+01 1.900000000000000000e+01 8.438609510734817576e+00
1.300000000000000000e+01 2.000000000000000000e+01 8.318794449705482208e+00
1.300000000000000000e+01 2.100000000000000000e+01 6.297700391043585810e+00
1.300000000000000000e+01 2.200000000000000000e+01 8.275908053212459592e+00
1.300000000000000000e+01 2.300000000000000000e+01 6.426850171308056581e+00
1.300000000000000000e+01 2.400000000000000000e+01 6.572513217439976962e+00
1.300000000000000000e+01 2.500000000000000000e+01 9.094081997306105336e+00
1.300000000000000000e+01 2.600000000000000000e+01 8.973147413891670254e+00
1.300000000000000000e+01 2.700000000000000000e+01 9.080467338041398051e+00
1.300000000000000000e+01 2.800000000000000000e+01 1.054201889742941312e+01
1.300000000000000000e+01 2.900000000000000000e+01 1.043842225423739123e+01
1.300000000000000000e+01 3.000000000000000000e+01 1.071536851203869212e+01
1.300000000000000000e+01 3.100000000000000000e+01 1.115920709594558069e+01
1.300000000000000000e+01 3.200000000000000000e+01 1.291007287446996976e+01
1.400000000000000000e+01 1.500000000000000000e+01 8.622958550645508424e+00
1.400000000000000000e+01 1.600000000000000000e+01 3.466863526964952591e+00
1.400000000000000000e+01 1.700000000000000000e+01 3.099121000068079113e+00
1.400000000000000000e+01 1.800000000000000000e+01 3.416811046803332808e+00
1.400000000000000000e+01 1.900000000000000000e+01 3.188471751699842649e+00
1.400000000000000000e+01 2.000000000000000000e+01 3.367724078006303579e+00
1.400000000000000000e+01 2.100000000000000000e+01 4.538607021199485558e+00
1.400000000000000000e+01 2.200000000000000000e+01 3.703702368498182906e+00
1.400000000000000000e+01 2.300000000000000000e+01 4.555648139273531960e+00
1.400000000000000000e+01 2.400000000000000000e+01 4.602462726069551202e+00
1.400000000000000000e+01 2.500000000000000000e+01 4.958435281919212123e+00
1.400000000000000000e+01 2.600000000000000000e+01 4.780107736707112309e+00
1.400000000000000000e+01 2.700000000000000000e+01 4.889868374257114958e+00
1.400000000000000000e+01 2.800000000000000000e+01 7.510586532004788651e+00
1.400000000000000000e+01 2.900000000000000000e+01 7.597120907960508873e+00
1.400000000000000000e+01 3.000000000000000000e+01 8.139702966371368476e+00
1.400000000000000000e+01 3.100000000000000000e+01 8.002199932559209472e+00
1.400000000000000000e+01 3.200000000000000000e+01 9.067307187874009244e+00
1.500000000000000000e+01 1.600000000000000000e+01 7.713629453258099566e+00
1.500000000000000000e+01 1.700000000000000000e+01 7.914974756298279956e+00
1.500000000000000000e+01 1.800000000000000000e+01 7.806203083938695109e+00
1.500000000000000000e+01 1.900000000000000000e+01 8.058707214255303342e+00
1.500000000000000000e+01 2.000000000000000000e+01 7.938200086081365292e+00
1.500000000000000000e+01 2.100000000000000000e+01 5.612512376519784851e+00
1.500000000000000000e+01 2.200000000000000000e+01 7.884887882266928827e+00
1.500000000000000000e+01 2.300000000000000000e+01 5.764385416464073764e+00
1.500000000000000000e+01 2.400000000000000000e+01 5.933416712839922447e+00
1.500000000000000000e+01 2.500000000000000000e+01 8.677708807762225973e+00
1.500000000000000000e+01 2.600000000000000000e+01 8.556374020389561963e+00
1.500000000000000000e+01 2.700000000000000000e+01 8.662564367918040631e+00
1.500000000000000000e+01 2.800000000000000000e+01 1.004986727676800662e+01
1.500000000000000000e+01 2.900000000000000000e+01 9.931145929561857599e+00
1.500000000000000000e+01 3.000000000000000000e+01 1.019343092870813372e+01
1.500000000000000000e+01 3.100000000000000000e+01 1.067734622846668735e+01
1.500000000000000000e+01 3.200000000000000000e+01 1.247144113985723557e+01
1.600000000000000000e+01 1.700000000000000000e+01 2.469394449130360769e+00
1.600000000000000000e+01 1.800000000000000000e+01 2.078269093377774546e+00
1.600000000000000000e+01 1.900000000000000000e+01 2.880467633793661442e+00
1.600000000000000000e+01 2.000000000000000000e+01 2.608605530680093487e+00
1.600000000000000000e+01 2.100000000000000000e+01 3.615724734058195722e+00
1.600000000000000000e+01 2.200000000000000000e+01 2.778613491732768281e+00
1.600000000000000000e+01 2.300000000000000000e+01 3.630793473801904092e+00
1.600000000000000000e+01 2.400000000000000000e+01 3.675833796272622855e+00
1.600000000000000000e+01 2.500000000000000000e+01 4.102689268779930565e+00
1.600000000000000000e+01 2.600000000000000000e+01 3.971323827359299230e+00
1.600000000000000000e+01 2.700000000000000000e+01 4.092455683891192741e+00
1.600000000000000000e+01 2.800000000000000000e+01 6.598700446502901329e+00
1.600000000000000000e+01 2.900000000000000000e+01 6.681492989443967190e+00
1.600000000000000000e+01 3.000000000000000000e+01 7.225907008993155856e+00
1.600000000000000000e+01 3.100000000000000000e+01 7.106924621382797014e+00
1.600000000000000000e+01 3.200000000000000000e+01 8.234835955178178679e+00
1.700000000000000000e+01 1.800000000000000000e+01 2.273202781689199092e+00
1.700000000000000000e+01 1.900000000000000000e+01 2.492954405935564388e+00
1.700000000000000000e+01 2.000000000000000000e+01 2.294329866094293457e+00
1.700000000000000000e+01 2.100000000000000000e+01 3.818204152985531508e+00
1.700000000000000000e+01 2.200000000000000000e+01 2.806002322005181071e+00
1.700000000000000000e+01 2.300000000000000000e+01 3.831385171361616493e+00
1.700000000000000000e+01 2.400000000000000000e+01 3.875019250334205800e+00
1.700000000000000000e+01 2.500000000000000000e+01 4.155890360717354959e+00
1.700000000000000000e+01 2.600000000000000000e+01 3.986018800885226199e+00
1.700000000000000000e+01 2.700000000000000000e+01 4.098993499088133596e+00
1.700000000000000000e+01 2.800000000000000000e+01 6.748869921646070580e+00
1.700000000000000000e+01 2.900000000000000000e+01 6.841586700962336565e+00
1.700000000000000000e+01 3.000000000000000000e+01 7.392405602053587543e+00
1.700000000000000000e+01 3.100000000000000000e+01 7.237051941791248666e+00
1.700000000000000000e+01 3.200000000000000000e+01 8.284796666475964244e+00
1.800000000000000000e+01 1.900000000000000000e+01 2.697711300205249962e+00
1.800000000000000000e+01 2.000000000000000000e+01 2.274986873907479001e+00
1.800000000000000000e+01 2.100000000000000000e+01 3.703509284863800488e+00
1.800000000000000000e+01 2.200000000000000000e+01 2.597886602996597460e+00
1.800000000000000000e+01 2.300000000000000000e+01 3.715210216816436706e+00
1.800000000000000000e+01 2.400000000000000000e+01 3.757590653187778962e+00
1.800000000000000000e+01 2.500000000000000000e+01 4.039567955605920524e+00
1.800000000000000000e+01 2.600000000000000000e+01 3.892169426189362014e+00
1.800000000000000000e+01 2.700000000000000000e+01 4.011161154834215203e+00
1.800000000000000000e+01 2.800000000000000000e+01 6.627881509640102919e+00
1.800000000000000000e+01 2.900000000000000000e+01 6.720959417111245671e+00
1.800000000000000000e+01 3.000000000000000000e+01 7.274237857392760631e+00
1.800000000000000000e+01 3.100000000000000000e+01 7.120774810051345938e+00
1.800000000000000000e+01 3.200000000000000000e+01 8.186489355825608882e+00
1.900000000000000000e+01 2.000000000000000000e+01 2.347464304814194769e+00
1.900000000000000000e+01 2.100000000000000000e+01 3.953577599406349563e+00
1.900000000000000000e+01 2.200000000000000000e+01 2.756840441088558080e+00
1.900000000000000000e+01 2.300000000000000000e+01 3.961318885880634078e+00
1.900000000000000000e+01 2.400000000000000000e+01 4.000669724443915776e+00
1.900000000000000000e+01 2.500000000000000000e+01 4.041993677993141354e+00
1.900000000000000000e+01 2.600000000000000000e+01 3.816354454340931568e+00
1.900000000000000000e+01 2.700000000000000000e+01 3.917013114677133423e+00
1.900000000000000000e+01 2.800000000000000000e+01 6.784543019108481232e+00
1.900000000000000000e+01 2.900000000000000000e+01 6.894774503151811729e+00
1.900000000000000000e+01 3.000000000000000000e+01 7.460076789494296534e+00
1.900000000000000000e+01 3.100000000000000000e+01 7.243238947940684014e+00
1.900000000000000000e+01 3.200000000000000000e+01 8.168477961715174374e+00
2.000000000000000000e+01 2.100000000000000000e+01 3.831725567778358155e+00
2.000000000000000000e+01 2.200000000000000000e+01 2.498639142712340444e+00
2.000000000000000000e+01 2.300000000000000000e+01 3.840106527716804941e+00
2.000000000000000000e+01 2.400000000000000000e+01 3.879898552280406143e+00
2.000000000000000000e+01 2.500000000000000000e+01 3.990751377682017598e+00
2.000000000000000000e+01 2.600000000000000000e+01 3.806285413456755862e+00
2.000000000000000000e+01 2.700000000000000000e+01 3.917917990474044210e+00
2.000000000000000000e+01 2.800000000000000000e+01 6.689097162324008750e+00
2.000000000000000000e+01 2.900000000000000000e+01 6.794236210495110839e+00
2.000000000000000000e+01 3.000000000000000000e+01 7.356886863759145356e+00
2.000000000000000000e+01 3.100000000000000000e+01 7.160768670556626248e+00
2.000000000000000000e+01 3.200000000000000000e+01 8.139881203164305745e+00
2.100000000000000000e+01 2.200000000000000000e+01 3.766578201491432409e+00
2.100000000000000000e+01 2.300000000000000000e+01 1.156602482394108122e+00
2.100000000000000000e+01 2.400000000000000000e+01 1.432412746005621962e+00
2.100000000000000000e+01 2.500000000000000000e+01 4.534092211580492027e+00
2.100000000000000000e+01 2.600000000000000000e+01 4.414936461089979503e+00
2.100000000000000000e+01 2.700000000000000000e+01 4.521029457235665738e+00
2.100000000000000000e+01 2.800000000000000000e+01 5.843408318436143389e+00
2.100000000000000000e+01 2.900000000000000000e+01 5.717216123428693564e+00
2.100000000000000000e+01 3.000000000000000000e+01 6.001305549368833425e+00
2.100000000000000000e+01 3.100000000000000000e+01 6.491500815975326688e+00
2.100000000000000000e+01 3.200000000000000000e+01 8.316542445516462934e+00
2.200000000000000000e+01 2.300000000000000000e+01 3.769728504172856098e+00
2.200000000000000000e+01 2.400000000000000000e+01 3.805278451310502241e+00
2.200000000000000000e+01 2.500000000000000000e+01 3.754145855780019581e+00
2.200000000000000000e+01 2.600000000000000000e+01 3.607232652143329332e+00
2.200000000000000000e+01 2.700000000000000000e+01 3.733008866293908490e+00
2.200000000000000000e+01 2.800000000000000000e+01 6.557143975952449466e+00
2.200000000000000000e+01 2.900000000000000000e+01 6.673316272181983422e+00
2.200000000000000000e+01 3.000000000000000000e+01 7.248272834401836562e+00
2.200000000000000000e+01 3.100000000000000000e+01 7.020816858335985344e+00
2.200000000000000000e+01 3.200000000000000000e+01 7.969577786102357564e+00
2.300000000000000000e+01 2.400000000000000000e+01 1.091537311962695433e+00
2.300000000000000000e+01 2.500000000000000000e+01 4.519231355684230955e+00
2.300000000000000000e+01 2.600000000000000000e+01 4.397874777197817053e+00
2.300000000000000000e+01 2.700000000000000000e+01 4.502493421915189309e+00
2.300000000000000000e+01 2.800000000000000000e+01 5.757639946359743632e+00
2.300000000000000000e+01 2.900000000000000000e+01 5.614162212011585495e+00
2.300000000000000000e+01 3.000000000000000000e+01 5.878951548745407152e+00
2.300000000000000000e+01 3.100000000000000000e+01 6.413811628149220567e+00
2.300000000000000000e+01 3.200000000000000000e+01 8.279133344795001292e+00
2.400000000000000000e+01 2.500000000000000000e+01 4.540623988853366377e+00
2.400000000000000000e+01 2.600000000000000000e+01 4.417903336603231423e+00
2.400000000000000000e+01 2.700000000000000000e+01 4.521514253597451294e+00
2.400000000000000000e+01 2.800000000000000000e+01 5.725203610020686895e+00
2.400000000000000000e+01 2.900000000000000000e+01 5.570200476876657092e+00
2.400000000000000000e+01 3.000000000000000000e+01 5.827049983715655301e+00
2.400000000000000000e+01 3.100000000000000000e+01 6.389487752607619697e+00
2.400000000000000000e+01 3.200000000000000000e+01 8.284427030261570124e+00
2.500000000000000000e+01 2.600000000000000000e+01 3.349949974752920667e+00
2.500000000000000000e+01 2.700000000000000000e+01 3.694913984539890173e+00
2.500000000000000000e+01 2.800000000000000000e+01 6.954173721962709109e+00
2.500000000000000000e+01 2.900000000000000000e+01 7.144373115938389418e+00
2.500000000000000000e+01 3.000000000000000000e+01 7.778578567383176434e+00
2.500000000000000000e+01 3.100000000000000000e+01 7.325681667499717165e+00
2.500000000000000000e+01 3.200000000000000000e+01 8.026078865128420503e+00
2.600000000000000000e+01 2.700000000000000000e+01 2.436669058645249741e+00
2.600000000000000000e+01 2.800000000000000000e+01 6.725748804092427591e+00
2.600000000000000000e+01 2.900000000000000000e+01 6.930514841569209494e+00
2.600000000000000000e+01 3.000000000000000000e+01 7.567198052726164192e+00
2.600000000000000000e+01 3.100000000000000000e+01 7.003558162180011593e+00
2.600000000000000000e+01 3.200000000000000000e+01 7.234507973282555682e+00
2.700000000000000000e+01 2.800000000000000000e+01 6.782266077401432725e+00
2.700000000000000000e+01 2.900000000000000000e+01 6.991645193583739371e+00
2.700000000000000000e+01 3.000000000000000000e+01 7.628346365160636466e+00
2.700000000000000000e+01 3.100000000000000000e+01 7.017007252890484992e+00
2.700000000000000000e+01 3.200000000000000000e+01 6.964406142298715352e+00
2.800000000000000000e+01 2.900000000000000000e+01 6.086953606650105542e+00
2.800000000000000000e+01 3.000000000000000000e+01 7.785860025257337114e+00
2.800000000000000000e+01 3.100000000000000000e+01 6.807958965259759410e+00
2.800000000000000000e+01 3.200000000000000000e+01 1.007686953914815042e+01
2.900000000000000000e+01 3.000000000000000000e+01 7.085812442564927593e+00
2.900000000000000000e+01 3.100000000000000000e+01 7.261223683264324436e+00
2.900000000000000000e+01 3.200000000000000000e+01 1.033848989504114080e+01
3.000000000000000000e+01 3.100000000000000000e+01 8.217654146847847230e+00
3.000000000000000000e+01 3.200000000000000000e+01 1.099048791352726617e+01
3.100000000000000000e+01 3.200000000000000000e+01 9.950774260555727224e+00
