1.000000000000000000e+00 2.000000000000000000e+00 1.123290605593255442e+01
1.000000000000000000e+00 3.000000000000000000e+00 7.708066738437381105e+00
1.000000000000000000e+00 4.000000000000000000e+00 1.053375760340527911e+01
1.000000000000000000e+00 5.000000000000000000e+00 8.596792750752291212e+00
1.000000000000000000e+00 6.000000000000000000e+00 1.045797529744931964e+01
1.000000000000000000e+00 7.000000000000000000e+00 1.091220607673652587e+01
1.000000000000000000e+00 8.000000000000000000e+00 1.091815150651030208e+01
1.000000000000000000e+00 9.000000000000000000e+00 1.057169954257365241e+01
1.000000000000000000e+00 1.000000000000000000e+01 1.099740133062748626e+01
1.000000000000000000e+00 1.100000000000000000e+01 1.069155183989131253e+01
1.000000000000000000e+00 1.200000000000000000e+01 9.671655479512244469e+00
1.000000000000000000e+00 1.300000000000000000e+01 1.177075842850420884e+01
1.000000000000000000e+00 1.400000000000000000e+01 1.198058368191653678e+01
1.000000000000000000e+00 1.500000000000000000e+01 1.173184708292180822e+01
1.000000000000000000e+00 1.600000000000000000e+01 9.881712120154471535e+00
1.000000000000000000e+00 1.700000000000000000e+01 1.005761484644710180e+01
1.000000000000000000e+00 1.800000000000000000e+01 1.037502883063191206e+01
1.000000000000000000e+00 1.900000000000000000e+01 1.060449325600453818e+01
1.000000000000000000e+00 2.000000000000000000e+01 1.064235412449154516e+01
1.000000000000000000e+00 2.100000000000000000e+01 9.193150998043819300e+00
1.000000000000000000e+00 2.200000000000000000e+01 1.013515894283294294e+01
1.000000000000000000e+00 2.300000000000000000e+01 9.692294650402999423e+00
1.000000000000000000e+00 2.400000000000000000e+01 9.640469730288597106e+00
1.000000000000000000e+00 2.500000000000000000e+01 1.245048952070070492e+01
1.000000000000000000e+00 2.600000000000000000e+01 1.242630049098815093e+01
1.000000000000000000e+00 2.700000000000000000e+01 1.265432235094713143e+01
1.000000000000000000e+00 2.800000000000000000e+01 1.307827888829574903e+01
1.000000000000000000e+00 2.900000000000000000e+01 1.292723311513633710e+01
1.000000000000000000e+00 3.000000000000000000e+01 1.319624547024664984e+01
1.000000000000000000e+00 3.100000000000000000e+01 1.375255027044594236e+01
1.000000000000000000e+00 3.200000000000000000e+01 1.550508527239530032e+01
2.000000000000000000e+00 3.000000000000000000e+00 9.564580339493929273e+00
2.000000000000000000e+00 4.000000000000000000e+00 1.227037298634524198e+01
2.000000000000000000e+00 5.000000000000000000e+00 1.044051733557116002e+01
2.000000000000000000e+00 6.000000000000000000e+00 1.232772809489084409e+01
2.000000000000000000e+00 7.000000000000000000e+00 1.274720970780338369e+01
2.000000000000000000e+00 8.000000000000000000e+00 1.284700059670523231e+01
2.000000000000000000e+00 9.000000000000000000e+00 1.217147227982523994e+01
2.000000000000000000e+00 1.000000000000000000e+01 1.290227972619361907e+01
2.000000000000000000e+00 1.100000000000000000e+01 1.250943480485146431e+01
2.000000000000000000e+00 1.200000000000000000e+01 1.156178255596763016e+01
2.000000000000000000e+00 1.300000000000000000e+01 1.392827907684917221e+01
2.000000000000000000e+00 1.400000000000000000e+01 1.411408005893849982e+01
2.000000000000000000e+00 1.500000000000000000e+01 1.406280900795642630e+01
2.000000000000000000e+00 1.600000000000000000e+01 1.202331176947077651e+01
2.000000000000000000e+00 1.700000000000000000e+01 1.219974288772841930e+01
2.000000000000000000e+00 1.800000000000000000e+01 1.252051985659898037e+01
2.000000000000000000e+00 1.900000000000000000e+01 1.275439901173555768e+01
2.000000000000000000e+00 2.000000000000000000e+01 1.279232982773548777e+01
2.000000000000000000e+00 2.100000000000000000e+01 1.144982810286975905e+01
2.000000000000000000e+00 2.200000000000000000e+01 1.229705484782825486e+01
2.000000000000000000e+00 2.300000000000000000e+01 1.198101295219224482e+01
2.000000000000000000e+00 2.400000000000000000e+01 1.194369297620351134e+01
2.000000000000000000e+00 2.500000000000000000e+01 1.464540580055359875e+01
2.000000000000000000e+00 2.600000000000000000e+01 1.462785167807952647e+01
2.000000000000000000e+00 2.700000000000000000e+01 1.485984450411972269e+01
2.000000000000000000e+00 2.800000000000000000e+01 1.536067577172932630e+01
2.000000000000000000e+00 2.900000000000000000e+01 1.523066423861468088e+01
2.000000000000000000e+00 3.000000000000000000e+01 1.554771449353342128e+01
2.000000000000000000e+00 3.100000000000000000e+01 1.603556900197988710e+01
2.000000000000000000e+00 3.200000000000000000e+01 1.774022010146529738e+01
3.000000000000000000e+00 4.000000000000000000e+00 5.062436681915034598e+00
3.000000000000000000e+00 5.000000000000000000e+00 2.046720320596895348e+00
3.000000000000000000e+00 6.000000000000000000e+00 4.627053473499561420e+00
3.000000000000000000e+00 7.000000000000000000e+00 5.765783089378684778e+00
3.000000000000000000e+00 8.000000000000000000e+00 5.624603372506353338e+00
3.000000000000000000e+00 9.000000000000000000e+00 6.920594269989743808e+00
3.000000000000000000e+00 1.000000000000000000e+01 5.805085486484760082e+00
3.000000000000000000e+00 1.100000000000000000e+01 6.916491016479232812e+00
3.000000000000000000e+00 1.200000000000000000e+01 5.544473845324047190e+00
3.000000000000000000e+00 1.300000000000000000e+01 9.318863970532365926e+00
3.000000000000000000e+00 1.400000000000000000e+01 8.161806749531427485e+00
3.000000000000000000e+00 1.500000000000000000e+01 9.244783299841616397e+00
3.000000000000000000e+00 1.600000000000000000e+01 6.119258189530899728e+00
3.000000000000000000e+00 1.700000000000000000e+01 6.290787082151254594e+00
3.000000000000000000e+00 1.800000000000000000e+01 6.629843466403514185e+00
3.000000000000000000e+00 1.900000000000000000e+01 6.874652472674970483e+00
3.000000000000000000e+00 2.000000000000000000e+01 6.915755537010598530e+00
3.000000000000000000e+00 2.100000000000000000e+01 6.227237449882384368e+00
3.000000000000000000e+00 2.200000000000000000e+01 6.470947440364001935e+00
3.000000000000000000e+00 2.300000000000000000e+01 6.768773247903443036e+00
3.000000000000000000e+00 2.400000000000000000e+01 6.719128415851141511e+00
3.000000000000000000e+00 2.500000000000000000e+01 8.934940791865527032e+00
3.000000000000000000e+00 2.600000000000000000e+01 8.933669616003381719e+00
3.000000000000000000e+00 2.700000000000000000e+01 9.176752060031434510e+00
3.000000000000000000e+00 2.800000000000000000e+01 9.925851060376992052e+00
3.000000000000000000e+00 2.900000000000000000e+01 9.854333487033601457e+00
3.000000000000000000e+00 3.000000000000000000e+01 1.028012533602972844e+01
3.000000000000000000e+00 3.100000000000000000e+01 1.058799855916302057e+01
3.000000000000000000e+00 3.200000000000000000e+01 1.214649555637489620e+01
4.000000000000000000e+00 5.000000000000000000e+00 5.794324596088481272e+00
4.000000000000000000e+00 6.000000000000000000e+00 8.146065768743572022e+00
4.000000000000000000e+00 7.000000000000000000e+00 8.686630456666071254e+00
4.000000000000000000e+00 8.000000000000000000e+00 9.090372463921735147e+00
4.000000000000000000e+00 9.000000000000000000e+00 9.360998724479012267e+00
4.000000000000000000e+00 1.000000000000000000e+01 9.126457723699740399e+00
4.000000000000000000e+00 1.100000000000000000e+01 9.623834828384699946e+00
4.000000000000000000e+00 1.200000000000000000e+01 8.404387096757274023e+00
4.000000000000000000e+00 1.300000000000000000e+01 1.210179912332314700e+01
4.000000000000000000e+00 1.400000000000000000e+01 1.126931142431814514e+01
4.000000000000000000e+00 1.500000000000000000e+01 1.210107061787625504e+01
4.000000000000000000e+00 1.600000000000000000e+01 9.212973641794224733e+00
4.000000000000000000e+00 1.700000000000000000e+01 9.386734592159339030e+00
4.000000000000000000e+00 1.800000000000000000e+01 9.720783082050402868e+00
4.000000000000000000e+00 1.900000000000000000e+01 9.964043183896727385e+00
4.000000000000000000e+00 2.000000000000000000e+01 1.000397385019120300e+01
4.000000000000000000e+00 2.100000000000000000e+01 9.151955059572607354e+00
4.000000000000000000e+00 2.200000000000000000e+01 9.546957180545591726e+00
4.000000000000000000e+00 2.300000000000000000e+01 9.701895645440266946e+00
4.000000000000000000e+00 2.400000000000000000e+01 9.660619820844946304e+00
4.000000000000000000e+00 2.500000000000000000e+01 1.198606666262504383e+01
4.000000000000000000e+00 2.600000000000000000e+01 1.198215795888108204e+01
4.000000000000000000e+00 2.700000000000000000e+01 1.222319522941750769e+01
4.000000000000000000e+00 2.800000000000000000e+01 1.292189306269238713e+01
4.000000000000000000e+00 2.900000000000000000e+01 1.283969902336152380e+01
4.000000000000000000e+00 3.000000000000000000e+01 1.324840685247156991e+01
4.000000000000000000e+00 3.100000000000000000e+01 1.358813584446176215e+01
4.000000000000000000e+00 3.200000000000000000e+01 1.517539433294370177e+01
5.000000000000000000e+00 6.000000000000000000e+00 5.350374145238907531e+00
5.000000000000000000e+00 7.000000000000000000e+00 6.430169113214956766e+00
5.000000000000000000e+00 8.000000000000000000e+00 6.542407174162569561e+00
5.000000000000000000e+00 9.000000000000000000e+00 7.721744242801358737e+00
5.000000000000000000e+00 1.000000000000000000e+01 6.640567151767410081e+00
5.000000000000000000e+00 1.100000000000000000e+01 7.722580857230090245e+00
5.000000000000000000e+00 1.200000000000000000e+01 6.351825911940673919e+00
5.000000000000000000e+00 1.300000000000000000e+01 1.017079553249423185e+01
5.000000000000000000e+00 1.400000000000000000e+01 9.058921381290693020e+00
5.000000000000000000e+00 1.500000000000000000e+01 1.010601994613952392e+01
5.000000000000000000e+00 1.600000000000000000e+01 7.013410503852114175e+00
5.000000000000000000e+00 1.700000000000000000e+01 7.185583014844510785e+00
5.000000000000000000e+00 1.800000000000000000e+01 7.523621979677578508e+00
5.000000000000000000e+00 1.900000000000000000e+01 7.768414638143120499e+00
5.000000000000000000e+00 2.000000000000000000e+01 7.809217249777029579e+00
5.000000000000000000e+00 2.100000000000000000e+01 7.094102808330170262e+00
5.000000000000000000e+00 2.200000000000000000e+01 7.362266692186524963e+00
5.000000000000000000e+00 2.300000000000000000e+01 7.638127228180774608e+00
5.000000000000000000e+00 2.400000000000000000e+01 7.590342732795711811e+00
5.000000000000000000e+00 2.500000000000000000e+01 9.822514647664759124e+00
5.000000000000000000e+00 2.600000000000000000e+01 9.821004073934975764e+00
5.000000000000000000e+00 2.700000000000000000e+01 1.006383905023546710e+01
5.000000000000000000e+00 2.800000000000000000e+01 1.080593463963747070e+01
5.000000000000000000e+00 2.900000000000000000e+01 1.073314044220580321e+01
5.000000000000000000e+00 3.000000000000000000e+01 1.115733486420857368e+01
5.000000000000000000e+00 3.100000000000000000e+01 1.146887791341600327e+01
5.000000000000000000e+00 3.200000000000000000e+01 1.303122910741578799e+01
6.000000000000000000e+00 7.000000000000000000e+00 7.440123575732490835e+00
6.000000000000000000e+00 8.000000000000000000e+00 7.908715683155431719e+00
6.000000000000000000e+00 9.000000000000000000e+00 9.494205158555880431e+00
6.000000000000000000e+00 1.000000000000000000e+01 7.560092987306166634e+00
6.000000000000000000e+00 1.100000000000000000e+01 9.327134334550384764e+00
6.000000000000000000e+00 1.200000000000000000e+01 7.822656199474339545e+00
6.000000000000000000e+00 1.300000000000000000e+01 1.189085590359904643e+01
6.000000000000000000e+00 1.400000000000000000e+01 1.071274687314904916e+01
6.000000000000000000e+00 1.500000000000000000e+01 1.180692034110668409e+01
6.000000000000000000e+00 1.600000000000000000e+01 8.664642534160410747e+00
6.000000000000000000e+00 1.700000000000000000e+01 8.838091177160407597e+00
6.000000000000000000e+00 1.800000000000000000e+01 9.175504094630348106e+00
6.000000000000000000e+00 1.900000000000000000e+01 9.421660620102176864e+00
6.000000000000000000e+00 2.000000000000000000e+01 9.461991630349897875e+00
6.000000000000000000e+00 2.100000000000000000e+01 8.762487357824682022e+00
6.000000000000000000e+00 2.200000000000000000e+01 9.015280523579962235e+00
6.000000000000000000e+00 2.300000000000000000e+01 9.310820395984265474e+00
6.000000000000000000e+00 2.400000000000000000e+01 9.264487757273261792e+00
6.000000000000000000e+00 2.500000000000000000e+01 1.147919105083021485e+01
6.000000000000000000e+00 2.600000000000000000e+01 1.147884849790066042e+01
6.000000000000000000e+00 2.700000000000000000e+01 1.172228188923803494e+01
6.000000000000000000e+00 2.800000000000000000e+01 1.247469229136490299e+01
6.000000000000000000e+00 2.900000000000000000e+01 1.240508623543123612e+01
6.000000000000000000e+00 3.000000000000000000e+01 1.283649091508705276e+01
6.000000000000000000e+00 3.100000000000000000e+01 1.313787694781371052e+01
6.000000000000000000e+00 3.200000000000000000e+01 1.469366028711844230e+01
7.000000000000000000e+00 8.000000000000000000e+00 8.880387911510393195e+00
7.000000000000000000e+00 9.000000000000000000e+00 9.539433047241617558e+00
7.000000000000000000e+00 1.000000000000000000e+01 8.266027867905307858e+00
7.000000000000000000e+00 1.100000000000000000e+01 9.231363544188466719e+00
7.000000000000000000e+00 1.200000000000000000e+01 7.646951456450787887e+00
7.000000000000000000e+00 1.300000000000000000e+01 1.213499306294713875e+01
7.000000000000000000e+00 1.400000000000000000e+01 1.119820910070100517e+01
7.000000000000000000e+00 1.500000000000000000e+01 1.209615098426676560e+01
7.000000000000000000e+00 1.600000000000000000e+01 9.133954410606609287e+00
7.000000000000000000e+00 1.700000000000000000e+01 9.310883014260269874e+00
7.000000000000000000e+00 1.800000000000000000e+01 9.642699364341851265e+00
7.000000000000000000e+00 1.900000000000000000e+01 9.888690370557910114e+00
7.000000000000000000e+00 2.000000000000000000e+01 9.927385725137350292e+00
7.000000000000000000e+00 2.100000000000000000e+01 9.077308201461413262e+00
7.000000000000000000e+00 2.200000000000000000e+01 9.468803285718822238e+00
7.000000000000000000e+00 2.300000000000000000e+01 9.641011432361370481e+00
7.000000000000000000e+00 2.400000000000000000e+01 9.605805485366634144e+00
7.000000000000000000e+00 2.500000000000000000e+01 1.191200445651485218e+01
7.000000000000000000e+00 2.600000000000000000e+01 1.191041490196228381e+01
7.000000000000000000e+00 2.700000000000000000e+01 1.215251238554834323e+01
7.000000000000000000e+00 2.800000000000000000e+01 1.286647565284092209e+01
7.000000000000000000e+00 2.900000000000000000e+01 1.279002104070187507e+01
7.000000000000000000e+00 3.000000000000000000e+01 1.321333841012708810e+01
7.000000000000000000e+00 3.100000000000000000e+01 1.353423637711290617e+01
7.000000000000000000e+00 3.200000000000000000e+01 1.511105572679258380e+01
8.000000000000000000e+00 9.000000000000000000e+00 1.011900777956265962e+01
8.000000000000000000e+00 1.000000000000000000e+01 7.593926490987559674e+00
8.000000000000000000e+00 1.100000000000000000e+01 9.840428678764117976e+00
8.000000000000000000e+00 1.200000000000000000e+01 8.252080345258177019e+00
8.000000000000000000e+00 1.300000000000000000e+01 1.228353519590537601e+01
8.000000000000000000e+00 1.400000000000000000e+01 1.076091377898793944e+01
8.000000000000000000e+00 1.500000000000000000e+01 1.212665736751492496e+01
8.000000000000000000e+00 1.600000000000000000e+01 8.721791300235562261e+00
8.000000000000000000e+00 1.700000000000000000e+01 8.894823037642563435e+00
8.000000000000000000e+00 1.800000000000000000e+01 9.236007849100310807e+00
8.000000000000000000e+00 1.900000000000000000e+01 9.485248242960640397e+00
8.000000000000000000e+00 2.000000000000000000e+01 9.526057046207606405e+00
8.000000000000000000e+00 2.100000000000000000e+01 9.000776295028313001e+00
8.000000000000000000e+00 2.200000000000000000e+01 9.090711758859066904e+00
8.000000000000000000e+00 2.300000000000000000e+01 9.541523188551579437e+00
8.000000000000000000e+00 2.400000000000000000e+01 9.486770528544131054e+00
8.000000000000000000e+00 2.500000000000000000e+01 1.158098685253395566e+01
8.000000000000000000e+00 2.600000000000000000e+01 1.158403294323914778e+01
8.000000000000000000e+00 2.700000000000000000e+01 1.182985034587025019e+01
8.000000000000000000e+00 2.800000000000000000e+01 1.263788349442740966e+01
8.000000000000000000e+00 2.900000000000000000e+01 1.258067083619275728e+01
8.000000000000000000e+00 3.000000000000000000e+01 1.303292483682738201e+01
8.000000000000000000e+00 3.100000000000000000e+01 1.329710098403055873e+01
8.000000000000000000e+00 3.200000000000000000e+01 1.482076985259932833e+01
9.000000000000000000e+00 1.000000000000000000e+01 1.000320439551331830e+01
9.000000000000000000e+00 1.100000000000000000e+01 8.660728136904621621e+00
9.000000000000000000e+00 1.200000000000000000e+01 8.172535219797770978e+00
9.000000000000000000e+00 1.300000000000000000e+01 1.145106498028701481e+01
9.000000000000000000e+00 1.400000000000000000e+01 1.152814040818445385e+01
9.000000000000000000e+00 1.500000000000000000e+01 1.172127438925400078e+01
9.000000000000000000e+00 1.600000000000000000e+01 9.436694456465247072e+00
9.000000000000000000e+00 1.700000000000000000e+01 9.616530158045243581e+00
9.000000000000000000e+00 1.800000000000000000e+01 9.937922359026529762e+00
9.000000000000000000e+00 1.900000000000000000e+01 1.017800864510853032e+01
9.000000000000000000e+00 2.000000000000000000e+01 1.021481369519460181e+01
9.000000000000000000e+00 2.100000000000000000e+01 8.937863724130949095e+00
9.000000000000000000e+00 2.200000000000000000e+01 9.727736730201053561e+00
9.000000000000000000e+00 2.300000000000000000e+01 9.521836871388810408e+00
9.000000000000000000e+00 2.400000000000000000e+01 9.508599424215137930e+00
9.000000000000000000e+00 2.500000000000000000e+01 1.210755346678555178e+01
9.000000000000000000e+00 2.600000000000000000e+01 1.209815618452603658e+01
9.000000000000000000e+00 2.700000000000000000e+01 1.233464265808172478e+01
9.000000000000000000e+00 2.800000000000000000e+01 1.291571007412276018e+01
9.000000000000000000e+00 2.900000000000000000e+01 1.280987444608995141e+01
9.000000000000000000e+00 3.000000000000000000e+01 1.318471420841309261e+01
9.000000000000000000e+00 3.100000000000000000e+01 1.359338830801046960e+01
9.000000000000000000e+00 3.200000000000000000e+01 1.524668143139343890e+01
1.000000000000000000e+01 1.100000000000000000e+01 9.619154939180672770e+00
1.000000000000000000e+01 1.200000000000000000e+01 7.897320077867439281e+00
1.000000000000000000e+01 1.300000000000000000e+01 1.225335937905247619e+01
1.000000000000000000e+01 1.400000000000000000e+01 1.094826455799244691e+01
1.000000000000000000e+01 1.500000000000000000e+01 1.212785317693917442e+01
1.000000000000000000e+01 1.600000000000000000e+01 8.894233928436673153e+00
1.000000000000000000e+01 1.700000000000000000e+01 9.070360405369243040e+00
1.000000000000000000e+01 1.800000000000000000e+01 9.406287959329176829e+00
1.000000000000000000e+01 1.900000000000000000e+01 9.655104970224101635e+00
1.000000000000000000e+01 2.000000000000000000e+01 9.694439202921534715e+00
1.000000000000000000e+01 2.100000000000000000e+01 9.026815511357984434e+00
1.000000000000000000e+01 2.200000000000000000e+01 9.247658527042384335e+00
1.000000000000000000e+01 2.300000000000000000e+01 9.580334656154505524e+00
1.000000000000000000e+01 2.400000000000000000e+01 9.535181222423442904e+00
1.000000000000000000e+01 2.500000000000000000e+01 1.171753579472278695e+01
1.000000000000000000e+01 2.600000000000000000e+01 1.171920792408414158e+01
1.000000000000000000e+01 2.700000000000000000e+01 1.196365239937723324e+01
1.000000000000000000e+01 2.800000000000000000e+01 1.273338825230421634e+01
1.000000000000000000e+01 2.900000000000000000e+01 1.266913083935502904e+01
1.000000000000000000e+01 3.000000000000000000e+01 1.311229829758235788e+01
1.000000000000000000e+01 3.100000000000000000e+01 1.339684387848876135e+01
1.000000000000000000e+01 3.200000000000000000e+01 1.494165473118038356e+01
1.100000000000000000e+01 1.200000000000000000e+01 6.848360105963651634e+00
1.100000000000000000e+01 1.300000000000000000e+01 1.124907716404982949e+01
1.100000000000000000e+01 1.400000000000000000e+01 1.112208788351305522e+01
1.100000000000000000e+01 1.500000000000000000e+01 1.140993077089149033e+01
1.100000000000000000e+01 1.600000000000000000e+01 9.023054782200805590e+00
1.100000000000000000e+01 1.700000000000000000e+01 9.206075180562649507e+00
1.100000000000000000e+01 1.800000000000000000e+01 9.525269720631548864e+00
1.100000000000000000e+01 1.900000000000000000e+01 9.768225913844204911e+00
1.100000000000000000e+01 2.000000000000000000e+01 9.803774745110546363e+00
1.100000000000000000e+01 2.100000000000000000e+01 8.514375980184048842e+00
1.100000000000000000e+01 2.200000000000000000e+01 9.315333439886535061e+00
1.100000000000000000e+01 2.300000000000000000e+01 9.122698850998503417e+00
1.100000000000000000e+01 2.400000000000000000e+01 9.120735435943576164e+00
1.100000000000000000e+01 2.500000000000000000e+01 1.170066990710112087e+01
1.100000000000000000e+01 2.600000000000000000e+01 1.169429316871174862e+01
1.100000000000000000e+01 2.700000000000000000e+01 1.193218221052783967e+01
1.100000000000000000e+01 2.800000000000000000e+01 1.253332071646232038e+01
1.100000000000000000e+01 2.900000000000000000e+01 1.243522198478441076e+01
1.100000000000000000e+01 3.000000000000000000e+01 1.283045653850397194e+01
1.100000000000000000e+01 3.100000000000000000e+01 1.321338353430343382e+01
1.100000000000000000e+01 3.200000000000000000e+01 1.485274754373462081e+01
1.200000000000000000e+01 1.300000000000000000e+01 1.040808263409334700e+01
1.200000000000000000e+01 1.400000000000000000e+01 9.696298443922080068e+00
1.200000000000000000e+01 1.500000000000000000e+01 1.036472539877962795e+01
1.200000000000000000e+01 1.600000000000000000e+01 7.603404640829062089e+00
1.200000000000000000e+01 1.700000000000000000e+01 7.787410067997491581e+00
1.200000000000000000e+01 1.800000000000000000e+01 8.109531031618910646e+00
1.200000000000000000e+01 1.900000000000000000e+01 8.356934008638745581e+00
1.200000000000000000e+01 2.000000000000000000e+01 8.392442624264328188e+00
1.200000000000000000e+01 2.100000000000000000e+01 7.313420758645804653e+00
1.200000000000000000e+01 2.200000000000000000e+01 7.915209253036197268e+00
1.200000000000000000e+01 2.300000000000000000e+01 7.913048688395456054e+00
1.200000000000000000e+01 2.400000000000000000e+01 7.900291291600446186e+00
1.200000000000000000e+01 2.500000000000000000e+01 1.033056340153953023e+01
1.200000000000000000e+01 2.600000000000000000e+01 1.032888572227096091e+01
1.200000000000000000e+01 2.700000000000000000e+01 1.056980420455797720e+01
1.200000000000000000e+01 2.800000000000000000e+01 1.123796945162956007e+01
1.200000000000000000e+01 2.900000000000000000e+01 1.115580897883988776e+01
1.200000000000000000e+01 3.000000000000000000e+01 1.157884482790314884e+01
1.200000000000000000e+01 3.100000000000000000e+01 1.191392614528601435e+01
1.200000000000000000e+01 3.200000000000000000e+01 1.351409799925990107e+01
1.300000000000000000e+01 1.400000000000000000e+01 1.290003689514499463e+01
1.300000000000000000e+01 1.500000000000000000e+01 1.162485039857043922e+01
1.300000000000000000e+01 1.600000000000000000e+01 1.077248354424074250e+01
1.300000000000000000e+01 1.700000000000000000e+01 1.095538174436586587e+01
1.300000000000000000e+01 1.800000000000000000e+01 1.126278901515202691e+01
1.300000000000000000e+01 1.900000000000000000e+01 1.149360177817290207e+01
1.300000000000000000e+01 2.000000000000000000e+01 1.152813896696171092e+01
1.300000000000000000e+01 2.100000000000000000e+01 9.598840226965062783e+00
1.300000000000000000e+01 2.200000000000000000e+01 1.100125863011258964e+01
1.300000000000000000e+01 2.300000000000000000e+01 1.020905207031053052e+01
1.300000000000000000e+01 2.400000000000000000e+01 1.023258286192337607e+01
1.300000000000000000e+01 2.500000000000000000e+01 1.328927887222834592e+01
1.300000000000000000e+01 2.600000000000000000e+01 1.326795612678648340e+01
1.300000000000000000e+01 2.700000000000000000e+01 1.349610333506907445e+01
1.300000000000000000e+01 2.800000000000000000e+01 1.388049420326535000e+01
1.300000000000000000e+01 2.900000000000000000e+01 1.373028634597365460e+01
1.300000000000000000e+01 3.000000000000000000e+01 1.403428620343929545e+01
1.300000000000000000e+01 3.100000000000000000e+01 1.457358469390271516e+01
1.300000000000000000e+01 3.200000000000000000e+01 1.633985877058405833e+01
1.400000000000000000e+01 1.500000000000000000e+01 1.232092516808073590e+01
1.400000000000000000e+01 1.600000000000000000e+01 5.172341555763281917e+00
1.400000000000000000e+01 1.700000000000000000e+01 4.532399413696801105e+00
1.400000000000000000e+01 1.800000000000000000e+01 5.492565377611215993e+00
1.400000000000000000e+01 1.900000000000000000e+01 5.094893541570488793e+00
1.400000000000000000e+01 2.000000000000000000e+01 5.480886691851909021e+00
1.400000000000000000e+01 2.100000000000000000e+01 8.675102618314376457e+00
1.400000000000000000e+01 2.200000000000000000e+01 5.716257985783167683e+00
1.400000000000000000e+01 2.300000000000000000e+01 9.056253091140764155e+00
1.400000000000000000e+01 2.400000000000000000e+01 8.863612666058390488e+00
1.400000000000000000e+01 2.500000000000000000e+01 8.867444773623470056e+00
1.400000000000000000e+01 2.600000000000000000e+01 8.856754483805463707e+00
1.400000000000000000e+01 2.700000000000000000e+01 9.129792384677260841e+00
1.400000000000000000e+01 2.800000000000000000e+01 1.105019520033270908e+01
1.400000000000000000e+01 2.900000000000000000e+01 1.116782268633849817e+01
1.400000000000000000e+01 3.000000000000000000e+01 1.184842970554757535e+01
1.400000000000000000e+01 3.100000000000000000e+01 1.158471276752886148e+01
1.400000000000000000e+01 3.200000000000000000e+01 1.250266095197708971e+01
1.500000000000000000e+01 1.600000000000000000e+01 1.017165119395621886e+01
1.500000000000000000e+01 1.700000000000000000e+01 1.035647867239466535e+01
1.500000000000000000e+01 1.800000000000000000e+01 1.065536575500271610e+01
1.500000000000000000e+01 1.900000000000000000e+01 1.088084358231517257e+01
1.500000000000000000e+01 2.000000000000000000e+01 1.091389701634540721e+01
1.500000000000000000e+01 2.100000000000000000e+01 8.363106795739671639e+00
1.500000000000000000e+01 2.200000000000000000e+01 1.036292791928758739e+01
1.500000000000000000e+01 2.300000000000000000e+01 9.057827221499888282e+00
1.500000000000000000e+01 2.400000000000000000e+01 9.157740214930772282e+00
1.500000000000000000e+01 2.500000000000000000e+01 1.259737720448367959e+01
1.500000000000000000e+01 2.600000000000000000e+01 1.257105465211300199e+01
1.500000000000000000e+01 2.700000000000000000e+01 1.279519632079677827e+01
1.500000000000000000e+01 2.800000000000000000e+01 1.306753193402440871e+01
1.500000000000000000e+01 2.900000000000000000e+01 1.289563801805468479e+01
1.500000000000000000e+01 3.000000000000000000e+01 1.318374249583380653e+01
1.500000000000000000e+01 3.100000000000000000e+01 1.377756852990600400e+01
1.500000000000000000e+01 3.200000000000000000e+01 1.560380719591176835e+01
1.600000000000000000e+01 1.700000000000000000e+01 2.759689970046430574e+00
1.600000000000000000e+01 1.800000000000000000e+01 2.642944670589439937e+00
1.600000000000000000e+01 1.900000000000000000e+01 3.669934199641435413e+00
1.600000000000000000e+01 2.000000000000000000e+01 3.536687978930510567e+00
1.600000000000000000e+01 2.100000000000000000e+01 6.496310547686604764e+00
1.600000000000000000e+01 2.200000000000000000e+01 3.456086844078436471e+00
1.600000000000000000e+01 2.300000000000000000e+01 6.869903296169312057e+00
1.600000000000000000e+01 2.400000000000000000e+01 6.670678191978417715e+00
1.600000000000000000e+01 2.500000000000000000e+01 6.665061688650640193e+00
1.600000000000000000e+01 2.600000000000000000e+01 6.690425145411449392e+00
1.600000000000000000e+01 2.700000000000000000e+01 6.971870041640842786e+00
1.600000000000000000e+01 2.800000000000000000e+01 8.838075075912705358e+00
1.600000000000000000e+01 2.900000000000000000e+01 8.958827261349044946e+00
1.600000000000000000e+01 3.000000000000000000e+01 9.648601243086632806e+00
1.600000000000000000e+01 3.100000000000000000e+01 9.381031212001351705e+00
1.600000000000000000e+01 3.200000000000000000e+01 1.032400117392219663e+01
1.700000000000000000e+01 1.800000000000000000e+01 2.942122864218994494e+00
1.700000000000000000e+01 1.900000000000000000e+01 3.020196244608218450e+00
1.700000000000000000e+01 2.000000000000000000e+01 3.009643977056340347e+00
1.700000000000000000e+01 2.100000000000000000e+01 6.686338907185987779e+00
1.700000000000000000e+01 2.200000000000000000e+01 3.439258882005423956e+00
1.700000000000000000e+01 2.300000000000000000e+01 7.056458485575003436e+00
1.700000000000000000e+01 2.400000000000000000e+01 6.854528341777058387e+00
1.700000000000000000e+01 2.500000000000000000e+01 6.700616508540898408e+00
1.700000000000000000e+01 2.600000000000000000e+01 6.695205147872055562e+00
1.700000000000000000e+01 2.700000000000000000e+01 6.972331814040517273e+00
1.700000000000000000e+01 2.800000000000000000e+01 8.971829542492216092e+00
1.700000000000000000e+01 2.900000000000000000e+01 9.101839621299932404e+00
1.700000000000000000e+01 3.000000000000000000e+01 9.797194064683994341e+00
1.700000000000000000e+01 3.100000000000000000e+01 9.496639043426410964e+00
1.700000000000000000e+01 3.200000000000000000e+01 1.037175269978908965e+01
1.800000000000000000e+01 1.900000000000000000e+01 3.814182485142818990e+00
1.800000000000000000e+01 2.000000000000000000e+01 3.528122576220292572e+00
1.800000000000000000e+01 2.100000000000000000e+01 6.973908638204822097e+00
1.800000000000000000e+01 2.200000000000000000e+01 3.613964518425950345e+00
1.800000000000000000e+01 2.300000000000000000e+01 7.340221307461998634e+00
1.800000000000000000e+01 2.400000000000000000e+01 7.135034153479946184e+00
1.800000000000000000e+01 2.500000000000000000e+01 6.962190484874186680e+00
1.800000000000000000e+01 2.600000000000000000e+01 6.977933989785721991e+00
1.800000000000000000e+01 2.700000000000000000e+01 7.260584439646821764e+00
1.800000000000000000e+01 2.800000000000000000e+01 9.239256396007125005e+00
1.800000000000000000e+01 2.900000000000000000e+01 9.371487775170836088e+00
1.800000000000000000e+01 3.000000000000000000e+01 1.007145408899364192e+01
1.800000000000000000e+01 3.100000000000000000e+01 9.767065724697824081e+00
1.800000000000000000e+01 3.200000000000000000e+01 1.065150710625804997e+01
1.900000000000000000e+01 2.000000000000000000e+01 3.252665525950567016e+00
1.900000000000000000e+01 2.100000000000000000e+01 7.197194440901860446e+00
1.900000000000000000e+01 2.200000000000000000e+01 3.622932502145159717e+00
1.900000000000000000e+01 2.300000000000000000e+01 7.553935968081969321e+00
1.900000000000000000e+01 2.400000000000000000e+01 7.341030244936920468e+00
1.900000000000000000e+01 2.500000000000000000e+01 6.881533313508706229e+00
1.900000000000000000e+01 2.600000000000000000e+01 6.829247909784204040e+00
1.900000000000000000e+01 2.700000000000000000e+01 7.099828292414072095e+00
1.900000000000000000e+01 2.800000000000000000e+01 9.339307228749927248e+00
1.900000000000000000e+01 2.900000000000000000e+01 9.490849088461915883e+00
1.900000000000000000e+01 3.000000000000000000e+01 1.020501746638572094e+01
1.900000000000000000e+01 3.100000000000000000e+01 9.832761441941345382e+00
1.900000000000000000e+01 3.200000000000000000e+01 1.058366540663979372e+01
2.000000000000000000e+01 2.100000000000000000e+01 7.227162229853327347e+00
2.000000000000000000e+01 2.200000000000000000e+01 3.519514962198295294e+00
2.000000000000000000e+01 2.300000000000000000e+01 7.584724450906559667e+00
2.000000000000000000e+01 2.400000000000000000e+01 7.372414746525581819e+00
2.000000000000000000e+01 2.500000000000000000e+01 6.965417848108129917e+00
2.000000000000000000e+01 2.600000000000000000e+01 6.947807326216565826e+00
2.000000000000000000e+01 2.700000000000000000e+01 7.227227514690264698e+00
2.000000000000000000e+01 2.800000000000000000e+01 9.390485877457958708e+00
2.000000000000000000e+01 2.900000000000000000e+01 9.538440437170214281e+00
2.000000000000000000e+01 3.000000000000000000e+01 1.025110219367722131e+01
2.000000000000000000e+01 3.100000000000000000e+01 9.893706705558235726e+00
2.000000000000000000e+01 3.200000000000000000e+01 1.068310266459548963e+01
2.100000000000000000e+01 2.200000000000000000e+01 6.649194642088842144e+00
2.100000000000000000e+01 2.300000000000000000e+01 4.230434936579641203e+00
2.100000000000000000e+01 2.400000000000000000e+01 4.722306272102080982e+00
2.100000000000000000e+01 2.500000000000000000e+01 8.838674297271753133e+00
2.100000000000000000e+01 2.600000000000000000e+01 8.816563801711456705e+00
2.100000000000000000e+01 2.700000000000000000e+01 9.040849430722895264e+00
2.100000000000000000e+01 2.800000000000000000e+01 9.244115811342474842e+00
2.100000000000000000e+01 2.900000000000000000e+01 9.076537932024367095e+00
2.100000000000000000e+01 3.000000000000000000e+01 9.438082371034115070e+00
2.100000000000000000e+01 3.100000000000000000e+01 9.989839049704590579e+00
2.100000000000000000e+01 3.200000000000000000e+01 1.183843296115643717e+01
2.200000000000000000e+01 2.300000000000000000e+01 6.987860736353507463e+00
2.200000000000000000e+01 2.400000000000000000e+01 6.759871427100197394e+00
2.200000000000000000e+01 2.500000000000000000e+01 5.985698615546136026e+00
2.200000000000000000e+01 2.600000000000000000e+01 6.008953311827912813e+00
2.200000000000000000e+01 2.700000000000000000e+01 6.309151744048756782e+00
2.200000000000000000e+01 2.800000000000000000e+01 8.640195490572793346e+00
2.200000000000000000e+01 2.900000000000000000e+01 8.813267553185360370e+00
2.200000000000000000e+01 3.000000000000000000e+01 9.551892337442724923e+00
2.200000000000000000e+01 3.100000000000000000e+01 9.120042202531125852e+00
2.200000000000000000e+01 3.200000000000000000e+01 9.819817579017660947e+00
2.300000000000000000e+01 2.400000000000000000e+01 3.955252713625053929e+00
2.300000000000000000e+01 2.500000000000000000e+01 9.117175956935797743e+00
2.300000000000000000e+01 2.600000000000000000e+01 9.084543098894389601e+00
2.300000000000000000e+01 2.700000000000000000e+01 9.302524295797089948e+00
2.300000000000000000e+01 2.800000000000000000e+01 9.351340944355889917e+00
2.300000000000000000e+01 2.900000000000000000e+01 9.145967470333109972e+00
2.300000000000000000e+01 3.000000000000000000e+01 9.476126950730014542e+00
2.300000000000000000e+01 3.100000000000000000e+01 1.011870002566067406e+01
2.300000000000000000e+01 3.200000000000000000e+01 1.205203490474626271e+01
2.400000000000000000e+01 2.500000000000000000e+01 8.839984118968645888e+00
2.400000000000000000e+01 2.600000000000000000e+01 8.799431361196099033e+00
2.400000000000000000e+01 2.700000000000000000e+01 9.012572014388107178e+00
2.400000000000000000e+01 2.800000000000000000e+01 8.935278405242179645e+00
2.400000000000000000e+01 2.900000000000000000e+01 8.701292999231357683e+00
2.400000000000000000e+01 3.000000000000000000e+01 9.018983311278470083e+00
2.400000000000000000e+01 3.100000000000000000e+01 9.724104449054790322e+00
2.400000000000000000e+01 3.200000000000000000e+01 1.172451861127338368e+01
2.500000000000000000e+01 2.600000000000000000e+01 6.415180341814682663e+00
2.500000000000000000e+01 2.700000000000000000e+01 7.058419979352160922e+00
2.500000000000000000e+01 2.800000000000000000e+01 1.008811318613147634e+01
2.500000000000000000e+01 2.900000000000000000e+01 1.038781516041043496e+01
2.500000000000000000e+01 3.000000000000000000e+01 1.122873569515720682e+01
2.500000000000000000e+01 3.100000000000000000e+01 1.041420281139503423e+01
2.500000000000000000e+01 3.200000000000000000e+01 1.070255940960902841e+01
2.600000000000000000e+01 2.700000000000000000e+01 5.043669029809583648e+00
2.600000000000000000e+01 2.800000000000000000e+01 9.851332577328907547e+00
2.600000000000000000e+01 2.900000000000000000e+01 1.017519055688589980e+01
2.600000000000000000e+01 3.000000000000000000e+01 1.102030865429492401e+01
2.600000000000000000e+01 3.100000000000000000e+01 1.002190494816971444e+01
2.600000000000000000e+01 3.200000000000000000e+01 9.572079990439236852e+00
2.700000000000000000e+01 2.800000000000000000e+01 9.972640544907150684e+00
2.700000000000000000e+01 2.900000000000000000e+01 1.030419939479555502e+01
2.700000000000000000e+01 3.000000000000000000e+01 1.114887270658317853e+01
2.700000000000000000e+01 3.100000000000000000e+01 1.006758246628940334e+01
2.700000000000000000e+01 3.200000000000000000e+01 9.128598227751551164e+00
2.800000000000000000e+01 2.900000000000000000e+01 7.670265489202046538e+00
2.800000000000000000e+01 3.000000000000000000e+01 9.800868455430331139e+00
2.800000000000000000e+01 3.100000000000000000e+01 8.510892093356618560e+00
2.800000000000000000e+01 3.200000000000000000e+01 1.207017211526311407e+01
2.900000000000000000e+01 3.000000000000000000e+01 8.896946083626891877e+00
2.900000000000000000e+01 3.100000000000000000e+01 9.104123094882789147e+00
2.900000000000000000e+01 3.200000000000000000e+01 1.245637170054351905e+01
3.000000000000000000e+01 3.100000000000000000e+01 1.030294169021571271e+01
3.000000000000000000e+01 3.200000000000000000e+01 1.330896877804289424e+01
3.100000000000000000e+01 3.200000000000000000e+01 1.171449193195156901e+01
