1.000000000000000000e+00 2.000000000000000000e+00 7.246774027349672131e+00
1.000000000000000000e+00 3.000000000000000000e+00 4.038559046969300681e+00
1.000000000000000000e+00 4.000000000000000000e+00 6.340790860288143094e+00
1.000000000000000000e+00 5.000000000000000000e+00 4.186939879119710106e+00
1.000000000000000000e+00 6.000000000000000000e+00 6.053372902847612202e+00
1.000000000000000000e+00 7.000000000000000000e+00 6.616235136069618328e+00
1.000000000000000000e+00 8.000000000000000000e+00 6.508123364766249530e+00
1.000000000000000000e+00 9.000000000000000000e+00 6.196406704445057478e+00
1.000000000000000000e+00 1.000000000000000000e+01 6.618538987501352722e+00
1.000000000000000000e+00 1.100000000000000000e+01 6.249162541820573402e+00
1.000000000000000000e+00 1.200000000000000000e+01 5.294738342264877495e+00
1.000000000000000000e+00 1.300000000000000000e+01 7.310541783084723022e+00
1.000000000000000000e+00 1.400000000000000000e+01 5.966210293687154831e+00
1.000000000000000000e+00 1.500000000000000000e+01 7.200965447813875819e+00
1.000000000000000000e+00 1.600000000000000000e+01 5.191746630517823036e+00
1.000000000000000000e+00 1.700000000000000000e+01 5.344737113208648083e+00
1.000000000000000000e+00 1.800000000000000000e+01 5.274359617044742876e+00
1.000000000000000000e+00 1.900000000000000000e+01 5.408599432354763259e+00
1.000000000000000000e+00 2.000000000000000000e+01 5.377899001893713837e+00
1.000000000000000000e+00 2.100000000000000000e+01 3.739503941037796597e+00
1.000000000000000000e+00 2.200000000000000000e+01 5.358230312583762256e+00
1.000000000000000000e+00 2.300000000000000000e+01 3.792057928474981132e+00
1.000000000000000000e+00 2.400000000000000000e+01 3.868536383153884817e+00
1.000000000000000000e+00 2.500000000000000000e+01 6.067039660275238333e+00
1.000000000000000000e+00 2.600000000000000000e+01 5.887396975463033755e+00
1.000000000000000000e+00 2.700000000000000000e+01 5.914981293305120680e+00
1.000000000000000000e+00 2.800000000000000000e+01 7.628479526212432305e+00
1.000000000000000000e+00 2.900000000000000000e+01 7.531069252055885066e+00
1.000000000000000000e+00 3.000000000000000000e+01 7.771893526390191376e+00
1.000000000000000000e+00 3.100000000000000000e+01 8.191374519554623035e+00
1.000000000000000000e+00 3.200000000000000000e+01 9.672345041434287083e+00
2.000000000000000000e+00 3.000000000000000000e+00 6.351734769387274326e+00
2.000000000000000000e+00 4.000000000000000000e+00 8.607227016014027399e+00
2.000000000000000000e+00 5.000000000000000000e+00 6.498240165675929880e+00
2.000000000000000000e+00 6.000000000000000000e+00 8.374187547600651982e+00
2.000000000000000000e+00 7.000000000000000000e+00 8.932350161410592904e+00
2.000000000000000000e+00 8.000000000000000000e+00 8.851944138326956590e+00
2.000000000000000000e+00 9.000000000000000000e+00 8.434587408902164185e+00
2.000000000000000000e+00 1.000000000000000000e+01 8.959911951870605407e+00
2.000000000000000000e+00 1.100000000000000000e+01 8.579443362528511585e+00
2.000000000000000000e+00 1.200000000000000000e+01 7.651380996407163515e+00
2.000000000000000000e+00 1.300000000000000000e+01 9.873000906935999410e+00
2.000000000000000000e+00 1.400000000000000000e+01 8.436598540828459392e+00
2.000000000000000000e+00 1.500000000000000000e+01 9.856547157697729489e+00
2.000000000000000000e+00 1.600000000000000000e+01 7.664953883382656485e+00
2.000000000000000000e+00 1.700000000000000000e+01 7.818947392776182781e+00
2.000000000000000000e+00 1.800000000000000000e+01 7.749881935857294124e+00
2.000000000000000000e+00 1.900000000000000000e+01 7.887163236540771116e+00
2.000000000000000000e+00 2.000000000000000000e+01 7.855696392655793225e+00
2.000000000000000000e+00 2.100000000000000000e+01 6.274750607454935292e+00
2.000000000000000000e+00 2.200000000000000000e+01 7.839688610161340776e+00
2.000000000000000000e+00 2.300000000000000000e+01 6.340319661637722426e+00
2.000000000000000000e+00 2.400000000000000000e+01 6.423289896334335225e+00
2.000000000000000000e+00 2.500000000000000000e+01 8.559802914189223344e+00
2.000000000000000000e+00 2.600000000000000000e+01 8.381135492056209557e+00
2.000000000000000000e+00 2.700000000000000000e+01 8.409389617068022460e+00
2.000000000000000000e+00 2.800000000000000000e+01 1.017058972862728972e+01
2.000000000000000000e+00 2.900000000000000000e+01 1.008630581375329172e+01
2.000000000000000000e+00 3.000000000000000000e+01 1.036226915738710019e+01
2.000000000000000000e+00 3.100000000000000000e+01 1.073585835710648873e+01
2.000000000000000000e+00 3.200000000000000000e+01 1.218256264338801387e+01
3.000000000000000000e+00 4.000000000000000000e+00 3.192023144425126802e+00
3.000000000000000000e+00 5.000000000000000000e+00 5.622572973180242073e-01
3.000000000000000000e+00 6.000000000000000000e+00 2.745662090676451506e+00
3.000000000000000000e+00 7.000000000000000000e+00 3.782166680985709739e+00
3.000000000000000000e+00 8.000000000000000000e+00 3.460289492841034154e+00
3.000000000000000000e+00 9.000000000000000000e+00 4.369988460564569799e+00
3.000000000000000000e+00 1.000000000000000000e+01 3.698029437180309742e+00
3.000000000000000000e+00 1.100000000000000000e+01 4.372885717416589380e+00
3.000000000000000000e+00 1.200000000000000000e+01 3.157930480673146967e+00
3.000000000000000000e+00 1.300000000000000000e+01 6.149410711609892388e+00
3.000000000000000000e+00 1.400000000000000000e+01 3.952125626298631289e+00
3.000000000000000000e+00 1.500000000000000000e+01 6.039096756171178804e+00
3.000000000000000000e+00 1.600000000000000000e+01 3.205306257439659134e+00
3.000000000000000000e+00 1.700000000000000000e+01 3.358805033251734073e+00
3.000000000000000000e+00 1.800000000000000000e+01 3.299241906107537758e+00
3.000000000000000000e+00 1.900000000000000000e+01 3.445035321476555445e+00
3.000000000000000000e+00 2.000000000000000000e+01 3.412943363313298839e+00
3.000000000000000000e+00 2.100000000000000000e+01 2.241371643662258162e+00
3.000000000000000000e+00 2.200000000000000000e+01 3.416329118717328583e+00
3.000000000000000000e+00 2.300000000000000000e+01 2.303355320074399692e+00
3.000000000000000000e+00 2.400000000000000000e+01 2.379659784989669458e+00
3.000000000000000000e+00 2.500000000000000000e+01 4.183041659222931585e+00
3.000000000000000000e+00 2.600000000000000000e+01 4.002556155188102593e+00
3.000000000000000000e+00 2.700000000000000000e+01 4.031537637710827404e+00
3.000000000000000000e+00 2.800000000000000000e+01 5.962634681898519418e+00
3.000000000000000000e+00 2.900000000000000000e+01 5.914908684415501661e+00
3.000000000000000000e+00 3.000000000000000000e+01 6.258675591464457177e+00
3.000000000000000000e+00 3.100000000000000000e+01 6.516954387861916942e+00
3.000000000000000000e+00 3.200000000000000000e+01 7.853782910793334793e+00
4.000000000000000000e+00 5.000000000000000000e+00 3.296079460775403369e+00
4.000000000000000000e+00 6.000000000000000000e+00 5.371138475185985861e+00
4.000000000000000000e+00 7.000000000000000000e+00 6.069034924060725977e+00
4.000000000000000000e+00 8.000000000000000000e+00 6.066787904168299939e+00
4.000000000000000000e+00 9.000000000000000000e+00 6.465497235889684724e+00
4.000000000000000000e+00 1.000000000000000000e+01 6.220922295764541587e+00
4.000000000000000000e+00 1.100000000000000000e+01 6.589010032916136517e+00
4.000000000000000000e+00 1.200000000000000000e+01 5.436566608342276119e+00
4.000000000000000000e+00 1.300000000000000000e+01 8.408176056965439571e+00
4.000000000000000000e+00 1.400000000000000000e+01 6.350339169767810432e+00
4.000000000000000000e+00 1.500000000000000000e+01 8.326405814900734725e+00
4.000000000000000000e+00 1.600000000000000000e+01 5.597454652307906287e+00
4.000000000000000000e+00 1.700000000000000000e+01 5.751517544597795961e+00
4.000000000000000000e+00 1.800000000000000000e+01 5.689760790748369601e+00
4.000000000000000000e+00 1.900000000000000000e+01 5.834324481475106516e+00
4.000000000000000000e+00 2.000000000000000000e+01 5.802115403150902573e+00
4.000000000000000000e+00 2.100000000000000000e+01 4.544619145110535996e+00
4.000000000000000000e+00 2.200000000000000000e+01 5.801444866883715079e+00
4.000000000000000000e+00 2.300000000000000000e+01 4.610423959704612606e+00
4.000000000000000000e+00 2.400000000000000000e+01 4.689747994142546617e+00
4.000000000000000000e+00 2.500000000000000000e+01 6.559245823590263313e+00
4.000000000000000000e+00 2.600000000000000000e+01 6.379491655529866634e+00
4.000000000000000000e+00 2.700000000000000000e+01 6.408464352507732720e+00
4.000000000000000000e+00 2.800000000000000000e+01 8.308814632594224037e+00
4.000000000000000000e+00 2.900000000000000000e+01 8.255210663251066450e+00
4.000000000000000000e+00 3.000000000000000000e+01 8.590445383781474931e+00
4.000000000000000000e+00 3.100000000000000000e+01 8.866347025095285161e+00
4.000000000000000000e+00 3.200000000000000000e+01 1.022227617337853545e+01
5.000000000000000000e+00 6.000000000000000000e+00 2.857835638677781454e+00
5.000000000000000000e+00 7.000000000000000000e+00 3.875635246833685876e+00
5.000000000000000000e+00 8.000000000000000000e+00 3.616840838970769134e+00
5.000000000000000000e+00 9.000000000000000000e+00 4.500499329386140168e+00
5.000000000000000000e+00 1.000000000000000000e+01 3.835285458376601397e+00
5.000000000000000000e+00 1.100000000000000000e+01 4.504712554393017321e+00
5.000000000000000000e+00 1.200000000000000000e+01 3.288828991700822435e+00
5.000000000000000000e+00 1.300000000000000000e+01 6.290756601655303371e+00
5.000000000000000000e+00 1.400000000000000000e+01 4.102454901959031730e+00
5.000000000000000000e+00 1.500000000000000000e+01 6.182187145897134251e+00
5.000000000000000000e+00 1.600000000000000000e+01 3.355035987046946389e+00
5.000000000000000000e+00 1.700000000000000000e+01 3.508632086129882310e+00
5.000000000000000000e+00 1.800000000000000000e+01 3.448868235268660598e+00
5.000000000000000000e+00 1.900000000000000000e+01 3.594618505344954862e+00
5.000000000000000000e+00 2.000000000000000000e+01 3.562491814150130942e+00
5.000000000000000000e+00 2.100000000000000000e+01 2.384603347383402738e+00
5.000000000000000000e+00 2.200000000000000000e+01 3.565549675323364198e+00
5.000000000000000000e+00 2.300000000000000000e+01 2.446945345764739876e+00
5.000000000000000000e+00 2.400000000000000000e+01 2.523509350852021438e+00
5.000000000000000000e+00 2.500000000000000000e+01 4.331609237198605911e+00
5.000000000000000000e+00 2.600000000000000000e+01 4.151200540328328970e+00
5.000000000000000000e+00 2.700000000000000000e+01 4.180188816664061058e+00
5.000000000000000000e+00 2.800000000000000000e+01 6.109123813097388833e+00
5.000000000000000000e+00 2.900000000000000000e+01 6.061023578516814503e+00
5.000000000000000000e+00 3.000000000000000000e+01 6.404349444707675865e+00
5.000000000000000000e+00 3.100000000000000000e+01 6.663718497023767284e+00
5.000000000000000000e+00 3.200000000000000000e+01 8.001857594387690398e+00
6.000000000000000000e+00 7.000000000000000000e+00 5.245721478124473869e+00
6.000000000000000000e+00 8.000000000000000000e+00 5.365048794432815349e+00
6.000000000000000000e+00 9.000000000000000000e+00 6.318236269559853291e+00
6.000000000000000000e+00 1.000000000000000000e+01 5.295774593972311095e+00
6.000000000000000000e+00 1.100000000000000000e+01 6.262009790650977514e+00
6.000000000000000000e+00 1.200000000000000000e+01 4.985508936596979801e+00
6.000000000000000000e+00 1.300000000000000000e+01 8.110370344843360613e+00
6.000000000000000000e+00 1.400000000000000000e+01 5.921935620049620042e+00
6.000000000000000000e+00 1.500000000000000000e+01 8.000625139654289342e+00
6.000000000000000000e+00 1.600000000000000000e+01 5.172074788843112003e+00
6.000000000000000000e+00 1.700000000000000000e+01 5.326390238395878995e+00
6.000000000000000000e+00 1.800000000000000000e+01 5.265934482863722010e+00
6.000000000000000000e+00 1.900000000000000000e+01 5.412117129340514587e+00
6.000000000000000000e+00 2.000000000000000000e+01 5.379669873048336548e+00
6.000000000000000000e+00 2.100000000000000000e+01 4.193237880125749939e+00
6.000000000000000000e+00 2.200000000000000000e+01 5.381961342773076140e+00
6.000000000000000000e+00 2.300000000000000000e+01 4.256793562162294542e+00
6.000000000000000000e+00 2.400000000000000000e+01 4.334058071051570593e+00
6.000000000000000000e+00 2.500000000000000000e+01 6.147129673067531996e+00
6.000000000000000000e+00 2.600000000000000000e+01 5.967062595725327157e+00
6.000000000000000000e+00 2.700000000000000000e+01 5.996135718935009074e+00
6.000000000000000000e+00 2.800000000000000000e+01 7.923039372103849232e+00
6.000000000000000000e+00 2.900000000000000000e+01 7.874997719302144539e+00
6.000000000000000000e+00 3.000000000000000000e+01 8.219547329513247291e+00
6.000000000000000000e+00 3.100000000000000000e+01 8.478395140348029102e+00
6.000000000000000000e+00 3.200000000000000000e+01 9.817430862619232812e+00
7.000000000000000000e+00 8.000000000000000000e+00 6.234993042605810665e+00
7.000000000000000000e+00 9.000000000000000000e+00 6.641840091179228800e+00
7.000000000000000000e+00 1.000000000000000000e+01 5.918440463401882567e+00
7.000000000000000000e+00 1.100000000000000000e+01 6.478388711185400162e+00
7.000000000000000000e+00 1.200000000000000000e+01 5.102166612280185198e+00
7.000000000000000000e+00 1.300000000000000000e+01 8.549076591099417755e+00
7.000000000000000000e+00 1.400000000000000000e+01 6.489025764522697415e+00
7.000000000000000000e+00 1.500000000000000000e+01 8.461419278932080346e+00
7.000000000000000000e+00 1.600000000000000000e+01 5.729585773594280340e+00
7.000000000000000000e+00 1.700000000000000000e+01 5.885510905075761912e+00
7.000000000000000000e+00 1.800000000000000000e+01 5.821851744966247466e+00
7.000000000000000000e+00 1.900000000000000000e+01 5.967443771149702592e+00
7.000000000000000000e+00 2.000000000000000000e+01 5.934407779967361130e+00
7.000000000000000000e+00 2.100000000000000000e+01 4.649502889764820068e+00
7.000000000000000000e+00 2.200000000000000000e+01 5.931521646482261545e+00
7.000000000000000000e+00 2.300000000000000000e+01 4.719125493782985181e+00
7.000000000000000000e+00 2.400000000000000000e+01 4.800673387833700900e+00
7.000000000000000000e+00 2.500000000000000000e+01 6.686554537095837247e+00
7.000000000000000000e+00 2.600000000000000000e+01 6.507773093838267187e+00
7.000000000000000000e+00 2.700000000000000000e+01 6.536983092480219248e+00
7.000000000000000000e+00 2.800000000000000000e+01 8.430828509950851313e+00
7.000000000000000000e+00 2.900000000000000000e+01 8.377270135025209896e+00
7.000000000000000000e+00 3.000000000000000000e+01 8.715963915231984771e+00
7.000000000000000000e+00 3.100000000000000000e+01 8.990668771827147410e+00
7.000000000000000000e+00 3.200000000000000000e+01 1.034956048593027234e+01
8.000000000000000000e+00 9.000000000000000000e+00 6.820881607625898901e+00
8.000000000000000000e+00 1.000000000000000000e+01 5.440103281851000006e+00
8.000000000000000000e+00 1.100000000000000000e+01 6.719557395366096308e+00
8.000000000000000000e+00 1.200000000000000000e+01 5.405944561908328616e+00
8.000000000000000000e+00 1.300000000000000000e+01 8.532306729525547695e+00
8.000000000000000000e+00 1.400000000000000000e+01 6.211922160950500427e+00
8.000000000000000000e+00 1.500000000000000000e+01 8.398441472525419726e+00
8.000000000000000000e+00 1.600000000000000000e+01 5.462736214981935845e+00
8.000000000000000000e+00 1.700000000000000000e+01 5.618221377387762061e+00
8.000000000000000000e+00 1.800000000000000000e+01 5.558547816921388218e+00
8.000000000000000000e+00 1.900000000000000000e+01 5.707205139843648745e+00
8.000000000000000000e+00 2.000000000000000000e+01 5.674097173547338890e+00
8.000000000000000000e+00 2.100000000000000000e+01 4.563815211766250712e+00
8.000000000000000000e+00 2.200000000000000000e+01 5.679127272284633321e+00
8.000000000000000000e+00 2.300000000000000000e+01 4.624936651867696646e+00
8.000000000000000000e+00 2.400000000000000000e+01 4.699959982731410690e+00
8.000000000000000000e+00 2.500000000000000000e+01 6.452049046387749343e+00
8.000000000000000000e+00 2.600000000000000000e+01 6.271844077690083452e+00
8.000000000000000000e+00 2.700000000000000000e+01 6.301078871347123744e+00
8.000000000000000000e+00 2.800000000000000000e+01 8.256218621634312527e+00
8.000000000000000000e+00 2.900000000000000000e+01 8.214273355549661204e+00
8.000000000000000000e+00 3.000000000000000000e+01 8.569244012170670999e+00
8.000000000000000000e+00 3.100000000000000000e+01 8.809394385095069779e+00
8.000000000000000000e+00 3.200000000000000000e+01 1.013036576074454587e+01
9.000000000000000000e+00 1.000000000000000000e+01 6.842251472104869947e+00
9.000000000000000000e+00 1.100000000000000000e+01 6.003171823148506725e+00
9.000000000000000000e+00 1.200000000000000000e+01 5.266013917704904124e+00
9.000000000000000000e+00 1.300000000000000000e+01 7.880393201772079692e+00
9.000000000000000000e+00 1.400000000000000000e+01 6.388904259255900442e+00
9.000000000000000000e+00 1.500000000000000000e+01 7.946697103903264114e+00
9.000000000000000000e+00 1.600000000000000000e+01 5.613236153845043930e+00
9.000000000000000000e+00 1.700000000000000000e+01 5.769290393416525831e+00
9.000000000000000000e+00 1.800000000000000000e+01 5.699212409176583449e+00
9.000000000000000000e+00 1.900000000000000000e+01 5.838949970254101451e+00
9.000000000000000000e+00 2.000000000000000000e+01 5.806341314193640635e+00
9.000000000000000000e+00 2.100000000000000000e+01 4.205425923279710432e+00
9.000000000000000000e+00 2.200000000000000000e+01 5.790129442770149737e+00
9.000000000000000000e+00 2.300000000000000000e+01 4.289965050600668128e+00
9.000000000000000000e+00 2.400000000000000000e+01 4.383281194045835605e+00
9.000000000000000000e+00 2.500000000000000000e+01 6.513832567128918782e+00
9.000000000000000000e+00 2.600000000000000000e+01 6.337086140811276636e+00
9.000000000000000000e+00 2.700000000000000000e+01 6.366104703217758676e+00
9.000000000000000000e+00 2.800000000000000000e+01 8.149836889772435811e+00
9.000000000000000000e+00 2.900000000000000000e+01 8.074485190689674852e+00
9.000000000000000000e+00 3.000000000000000000e+01 8.381097912219441781e+00
9.000000000000000000e+00 3.100000000000000000e+01 8.720866559582676203e+00
9.000000000000000000e+00 3.200000000000000000e+01 1.014843764181871322e+01
1.000000000000000000e+01 1.100000000000000000e+01 6.668558703312544189e+00
1.000000000000000000e+01 1.200000000000000000e+01 5.251627781243294102e+00
1.000000000000000000e+01 1.300000000000000000e+01 8.586516486469024656e+00
1.000000000000000000e+01 1.400000000000000000e+01 6.356559878919552986e+00
1.000000000000000000e+01 1.500000000000000000e+01 8.463779402852587452e+00
1.000000000000000000e+01 1.600000000000000000e+01 5.600987857996354791e+00
1.000000000000000000e+01 1.700000000000000000e+01 5.757413241675894966e+00
1.000000000000000000e+01 1.800000000000000000e+01 5.695524192996691326e+00
1.000000000000000000e+01 1.900000000000000000e+01 5.843516967366801929e+00
1.000000000000000000e+01 2.000000000000000000e+01 5.810092703313780582e+00
1.000000000000000000e+01 2.100000000000000000e+01 4.629097775666490833e+00
1.000000000000000000e+01 2.200000000000000000e+01 5.811385906482172459e+00
1.000000000000000000e+01 2.300000000000000000e+01 4.694069699457318556e+00
1.000000000000000000e+01 2.400000000000000000e+01 4.771887910896015939e+00
1.000000000000000000e+01 2.500000000000000000e+01 6.576789212279425811e+00
1.000000000000000000e+01 2.600000000000000000e+01 6.397461647685824815e+00
1.000000000000000000e+01 2.700000000000000000e+01 6.426773480261776861e+00
1.000000000000000000e+01 2.800000000000000000e+01 8.357263922528447964e+00
1.000000000000000000e+01 2.900000000000000000e+01 8.311092934129842291e+00
1.000000000000000000e+01 3.000000000000000000e+01 8.661039711511595129e+00
1.000000000000000000e+01 3.100000000000000000e+01 8.913560480250898976e+00
1.000000000000000000e+01 3.200000000000000000e+01 1.024947682890597633e+01
1.100000000000000000e+01 1.200000000000000000e+01 4.523192968157393246e+00
1.100000000000000000e+01 1.300000000000000000e+01 7.857088654152061480e+00
1.100000000000000000e+01 1.400000000000000000e+01 6.240087098191704484e+00
1.100000000000000000e+01 1.500000000000000000e+01 7.866138618615614142e+00
1.100000000000000000e+01 1.600000000000000000e+01 5.461644169668980808e+00
1.100000000000000000e+01 1.700000000000000000e+01 5.619041858158473346e+00
1.100000000000000000e+01 1.800000000000000000e+01 5.548334338694854040e+00
1.100000000000000000e+01 1.900000000000000000e+01 5.689554908727694205e+00
1.100000000000000000e+01 2.000000000000000000e+01 5.656273468328421039e+00
1.100000000000000000e+01 2.100000000000000000e+01 4.070495185337483335e+00
1.100000000000000000e+01 2.200000000000000000e+01 5.640017650183191122e+00
1.100000000000000000e+01 2.300000000000000000e+01 4.157884296886247277e+00
1.100000000000000000e+01 2.400000000000000000e+01 4.252389248966395030e+00
1.100000000000000000e+01 2.500000000000000000e+01 6.365613308237444201e+00
1.100000000000000000e+01 2.600000000000000000e+01 6.189494952365775404e+00
1.100000000000000000e+01 2.700000000000000000e+01 6.218771692512619076e+00
1.100000000000000000e+01 2.800000000000000000e+01 8.012520096732737684e+00
1.100000000000000000e+01 2.900000000000000000e+01 7.940542683689778336e+00
1.100000000000000000e+01 3.000000000000000000e+01 8.256121944440984350e+00
1.100000000000000000e+01 3.100000000000000000e+01 8.584439693059708887e+00
1.100000000000000000e+01 3.200000000000000000e+01 1.000451652717735485e+01
1.200000000000000000e+01 1.300000000000000000e+01 7.005056727829622076e+00
1.200000000000000000e+01 1.400000000000000000e+01 5.078522112671159050e+00
1.200000000000000000e+01 1.500000000000000000e+01 6.920927540351129004e+00
1.200000000000000000e+01 1.600000000000000000e+01 4.303293310146653283e+00
1.200000000000000000e+01 1.700000000000000000e+01 4.462213716721571188e+00
1.200000000000000000e+01 1.800000000000000000e+01 4.393369110756085050e+00
1.200000000000000000e+01 1.900000000000000000e+01 4.538629548472322917e+00
1.200000000000000000e+01 2.000000000000000000e+01 4.504421930001270447e+00
1.200000000000000000e+01 2.100000000000000000e+01 3.075175973623577530e+00
1.200000000000000000e+01 2.200000000000000000e+01 4.493525995648752769e+00
1.200000000000000000e+01 2.300000000000000000e+01 3.155415663183091191e+00
1.200000000000000000e+01 2.400000000000000000e+01 3.244068354311989477e+00
1.200000000000000000e+01 2.500000000000000000e+01 5.233742660269692593e+00
1.200000000000000000e+01 2.600000000000000000e+01 5.057247921416015757e+00
1.200000000000000000e+01 2.700000000000000000e+01 5.086792227307900482e+00
1.200000000000000000e+01 2.800000000000000000e+01 6.934307285319482261e+00
1.200000000000000000e+01 2.900000000000000000e+01 6.873866291478369028e+00
1.200000000000000000e+01 3.000000000000000000e+01 7.207852333179814330e+00
1.200000000000000000e+01 3.100000000000000000e+01 7.501519088401872537e+00
1.200000000000000000e+01 3.200000000000000000e+01 8.887521414483785520e+00
1.300000000000000000e+01 1.400000000000000000e+01 7.769749307165501051e+00
1.300000000000000000e+01 1.500000000000000000e+01 8.725160602560368517e+00
1.300000000000000000e+01 1.600000000000000000e+01 6.984929798034560378e+00
1.300000000000000000e+01 1.700000000000000000e+01 7.140317438729223198e+00
1.300000000000000000e+01 1.800000000000000000e+01 7.066445523970733333e+00
1.300000000000000000e+01 1.900000000000000000e+01 7.201461940403009798e+00
1.300000000000000000e+01 2.000000000000000000e+01 7.169558210032044521e+00
1.300000000000000000e+01 2.100000000000000000e+01 5.365065187868408358e+00
1.300000000000000000e+01 2.200000000000000000e+01 7.144773515501583461e+00
1.300000000000000000e+01 2.300000000000000000e+01 5.448672911219078152e+00
1.300000000000000000e+01 2.400000000000000000e+01 5.544928094632602722e+00
1.300000000000000000e+01 2.500000000000000000e+01 7.846630244575987234e+00
1.300000000000000000e+01 2.600000000000000000e+01 7.670430391392837777e+00
1.300000000000000000e+01 2.700000000000000000e+01 7.699019244264587947e+00
1.300000000000000000e+01 2.800000000000000000e+01 9.401089939560632658e+00
1.300000000000000000e+01 2.900000000000000000e+01 9.307574103615927186e+00
1.300000000000000000e+01 3.000000000000000000e+01 9.581761132718238372e+00
1.300000000000000000e+01 3.100000000000000000e+01 9.977741046686906756e+00
1.300000000000000000e+01 3.200000000000000000e+01 1.145799727913268740e+01
1.400000000000000000e+01 1.500000000000000000e+01 7.453765301264493992e+00
1.400000000000000000e+01 1.600000000000000000e+01 2.777456325052991559e+00
1.400000000000000000e+01 1.700000000000000000e+01 2.508423352902472203e+00
1.400000000000000000e+01 1.800000000000000000e+01 2.738318828102391578e+00
1.400000000000000000e+01 1.900000000000000000e+01 2.532106251093360960e+00
1.400000000000000000e+01 2.000000000000000000e+01 2.694691660888067553e+00
1.400000000000000000e+01 2.100000000000000000e+01 3.399881733314403132e+00
1.400000000000000000e+01 2.200000000000000000e+01 2.920519855966777101e+00
1.400000000000000000e+01 2.300000000000000000e+01 3.413695875847047034e+00
1.400000000000000000e+01 2.400000000000000000e+01 3.449536976512228126e+00
1.400000000000000000e+01 2.500000000000000000e+01 3.896685030149608764e+00
1.400000000000000000e+01 2.600000000000000000e+01 3.643410393239859602e+00
1.400000000000000000e+01 2.700000000000000000e+01 3.657433902549828808e+00
1.400000000000000000e+01 2.800000000000000000e+01 6.388672009002496210e+00
1.400000000000000000e+01 2.900000000000000000e+01 6.460123242522928244e+00
1.400000000000000000e+01 3.000000000000000000e+01 6.963983259735798903e+00
1.400000000000000000e+01 3.100000000000000000e+01 6.849102459965745737e+00
1.400000000000000000e+01 3.200000000000000000e+01 7.699538555111775651e+00
1.500000000000000000e+01 1.600000000000000000e+01 6.663421260722817152e+00
1.500000000000000000e+01 1.700000000000000000e+01 6.818247996342588380e+00
1.500000000000000000e+01 1.800000000000000000e+01 6.741991810820993081e+00
1.500000000000000000e+01 1.900000000000000000e+01 6.873912288748367239e+00
1.500000000000000000e+01 2.000000000000000000e+01 6.842478701775582373e+00
1.500000000000000000e+01 2.100000000000000000e+01 4.856907634792579032e+00
1.500000000000000000e+01 2.200000000000000000e+01 6.812142627396022831e+00
1.500000000000000000e+01 2.300000000000000000e+01 4.946931429811024294e+00
1.500000000000000000e+01 2.400000000000000000e+01 5.052235500939296742e+00
1.500000000000000000e+01 2.500000000000000000e+01 7.499977531666093711e+00
1.500000000000000000e+01 2.600000000000000000e+01 7.324555094543052647e+00
1.500000000000000000e+01 2.700000000000000000e+01 7.353036121518546686e+00
1.500000000000000000e+01 2.800000000000000000e+01 9.003351334428165487e+00
1.500000000000000000e+01 2.900000000000000000e+01 8.899134131403378944e+00
1.500000000000000000e+01 3.000000000000000000e+01 9.162192596092847197e+00
1.500000000000000000e+01 3.100000000000000000e+01 9.587100867974319485e+00
1.500000000000000000e+01 3.200000000000000000e+01 1.109865923743410576e+01
1.600000000000000000e+01 1.700000000000000000e+01 1.915167095378285111e+00
1.600000000000000000e+01 1.800000000000000000e+01 1.615357389952736256e+00
1.600000000000000000e+01 1.900000000000000000e+01 2.187042361485493025e+00
1.600000000000000000e+01 2.000000000000000000e+01 2.023510191410834658e+00
1.600000000000000000e+01 2.100000000000000000e+01 2.601756262771089734e+00
1.600000000000000000e+01 2.200000000000000000e+01 2.147735707821400553e+00
1.600000000000000000e+01 2.300000000000000000e+01 2.615139238218330497e+00
1.600000000000000000e+01 2.400000000000000000e+01 2.650539994258811927e+00
1.600000000000000000e+01 2.500000000000000000e+01 3.200371816531303537e+00
1.600000000000000000e+01 2.600000000000000000e+01 2.997822826963007614e+00
1.600000000000000000e+01 2.700000000000000000e+01 3.025898339378428226e+00
1.600000000000000000e+01 2.800000000000000000e+01 5.618923161020825674e+00
1.600000000000000000e+01 2.900000000000000000e+01 5.683415171127959020e+00
1.600000000000000000e+01 3.000000000000000000e+01 6.185782867885134984e+00
1.600000000000000000e+01 3.100000000000000000e+01 6.099554565127208505e+00
1.600000000000000000e+01 3.200000000000000000e+01 7.029731319494214148e+00
1.700000000000000000e+01 1.800000000000000000e+01 1.763748214542466997e+00
1.700000000000000000e+01 1.900000000000000000e+01 1.906180546954726829e+00
1.700000000000000000e+01 2.000000000000000000e+01 1.779506782497664474e+00
1.700000000000000000e+01 2.100000000000000000e+01 2.756721248139159197e+00
1.700000000000000000e+01 2.200000000000000000e+01 2.154615434470064983e+00
1.700000000000000000e+01 2.300000000000000000e+01 2.768728400300420667e+00
1.700000000000000000e+01 2.400000000000000000e+01 2.803072143007094841e+00
1.700000000000000000e+01 2.500000000000000000e+01 3.211366090712454380e+00
1.700000000000000000e+01 2.600000000000000000e+01 2.969454620780282994e+00
1.700000000000000000e+01 2.700000000000000000e+01 2.987230274922317186e+00
1.700000000000000000e+01 2.800000000000000000e+01 5.723189276847175933e+00
1.700000000000000000e+01 2.900000000000000000e+01 5.797987470246362740e+00
1.700000000000000000e+01 3.000000000000000000e+01 6.307116294178350735e+00
1.700000000000000000e+01 3.100000000000000000e+01 6.183373074884041642e+00
1.700000000000000000e+01 3.200000000000000000e+01 7.030412336266277151e+00
1.800000000000000000e+01 1.900000000000000000e+01 2.051026823139411981e+00
1.800000000000000000e+01 2.000000000000000000e+01 1.767259311540180455e+00
1.800000000000000000e+01 2.100000000000000000e+01 2.677281021425990115e+00
1.800000000000000000e+01 2.200000000000000000e+01 2.009781770418934244e+00
1.800000000000000000e+01 2.300000000000000000e+01 2.688773467829817854e+00
1.800000000000000000e+01 2.400000000000000000e+01 2.722670403517656990e+00
1.800000000000000000e+01 2.500000000000000000e+01 3.149278630074697105e+00
1.800000000000000000e+01 2.600000000000000000e+01 2.930639887753320849e+00
1.800000000000000000e+01 2.700000000000000000e+01 2.955225778929048808e+00
1.800000000000000000e+01 2.800000000000000000e+01 5.647099231051726065e+00
1.800000000000000000e+01 2.900000000000000000e+01 5.720670282683767205e+00
1.800000000000000000e+01 3.000000000000000000e+01 6.230537375820826007e+00
1.800000000000000000e+01 3.100000000000000000e+01 6.113573894661646690e+00
1.800000000000000000e+01 3.200000000000000000e+01 6.986005904902956587e+00
1.900000000000000000e+01 2.000000000000000000e+01 1.790066984114499604e+00
1.900000000000000000e+01 2.100000000000000000e+01 2.806703197488291668e+00
1.900000000000000000e+01 2.200000000000000000e+01 2.057913403589609835e+00
1.900000000000000000e+01 2.300000000000000000e+01 2.815426084719322652e+00
1.900000000000000000e+01 2.400000000000000000e+01 2.847168119561156896e+00
1.900000000000000000e+01 2.500000000000000000e+01 3.034846478370752720e+00
1.900000000000000000e+01 2.600000000000000000e+01 2.734964361333615201e+00
1.900000000000000000e+01 2.700000000000000000e+01 2.737042393360730408e+00
1.900000000000000000e+01 2.800000000000000000e+01 5.685265024922982136e+00
1.900000000000000000e+01 2.900000000000000000e+01 5.776936208926573890e+00
1.900000000000000000e+01 3.000000000000000000e+01 6.299338416863036194e+00
1.900000000000000000e+01 3.100000000000000000e+01 6.115750625138103302e+00
1.900000000000000000e+01 3.200000000000000000e+01 6.838603587045817278e+00
2.000000000000000000e+01 2.100000000000000000e+01 2.775285290980689101e+00
2.000000000000000000e+01 2.200000000000000000e+01 1.928606411313674052e+00
2.000000000000000000e+01 2.300000000000000000e+01 2.784855089721479438e+00
2.000000000000000000e+01 2.400000000000000000e+01 2.817239609475188811e+00
2.000000000000000000e+01 2.500000000000000000e+01 3.094836508315530921e+00
2.000000000000000000e+01 2.600000000000000000e+01 2.840181051065879814e+00
2.000000000000000000e+01 2.700000000000000000e+01 2.855633530957091715e+00
2.000000000000000000e+01 2.800000000000000000e+01 5.688814324480306439e+00
2.000000000000000000e+01 2.900000000000000000e+01 5.773420353640617897e+00
2.000000000000000000e+01 3.000000000000000000e+01 6.291517792840514822e+00
2.000000000000000000e+01 3.100000000000000000e+01 6.135276902130398113e+00
2.000000000000000000e+01 3.200000000000000000e+01 6.925312662620374482e+00
2.100000000000000000e+01 2.200000000000000000e+01 2.738321857781953028e+00
2.100000000000000000e+01 2.300000000000000000e+01 5.827765150842774133e-01
2.100000000000000000e+01 2.400000000000000000e+01 7.375412908686374003e-01
2.100000000000000000e+01 2.500000000000000000e+01 3.411730708741616880e+00
2.100000000000000000e+01 2.600000000000000000e+01 3.238817900409015849e+00
2.100000000000000000e+01 2.700000000000000000e+01 3.267805043448794855e+00
2.100000000000000000e+01 2.800000000000000000e+01 4.871972854476705805e+00
2.100000000000000000e+01 2.900000000000000000e+01 4.762273009920821032e+00
2.100000000000000000e+01 3.000000000000000000e+01 5.041891491551759863e+00
2.100000000000000000e+01 3.100000000000000000e+01 5.471041419435275444e+00
2.100000000000000000e+01 3.200000000000000000e+01 7.004957472566129439e+00
2.200000000000000000e+01 2.300000000000000000e+01 2.745492685408730260e+00
2.200000000000000000e+01 2.400000000000000000e+01 2.775916704003452917e+00
2.200000000000000000e+01 2.500000000000000000e+01 2.949006234493044332e+00
2.200000000000000000e+01 2.600000000000000000e+01 2.733305890645867819e+00
2.200000000000000000e+01 2.700000000000000000e+01 2.762908379949792881e+00
2.200000000000000000e+01 2.800000000000000000e+01 5.613200819807884656e+00
2.200000000000000000e+01 2.900000000000000000e+01 5.704662022405028843e+00
2.200000000000000000e+01 3.000000000000000000e+01 6.230833710584806617e+00
2.200000000000000000e+01 3.100000000000000000e+01 6.056470105579393248e+00
2.200000000000000000e+01 3.200000000000000000e+01 6.836525631893795918e+00
2.300000000000000000e+01 2.400000000000000000e+01 5.527181199189814542e-01
2.300000000000000000e+01 2.500000000000000000e+01 3.410153223676768874e+00
2.300000000000000000e+01 2.600000000000000000e+01 3.236642626668984946e+00
2.300000000000000000e+01 2.700000000000000000e+01 3.265216615482306572e+00
2.300000000000000000e+01 2.800000000000000000e+01 4.828322666424677223e+00
2.300000000000000000e+01 2.900000000000000000e+01 4.707431208317641058e+00
2.300000000000000000e+01 3.000000000000000000e+01 4.972944159823152965e+00
2.300000000000000000e+01 3.100000000000000000e+01 5.431857910981596760e+00
2.300000000000000000e+01 3.200000000000000000e+01 6.991587671129991577e+00
2.400000000000000000e+01 2.500000000000000000e+01 3.433636364669100161e+00
2.400000000000000000e+01 2.600000000000000000e+01 3.259821785914068570e+00
2.400000000000000000e+01 2.700000000000000000e+01 3.288131119701799499e+00
2.400000000000000000e+01 2.800000000000000000e+01 4.819610540594212011e+00
2.400000000000000000e+01 2.900000000000000000e+01 4.691011576717838416e+00
2.400000000000000000e+01 3.000000000000000000e+01 4.949096527685253655e+00
2.400000000000000000e+01 3.100000000000000000e+01 5.427537146620856845e+00
2.400000000000000000e+01 3.200000000000000000e+01 7.006515434657472952e+00
2.500000000000000000e+01 2.600000000000000000e+01 2.667067868655353280e+00
2.500000000000000000e+01 2.700000000000000000e+01 2.893166468376437983e+00
2.500000000000000000e+01 2.800000000000000000e+01 6.029072568470324356e+00
2.500000000000000000e+01 2.900000000000000000e+01 6.177153903777210964e+00
2.500000000000000000e+01 3.000000000000000000e+01 6.747518302640432175e+00
2.500000000000000000e+01 3.100000000000000000e+01 6.404735962218980561e+00
2.500000000000000000e+01 3.200000000000000000e+01 7.021282277259590643e+00
2.600000000000000000e+01 2.700000000000000000e+01 1.877864099335563530e+00
2.600000000000000000e+01 2.800000000000000000e+01 5.784786604690737022e+00
2.600000000000000000e+01 2.900000000000000000e+01 5.942921833479174687e+00
2.600000000000000000e+01 3.000000000000000000e+01 6.513838146570003040e+00
2.600000000000000000e+01 3.100000000000000000e+01 6.089919908064896248e+00
2.600000000000000000e+01 3.200000000000000000e+01 6.345357513064815436e+00
2.700000000000000000e+01 2.800000000000000000e+01 5.787151201573914605e+00
2.700000000000000000e+01 2.900000000000000000e+01 5.947356845043782592e+00
2.700000000000000000e+01 3.000000000000000000e+01 6.517253375819151096e+00
2.700000000000000000e+01 3.100000000000000000e+01 6.063520061767087910e+00
2.700000000000000000e+01 3.200000000000000000e+01 6.117933277712673146e+00
2.800000000000000000e+01 2.900000000000000000e+01 5.552246225054184414e+00
2.800000000000000000e+01 3.000000000000000000e+01 7.095711535880552923e+00
2.800000000000000000e+01 3.100000000000000000e+01 6.213070851073172918e+00
2.800000000000000000e+01 3.200000000000000000e+01 9.102657141605764224e+00
2.900000000000000000e+01 3.000000000000000000e+01 6.469581699216390369e+00
2.900000000000000000e+01 3.100000000000000000e+01 6.619348645915346552e+00
2.900000000000000000e+01 3.200000000000000000e+01 9.313817460816203209e+00
3.000000000000000000e+01 3.100000000000000000e+01 7.492210638811002354e+00
3.000000000000000000e+01 3.200000000000000000e+01 9.900077732108865547e+00
3.100000000000000000e+01 3.200000000000000000e+01 9.061555651994105176e+00
