1.000000000000000000e+00 2.000000000000000000e+00 8.615122272688783278e-01
1.000000000000000000e+00 3.000000000000000000e+00 9.682658095747893601e-01
1.000000000000000000e+00 4.000000000000000000e+00 9.522558521168651424e-01
1.000000000000000000e+00 5.000000000000000000e+00 9.648787852355366068e-01
1.000000000000000000e+00 6.000000000000000000e+00 9.722825237186092373e-01
1.000000000000000000e+00 7.000000000000000000e+00 9.659712131939165447e-01
1.000000000000000000e+00 8.000000000000000000e+00 9.892027119148758540e-01
1.000000000000000000e+00 9.000000000000000000e+00 9.484006218177837289e-01
1.000000000000000000e+00 1.000000000000000000e+01 9.798895506606131178e-01
1.000000000000000000e+00 1.100000000000000000e+01 9.630161695521722853e-01
1.000000000000000000e+00 1.200000000000000000e+01 9.690850750391526436e-01
1.000000000000000000e+00 1.300000000000000000e+01 9.258275625168794765e-01
1.000000000000000000e+00 1.400000000000000000e+01 1.161373438172538908e+00
1.000000000000000000e+00 1.500000000000000000e+01 9.422302042555655843e-01
1.000000000000000000e+00 1.600000000000000000e+01 1.093336691472875710e+00
1.000000000000000000e+00 1.700000000000000000e+01 1.121520880329409220e+00
1.000000000000000000e+00 1.800000000000000000e+01 1.103651258571169302e+00
1.000000000000000000e+00 1.900000000000000000e+01 1.162318193767083230e+00
1.000000000000000000e+00 2.000000000000000000e+01 1.123241487814762962e+00
1.000000000000000000e+00 2.100000000000000000e+01 9.865359401390482175e-01
1.000000000000000000e+00 2.200000000000000000e+01 1.107603956562351000e+00
1.000000000000000000e+00 2.300000000000000000e+01 9.869755455128955690e-01
1.000000000000000000e+00 2.400000000000000000e+01 9.947631208967172567e-01
1.000000000000000000e+00 2.500000000000000000e+01 1.103363306104678809e+00
1.000000000000000000e+00 2.600000000000000000e+01 1.128776191075212543e+00
1.000000000000000000e+00 2.700000000000000000e+01 1.148390697247172021e+00
1.000000000000000000e+00 2.800000000000000000e+01 1.042185483690514447e+00
1.000000000000000000e+00 2.900000000000000000e+01 1.027162975351487262e+00
1.000000000000000000e+00 3.000000000000000000e+01 9.938104939086834788e-01
1.000000000000000000e+00 3.100000000000000000e+01 1.049307775174636026e+00
1.000000000000000000e+00 3.200000000000000000e+01 1.122512911398603430e+00
2.000000000000000000e+00 3.000000000000000000e+00 8.588734856215360924e-01
2.000000000000000000e+00 4.000000000000000000e+00 8.323098172302212383e-01
2.000000000000000000e+00 5.000000000000000000e+00 8.537310829143419655e-01
2.000000000000000000e+00 6.000000000000000000e+00 8.658059088562541916e-01
2.000000000000000000e+00 7.000000000000000000e+00 8.570742207332225915e-01
2.000000000000000000e+00 8.000000000000000000e+00 8.899937313740375888e-01
2.000000000000000000e+00 9.000000000000000000e+00 8.216059468099025098e-01
2.000000000000000000e+00 1.000000000000000000e+01 8.780301359725926069e-01
2.000000000000000000e+00 1.100000000000000000e+01 8.548114058329568943e-01
2.000000000000000000e+00 1.200000000000000000e+01 8.665633172136117945e-01
2.000000000000000000e+00 1.300000000000000000e+01 8.450665759324025306e-01
2.000000000000000000e+00 1.400000000000000000e+01 1.086770808167258462e+00
2.000000000000000000e+00 1.500000000000000000e+01 8.785232518032733973e-01
2.000000000000000000e+00 1.600000000000000000e+01 1.020219363653496636e+00
2.000000000000000000e+00 1.700000000000000000e+01 1.048510996556363040e+00
2.000000000000000000e+00 1.800000000000000000e+01 1.031439487130783705e+00
2.000000000000000000e+00 1.900000000000000000e+01 1.090801010961359285e+00
2.000000000000000000e+00 2.000000000000000000e+01 1.051935625245303818e+00
2.000000000000000000e+00 2.100000000000000000e+01 9.243148041417345029e-01
2.000000000000000000e+00 2.200000000000000000e+01 1.038254323591354611e+00
2.000000000000000000e+00 2.300000000000000000e+01 9.282405510176719998e-01
2.000000000000000000e+00 2.400000000000000000e+01 9.372805836186853812e-01
2.000000000000000000e+00 2.500000000000000000e+01 1.040615648964147599e+00
2.000000000000000000e+00 2.600000000000000000e+01 1.067586571812700003e+00
2.000000000000000000e+00 2.700000000000000000e+01 1.088300863937890828e+00
2.000000000000000000e+00 2.800000000000000000e+01 9.884319677577766416e-01
2.000000000000000000e+00 2.900000000000000000e+01 9.747199416027978458e-01
2.000000000000000000e+00 3.000000000000000000e+01 9.446774787586030842e-01
2.000000000000000000e+00 3.100000000000000000e+01 9.970249654927487715e-01
2.000000000000000000e+00 3.200000000000000000e+01 1.069044186047966027e+00
3.000000000000000000e+00 4.000000000000000000e+00 5.997369423473570826e-01
3.000000000000000000e+00 5.000000000000000000e+00 4.614125319521592550e-01
3.000000000000000000e+00 6.000000000000000000e+00 5.762026083212821170e-01
3.000000000000000000e+00 7.000000000000000000e+00 6.284619067760636169e-01
3.000000000000000000e+00 8.000000000000000000e+00 6.630852853389836987e-01
3.000000000000000000e+00 9.000000000000000000e+00 7.404842752601746847e-01
3.000000000000000000e+00 1.000000000000000000e+01 6.521449586498548889e-01
3.000000000000000000e+00 1.100000000000000000e+01 7.467716220127998961e-01
3.000000000000000000e+00 1.200000000000000000e+01 7.274854599781253039e-01
3.000000000000000000e+00 1.300000000000000000e+01 8.601787400698002184e-01
3.000000000000000000e+00 1.400000000000000000e+01 9.945088112317659323e-01
3.000000000000000000e+00 1.500000000000000000e+01 8.803252697463929133e-01
3.000000000000000000e+00 1.600000000000000000e+01 9.351815142415937920e-01
3.000000000000000000e+00 1.700000000000000000e+01 9.629268200465985750e-01
3.000000000000000000e+00 1.800000000000000000e+01 9.493981984119492790e-01
3.000000000000000000e+00 1.900000000000000000e+01 1.010336849017847261e+00
3.000000000000000000e+00 2.000000000000000000e+01 9.727251839129813504e-01
3.000000000000000000e+00 2.100000000000000000e+01 9.049188214285380782e-01
3.000000000000000000e+00 2.200000000000000000e+01 9.665652919488720851e-01
3.000000000000000000e+00 2.300000000000000000e+01 9.119624572141927787e-01
3.000000000000000000e+00 2.400000000000000000e+01 9.203128063272850712e-01
3.000000000000000000e+00 2.500000000000000000e+01 9.914477135061274815e-01
3.000000000000000000e+00 2.600000000000000000e+01 1.022637498343256679e+00
3.000000000000000000e+00 2.700000000000000000e+01 1.046490250118483623e+00
3.000000000000000000e+00 2.800000000000000000e+01 9.692543458477798080e-01
3.000000000000000000e+00 2.900000000000000000e+01 9.599307060298498673e-01
3.000000000000000000e+00 3.000000000000000000e+01 9.394203045786569950e-01
3.000000000000000000e+00 3.100000000000000000e+01 9.809160214606549300e-01
3.000000000000000000e+00 3.200000000000000000e+01 1.047337218548203941e+00
4.000000000000000000e+00 5.000000000000000000e+00 5.684510914270132220e-01
4.000000000000000000e+00 6.000000000000000000e+00 6.415739982395001206e-01
4.000000000000000000e+00 7.000000000000000000e+00 6.354445318408089571e-01
4.000000000000000000e+00 8.000000000000000000e+00 7.163603546139880596e-01
4.000000000000000000e+00 9.000000000000000000e+00 6.903682540534196166e-01
4.000000000000000000e+00 1.000000000000000000e+01 6.937268098084956591e-01
4.000000000000000000e+00 1.100000000000000000e+01 7.248656681802417845e-01
4.000000000000000000e+00 1.200000000000000000e+01 7.223334810656931726e-01
4.000000000000000000e+00 1.300000000000000000e+01 8.443097074004846103e-01
4.000000000000000000e+00 1.400000000000000000e+01 1.008096984507405036e+00
4.000000000000000000e+00 1.500000000000000000e+01 8.700063782974681859e-01
4.000000000000000000e+00 1.600000000000000000e+01 9.466417771754982446e-01
4.000000000000000000e+00 1.700000000000000000e+01 9.747493276384866512e-01
4.000000000000000000e+00 1.800000000000000000e+01 9.602523174647676907e-01
4.000000000000000000e+00 1.900000000000000000e+01 1.021058568392968269e+00
4.000000000000000000e+00 2.000000000000000000e+01 9.830430075873080042e-01
4.000000000000000000e+00 2.100000000000000000e+01 8.996329824111285456e-01
4.000000000000000000e+00 2.200000000000000000e+01 9.750691798669619548e-01
4.000000000000000000e+00 2.300000000000000000e+01 9.070376677503072527e-01
4.000000000000000000e+00 2.400000000000000000e+01 9.159941631867926093e-01
4.000000000000000000e+00 2.500000000000000000e+01 9.951230690632528741e-01
4.000000000000000000e+00 2.600000000000000000e+01 1.025591669193366640e+00
4.000000000000000000e+00 2.700000000000000000e+01 1.048867734041839306e+00
4.000000000000000000e+00 2.800000000000000000e+01 9.668772281843087679e-01
4.000000000000000000e+00 2.900000000000000000e+01 9.567070810160167582e-01
4.000000000000000000e+00 3.000000000000000000e+01 9.345330508947854442e-01
4.000000000000000000e+00 3.100000000000000000e+01 9.781201221670714485e-01
4.000000000000000000e+00 3.200000000000000000e+01 1.045805470608712318e+00
5.000000000000000000e+00 6.000000000000000000e+00 5.467945103271789620e-01
5.000000000000000000e+00 7.000000000000000000e+00 5.903975670208193582e-01
5.000000000000000000e+00 8.000000000000000000e+00 6.630189497788558928e-01
5.000000000000000000e+00 9.000000000000000000e+00 7.211767370236673580e-01
5.000000000000000000e+00 1.000000000000000000e+01 6.393483475124024373e-01
5.000000000000000000e+00 1.100000000000000000e+01 7.279671996391031685e-01
5.000000000000000000e+00 1.200000000000000000e+01 7.093531092061233778e-01
5.000000000000000000e+00 1.300000000000000000e+01 8.511018006867050456e-01
5.000000000000000000e+00 1.400000000000000000e+01 9.922800411101495577e-01
5.000000000000000000e+00 1.500000000000000000e+01 8.723907462853476291e-01
5.000000000000000000e+00 1.600000000000000000e+01 9.321443418562149752e-01
5.000000000000000000e+00 1.700000000000000000e+01 9.601202046331533957e-01
5.000000000000000000e+00 1.800000000000000000e+01 9.462652527665864621e-01
5.000000000000000000e+00 1.900000000000000000e+01 1.007305985164190343e+00
5.000000000000000000e+00 2.000000000000000000e+01 9.695279619458903042e-01
5.000000000000000000e+00 2.100000000000000000e+01 8.977254329636240593e-01
5.000000000000000000e+00 2.200000000000000000e+01 9.628783247051304617e-01
5.000000000000000000e+00 2.300000000000000000e+01 9.051347124086638329e-01
5.000000000000000000e+00 2.400000000000000000e+01 9.137208124050196778e-01
5.000000000000000000e+00 2.500000000000000000e+01 9.867571173321918465e-01
5.000000000000000000e+00 2.600000000000000000e+01 1.017882256004190245e+00
5.000000000000000000e+00 2.700000000000000000e+01 1.041658867788266107e+00
5.000000000000000000e+00 2.800000000000000000e+01 9.635057389749632772e-01
5.000000000000000000e+00 2.900000000000000000e+01 9.540547562163035344e-01
5.000000000000000000e+00 3.000000000000000000e+01 9.333650452760969829e-01
5.000000000000000000e+00 3.100000000000000000e+01 9.751761885224248250e-01
5.000000000000000000e+00 3.200000000000000000e+01 1.041873291117732192e+00
6.000000000000000000e+00 7.000000000000000000e+00 5.319648622658265102e-01
6.000000000000000000e+00 8.000000000000000000e+00 6.006610387667692397e-01
6.000000000000000000e+00 9.000000000000000000e+00 7.285012277221233346e-01
6.000000000000000000e+00 1.000000000000000000e+01 5.468085812368626009e-01
6.000000000000000000e+00 1.100000000000000000e+01 7.136849366010739049e-01
6.000000000000000000e+00 1.200000000000000000e+01 6.790229066826463100e-01
6.000000000000000000e+00 1.300000000000000000e+01 8.464806769794515073e-01
6.000000000000000000e+00 1.400000000000000000e+01 9.744846410646879065e-01
6.000000000000000000e+00 1.500000000000000000e+01 8.649011318656879554e-01
6.000000000000000000e+00 1.600000000000000000e+01 9.145015292418539055e-01
6.000000000000000000e+00 1.700000000000000000e+01 9.426768701945462681e-01
6.000000000000000000e+00 1.800000000000000000e+01 9.289956305702522510e-01
6.000000000000000000e+00 1.900000000000000000e+01 9.904151052824303747e-01
6.000000000000000000e+00 2.000000000000000000e+01 9.526362018492511297e-01
6.000000000000000000e+00 2.100000000000000000e+01 8.869870402061231784e-01
6.000000000000000000e+00 2.200000000000000000e+01 9.466072522224424635e-01
6.000000000000000000e+00 2.300000000000000000e+01 8.947941418144872427e-01
6.000000000000000000e+00 2.400000000000000000e+01 9.032900560231335030e-01
6.000000000000000000e+00 2.500000000000000000e+01 9.728459781901235282e-01
6.000000000000000000e+00 2.600000000000000000e+01 1.004516120748344177e+00
6.000000000000000000e+00 2.700000000000000000e+01 1.028672814577462624e+00
6.000000000000000000e+00 2.800000000000000000e+01 9.530137064131134483e-01
6.000000000000000000e+00 2.900000000000000000e+01 9.440875111123743224e-01
6.000000000000000000e+00 3.000000000000000000e+01 9.245802066318359325e-01
6.000000000000000000e+00 3.100000000000000000e+01 9.650979593223147912e-01
6.000000000000000000e+00 3.200000000000000000e+01 1.031200436534434717e+00
7.000000000000000000e+00 8.000000000000000000e+00 6.467407100700317546e-01
7.000000000000000000e+00 9.000000000000000000e+00 6.935398354766976192e-01
7.000000000000000000e+00 1.000000000000000000e+01 5.812328550302354735e-01
7.000000000000000000e+00 1.100000000000000000e+01 6.708362280358414198e-01
7.000000000000000000e+00 1.200000000000000000e+01 6.350055957016154107e-01
7.000000000000000000e+00 1.300000000000000000e+01 8.304295332799835894e-01
7.000000000000000000e+00 1.400000000000000000e+01 9.761161462293728164e-01
7.000000000000000000e+00 1.500000000000000000e+01 8.516636351251581916e-01
7.000000000000000000e+00 1.600000000000000000e+01 9.144029734825003253e-01
7.000000000000000000e+00 1.700000000000000000e+01 9.430088587129410449e-01
7.000000000000000000e+00 1.800000000000000000e+01 9.285931452459605939e-01
7.000000000000000000e+00 1.900000000000000000e+01 9.901281978842786380e-01
7.000000000000000000e+00 2.000000000000000000e+01 9.519989058283577776e-01
7.000000000000000000e+00 2.100000000000000000e+01 8.759744346315906371e-01
7.000000000000000000e+00 2.200000000000000000e+01 9.447710641895674666e-01
7.000000000000000000e+00 2.300000000000000000e+01 8.846085919110650009e-01
7.000000000000000000e+00 2.400000000000000000e+01 8.936891792894013919e-01
7.000000000000000000e+00 2.500000000000000000e+01 9.683012546526987840e-01
7.000000000000000000e+00 2.600000000000000000e+01 9.997198097221120516e-01
7.000000000000000000e+00 2.700000000000000000e+01 1.023632289964495623e+00
7.000000000000000000e+00 2.800000000000000000e+01 9.454246971259692156e-01
7.000000000000000000e+00 2.900000000000000000e+01 9.361109774891558377e-01
7.000000000000000000e+00 3.000000000000000000e+01 9.159823136764581042e-01
7.000000000000000000e+00 3.100000000000000000e+01 9.574561142684363535e-01
7.000000000000000000e+00 3.200000000000000000e+01 1.024297413532633483e+00
8.000000000000000000e+00 9.000000000000000000e+00 7.726693234570408686e-01
8.000000000000000000e+00 1.000000000000000000e+01 5.334087793762769536e-01
8.000000000000000000e+00 1.100000000000000000e+01 7.455221707287346122e-01
8.000000000000000000e+00 1.200000000000000000e+01 7.012156863461180833e-01
8.000000000000000000e+00 1.300000000000000000e+01 8.592017935162716835e-01
8.000000000000000000e+00 1.400000000000000000e+01 9.496629079043179544e-01
8.000000000000000000e+00 1.500000000000000000e+01 8.711560195543316398e-01
8.000000000000000000e+00 1.600000000000000000e+01 8.919523662395523189e-01
8.000000000000000000e+00 1.700000000000000000e+01 9.198697577224144162e-01
8.000000000000000000e+00 1.800000000000000000e+01 9.073048604081515034e-01
8.000000000000000000e+00 1.900000000000000000e+01 9.690774579789085408e-01
8.000000000000000000e+00 2.000000000000000000e+01 9.317210671683922030e-01
8.000000000000000000e+00 2.100000000000000000e+01 8.867520568125010216e-01
8.000000000000000000e+00 2.200000000000000000e+01 9.279545037793692774e-01
8.000000000000000000e+00 2.300000000000000000e+01 8.939766985219640416e-01
8.000000000000000000e+00 2.400000000000000000e+01 9.016211529247760703e-01
8.000000000000000000e+00 2.500000000000000000e+01 9.605020539180588734e-01
8.000000000000000000e+00 2.600000000000000000e+01 9.931519170988936107e-01
8.000000000000000000e+00 2.700000000000000000e+01 1.018079058010313176e+00
8.000000000000000000e+00 2.800000000000000000e+01 9.486821561603655528e-01
8.000000000000000000e+00 2.900000000000000000e+01 9.408818554563367353e-01
8.000000000000000000e+00 3.000000000000000000e+01 9.235861462147086920e-01
8.000000000000000000e+00 3.100000000000000000e+01 9.613298497447508861e-01
8.000000000000000000e+00 3.200000000000000000e+01 1.025772473894288828e+00
9.000000000000000000e+00 1.000000000000000000e+01 7.446576700598428467e-01
9.000000000000000000e+00 1.100000000000000000e+01 6.398524222146445561e-01
9.000000000000000000e+00 1.200000000000000000e+01 6.968588880501727090e-01
9.000000000000000000e+00 1.300000000000000000e+01 7.983620839777254563e-01
9.000000000000000000e+00 1.400000000000000000e+01 1.016743421030714689e+00
9.000000000000000000e+00 1.500000000000000000e+01 8.385960478808552887e-01
9.000000000000000000e+00 1.600000000000000000e+01 9.517165302088788081e-01
9.000000000000000000e+00 1.700000000000000000e+01 9.805831380296257116e-01
9.000000000000000000e+00 1.800000000000000000e+01 9.645213520961848364e-01
9.000000000000000000e+00 1.900000000000000000e+01 1.025357529519959954e+00
9.000000000000000000e+00 2.000000000000000000e+01 9.866382330817002888e-01
9.000000000000000000e+00 2.100000000000000000e+01 8.774375212919961475e-01
9.000000000000000000e+00 2.200000000000000000e+01 9.759284443328544167e-01
9.000000000000000000e+00 2.300000000000000000e+01 8.867672479006448727e-01
9.000000000000000000e+00 2.400000000000000000e+01 8.972619017686759291e-01
9.000000000000000000e+00 2.500000000000000000e+01 9.892393700633181908e-01
9.000000000000000000e+00 2.600000000000000000e+01 1.018896812295844390e+00
9.000000000000000000e+00 2.700000000000000000e+01 1.041471855920261813e+00
9.000000000000000000e+00 2.800000000000000000e+01 9.528736039107228439e-01
9.000000000000000000e+00 2.900000000000000000e+01 9.416025431446426452e-01
9.000000000000000000e+00 3.000000000000000000e+01 9.175038634892894729e-01
9.000000000000000000e+00 3.100000000000000000e+01 9.638144783569433383e-01
9.000000000000000000e+00 3.200000000000000000e+01 1.033381800147335605e+00
1.000000000000000000e+01 1.100000000000000000e+01 7.109565111260690573e-01
1.000000000000000000e+01 1.200000000000000000e+01 6.580632527942140708e-01
1.000000000000000000e+01 1.300000000000000000e+01 8.437839152105184315e-01
1.000000000000000000e+01 1.400000000000000000e+01 9.557076738428702534e-01
1.000000000000000000e+01 1.500000000000000000e+01 8.583849620966620408e-01
1.000000000000000000e+01 1.600000000000000000e+01 8.957210614610799926e-01
1.000000000000000000e+01 1.700000000000000000e+01 9.241948876763155241e-01
1.000000000000000000e+01 1.800000000000000000e+01 9.106542409867530719e-01
1.000000000000000000e+01 1.900000000000000000e+01 9.725597229349212114e-01
1.000000000000000000e+01 2.000000000000000000e+01 9.347431672527539703e-01
1.000000000000000000e+01 2.100000000000000000e+01 8.764339846295104985e-01
1.000000000000000000e+01 2.200000000000000000e+01 9.293686478763409919e-01
1.000000000000000000e+01 2.300000000000000000e+01 8.845379493718433794e-01
1.000000000000000000e+01 2.400000000000000000e+01 8.928467135124910081e-01
1.000000000000000000e+01 2.500000000000000000e+01 9.582537888076783084e-01
1.000000000000000000e+01 2.600000000000000000e+01 9.905489156341815704e-01
1.000000000000000000e+01 2.700000000000000000e+01 1.015137752073423272e+00
1.000000000000000000e+01 2.800000000000000000e+01 9.423147906433779752e-01
1.000000000000000000e+01 2.900000000000000000e+01 9.339897122547373698e-01
1.000000000000000000e+01 3.000000000000000000e+01 9.158230071204377376e-01
1.000000000000000000e+01 3.100000000000000000e+01 9.548612133106593181e-01
1.000000000000000000e+01 3.200000000000000000e+01 1.020280785324344519e+00
1.100000000000000000e+01 1.200000000000000000e+01 5.785495615204445663e-01
1.100000000000000000e+01 1.300000000000000000e+01 7.840306240913805791e-01
1.100000000000000000e+01 1.400000000000000000e+01 9.868730029370822443e-01
1.100000000000000000e+01 1.500000000000000000e+01 8.164753427290932786e-01
1.100000000000000000e+01 1.600000000000000000e+01 9.209773775781924243e-01
1.100000000000000000e+01 1.700000000000000000e+01 9.505129529040794445e-01
1.100000000000000000e+01 1.800000000000000000e+01 9.342582475401790543e-01
1.100000000000000000e+01 1.900000000000000000e+01 9.958984376268560368e-01
1.100000000000000000e+01 2.000000000000000000e+01 9.569285501329640731e-01
1.100000000000000000e+01 2.100000000000000000e+01 8.495759497612546118e-01
1.100000000000000000e+01 2.200000000000000000e+01 9.465343440160534083e-01
1.100000000000000000e+01 2.300000000000000000e+01 8.613901316896414029e-01
1.100000000000000000e+01 2.400000000000000000e+01 8.725981485439177066e-01
1.100000000000000000e+01 2.500000000000000000e+01 9.625497718183111395e-01
1.100000000000000000e+01 2.600000000000000000e+01 9.932128967672964048e-01
1.100000000000000000e+01 2.700000000000000000e+01 1.016423175492104036e+00
1.100000000000000000e+01 2.800000000000000000e+01 9.309515981952605213e-01
1.100000000000000000e+01 2.900000000000000000e+01 9.205019854676403934e-01
1.100000000000000000e+01 3.000000000000000000e+01 8.985866760855550917e-01
1.100000000000000000e+01 3.100000000000000000e+01 9.428528751377582839e-01
1.100000000000000000e+01 3.200000000000000000e+01 1.011826861498182017e+00
1.200000000000000000e+01 1.300000000000000000e+01 8.003033652132125475e-01
1.200000000000000000e+01 1.400000000000000000e+01 9.620699281801559088e-01
1.200000000000000000e+01 1.500000000000000000e+01 8.204674154606338421e-01
1.200000000000000000e+01 1.600000000000000000e+01 8.970336388261934690e-01
1.200000000000000000e+01 1.700000000000000000e+01 9.267683140867490899e-01
1.200000000000000000e+01 1.800000000000000000e+01 9.110563603245427355e-01
1.200000000000000000e+01 1.900000000000000000e+01 9.733102459348650370e-01
1.200000000000000000e+01 2.000000000000000000e+01 9.344573821344024367e-01
1.200000000000000000e+01 2.100000000000000000e+01 8.437862947334052732e-01
1.200000000000000000e+01 2.200000000000000000e+01 9.255333165699675124e-01
1.200000000000000000e+01 2.300000000000000000e+01 8.551715834237135772e-01
1.200000000000000000e+01 2.400000000000000000e+01 8.655364812657589946e-01
1.200000000000000000e+01 2.500000000000000000e+01 9.465708640246472960e-01
1.200000000000000000e+01 2.600000000000000000e+01 9.782641864792920305e-01
1.200000000000000000e+01 2.700000000000000000e+01 1.002214212615679667e+00
1.200000000000000000e+01 2.800000000000000000e+01 9.220747463324097115e-01
1.200000000000000000e+01 2.900000000000000000e+01 9.127012723413796547e-01
1.200000000000000000e+01 3.000000000000000000e+01 8.930444450863269656e-01
1.200000000000000000e+01 3.100000000000000000e+01 9.346562768046058345e-01
1.200000000000000000e+01 3.200000000000000000e+01 1.002261487450333943e+00
1.300000000000000000e+01 1.400000000000000000e+01 1.008666997767855289e+00
1.300000000000000000e+01 1.500000000000000000e+01 6.805755097133895370e-01
1.300000000000000000e+01 1.600000000000000000e+01 9.371520760395015692e-01
1.300000000000000000e+01 1.700000000000000000e+01 9.666344181088084575e-01
1.300000000000000000e+01 1.800000000000000000e+01 9.474116180765401740e-01
1.300000000000000000e+01 1.900000000000000000e+01 1.007064806100804510e+00
1.300000000000000000e+01 2.000000000000000000e+01 9.671745424395519208e-01
1.300000000000000000e+01 2.100000000000000000e+01 7.822356133135720535e-01
1.300000000000000000e+01 2.200000000000000000e+01 9.498953564820287188e-01
1.300000000000000000e+01 2.300000000000000000e+01 7.969677298380183350e-01
1.300000000000000000e+01 2.400000000000000000e+01 8.129039420601525956e-01
1.300000000000000000e+01 2.500000000000000000e+01 9.441338301324555538e-01
1.300000000000000000e+01 2.600000000000000000e+01 9.706705874457870475e-01
1.300000000000000000e+01 2.700000000000000000e+01 9.908520520081243177e-01
1.300000000000000000e+01 2.800000000000000000e+01 8.821860935284606686e-01
1.300000000000000000e+01 2.900000000000000000e+01 8.671344845988329109e-01
1.300000000000000000e+01 3.000000000000000000e+01 8.358964042205222489e-01
1.300000000000000000e+01 3.100000000000000000e+01 8.915965434713719606e-01
1.300000000000000000e+01 3.200000000000000000e+01 9.668132217746732149e-01
1.400000000000000000e+01 1.500000000000000000e+01 9.901076383088455168e-01
1.400000000000000000e+01 1.600000000000000000e+01 6.577140348807315462e-01
1.400000000000000000e+01 1.700000000000000000e+01 5.745892324285735153e-01
1.400000000000000000e+01 1.800000000000000000e+01 6.478057457733656932e-01
1.400000000000000000e+01 1.900000000000000000e+01 6.119610944056348423e-01
1.400000000000000000e+01 2.000000000000000000e+01 6.400594242207742202e-01
1.400000000000000000e+01 2.100000000000000000e+01 9.747441788494638493e-01
1.400000000000000000e+01 2.200000000000000000e+01 7.193202381687913149e-01
1.400000000000000000e+01 2.300000000000000000e+01 9.696017190414404352e-01
1.400000000000000000e+01 2.400000000000000000e+01 9.669350909755475287e-01
1.400000000000000000e+01 2.500000000000000000e+01 8.647688794567747195e-01
1.400000000000000000e+01 2.600000000000000000e+01 8.995002369451492452e-01
1.400000000000000000e+01 2.700000000000000000e+01 9.312857761189512473e-01
1.400000000000000000e+01 2.800000000000000000e+01 9.606668274468426194e-01
1.400000000000000000e+01 2.900000000000000000e+01 9.647758023791557225e-01
1.400000000000000000e+01 3.000000000000000000e+01 9.656963787251996445e-01
1.400000000000000000e+01 3.100000000000000000e+01 9.731381739611209003e-01
1.400000000000000000e+01 3.200000000000000000e+01 1.008937383262336729e+00
1.500000000000000000e+01 1.600000000000000000e+01 9.160751494217049817e-01
1.500000000000000000e+01 1.700000000000000000e+01 9.459234083835488249e-01
1.500000000000000000e+01 1.800000000000000000e+01 9.254964245894063968e-01
1.500000000000000000e+01 1.900000000000000000e+01 9.849248426359875630e-01
1.500000000000000000e+01 2.000000000000000000e+01 9.445360968824396686e-01
1.500000000000000000e+01 2.100000000000000000e+01 6.997256575974099002e-01
1.500000000000000000e+01 2.200000000000000000e+01 9.248983989584658172e-01
1.500000000000000000e+01 2.300000000000000000e+01 7.263824101198942396e-01
1.500000000000000000e+01 2.400000000000000000e+01 7.517324120792238107e-01
1.500000000000000000e+01 2.500000000000000000e+01 9.128931005835796419e-01
1.500000000000000000e+01 2.600000000000000000e+01 9.388876862240265186e-01
1.500000000000000000e+01 2.700000000000000000e+01 9.585640643991149012e-01
1.500000000000000000e+01 2.800000000000000000e+01 8.423966194992520418e-01
1.500000000000000000e+01 2.900000000000000000e+01 8.260877281219687340e-01
1.500000000000000000e+01 3.000000000000000000e+01 7.939020925061984757e-01
1.500000000000000000e+01 3.100000000000000000e+01 8.525456930171728676e-01
1.500000000000000000e+01 3.200000000000000000e+01 9.304634410905727737e-01
1.600000000000000000e+01 1.700000000000000000e+01 5.484479443168330803e-01
1.600000000000000000e+01 1.800000000000000000e+01 4.619384045894234792e-01
1.600000000000000000e+01 1.900000000000000000e+01 6.531016705277128409e-01
1.600000000000000000e+01 2.000000000000000000e+01 5.792121768721729680e-01
1.600000000000000000e+01 2.100000000000000000e+01 8.974197944208840427e-01
1.600000000000000000e+01 2.200000000000000000e+01 6.189996094826388795e-01
1.600000000000000000e+01 2.300000000000000000e+01 8.913137235640765654e-01
1.600000000000000000e+01 2.400000000000000000e+01 8.877179811972061296e-01
1.600000000000000000e+01 2.500000000000000000e+01 7.801318317916690059e-01
1.600000000000000000e+01 2.600000000000000000e+01 8.207606023610864998e-01
1.600000000000000000e+01 2.700000000000000000e+01 8.544032556519760568e-01
1.600000000000000000e+01 2.800000000000000000e+01 8.791654558460664237e-01
1.600000000000000000e+01 2.900000000000000000e+01 8.840885750357205808e-01
1.600000000000000000e+01 3.000000000000000000e+01 8.868030744434741708e-01
1.600000000000000000e+01 3.100000000000000000e+01 8.927881467336227228e-01
1.600000000000000000e+01 3.200000000000000000e+01 9.301945444878858549e-01
1.700000000000000000e+01 1.800000000000000000e+01 5.054145990914271636e-01
1.700000000000000000e+01 1.900000000000000000e+01 5.636639840032362514e-01
1.700000000000000000e+01 2.000000000000000000e+01 5.103054855145965352e-01
1.700000000000000000e+01 2.100000000000000000e+01 9.284911334752697920e-01
1.700000000000000000e+01 2.200000000000000000e+01 6.282365646227454636e-01
1.700000000000000000e+01 2.300000000000000000e+01 9.221473709688668974e-01
1.700000000000000000e+01 2.400000000000000000e+01 9.185219550594242444e-01
1.700000000000000000e+01 2.500000000000000000e+01 7.996999450334216775e-01
1.700000000000000000e+01 2.600000000000000000e+01 8.358936444572486746e-01
1.700000000000000000e+01 2.700000000000000000e+01 8.687868053842220384e-01
1.700000000000000000e+01 2.800000000000000000e+01 9.067026401353315279e-01
1.700000000000000000e+01 2.900000000000000000e+01 9.119703279004822694e-01
1.700000000000000000e+01 3.000000000000000000e+01 9.145752475395575454e-01
1.700000000000000000e+01 3.100000000000000000e+01 9.191509817396752435e-01
1.700000000000000000e+01 3.200000000000000000e+01 9.524771286737372389e-01
1.800000000000000000e+01 1.900000000000000000e+01 6.132996891000415118e-01
1.800000000000000000e+01 2.000000000000000000e+01 5.053659471773892520e-01
1.800000000000000000e+01 2.100000000000000000e+01 9.066625126019657310e-01
1.800000000000000000e+01 2.200000000000000000e+01 5.789132996853583180e-01
1.800000000000000000e+01 2.300000000000000000e+01 8.997116752261512529e-01
1.800000000000000000e+01 2.400000000000000000e+01 8.955573191407723010e-01
1.800000000000000000e+01 2.500000000000000000e+01 7.706665933522729439e-01
1.800000000000000000e+01 2.600000000000000000e+01 8.099505877646044905e-01
1.800000000000000000e+01 2.700000000000000000e+01 8.439662762608954871e-01
1.800000000000000000e+01 2.800000000000000000e+01 8.815830448381050122e-01
1.800000000000000000e+01 2.900000000000000000e+01 8.874032493112997688e-01
1.800000000000000000e+01 3.000000000000000000e+01 8.910017923306964294e-01
1.800000000000000000e+01 3.100000000000000000e+01 8.944480798979148606e-01
1.800000000000000000e+01 3.200000000000000000e+01 9.279593802856356266e-01
1.900000000000000000e+01 2.000000000000000000e+01 5.351967343733416982e-01
1.900000000000000000e+01 2.100000000000000000e+01 9.671121415703020086e-01
1.900000000000000000e+01 2.200000000000000000e+01 6.399568623537901235e-01
1.900000000000000000e+01 2.300000000000000000e+01 9.594840168891697330e-01
1.900000000000000000e+01 2.400000000000000000e+01 9.550213644499750965e-01
1.900000000000000000e+01 2.500000000000000000e+01 8.106611159908563291e-01
1.900000000000000000e+01 2.600000000000000000e+01 8.412079274822372721e-01
1.900000000000000000e+01 2.700000000000000000e+01 8.734530458671803110e-01
1.900000000000000000e+01 2.800000000000000000e+01 9.349116974058198082e-01
1.900000000000000000e+01 2.900000000000000000e+01 9.415010061521993379e-01
1.900000000000000000e+01 3.000000000000000000e+01 9.453239597750903167e-01
1.900000000000000000e+01 3.100000000000000000e+01 9.459000216841617625e-01
1.900000000000000000e+01 3.200000000000000000e+01 9.720540188634114731e-01
2.000000000000000000e+01 2.100000000000000000e+01 9.258601922818417984e-01
2.000000000000000000e+01 2.200000000000000000e+01 5.586565579639728440e-01
2.000000000000000000e+01 2.300000000000000000e+01 9.180856047333735281e-01
2.000000000000000000e+01 2.400000000000000000e+01 9.134323632945428040e-01
2.000000000000000000e+01 2.500000000000000000e+01 7.694169297657558193e-01
2.000000000000000000e+01 2.600000000000000000e+01 8.045704699298978912e-01
2.000000000000000000e+01 2.700000000000000000e+01 8.382722399875617292e-01
2.000000000000000000e+01 2.800000000000000000e+01 8.935452384591353603e-01
2.000000000000000000e+01 2.900000000000000000e+01 9.002628586794290122e-01
2.000000000000000000e+01 3.000000000000000000e+01 9.045604997859860719e-01
2.000000000000000000e+01 3.100000000000000000e+01 9.052040809693797652e-01
2.000000000000000000e+01 3.200000000000000000e+01 9.333287788582700362e-01
2.100000000000000000e+01 2.200000000000000000e+01 9.043753316628031502e-01
2.100000000000000000e+01 2.300000000000000000e+01 5.567750639742362617e-01
2.100000000000000000e+01 2.400000000000000000e+01 6.386088599493114915e-01
2.100000000000000000e+01 2.500000000000000000e+01 8.910918675423289415e-01
2.100000000000000000e+01 2.600000000000000000e+01 9.194449160063034032e-01
2.100000000000000000e+01 2.700000000000000000e+01 9.403948097428731501e-01
2.100000000000000000e+01 2.800000000000000000e+01 8.208093206889821580e-01
2.100000000000000000e+01 2.900000000000000000e+01 8.051754941507884844e-01
2.100000000000000000e+01 3.000000000000000000e+01 7.812228785021330113e-01
2.100000000000000000e+01 3.100000000000000000e+01 8.366465149076678376e-01
2.100000000000000000e+01 3.200000000000000000e+01 9.173851776793384705e-01
2.200000000000000000e+01 2.300000000000000000e+01 8.949065592684778414e-01
2.200000000000000000e+01 2.400000000000000000e+01 8.889727708913032211e-01
2.200000000000000000e+01 2.500000000000000000e+01 7.149891335934233094e-01
2.200000000000000000e+01 2.600000000000000000e+01 7.558213775110715904e-01
2.200000000000000000e+01 2.700000000000000000e+01 7.927011418543812304e-01
2.200000000000000000e+01 2.800000000000000000e+01 8.600991750341466791e-01
2.200000000000000000e+01 2.900000000000000000e+01 8.685918698157049089e-01
2.200000000000000000e+01 3.000000000000000000e+01 8.752211552287819663e-01
2.200000000000000000e+01 3.100000000000000000e+01 8.715470327537764295e-01
2.200000000000000000e+01 3.200000000000000000e+01 8.961539949507300040e-01
2.300000000000000000e+01 2.400000000000000000e+01 5.192583198212200601e-01
2.300000000000000000e+01 2.500000000000000000e+01 8.757011458889367717e-01
2.300000000000000000e+01 2.600000000000000000e+01 9.034040785994263967e-01
2.300000000000000000e+01 2.700000000000000000e+01 9.238496405767606667e-01
2.300000000000000000e+01 2.800000000000000000e+01 7.944481230297102403e-01
2.300000000000000000e+01 2.900000000000000000e+01 7.770975161025210909e-01
2.300000000000000000e+01 3.000000000000000000e+01 7.540677677079875574e-01
2.300000000000000000e+01 3.100000000000000000e+01 8.124483694230522079e-01
2.300000000000000000e+01 3.200000000000000000e+01 8.968899670456107476e-01
2.400000000000000000e+01 2.500000000000000000e+01 8.658451797601514066e-01
2.400000000000000000e+01 2.600000000000000000e+01 8.936798489453787742e-01
2.400000000000000000e+01 2.700000000000000000e+01 9.141258260904958632e-01
2.400000000000000000e+01 2.800000000000000000e+01 7.765417851692639761e-01
2.400000000000000000e+01 2.900000000000000000e+01 7.581394978266009499e-01
2.400000000000000000e+01 3.000000000000000000e+01 7.389144121311926883e-01
2.400000000000000000e+01 3.100000000000000000e+01 7.980604627998941769e-01
2.400000000000000000e+01 3.200000000000000000e+01 8.859902252504789910e-01
2.500000000000000000e+01 2.600000000000000000e+01 5.878173194960483183e-01
2.500000000000000000e+01 2.700000000000000000e+01 6.643268031785254379e-01
2.500000000000000000e+01 2.800000000000000000e+01 7.918415437347079422e-01
2.500000000000000000e+01 2.900000000000000000e+01 8.089929022161115313e-01
2.500000000000000000e+01 3.000000000000000000e+01 8.240932923097964435e-01
2.500000000000000000e+01 3.100000000000000000e+01 7.978674107023733253e-01
2.500000000000000000e+01 3.200000000000000000e+01 8.019758835391674889e-01
2.600000000000000000e+01 2.700000000000000000e+01 5.319961885572705995e-01
2.600000000000000000e+01 2.800000000000000000e+01 8.141624108226774847e-01
2.600000000000000000e+01 2.900000000000000000e+01 8.302088971879859614e-01
2.600000000000000000e+01 3.000000000000000000e+01 8.417380202879699569e-01
2.600000000000000000e+01 3.100000000000000000e+01 8.116451217050373312e-01
2.600000000000000000e+01 3.200000000000000000e+01 7.801703081151136754e-01
2.700000000000000000e+01 2.800000000000000000e+01 8.323658952900081509e-01
2.700000000000000000e+01 2.900000000000000000e+01 8.472376082733847902e-01
2.700000000000000000e+01 3.000000000000000000e+01 8.561341619557040206e-01
2.700000000000000000e+01 3.100000000000000000e+01 8.252227491431998185e-01
2.700000000000000000e+01 3.200000000000000000e+01 7.693912699020091228e-01
2.800000000000000000e+01 2.900000000000000000e+01 5.294446184144594447e-01
2.800000000000000000e+01 3.000000000000000000e+01 6.543167536924304750e-01
2.800000000000000000e+01 3.100000000000000000e+01 5.849423767255179651e-01
2.800000000000000000e+01 3.200000000000000000e+01 7.782386110431718240e-01
2.900000000000000000e+01 3.000000000000000000e+01 5.993941175527509602e-01
2.900000000000000000e+01 3.100000000000000000e+01 6.200279264375059274e-01
2.900000000000000000e+01 3.200000000000000000e+01 7.908973953468352303e-01
3.000000000000000000e+01 3.100000000000000000e+01 6.673931573041691490e-01
3.000000000000000000e+01 3.200000000000000000e+01 7.918250257667220904e-01
3.100000000000000000e+01 3.200000000000000000e+01 7.437249073885221495e-01
