1.000000000000000000e+00 2.000000000000000000e+00 8.207971723479543513e-01
1.000000000000000000e+00 3.000000000000000000e+00 9.354818286081081347e-01
1.000000000000000000e+00 4.000000000000000000e+00 9.157382543673888708e-01
1.000000000000000000e+00 5.000000000000000000e+00 9.299597323932285997e-01
1.000000000000000000e+00 6.000000000000000000e+00 9.349913636850653020e-01
1.000000000000000000e+00 7.000000000000000000e+00 9.236848822796203118e-01
1.000000000000000000e+00 8.000000000000000000e+00 9.524403896016963023e-01
1.000000000000000000e+00 9.000000000000000000e+00 8.647037327573670051e-01
1.000000000000000000e+00 1.000000000000000000e+01 9.402211336492676264e-01
1.000000000000000000e+00 1.100000000000000000e+01 8.782190304497045075e-01
1.000000000000000000e+00 1.200000000000000000e+01 9.084469483635305709e-01
1.000000000000000000e+00 1.300000000000000000e+01 8.886916089959097098e-01
1.000000000000000000e+00 1.400000000000000000e+01 1.101176167634019931e+00
1.000000000000000000e+00 1.500000000000000000e+01 9.037381923006128082e-01
1.000000000000000000e+00 1.600000000000000000e+01 1.032312480247416175e+00
1.000000000000000000e+00 1.700000000000000000e+01 1.059679714705597409e+00
1.000000000000000000e+00 1.800000000000000000e+01 1.040225215716162888e+00
1.000000000000000000e+00 1.900000000000000000e+01 1.094687639580296690e+00
1.000000000000000000e+00 2.000000000000000000e+01 1.056850953800515081e+00
1.000000000000000000e+00 2.100000000000000000e+01 8.861157588922671247e-01
1.000000000000000000e+00 2.200000000000000000e+01 1.035630253224970820e+00
1.000000000000000000e+00 2.300000000000000000e+01 9.019066297658766551e-01
1.000000000000000000e+00 2.400000000000000000e+01 9.054392240987187979e-01
1.000000000000000000e+00 2.500000000000000000e+01 9.923556810261637828e-01
1.000000000000000000e+00 2.600000000000000000e+01 1.006863360902003013e+00
1.000000000000000000e+00 2.700000000000000000e+01 1.016514344752591503e+00
1.000000000000000000e+00 2.800000000000000000e+01 9.637171870591995093e-01
1.000000000000000000e+00 2.900000000000000000e+01 9.648818899274705929e-01
1.000000000000000000e+00 3.000000000000000000e+01 9.674037669947957996e-01
1.000000000000000000e+00 3.100000000000000000e+01 9.797208110170677609e-01
1.000000000000000000e+00 3.200000000000000000e+01 9.859359503176952089e-01
2.000000000000000000e+00 3.000000000000000000e+00 8.003226332893551564e-01
2.000000000000000000e+00 4.000000000000000000e+00 7.732157162071748857e-01
2.000000000000000000e+00 5.000000000000000000e+00 7.932384740734893525e-01
2.000000000000000000e+00 6.000000000000000000e+00 8.010012773732606561e-01
2.000000000000000000e+00 7.000000000000000000e+00 7.871809072048338018e-01
2.000000000000000000e+00 8.000000000000000000e+00 8.238899068773467560e-01
2.000000000000000000e+00 9.000000000000000000e+00 7.129789157891768259e-01
2.000000000000000000e+00 1.000000000000000000e+01 8.091828646956018556e-01
2.000000000000000000e+00 1.100000000000000000e+01 7.379829458407579645e-01
2.000000000000000000e+00 1.200000000000000000e+01 7.740983874358365879e-01
2.000000000000000000e+00 1.300000000000000000e+01 7.757188154412696379e-01
2.000000000000000000e+00 1.400000000000000000e+01 9.949629503429953115e-01
2.000000000000000000e+00 1.500000000000000000e+01 8.045047848959928638e-01
2.000000000000000000e+00 1.600000000000000000e+01 9.273472420161910090e-01
2.000000000000000000e+00 1.700000000000000000e+01 9.549771079254401052e-01
2.000000000000000000e+00 1.800000000000000000e+01 9.362567754228965367e-01
2.000000000000000000e+00 1.900000000000000000e+01 9.915814920519325781e-01
2.000000000000000000e+00 2.000000000000000000e+01 9.539053455504145074e-01
2.000000000000000000e+00 2.100000000000000000e+01 7.849112473337419571e-01
2.000000000000000000e+00 2.200000000000000000e+01 9.346837487664478861e-01
2.000000000000000000e+00 2.300000000000000000e+01 8.050087326418127187e-01
2.000000000000000000e+00 2.400000000000000000e+01 8.100223797386862934e-01
2.000000000000000000e+00 2.500000000000000000e+01 8.987390430957435949e-01
2.000000000000000000e+00 2.600000000000000000e+01 9.151222696557006486e-01
2.000000000000000000e+00 2.700000000000000000e+01 9.260483352930461987e-01
2.000000000000000000e+00 2.800000000000000000e+01 8.776322592167490333e-01
2.000000000000000000e+00 2.900000000000000000e+01 8.805178640589187422e-01
2.000000000000000000e+00 3.000000000000000000e+01 8.881382864924428633e-01
2.000000000000000000e+00 3.100000000000000000e+01 8.967573477209861421e-01
2.000000000000000000e+00 3.200000000000000000e+01 9.016777137408698017e-01
3.000000000000000000e+00 4.000000000000000000e+00 5.987015442063992054e-01
3.000000000000000000e+00 5.000000000000000000e+00 4.613072349260501914e-01
3.000000000000000000e+00 6.000000000000000000e+00 5.754277096205870912e-01
3.000000000000000000e+00 7.000000000000000000e+00 6.265003413032167456e-01
3.000000000000000000e+00 8.000000000000000000e+00 6.609270761097122415e-01
3.000000000000000000e+00 9.000000000000000000e+00 7.113998962220950961e-01
3.000000000000000000e+00 1.000000000000000000e+01 6.497925253641152477e-01
3.000000000000000000e+00 1.100000000000000000e+01 7.181799959365934294e-01
3.000000000000000000e+00 1.200000000000000000e+01 7.145159457245838786e-01
3.000000000000000000e+00 1.300000000000000000e+01 8.313071991580286424e-01
3.000000000000000000e+00 1.400000000000000000e+01 9.624410844461104286e-01
3.000000000000000000e+00 1.500000000000000000e+01 8.471507792016551575e-01
3.000000000000000000e+00 1.600000000000000000e+01 9.020520958312370219e-01
3.000000000000000000e+00 1.700000000000000000e+01 9.287758217673485195e-01
3.000000000000000000e+00 1.800000000000000000e+01 9.135380023187378296e-01
3.000000000000000000e+00 1.900000000000000000e+01 9.697442478834785717e-01
3.000000000000000000e+00 2.000000000000000000e+01 9.335050350217464210e-01
3.000000000000000000e+00 2.100000000000000000e+01 8.083603878250745778e-01
3.000000000000000000e+00 2.200000000000000000e+01 9.213313705601189341e-01
3.000000000000000000e+00 2.300000000000000000e+01 8.295906494590268299e-01
3.000000000000000000e+00 2.400000000000000000e+01 8.335931946986845364e-01
3.000000000000000000e+00 2.500000000000000000e+01 9.057445309869294192e-01
3.000000000000000000e+00 2.600000000000000000e+01 9.247553497124261224e-01
3.000000000000000000e+00 2.700000000000000000e+01 9.376649181135745525e-01
3.000000000000000000e+00 2.800000000000000000e+01 9.011822427921424294e-01
3.000000000000000000e+00 2.900000000000000000e+01 9.066965531067338047e-01
3.000000000000000000e+00 3.000000000000000000e+01 9.202471594499929131e-01
3.000000000000000000e+00 3.100000000000000000e+01 9.225918710432575720e-01
3.000000000000000000e+00 3.200000000000000000e+01 9.237001028175124695e-01
4.000000000000000000e+00 5.000000000000000000e+00 5.676360770177361070e-01
4.000000000000000000e+00 6.000000000000000000e+00 6.389946932422829740e-01
4.000000000000000000e+00 7.000000000000000000e+00 6.321858668035332807e-01
4.000000000000000000e+00 8.000000000000000000e+00 7.107352939440693129e-01
4.000000000000000000e+00 9.000000000000000000e+00 6.675957963715888344e-01
4.000000000000000000e+00 1.000000000000000000e+01 6.883252625268498903e-01
4.000000000000000000e+00 1.100000000000000000e+01 6.946436825012897165e-01
4.000000000000000000e+00 1.200000000000000000e+01 7.055678630555509701e-01
4.000000000000000000e+00 1.300000000000000000e+01 8.105048115391896291e-01
4.000000000000000000e+00 1.400000000000000000e+01 9.679067889738643959e-01
4.000000000000000000e+00 1.500000000000000000e+01 8.301833983504961489e-01
4.000000000000000000e+00 1.600000000000000000e+01 9.050472606557324884e-01
4.000000000000000000e+00 1.700000000000000000e+01 9.322233257185119637e-01
4.000000000000000000e+00 1.800000000000000000e+01 9.158492895317615901e-01
4.000000000000000000e+00 1.900000000000000000e+01 9.719889699323984722e-01
4.000000000000000000e+00 2.000000000000000000e+01 9.352357316208643745e-01
4.000000000000000000e+00 2.100000000000000000e+01 7.954024456997655923e-01
4.000000000000000000e+00 2.200000000000000000e+01 9.209405839695312679e-01
4.000000000000000000e+00 2.300000000000000000e+01 8.171269743632665339e-01
4.000000000000000000e+00 2.400000000000000000e+01 8.216797388933960722e-01
4.000000000000000000e+00 2.500000000000000000e+01 8.997009538531364203e-01
4.000000000000000000e+00 2.600000000000000000e+01 9.181906083658524231e-01
4.000000000000000000e+00 2.700000000000000000e+01 9.306712408088395616e-01
4.000000000000000000e+00 2.800000000000000000e+01 8.909827281900456475e-01
4.000000000000000000e+00 2.900000000000000000e+01 8.959741362532437359e-01
4.000000000000000000e+00 3.000000000000000000e+01 9.085772919997879837e-01
4.000000000000000000e+00 3.100000000000000000e+01 9.122286468154287009e-01
4.000000000000000000e+00 3.200000000000000000e+01 9.143464404013084135e-01
5.000000000000000000e+00 6.000000000000000000e+00 5.462373007901881738e-01
5.000000000000000000e+00 7.000000000000000000e+00 5.890757095399209442e-01
5.000000000000000000e+00 8.000000000000000000e+00 6.607717310964332791e-01
5.000000000000000000e+00 9.000000000000000000e+00 6.947881923742655896e-01
5.000000000000000000e+00 1.000000000000000000e+01 6.372039982355415244e-01
5.000000000000000000e+00 1.100000000000000000e+01 7.018372248569334504e-01
5.000000000000000000e+00 1.200000000000000000e+01 6.976190441488155924e-01
5.000000000000000000e+00 1.300000000000000000e+01 8.217573140975035217e-01
5.000000000000000000e+00 1.400000000000000000e+01 9.589694533564367962e-01
5.000000000000000000e+00 1.500000000000000000e+01 8.382091321413348561e-01
5.000000000000000000e+00 1.600000000000000000e+01 8.977156607568939073e-01
5.000000000000000000e+00 1.700000000000000000e+01 9.246663751599313308e-01
5.000000000000000000e+00 1.800000000000000000e+01 9.090656970726207486e-01
5.000000000000000000e+00 1.900000000000000000e+01 9.653586676978016534e-01
5.000000000000000000e+00 2.000000000000000000e+01 9.289334490851037796e-01
5.000000000000000000e+00 2.100000000000000000e+01 7.998548314921073432e-01
5.000000000000000000e+00 2.200000000000000000e+01 9.161749462943358235e-01
5.000000000000000000e+00 2.300000000000000000e+01 8.213457001375032984e-01
5.000000000000000000e+00 2.400000000000000000e+01 8.255115461718494085e-01
5.000000000000000000e+00 2.500000000000000000e+01 8.992442012286385733e-01
5.000000000000000000e+00 2.600000000000000000e+01 9.181892034161627247e-01
5.000000000000000000e+00 2.700000000000000000e+01 9.310281828164621576e-01
5.000000000000000000e+00 2.800000000000000000e+01 8.938275701528027861e-01
5.000000000000000000e+00 2.900000000000000000e+01 8.992719731960013840e-01
5.000000000000000000e+00 3.000000000000000000e+01 9.127665471212887960e-01
5.000000000000000000e+00 3.100000000000000000e+01 9.153040875620116479e-01
5.000000000000000000e+00 3.200000000000000000e+01 9.166304480971532165e-01
6.000000000000000000e+00 7.000000000000000000e+00 5.315069141061722346e-01
6.000000000000000000e+00 8.000000000000000000e+00 5.998480444051884630e-01
6.000000000000000000e+00 9.000000000000000000e+00 7.001528390046602990e-01
6.000000000000000000e+00 1.000000000000000000e+01 5.462684119790697235e-01
6.000000000000000000e+00 1.100000000000000000e+01 6.915569522126513435e-01
6.000000000000000000e+00 1.200000000000000000e+01 6.712689783895834372e-01
6.000000000000000000e+00 1.300000000000000000e+01 8.191454584492655622e-01
6.000000000000000000e+00 1.400000000000000000e+01 9.446427072318004381e-01
6.000000000000000000e+00 1.500000000000000000e+01 8.332934354743700700e-01
6.000000000000000000e+00 1.600000000000000000e+01 8.837460780237187397e-01
6.000000000000000000e+00 1.700000000000000000e+01 9.108070729679027533e-01
6.000000000000000000e+00 1.800000000000000000e+01 8.954628140500475730e-01
6.000000000000000000e+00 1.900000000000000000e+01 9.520463301647783538e-01
6.000000000000000000e+00 2.000000000000000000e+01 9.156813253407729558e-01
6.000000000000000000e+00 2.100000000000000000e+01 7.920648519869103454e-01
6.000000000000000000e+00 2.200000000000000000e+01 9.036394801973024471e-01
6.000000000000000000e+00 2.300000000000000000e+01 8.136267697753596373e-01
6.000000000000000000e+00 2.400000000000000000e+01 8.176116021565975611e-01
6.000000000000000000e+00 2.500000000000000000e+01 8.891519826683156325e-01
6.000000000000000000e+00 2.600000000000000000e+01 9.084532987328131082e-01
6.000000000000000000e+00 2.700000000000000000e+01 9.215471747881960329e-01
6.000000000000000000e+00 2.800000000000000000e+01 8.858368514265994031e-01
6.000000000000000000e+00 2.900000000000000000e+01 8.916272289110377391e-01
6.000000000000000000e+00 3.000000000000000000e+01 9.058982230199749131e-01
6.000000000000000000e+00 3.100000000000000000e+01 9.076103301609163010e-01
6.000000000000000000e+00 3.200000000000000000e+01 9.084483915456342817e-01
7.000000000000000000e+00 8.000000000000000000e+00 6.448389274780167435e-01
7.000000000000000000e+00 9.000000000000000000e+00 6.693277492088245406e-01
7.000000000000000000e+00 1.000000000000000000e+01 5.802600108163942227e-01
7.000000000000000000e+00 1.100000000000000000e+01 6.538223294970765265e-01
7.000000000000000000e+00 1.200000000000000000e+01 6.293614068273932771e-01
7.000000000000000000e+00 1.300000000000000000e+01 8.011118600021854830e-01
7.000000000000000000e+00 1.400000000000000000e+01 9.423172008376801134e-01
7.000000000000000000e+00 1.500000000000000000e+01 8.168460267987117662e-01
7.000000000000000000e+00 1.600000000000000000e+01 8.795370743280281900e-01
7.000000000000000000e+00 1.700000000000000000e+01 9.070262209872930192e-01
7.000000000000000000e+00 1.800000000000000000e+01 8.908515829560783583e-01
7.000000000000000000e+00 1.900000000000000000e+01 9.475180344258982146e-01
7.000000000000000000e+00 2.000000000000000000e+01 9.107512113771105700e-01
7.000000000000000000e+00 2.100000000000000000e+01 7.770781514148924485e-01
7.000000000000000000e+00 2.200000000000000000e+01 8.972702692133689428e-01
7.000000000000000000e+00 2.300000000000000000e+01 7.992340042391039567e-01
7.000000000000000000e+00 2.400000000000000000e+01 8.036310105393358327e-01
7.000000000000000000e+00 2.500000000000000000e+01 8.792392950517511352e-01
7.000000000000000000e+00 2.600000000000000000e+01 8.983120958700481218e-01
7.000000000000000000e+00 2.700000000000000000e+01 9.111918660077089616e-01
7.000000000000000000e+00 2.800000000000000000e+01 8.735452009715621857e-01
7.000000000000000000e+00 2.900000000000000000e+01 8.791054395352481121e-01
7.000000000000000000e+00 3.000000000000000000e+01 8.930910168509259561e-01
7.000000000000000000e+00 3.100000000000000000e+01 8.954102277096208651e-01
7.000000000000000000e+00 3.200000000000000000e+01 8.968442831370251334e-01
8.000000000000000000e+00 9.000000000000000000e+00 7.363598454946058691e-01
8.000000000000000000e+00 1.000000000000000000e+01 5.331561360907810521e-01
8.000000000000000000e+00 1.100000000000000000e+01 7.202402094442731384e-01
8.000000000000000000e+00 1.200000000000000000e+01 6.934715403759167396e-01
8.000000000000000000e+00 1.300000000000000000e+01 8.343435376045641449e-01
8.000000000000000000e+00 1.400000000000000000e+01 9.263590313970408996e-01
8.000000000000000000e+00 1.500000000000000000e+01 8.439985611037227331e-01
8.000000000000000000e+00 1.600000000000000000e+01 8.681527170501637247e-01
8.000000000000000000e+00 1.700000000000000000e+01 8.948608256032457575e-01
8.000000000000000000e+00 1.800000000000000000e+01 8.808451309199141210e-01
8.000000000000000000e+00 1.900000000000000000e+01 9.377256994423595060e-01
8.000000000000000000e+00 2.000000000000000000e+01 9.019155402007050792e-01
8.000000000000000000e+00 2.100000000000000000e+01 7.975912006324444858e-01
8.000000000000000000e+00 2.200000000000000000e+01 8.925458846539302549e-01
8.000000000000000000e+00 2.300000000000000000e+01 8.185076124400199049e-01
8.000000000000000000e+00 2.400000000000000000e+01 8.217647211867189494e-01
8.000000000000000000e+00 2.500000000000000000e+01 8.855205818746911817e-01
8.000000000000000000e+00 2.600000000000000000e+01 9.055515402421008275e-01
8.000000000000000000e+00 2.700000000000000000e+01 9.192297933384485642e-01
8.000000000000000000e+00 2.800000000000000000e+01 8.877836278677385673e-01
8.000000000000000000e+00 2.900000000000000000e+01 8.942882045924073209e-01
8.000000000000000000e+00 3.000000000000000000e+01 9.098741941091735841e-01
8.000000000000000000e+00 3.100000000000000000e+01 9.098115172642716741e-01
8.000000000000000000e+00 3.200000000000000000e+01 9.093024698057701194e-01
9.000000000000000000e+00 1.000000000000000000e+01 7.116085415367330302e-01
9.000000000000000000e+00 1.100000000000000000e+01 6.033713515174695674e-01
9.000000000000000000e+00 1.200000000000000000e+01 6.586683576135318186e-01
9.000000000000000000e+00 1.300000000000000000e+01 7.299748685514882984e-01
9.000000000000000000e+00 1.400000000000000000e+01 9.334296634869396758e-01
9.000000000000000000e+00 1.500000000000000000e+01 7.574346101493697470e-01
9.000000000000000000e+00 1.600000000000000000e+01 8.663284218016265026e-01
9.000000000000000000e+00 1.700000000000000000e+01 8.943664102188944032e-01
9.000000000000000000e+00 1.800000000000000000e+01 8.760736202045433796e-01
9.000000000000000000e+00 1.900000000000000000e+01 9.322451105970990248e-01
9.000000000000000000e+00 2.000000000000000000e+01 8.945926540462574295e-01
9.000000000000000000e+00 2.100000000000000000e+01 7.285629956991200862e-01
9.000000000000000000e+00 2.200000000000000000e+01 8.768238945251807248e-01
9.000000000000000000e+00 2.300000000000000000e+01 7.519987545158914877e-01
9.000000000000000000e+00 2.400000000000000000e+01 7.577838003052825844e-01
9.000000000000000000e+00 2.500000000000000000e+01 8.466632185690956547e-01
9.000000000000000000e+00 2.600000000000000000e+01 8.645387655593348430e-01
9.000000000000000000e+00 2.700000000000000000e+01 8.764677151070077166e-01
9.000000000000000000e+00 2.800000000000000000e+01 8.317838950229953232e-01
9.000000000000000000e+00 2.900000000000000000e+01 8.361497791098647658e-01
9.000000000000000000e+00 3.000000000000000000e+01 8.479713225876549521e-01
9.000000000000000000e+00 3.100000000000000000e+01 8.532802347247666619e-01
9.000000000000000000e+00 3.200000000000000000e+01 8.569710803577335057e-01
1.000000000000000000e+01 1.100000000000000000e+01 6.898995536650082139e-01
1.000000000000000000e+01 1.200000000000000000e+01 6.525163382666588907e-01
1.000000000000000000e+01 1.300000000000000000e+01 8.178475890851545360e-01
1.000000000000000000e+01 1.400000000000000000e+01 9.292712440036077215e-01
1.000000000000000000e+01 1.500000000000000000e+01 8.291656247519793022e-01
1.000000000000000000e+01 1.600000000000000000e+01 8.686243941244744526e-01
1.000000000000000000e+01 1.700000000000000000e+01 8.958861309597492273e-01
1.000000000000000000e+01 1.800000000000000000e+01 8.807898000579763576e-01
1.000000000000000000e+01 1.900000000000000000e+01 9.377717960954816689e-01
1.000000000000000000e+01 2.000000000000000000e+01 9.014416072683879566e-01
1.000000000000000000e+01 2.100000000000000000e+01 7.845422997851930758e-01
1.000000000000000000e+01 2.200000000000000000e+01 8.901979510824864494e-01
1.000000000000000000e+01 2.300000000000000000e+01 8.060779750867463900e-01
1.000000000000000000e+01 2.400000000000000000e+01 8.098004203985760263e-01
1.000000000000000000e+01 2.500000000000000000e+01 8.785627115937133524e-01
1.000000000000000000e+01 2.600000000000000000e+01 8.982756633099477916e-01
1.000000000000000000e+01 2.700000000000000000e+01 9.116615194465311767e-01
1.000000000000000000e+01 2.800000000000000000e+01 8.777046281747750145e-01
1.000000000000000000e+01 2.900000000000000000e+01 8.838900453188432982e-01
1.000000000000000000e+01 3.000000000000000000e+01 8.990213523838180842e-01
1.000000000000000000e+01 3.100000000000000000e+01 8.997849193813464153e-01
1.000000000000000000e+01 3.200000000000000000e+01 9.000448985370692601e-01
1.100000000000000000e+01 1.200000000000000000e+01 5.699791680300440033e-01
1.100000000000000000e+01 1.300000000000000000e+01 7.276485864933271985e-01
1.100000000000000000e+01 1.400000000000000000e+01 9.183496862790916371e-01
1.100000000000000000e+01 1.500000000000000000e+01 7.489662681250913723e-01
1.100000000000000000e+01 1.600000000000000000e+01 8.508143268376775481e-01
1.100000000000000000e+01 1.700000000000000000e+01 8.792029050880194596e-01
1.100000000000000000e+01 1.800000000000000000e+01 8.608282227203820636e-01
1.100000000000000000e+01 1.900000000000000000e+01 9.174265828313115101e-01
1.100000000000000000e+01 2.000000000000000000e+01 8.796501507194032232e-01
1.100000000000000000e+01 2.100000000000000000e+01 7.143872566016536974e-01
1.100000000000000000e+01 2.200000000000000000e+01 8.620896618877498252e-01
1.100000000000000000e+01 2.300000000000000000e+01 7.387848333336326512e-01
1.100000000000000000e+01 2.400000000000000000e+01 7.446673163366075432e-01
1.100000000000000000e+01 2.500000000000000000e+01 8.334346749806029742e-01
1.100000000000000000e+01 2.600000000000000000e+01 8.517936914025761030e-01
1.100000000000000000e+01 2.700000000000000000e+01 8.640312869933171047e-01
1.100000000000000000e+01 2.800000000000000000e+01 8.204637446513435295e-01
1.100000000000000000e+01 2.900000000000000000e+01 8.253265758461102442e-01
1.100000000000000000e+01 3.000000000000000000e+01 8.385297456949579731e-01
1.100000000000000000e+01 3.100000000000000000e+01 8.427063568485594347e-01
1.100000000000000000e+01 3.200000000000000000e+01 8.459903121070306842e-01
1.200000000000000000e+01 1.300000000000000000e+01 7.646269916234843533e-01
1.200000000000000000e+01 1.400000000000000000e+01 9.209613864379744275e-01
1.200000000000000000e+01 1.500000000000000000e+01 7.788303378793145493e-01
1.200000000000000000e+01 1.600000000000000000e+01 8.549313455367038017e-01
1.200000000000000000e+01 1.700000000000000000e+01 8.833498153842214151e-01
1.200000000000000000e+01 1.800000000000000000e+01 8.658241757756865997e-01
1.200000000000000000e+01 1.900000000000000000e+01 9.229400260483933138e-01
1.200000000000000000e+01 2.000000000000000000e+01 8.854569292220280108e-01
1.200000000000000000e+01 2.100000000000000000e+01 7.372865141646419707e-01
1.200000000000000000e+01 2.200000000000000000e+01 8.699006304282075330e-01
1.200000000000000000e+01 2.300000000000000000e+01 7.609109756321090767e-01
1.200000000000000000e+01 2.400000000000000000e+01 7.659553188838807980e-01
1.200000000000000000e+01 2.500000000000000000e+01 8.475145913300972111e-01
1.200000000000000000e+01 2.600000000000000000e+01 8.665769500904911826e-01
1.200000000000000000e+01 2.700000000000000000e+01 8.793436741550975100e-01
1.200000000000000000e+01 2.800000000000000000e+01 8.395379757211182126e-01
1.200000000000000000e+01 2.900000000000000000e+01 8.450909929419522237e-01
1.200000000000000000e+01 3.000000000000000000e+01 8.595809348880644185e-01
1.200000000000000000e+01 3.100000000000000000e+01 8.620405139930479299e-01
1.200000000000000000e+01 3.200000000000000000e+01 8.640921473141218723e-01
1.300000000000000000e+01 1.400000000000000000e+01 9.692835371057466620e-01
1.300000000000000000e+01 1.500000000000000000e+01 6.744653469557474468e-01
1.300000000000000000e+01 1.600000000000000000e+01 8.979692230211999693e-01
1.300000000000000000e+01 1.700000000000000000e+01 9.264062481111343672e-01
1.300000000000000000e+01 1.800000000000000000e+01 9.060170575563144535e-01
1.300000000000000000e+01 1.900000000000000000e+01 9.614858380645783242e-01
1.300000000000000000e+01 2.000000000000000000e+01 9.229969014741870037e-01
1.300000000000000000e+01 2.100000000000000000e+01 7.178130683199189788e-01
1.300000000000000000e+01 2.200000000000000000e+01 9.008094511013979844e-01
1.300000000000000000e+01 2.300000000000000000e+01 7.419755916973294063e-01
1.300000000000000000e+01 2.400000000000000000e+01 7.510588904840094227e-01
1.300000000000000000e+01 2.500000000000000000e+01 8.575358810615001381e-01
1.300000000000000000e+01 2.600000000000000000e+01 8.738911956676180814e-01
1.300000000000000000e+01 2.700000000000000000e+01 8.846718067555803255e-01
1.300000000000000000e+01 2.800000000000000000e+01 8.312311724537729818e-01
1.300000000000000000e+01 2.900000000000000000e+01 8.335264662631186594e-01
1.300000000000000000e+01 3.000000000000000000e+01 8.413073900524551396e-01
1.300000000000000000e+01 3.100000000000000000e+01 8.520282545122576101e-01
1.300000000000000000e+01 3.200000000000000000e+01 8.590209809991300460e-01
1.400000000000000000e+01 1.500000000000000000e+01 9.557719954706890286e-01
1.400000000000000000e+01 1.600000000000000000e+01 6.557877215361429535e-01
1.400000000000000000e+01 1.700000000000000000e+01 5.731334657172821867e-01
1.400000000000000000e+01 1.800000000000000000e+01 6.455162081147660658e-01
1.400000000000000000e+01 1.900000000000000000e+01 6.071348244204384237e-01
1.400000000000000000e+01 2.000000000000000000e+01 6.366484041806057537e-01
1.400000000000000000e+01 2.100000000000000000e+01 8.811942244680101011e-01
1.400000000000000000e+01 2.200000000000000000e+01 7.139199595774428087e-01
1.400000000000000000e+01 2.300000000000000000e+01 8.936266626276001546e-01
1.400000000000000000e+01 2.400000000000000000e+01 8.896176343330537417e-01
1.400000000000000000e+01 2.500000000000000000e+01 8.382023285924962153e-01
1.400000000000000000e+01 2.600000000000000000e+01 8.617437960036271605e-01
1.400000000000000000e+01 2.700000000000000000e+01 8.822157019886007756e-01
1.400000000000000000e+01 2.800000000000000000e+01 9.197526166869393061e-01
1.400000000000000000e+01 2.900000000000000000e+01 9.335253576987762036e-01
1.400000000000000000e+01 3.000000000000000000e+01 9.597346216634140559e-01
1.400000000000000000e+01 3.100000000000000000e+01 9.405731888506035920e-01
1.400000000000000000e+01 3.200000000000000000e+01 9.204446789589397770e-01
1.500000000000000000e+01 1.600000000000000000e+01 8.825210147642423841e-01
1.500000000000000000e+01 1.700000000000000000e+01 9.112042477742865465e-01
1.500000000000000000e+01 1.800000000000000000e+01 8.898567255238172269e-01
1.500000000000000000e+01 1.900000000000000000e+01 9.451296524454249059e-01
1.500000000000000000e+01 2.000000000000000000e+01 9.062261052108360193e-01
1.500000000000000000e+01 2.100000000000000000e+01 6.630296645620324947e-01
1.500000000000000000e+01 2.200000000000000000e+01 8.820814967271404239e-01
1.500000000000000000e+01 2.300000000000000000e+01 6.923466965289328812e-01
1.500000000000000000e+01 2.400000000000000000e+01 7.081455124008602109e-01
1.500000000000000000e+01 2.500000000000000000e+01 8.332866197070614156e-01
1.500000000000000000e+01 2.600000000000000000e+01 8.494762770369008731e-01
1.500000000000000000e+01 2.700000000000000000e+01 8.600809888589304730e-01
1.500000000000000000e+01 2.800000000000000000e+01 8.020581333615971475e-01
1.500000000000000000e+01 2.900000000000000000e+01 8.034218227220176756e-01
1.500000000000000000e+01 3.000000000000000000e+01 8.104747002608324591e-01
1.500000000000000000e+01 3.100000000000000000e+01 8.240772731559781183e-01
1.500000000000000000e+01 3.200000000000000000e+01 8.331804509282672022e-01
1.600000000000000000e+01 1.700000000000000000e+01 5.481948390643220925e-01
1.600000000000000000e+01 1.800000000000000000e+01 4.617769544860288455e-01
1.600000000000000000e+01 1.900000000000000000e+01 6.507865734062721064e-01
1.600000000000000000e+01 2.000000000000000000e+01 5.782967603454818306e-01
1.600000000000000000e+01 2.100000000000000000e+01 8.051878332296221741e-01
1.600000000000000000e+01 2.200000000000000000e+01 6.170093386582158335e-01
1.600000000000000000e+01 2.300000000000000000e+01 8.170256216578084540e-01
1.600000000000000000e+01 2.400000000000000000e+01 8.124436177452982744e-01
1.600000000000000000e+01 2.500000000000000000e+01 7.578095518293292976e-01
1.600000000000000000e+01 2.600000000000000000e+01 7.861467961441703789e-01
1.600000000000000000e+01 2.700000000000000000e+01 8.077885198475613926e-01
1.600000000000000000e+01 2.800000000000000000e+01 8.413419212680729453e-01
1.600000000000000000e+01 2.900000000000000000e+01 8.555471934172821369e-01
1.600000000000000000e+01 3.000000000000000000e+01 8.826751759425311983e-01
1.600000000000000000e+01 3.100000000000000000e+01 8.627057694369973939e-01
1.600000000000000000e+01 3.200000000000000000e+01 8.430205922073641389e-01
1.700000000000000000e+01 1.800000000000000000e+01 5.052615920695857632e-01
1.700000000000000000e+01 1.900000000000000000e+01 5.622584755007855595e-01
1.700000000000000000e+01 2.000000000000000000e+01 5.097805679817231095e-01
1.700000000000000000e+01 2.100000000000000000e+01 8.345584819093966322e-01
1.700000000000000000e+01 2.200000000000000000e+01 6.265163562485460691e-01
1.700000000000000000e+01 2.300000000000000000e+01 8.462285508521263377e-01
1.700000000000000000e+01 2.400000000000000000e+01 8.415831670449998025e-01
1.700000000000000000e+01 2.500000000000000000e+01 7.787544497441141189e-01
1.700000000000000000e+01 2.600000000000000000e+01 8.038821532741733389e-01
1.700000000000000000e+01 2.700000000000000000e+01 8.253712551473790793e-01
1.700000000000000000e+01 2.800000000000000000e+01 8.683139208141700260e-01
1.700000000000000000e+01 2.900000000000000000e+01 8.827473778557627382e-01
1.700000000000000000e+01 3.000000000000000000e+01 9.098904241427591133e-01
1.700000000000000000e+01 3.100000000000000000e+01 8.890262925676885031e-01
1.700000000000000000e+01 3.200000000000000000e+01 8.672554284089422083e-01
1.800000000000000000e+01 1.900000000000000000e+01 6.118586200232059014e-01
1.800000000000000000e+01 2.000000000000000000e+01 5.050468488859991556e-01
1.800000000000000000e+01 2.100000000000000000e+01 8.119239159093992741e-01
1.800000000000000000e+01 2.200000000000000000e+01 5.778260268248860410e-01
1.800000000000000000e+01 2.300000000000000000e+01 8.232112107197200324e-01
1.800000000000000000e+01 2.400000000000000000e+01 8.182272982408334006e-01
1.800000000000000000e+01 2.500000000000000000e+01 7.511943780015466476e-01
1.800000000000000000e+01 2.600000000000000000e+01 7.789496335428693907e-01
1.800000000000000000e+01 2.700000000000000000e+01 8.012511894757394781e-01
1.800000000000000000e+01 2.800000000000000000e+01 8.436845435419709771e-01
1.800000000000000000e+01 2.900000000000000000e+01 8.584204623508336907e-01
1.800000000000000000e+01 3.000000000000000000e+01 8.860833872989547499e-01
1.800000000000000000e+01 3.100000000000000000e+01 8.645593191848194303e-01
1.800000000000000000e+01 3.200000000000000000e+01 8.426216723943631415e-01
1.900000000000000000e+01 2.000000000000000000e+01 5.346003896276214640e-01
1.900000000000000000e+01 2.100000000000000000e+01 8.675229281011914706e-01
1.900000000000000000e+01 2.200000000000000000e+01 6.384503500745857263e-01
1.900000000000000000e+01 2.300000000000000000e+01 8.783605121983615316e-01
1.900000000000000000e+01 2.400000000000000000e+01 8.731101996270325127e-01
1.900000000000000000e+01 2.500000000000000000e+01 7.924708900649006793e-01
1.900000000000000000e+01 2.600000000000000000e+01 8.136214333343418925e-01
1.900000000000000000e+01 2.700000000000000000e+01 8.351914046299826477e-01
1.900000000000000000e+01 2.800000000000000000e+01 8.945087472232270409e-01
1.900000000000000000e+01 2.900000000000000000e+01 9.097459937282853515e-01
1.900000000000000000e+01 3.000000000000000000e+01 9.376660296346869261e-01
1.900000000000000000e+01 3.100000000000000000e+01 9.143354071840440467e-01
1.900000000000000000e+01 3.200000000000000000e+01 8.886094955999936928e-01
2.000000000000000000e+01 2.100000000000000000e+01 8.279298156484745652e-01
2.000000000000000000e+01 2.200000000000000000e+01 5.581743931907390266e-01
2.000000000000000000e+01 2.300000000000000000e+01 8.386733615655472818e-01
2.000000000000000000e+01 2.400000000000000000e+01 8.333113638766429521e-01
2.000000000000000000e+01 2.500000000000000000e+01 7.526297315355563455e-01
2.000000000000000000e+01 2.600000000000000000e+01 7.775873497395968670e-01
2.000000000000000000e+01 2.700000000000000000e+01 8.001633747354512938e-01
2.000000000000000000e+01 2.800000000000000000e+01 8.549389292612442626e-01
2.000000000000000000e+01 2.900000000000000000e+01 8.702260644452116667e-01
2.000000000000000000e+01 3.000000000000000000e+01 8.983618871671609218e-01
2.000000000000000000e+01 3.100000000000000000e+01 8.750993946137827217e-01
2.000000000000000000e+01 3.200000000000000000e+01 8.502209657106951646e-01
2.100000000000000000e+01 2.200000000000000000e+01 8.015499570922821615e-01
2.100000000000000000e+01 2.300000000000000000e+01 5.351884858350000052e-01
2.100000000000000000e+01 2.400000000000000000e+01 5.869281788275280132e-01
2.100000000000000000e+01 2.500000000000000000e+01 7.479785755198777863e-01
2.100000000000000000e+01 2.600000000000000000e+01 7.655448427077717888e-01
2.100000000000000000e+01 2.700000000000000000e+01 7.769287155773547671e-01
2.100000000000000000e+01 2.800000000000000000e+01 7.178416902865746296e-01
2.100000000000000000e+01 2.900000000000000000e+01 7.214489722749469758e-01
2.100000000000000000e+01 3.000000000000000000e+01 7.365726163155704720e-01
2.100000000000000000e+01 3.100000000000000000e+01 7.446994240495244943e-01
2.100000000000000000e+01 3.200000000000000000e+01 7.533890878069366970e-01
2.200000000000000000e+01 2.300000000000000000e+01 8.111964315752349108e-01
2.200000000000000000e+01 2.400000000000000000e+01 8.049588939209157967e-01
2.200000000000000000e+01 2.500000000000000000e+01 7.023845771473489208e-01
2.200000000000000000e+01 2.600000000000000000e+01 7.330084799383966843e-01
2.200000000000000000e+01 2.700000000000000000e+01 7.584863179665510824e-01
2.200000000000000000e+01 2.800000000000000000e+01 8.210638261477017918e-01
2.200000000000000000e+01 2.900000000000000000e+01 8.373504379232440398e-01
2.200000000000000000e+01 3.000000000000000000e+01 8.667717880423512211e-01
2.200000000000000000e+01 3.100000000000000000e+01 8.409335303203177014e-01
2.200000000000000000e+01 3.200000000000000000e+01 8.135636758995725693e-01
2.300000000000000000e+01 2.400000000000000000e+01 5.087169007237577478e-01
2.300000000000000000e+01 2.500000000000000000e+01 7.535622590821819955e-01
2.300000000000000000e+01 2.600000000000000000e+01 7.706598785483758096e-01
2.300000000000000000e+01 2.700000000000000000e+01 7.817294850203231338e-01
2.300000000000000000e+01 2.800000000000000000e+01 7.174895328977383135e-01
2.300000000000000000e+01 2.900000000000000000e+01 7.192226590019891175e-01
2.300000000000000000e+01 3.000000000000000000e+01 7.323573830476005631e-01
2.300000000000000000e+01 3.100000000000000000e+01 7.451116473615987390e-01
2.300000000000000000e+01 3.200000000000000000e+01 7.564295205740423356e-01
2.400000000000000000e+01 2.500000000000000000e+01 7.443110427614043623e-01
2.400000000000000000e+01 2.600000000000000000e+01 7.612966609262543649e-01
2.400000000000000000e+01 2.700000000000000000e+01 7.722822241785007868e-01
2.400000000000000000e+01 2.800000000000000000e+01 7.042556305327317689e-01
2.400000000000000000e+01 2.900000000000000000e+01 7.049094198329578509e-01
2.400000000000000000e+01 3.000000000000000000e+01 7.185052995865618408e-01
2.400000000000000000e+01 3.100000000000000000e+01 7.333324785465896722e-01
2.400000000000000000e+01 3.200000000000000000e+01 7.463972111562302558e-01
2.500000000000000000e+01 2.600000000000000000e+01 5.784793239416408106e-01
2.500000000000000000e+01 2.700000000000000000e+01 6.399056767862252304e-01
2.500000000000000000e+01 2.800000000000000000e+01 7.327756550063507790e-01
2.500000000000000000e+01 2.900000000000000000e+01 7.537773570687259506e-01
2.500000000000000000e+01 3.000000000000000000e+01 7.880134642242552223e-01
2.500000000000000000e+01 3.100000000000000000e+01 7.493421624267727621e-01
2.500000000000000000e+01 3.200000000000000000e+01 7.081983529230342356e-01
2.600000000000000000e+01 2.700000000000000000e+01 5.272438750239032412e-01
2.600000000000000000e+01 2.800000000000000000e+01 7.433318140892245518e-01
2.600000000000000000e+01 2.900000000000000000e+01 7.645389577437925466e-01
2.600000000000000000e+01 3.000000000000000000e+01 7.979004120100671171e-01
2.600000000000000000e+01 3.100000000000000000e+01 7.556965523170459109e-01
2.600000000000000000e+01 3.200000000000000000e+01 6.990040788207654288e-01
2.700000000000000000e+01 2.800000000000000000e+01 7.508957432302533208e-01
2.700000000000000000e+01 2.900000000000000000e+01 7.720192997533347201e-01
2.700000000000000000e+01 3.000000000000000000e+01 8.046427432826689374e-01
2.700000000000000000e+01 3.100000000000000000e+01 7.607739301518045005e-01
2.700000000000000000e+01 3.200000000000000000e+01 6.936660798474441059e-01
2.800000000000000000e+01 2.900000000000000000e+01 5.278147780468732675e-01
2.800000000000000000e+01 3.000000000000000000e+01 6.555356602787222320e-01
2.800000000000000000e+01 3.100000000000000000e+01 5.811165608019092099e-01
2.800000000000000000e+01 3.200000000000000000e+01 7.037027294123174848e-01
2.900000000000000000e+01 3.000000000000000000e+01 6.025774558988280516e-01
2.900000000000000000e+01 3.100000000000000000e+01 6.168743783887408183e-01
2.900000000000000000e+01 3.200000000000000000e+01 7.242617990316291277e-01
3.000000000000000000e+01 3.100000000000000000e+01 6.745933599301300321e-01
3.000000000000000000e+01 3.200000000000000000e+01 7.533352005597215850e-01
3.100000000000000000e+01 3.200000000000000000e+01 6.942576100268231798e-01
