1.000000000000000000e+00 2.000000000000000000e+00 8.763766754707268403e-01
1.000000000000000000e+00 3.000000000000000000e+00 9.915060150833640007e-01
1.000000000000000000e+00 4.000000000000000000e+00 9.736420256470537105e-01
1.000000000000000000e+00 5.000000000000000000e+00 9.886150143889533837e-01
1.000000000000000000e+00 6.000000000000000000e+00 9.988014637869958579e-01
1.000000000000000000e+00 7.000000000000000000e+00 9.929493731341464402e-01
1.000000000000000000e+00 8.000000000000000000e+00 1.018688616230520649e+00
1.000000000000000000e+00 9.000000000000000000e+00 9.691379143054299483e-01
1.000000000000000000e+00 1.000000000000000000e+01 1.009263244153718375e+00
1.000000000000000000e+00 1.100000000000000000e+01 9.905053400540563269e-01
1.000000000000000000e+00 1.200000000000000000e+01 1.000467864708490362e+00
1.000000000000000000e+00 1.300000000000000000e+01 9.783217051711787793e-01
1.000000000000000000e+00 1.400000000000000000e+01 1.212994715654406752e+00
1.000000000000000000e+00 1.500000000000000000e+01 1.011723662651182964e+00
1.000000000000000000e+00 1.600000000000000000e+01 1.149855515314463172e+00
1.000000000000000000e+00 1.700000000000000000e+01 1.177701214159237120e+00
1.000000000000000000e+00 1.800000000000000000e+01 1.161507597424027427e+00
1.000000000000000000e+00 1.900000000000000000e+01 1.219089809868199259e+00
1.000000000000000000e+00 2.000000000000000000e+01 1.182158155242998498e+00
1.000000000000000000e+00 2.100000000000000000e+01 1.054138112615685907e+00
1.000000000000000000e+00 2.200000000000000000e+01 1.170217464665383567e+00
1.000000000000000000e+00 2.300000000000000000e+01 1.063248160932047215e+00
1.000000000000000000e+00 2.400000000000000000e+01 1.074028289810700310e+00
1.000000000000000000e+00 2.500000000000000000e+01 1.177786422527590249e+00
1.000000000000000000e+00 2.600000000000000000e+01 1.207151730794539191e+00
1.000000000000000000e+00 2.700000000000000000e+01 1.229631579062302471e+00
1.000000000000000000e+00 2.800000000000000000e+01 1.141336287766579582e+00
1.000000000000000000e+00 2.900000000000000000e+01 1.132743564795537949e+00
1.000000000000000000e+00 3.000000000000000000e+01 1.127002526424024875e+00
1.000000000000000000e+00 3.100000000000000000e+01 1.158394237470497190e+00
1.000000000000000000e+00 3.200000000000000000e+01 1.230419422080267555e+00
2.000000000000000000e+00 3.000000000000000000e+00 8.501150986877571425e-01
2.000000000000000000e+00 4.000000000000000000e+00 8.214248860113109174e-01
2.000000000000000000e+00 5.000000000000000000e+00 8.449235821728025009e-01
2.000000000000000000e+00 6.000000000000000000e+00 8.587358520005857754e-01
2.000000000000000000e+00 7.000000000000000000e+00 8.497221322871163496e-01
2.000000000000000000e+00 8.000000000000000000e+00 8.852904184727756753e-01
2.000000000000000000e+00 9.000000000000000000e+00 8.072667721458341994e-01
2.000000000000000000e+00 1.000000000000000000e+01 8.728060354609432636e-01
2.000000000000000000e+00 1.100000000000000000e+01 8.454896513206565656e-01
2.000000000000000000e+00 1.200000000000000000e+01 8.611959670814490764e-01
2.000000000000000000e+00 1.300000000000000000e+01 8.522368333179968225e-01
2.000000000000000000e+00 1.400000000000000000e+01 1.098382373632829756e+00
2.000000000000000000e+00 1.500000000000000000e+01 8.993003744153862389e-01
2.000000000000000000e+00 1.600000000000000000e+01 1.036072535337745570e+00
2.000000000000000000e+00 1.700000000000000000e+01 1.064105046034389046e+00
2.000000000000000000e+00 1.800000000000000000e+01 1.048410115516856589e+00
2.000000000000000000e+00 1.900000000000000000e+01 1.106584412444256982e+00
2.000000000000000000e+00 2.000000000000000000e+01 1.069759987657717959e+00
2.000000000000000000e+00 2.100000000000000000e+01 9.442454232436088279e-01
2.000000000000000000e+00 2.200000000000000000e+01 1.059183483172542406e+00
2.000000000000000000e+00 2.300000000000000000e+01 9.562796804007056561e-01
2.000000000000000000e+00 2.400000000000000000e+01 9.683409123768316196e-01
2.000000000000000000e+00 2.500000000000000000e+01 1.071668966325202144e+00
2.000000000000000000e+00 2.600000000000000000e+01 1.102319237777458216e+00
2.000000000000000000e+00 2.700000000000000000e+01 1.125690882459973174e+00
2.000000000000000000e+00 2.800000000000000000e+01 1.040605549358814885e+00
2.000000000000000000e+00 2.900000000000000000e+01 1.032852259271435535e+00
2.000000000000000000e+00 3.000000000000000000e+01 1.029550582012721982e+00
2.000000000000000000e+00 3.100000000000000000e+01 1.059188874319182405e+00
2.000000000000000000e+00 3.200000000000000000e+01 1.130995878566437352e+00
3.000000000000000000e+00 4.000000000000000000e+00 5.996720119666636428e-01
3.000000000000000000e+00 5.000000000000000000e+00 4.614063312112115511e-01
3.000000000000000000e+00 6.000000000000000000e+00 5.762262296823837948e-01
3.000000000000000000e+00 7.000000000000000000e+00 6.284158844014137157e-01
3.000000000000000000e+00 8.000000000000000000e+00 6.632275321184535333e-01
3.000000000000000000e+00 9.000000000000000000e+00 7.374542360073144120e-01
3.000000000000000000e+00 1.000000000000000000e+01 6.522477027519568704e-01
3.000000000000000000e+00 1.100000000000000000e+01 7.442934091283442966e-01
3.000000000000000000e+00 1.200000000000000000e+01 7.269338349469396388e-01
3.000000000000000000e+00 1.300000000000000000e+01 8.552981365958280957e-01
3.000000000000000000e+00 1.400000000000000000e+01 9.979962364259027385e-01
3.000000000000000000e+00 1.500000000000000000e+01 8.836937484687166222e-01
3.000000000000000000e+00 1.600000000000000000e+01 9.418061369851775666e-01
3.000000000000000000e+00 1.700000000000000000e+01 9.692190759350112206e-01
3.000000000000000000e+00 1.800000000000000000e+01 9.565271042764753595e-01
3.000000000000000000e+00 1.900000000000000000e+01 1.015710269103852648e+00
3.000000000000000000e+00 2.000000000000000000e+01 9.800657035064010980e-01
3.000000000000000000e+00 2.100000000000000000e+01 9.046204597081342058e-01
3.000000000000000000e+00 2.200000000000000000e+01 9.757295130665046834e-01
3.000000000000000000e+00 2.300000000000000000e+01 9.179074004178937596e-01
3.000000000000000000e+00 2.400000000000000000e+01 9.283685079391046369e-01
3.000000000000000000e+00 2.500000000000000000e+01 1.006411594965546774e+00
3.000000000000000000e+00 2.600000000000000000e+01 1.040119939891770873e+00
3.000000000000000000e+00 2.700000000000000000e+01 1.065819902885195791e+00
3.000000000000000000e+00 2.800000000000000000e+01 9.959144247119746662e-01
3.000000000000000000e+00 2.900000000000000000e+01 9.915798155877522113e-01
3.000000000000000000e+00 3.000000000000000000e+01 9.953633155922783082e-01
3.000000000000000000e+00 3.100000000000000000e+01 1.016776743631158775e+00
3.000000000000000000e+00 3.200000000000000000e+01 1.084473188330656424e+00
4.000000000000000000e+00 5.000000000000000000e+00 5.684215320463699150e-01
4.000000000000000000e+00 6.000000000000000000e+00 6.415585999009411067e-01
4.000000000000000000e+00 7.000000000000000000e+00 6.354079930034598478e-01
4.000000000000000000e+00 8.000000000000000000e+00 7.164214522658769457e-01
4.000000000000000000e+00 9.000000000000000000e+00 6.879842757370888684e-01
4.000000000000000000e+00 1.000000000000000000e+01 6.937641287230527087e-01
4.000000000000000000e+00 1.100000000000000000e+01 7.223738516021446232e-01
4.000000000000000000e+00 1.200000000000000000e+01 7.216468149455044223e-01
4.000000000000000000e+00 1.300000000000000000e+01 8.384430518772292285e-01
4.000000000000000000e+00 1.400000000000000000e+01 1.012169007595632886e+00
4.000000000000000000e+00 1.500000000000000000e+01 8.734392406570672396e-01
4.000000000000000000e+00 1.600000000000000000e+01 9.539203625935543940e-01
4.000000000000000000e+00 1.700000000000000000e+01 9.817296690242043322e-01
4.000000000000000000e+00 1.800000000000000000e+01 9.681020994299154303e-01
4.000000000000000000e+00 1.900000000000000000e+01 1.027253841791304412e+00
4.000000000000000000e+00 2.000000000000000000e+01 9.911841993654826322e-01
4.000000000000000000e+00 2.100000000000000000e+01 9.004667355252309324e-01
4.000000000000000000e+00 2.200000000000000000e+01 9.851347862849415549e-01
4.000000000000000000e+00 2.300000000000000000e+01 9.144000487911556618e-01
4.000000000000000000e+00 2.400000000000000000e+01 9.256939108636879077e-01
4.000000000000000000e+00 2.500000000000000000e+01 1.011401266169465130e+00
4.000000000000000000e+00 2.600000000000000000e+01 1.044561612204535805e+00
4.000000000000000000e+00 2.700000000000000000e+01 1.069801080150366346e+00
4.000000000000000000e+00 2.800000000000000000e+01 9.960879980730548144e-01
4.000000000000000000e+00 2.900000000000000000e+01 9.909766742562799990e-01
4.000000000000000000e+00 3.000000000000000000e+01 9.933658456026157602e-01
4.000000000000000000e+00 3.100000000000000000e+01 1.016697308378298858e+00
4.000000000000000000e+00 3.200000000000000000e+01 1.085582397556732026e+00
5.000000000000000000e+00 6.000000000000000000e+00 5.468099465618304622e-01
5.000000000000000000e+00 7.000000000000000000e+00 5.903729285454807352e-01
5.000000000000000000e+00 8.000000000000000000e+00 6.631055375445022992e-01
5.000000000000000000e+00 9.000000000000000000e+00 7.183846489029837024e-01
5.000000000000000000e+00 1.000000000000000000e+01 6.394176834900207052e-01
5.000000000000000000e+00 1.100000000000000000e+01 7.256371344785353950e-01
5.000000000000000000e+00 1.200000000000000000e+01 7.088180051729915387e-01
5.000000000000000000e+00 1.300000000000000000e+01 8.454689452169932284e-01
5.000000000000000000e+00 1.400000000000000000e+01 9.955769815908939169e-01
5.000000000000000000e+00 1.500000000000000000e+01 8.750593716576717807e-01
5.000000000000000000e+00 1.600000000000000000e+01 9.385672446216726250e-01
5.000000000000000000e+00 1.700000000000000000e+01 9.662198832550303873e-01
5.000000000000000000e+00 1.800000000000000000e+01 9.531949300056110630e-01
5.000000000000000000e+00 1.900000000000000000e+01 1.012498455883425352e+00
5.000000000000000000e+00 2.000000000000000000e+01 9.766756759172994240e-01
5.000000000000000000e+00 2.100000000000000000e+01 8.969404029199223860e-01
5.000000000000000000e+00 2.200000000000000000e+01 9.718401554159896705e-01
5.000000000000000000e+00 2.300000000000000000e+01 9.106219394695089786e-01
5.000000000000000000e+00 2.400000000000000000e+01 9.213639370337827206e-01
5.000000000000000000e+00 2.500000000000000000e+01 1.001506331359336199e+00
5.000000000000000000e+00 2.600000000000000000e+01 1.035169136194546091e+00
5.000000000000000000e+00 2.700000000000000000e+01 1.060805034819675363e+00
5.000000000000000000e+00 2.800000000000000000e+01 9.900132654502165064e-01
5.000000000000000000e+00 2.900000000000000000e+01 9.855335909339713041e-01
5.000000000000000000e+00 3.000000000000000000e+01 9.891329921449822926e-01
5.000000000000000000e+00 3.100000000000000000e+01 1.010922132522686701e+00
5.000000000000000000e+00 3.200000000000000000e+01 1.078942620920646522e+00
6.000000000000000000e+00 7.000000000000000000e+00 5.319295333040422458e-01
6.000000000000000000e+00 8.000000000000000000e+00 6.006700656182255571e-01
6.000000000000000000e+00 9.000000000000000000e+00 7.255490825050701087e-01
6.000000000000000000e+00 1.000000000000000000e+01 5.468250715960123465e-01
6.000000000000000000e+00 1.100000000000000000e+01 7.115129368181606351e-01
6.000000000000000000e+00 1.200000000000000000e+01 6.785509080040619256e-01
6.000000000000000000e+00 1.300000000000000000e+01 8.402045147492185340e-01
6.000000000000000000e+00 1.400000000000000000e+01 9.768215208255581761e-01
6.000000000000000000e+00 1.500000000000000000e+01 8.660442684642462030e-01
6.000000000000000000e+00 1.600000000000000000e+01 9.198753603771656628e-01
6.000000000000000000e+00 1.700000000000000000e+01 9.477156841621774408e-01
6.000000000000000000e+00 1.800000000000000000e+01 9.348196139181905728e-01
6.000000000000000000e+00 1.900000000000000000e+01 9.944480888860878220e-01
6.000000000000000000e+00 2.000000000000000000e+01 9.586180718046046767e-01
6.000000000000000000e+00 2.100000000000000000e+01 8.841121721900668806e-01
6.000000000000000000e+00 2.200000000000000000e+01 9.542888773191897656e-01
6.000000000000000000e+00 2.300000000000000000e+01 8.979862444968549351e-01
6.000000000000000000e+00 2.400000000000000000e+01 9.085199538652031226e-01
6.000000000000000000e+00 2.500000000000000000e+01 9.859029743031137993e-01
6.000000000000000000e+00 2.600000000000000000e+01 1.019988603783592129e+00
6.000000000000000000e+00 2.700000000000000000e+01 1.045921079665812492e+00
6.000000000000000000e+00 2.800000000000000000e+01 9.768026353717316201e-01
6.000000000000000000e+00 2.900000000000000000e+01 9.727453425783210150e-01
6.000000000000000000e+00 3.000000000000000000e+01 9.772651156359506430e-01
6.000000000000000000e+00 3.100000000000000000e+01 9.980493552051161732e-01
6.000000000000000000e+00 3.200000000000000000e+01 1.065647513238802802e+00
7.000000000000000000e+00 8.000000000000000000e+00 6.466436237421973043e-01
7.000000000000000000e+00 9.000000000000000000e+00 6.909752577374790317e-01
7.000000000000000000e+00 1.000000000000000000e+01 5.811924402968919878e-01
7.000000000000000000e+00 1.100000000000000000e+01 6.691009347324484713e-01
7.000000000000000000e+00 1.200000000000000000e+01 6.346529044434916500e-01
7.000000000000000000e+00 1.300000000000000000e+01 8.226250146242071182e-01
7.000000000000000000e+00 1.400000000000000000e+01 9.782138770698927122e-01
7.000000000000000000e+00 1.500000000000000000e+01 8.515308767425804337e-01
7.000000000000000000e+00 1.600000000000000000e+01 9.195340468358677022e-01
7.000000000000000000e+00 1.700000000000000000e+01 9.478251581727097363e-01
7.000000000000000000e+00 1.800000000000000000e+01 9.341897442160789211e-01
7.000000000000000000e+00 1.900000000000000000e+01 9.939817344398151899e-01
7.000000000000000000e+00 2.000000000000000000e+01 9.577778638985441351e-01
7.000000000000000000e+00 2.100000000000000000e+01 8.723994153218026515e-01
7.000000000000000000e+00 2.200000000000000000e+01 9.522511790479812888e-01
7.000000000000000000e+00 2.300000000000000000e+01 8.872041471710752081e-01
7.000000000000000000e+00 2.400000000000000000e+01 8.984468056205752173e-01
7.000000000000000000e+00 2.500000000000000000e+01 9.812065391129165537e-01
7.000000000000000000e+00 2.600000000000000000e+01 1.015106287255490791e+00
7.000000000000000000e+00 2.700000000000000000e+01 1.040837482945820458e+00
7.000000000000000000e+00 2.800000000000000000e+01 9.693913458064715716e-01
7.000000000000000000e+00 2.900000000000000000e+01 9.649236888188643668e-01
7.000000000000000000e+00 3.000000000000000000e+01 9.688565013694487860e-01
7.000000000000000000e+00 3.100000000000000000e+01 9.906853906961508027e-01
7.000000000000000000e+00 3.200000000000000000e+01 1.059101595214737124e+00
8.000000000000000000e+00 9.000000000000000000e+00 7.692062295999786414e-01
8.000000000000000000e+00 1.000000000000000000e+01 5.333923927177761648e-01
8.000000000000000000e+00 1.100000000000000000e+01 7.430069982920518568e-01
8.000000000000000000e+00 1.200000000000000000e+01 7.006168411871722679e-01
8.000000000000000000e+00 1.300000000000000000e+01 8.538239138443943776e-01
8.000000000000000000e+00 1.400000000000000000e+01 9.510299187776596330e-01
8.000000000000000000e+00 1.500000000000000000e+01 8.718575472560736728e-01
8.000000000000000000e+00 1.600000000000000000e+01 8.962427252056399674e-01
8.000000000000000000e+00 1.700000000000000000e+01 9.237888705818033674e-01
8.000000000000000000e+00 1.800000000000000000e+01 9.119569239538307670e-01
8.000000000000000000e+00 1.900000000000000000e+01 9.718161038150985309e-01
8.000000000000000000e+00 2.000000000000000000e+01 9.364274782304560230e-01
8.000000000000000000e+00 2.100000000000000000e+01 8.820725232569721630e-01
8.000000000000000000e+00 2.200000000000000000e+01 9.342146315264381329e-01
8.000000000000000000e+00 2.300000000000000000e+01 8.949821043149712718e-01
8.000000000000000000e+00 2.400000000000000000e+01 9.043669477337823448e-01
8.000000000000000000e+00 2.500000000000000000e+01 9.715656718819143389e-01
8.000000000000000000e+00 2.600000000000000000e+01 1.006400394764711326e+00
8.000000000000000000e+00 2.700000000000000000e+01 1.032947635435835565e+00
8.000000000000000000e+00 2.800000000000000000e+01 9.688091178932782821e-01
8.000000000000000000e+00 2.900000000000000000e+01 9.657819169426913319e-01
8.000000000000000000e+00 3.000000000000000000e+01 9.721530301889695913e-01
8.000000000000000000e+00 3.100000000000000000e+01 9.904020542593456877e-01
8.000000000000000000e+00 3.200000000000000000e+01 1.056451571529970046e+00
9.000000000000000000e+00 1.000000000000000000e+01 7.414130745326787952e-01
9.000000000000000000e+00 1.100000000000000000e+01 6.358981679848366708e-01
9.000000000000000000e+00 1.200000000000000000e+01 6.930875316248654716e-01
9.000000000000000000e+00 1.300000000000000000e+01 7.831068716381657246e-01
9.000000000000000000e+00 1.400000000000000000e+01 1.016249103928801523e+00
9.000000000000000000e+00 1.500000000000000000e+01 8.340450392819891423e-01
9.000000000000000000e+00 1.600000000000000000e+01 9.543629757841585182e-01
9.000000000000000000e+00 1.700000000000000000e+01 9.830049300739591711e-01
9.000000000000000000e+00 1.800000000000000000e+01 9.677799643586619815e-01
9.000000000000000000e+00 1.900000000000000000e+01 1.027096743525067746e+00
9.000000000000000000e+00 2.000000000000000000e+01 9.902554986746199273e-01
9.000000000000000000e+00 2.100000000000000000e+01 8.723736194640998587e-01
9.000000000000000000e+00 2.200000000000000000e+01 9.814556271913383867e-01
9.000000000000000000e+00 2.300000000000000000e+01 8.885182027039471020e-01
9.000000000000000000e+00 2.400000000000000000e+01 9.017247031469175500e-01
9.000000000000000000e+00 2.500000000000000000e+01 1.001126702608705399e+00
9.000000000000000000e+00 2.600000000000000000e+01 1.033676960138431244e+00
9.000000000000000000e+00 2.700000000000000000e+01 1.058343327470932849e+00
9.000000000000000000e+00 2.800000000000000000e+01 9.787062826542107796e-01
9.000000000000000000e+00 2.900000000000000000e+01 9.724570761349129455e-01
9.000000000000000000e+00 3.000000000000000000e+01 9.730817884174589594e-01
9.000000000000000000e+00 3.100000000000000000e+01 9.992970960116636103e-01
9.000000000000000000e+00 3.200000000000000000e+01 1.070235374200232403e+00
1.000000000000000000e+01 1.100000000000000000e+01 7.087868124138724246e-01
1.000000000000000000e+01 1.200000000000000000e+01 6.576283138696339403e-01
1.000000000000000000e+01 1.300000000000000000e+01 8.372403584902834428e-01
1.000000000000000000e+01 1.400000000000000000e+01 9.571737178529480250e-01
1.000000000000000000e+01 1.500000000000000000e+01 8.582531580204304511e-01
1.000000000000000000e+01 1.600000000000000000e+01 9.001344070809511599e-01
1.000000000000000000e+01 1.700000000000000000e+01 9.282587187093820358e-01
1.000000000000000000e+01 1.800000000000000000e+01 9.154577621429669243e-01
1.000000000000000000e+01 1.900000000000000000e+01 9.755140807298359196e-01
1.000000000000000000e+01 2.000000000000000000e+01 9.396402790238991276e-01
1.000000000000000000e+01 2.100000000000000000e+01 8.715626113390115837e-01
1.000000000000000000e+01 2.200000000000000000e+01 9.358462293813811783e-01
1.000000000000000000e+01 2.300000000000000000e+01 8.855049161439620953e-01
1.000000000000000000e+01 2.400000000000000000e+01 8.957081800279504957e-01
1.000000000000000000e+01 2.500000000000000000e+01 9.696662908953903592e-01
1.000000000000000000e+01 2.600000000000000000e+01 1.004238824129576990e+00
1.000000000000000000e+01 2.700000000000000000e+01 1.030509650524882304e+00
1.000000000000000000e+01 2.800000000000000000e+01 9.633302733675994656e-01
1.000000000000000000e+01 2.900000000000000000e+01 9.597667400982397012e-01
1.000000000000000000e+01 3.000000000000000000e+01 9.653418460160962944e-01
1.000000000000000000e+01 3.100000000000000000e+01 9.849475160957574804e-01
1.000000000000000000e+01 3.200000000000000000e+01 1.052041114031700086e+00
1.100000000000000000e+01 1.200000000000000000e+01 5.775672807411498244e-01
1.100000000000000000e+01 1.300000000000000000e+01 7.675644732485011890e-01
1.100000000000000000e+01 1.400000000000000000e+01 9.853713357910744985e-01
1.100000000000000000e+01 1.500000000000000000e+01 8.085575665222888286e-01
1.100000000000000000e+01 1.600000000000000000e+01 9.224395651470103097e-01
1.100000000000000000e+01 1.700000000000000000e+01 9.517254088285269642e-01
1.100000000000000000e+01 1.800000000000000000e+01 9.362091679730215610e-01
1.100000000000000000e+01 1.900000000000000000e+01 9.962317327622993712e-01
1.100000000000000000e+01 2.000000000000000000e+01 9.591131975266733445e-01
1.100000000000000000e+01 2.100000000000000000e+01 8.403332442729627427e-01
1.100000000000000000e+01 2.200000000000000000e+01 9.503708536289852127e-01
1.100000000000000000e+01 2.300000000000000000e+01 8.585814429589364583e-01
1.100000000000000000e+01 2.400000000000000000e+01 8.723498522586952131e-01
1.100000000000000000e+01 2.500000000000000000e+01 9.718216531568473204e-01
1.100000000000000000e+01 2.600000000000000000e+01 1.005153867829600589e+00
1.100000000000000000e+01 2.700000000000000000e+01 1.030302193215378193e+00
1.100000000000000000e+01 2.800000000000000000e+01 9.520582118375815472e-01
1.100000000000000000e+01 2.900000000000000000e+01 9.463483461849562239e-01
1.100000000000000000e+01 3.000000000000000000e+01 9.485401106089557111e-01
1.100000000000000000e+01 3.100000000000000000e+01 9.735377949935519748e-01
1.100000000000000000e+01 3.200000000000000000e+01 1.044395417237129919e+00
1.200000000000000000e+01 1.300000000000000000e+01 7.887273896586286526e-01
1.200000000000000000e+01 1.400000000000000000e+01 9.622799901961183178e-01
1.200000000000000000e+01 1.500000000000000000e+01 8.154633081098121572e-01
1.200000000000000000e+01 1.600000000000000000e+01 9.001624332577553567e-01
1.200000000000000000e+01 1.700000000000000000e+01 9.295967028738532090e-01
1.200000000000000000e+01 1.800000000000000000e+01 9.145965855446465120e-01
1.200000000000000000e+01 1.900000000000000000e+01 9.751189028154019223e-01
1.200000000000000000e+01 2.000000000000000000e+01 9.381385634856835853e-01
1.200000000000000000e+01 2.100000000000000000e+01 8.356107365768929984e-01
1.200000000000000000e+01 2.200000000000000000e+01 9.307558757157998741e-01
1.200000000000000000e+01 2.300000000000000000e+01 8.530898859196269779e-01
1.200000000000000000e+01 2.400000000000000000e+01 8.657079861013270428e-01
1.200000000000000000e+01 2.500000000000000000e+01 9.567067097816897014e-01
1.200000000000000000e+01 2.600000000000000000e+01 9.908355547893723525e-01
1.200000000000000000e+01 2.700000000000000000e+01 1.016570415859124665e+00
1.200000000000000000e+01 2.800000000000000000e+01 9.424200909710191976e-01
1.200000000000000000e+01 2.900000000000000000e+01 9.376769517973841950e-01
1.200000000000000000e+01 3.000000000000000000e+01 9.417360211358491995e-01
1.200000000000000000e+01 3.100000000000000000e+01 9.643679494045149792e-01
1.200000000000000000e+01 3.200000000000000000e+01 1.033996662242804288e+00
1.300000000000000000e+01 1.400000000000000000e+01 1.013193126733945126e+00
1.300000000000000000e+01 1.500000000000000000e+01 6.843950913371217304e-01
1.300000000000000000e+01 1.600000000000000000e+01 9.451668629507534725e-01
1.300000000000000000e+01 1.700000000000000000e+01 9.746672690405639994e-01
1.300000000000000000e+01 1.800000000000000000e+01 9.564902069527758677e-01
1.300000000000000000e+01 1.900000000000000000e+01 1.015219828335497398e+00
1.300000000000000000e+01 2.000000000000000000e+01 9.771275723485606246e-01
1.300000000000000000e+01 2.100000000000000000e+01 7.877468052203207005e-01
1.300000000000000000e+01 2.200000000000000000e+01 9.624681683072062732e-01
1.300000000000000000e+01 2.300000000000000000e+01 8.094528556097808636e-01
1.300000000000000000e+01 2.400000000000000000e+01 8.288124534341607674e-01
1.300000000000000000e+01 2.500000000000000000e+01 9.660341084055568128e-01
1.300000000000000000e+01 2.600000000000000000e+01 9.966112527822863498e-01
1.300000000000000000e+01 2.700000000000000000e+01 1.019653198248717807e+00
1.300000000000000000e+01 2.800000000000000000e+01 9.245190965419560758e-01
1.300000000000000000e+01 2.900000000000000000e+01 9.149119189845915656e-01
1.300000000000000000e+01 3.000000000000000000e+01 9.100584575889292260e-01
1.300000000000000000e+01 3.100000000000000000e+01 9.448289772067017811e-01
1.300000000000000000e+01 3.200000000000000000e+01 1.021245121265789368e+00
1.400000000000000000e+01 1.500000000000000000e+01 9.944030759516382378e-01
1.400000000000000000e+01 1.600000000000000000e+01 6.559868133789388267e-01
1.400000000000000000e+01 1.700000000000000000e+01 5.733104095134879952e-01
1.400000000000000000e+01 1.800000000000000000e+01 6.459163441550463958e-01
1.400000000000000000e+01 1.900000000000000000e+01 6.080567527571369979e-01
1.400000000000000000e+01 2.000000000000000000e+01 6.375573223942687662e-01
1.400000000000000000e+01 2.100000000000000000e+01 9.645472031267983137e-01
1.400000000000000000e+01 2.200000000000000000e+01 7.163628345399328801e-01
1.400000000000000000e+01 2.300000000000000000e+01 9.619097178183049213e-01
1.400000000000000000e+01 2.400000000000000000e+01 9.582177653167109899e-01
1.400000000000000000e+01 2.500000000000000000e+01 8.618072406283012743e-01
1.400000000000000000e+01 2.600000000000000000e+01 8.966336755883856924e-01
1.400000000000000000e+01 2.700000000000000000e+01 9.285474783527383202e-01
1.400000000000000000e+01 2.800000000000000000e+01 9.534885853005043987e-01
1.400000000000000000e+01 2.900000000000000000e+01 9.625441237949594608e-01
1.400000000000000000e+01 3.000000000000000000e+01 9.853257588658741462e-01
1.400000000000000000e+01 3.100000000000000000e+01 9.717918372723428622e-01
1.400000000000000000e+01 3.200000000000000000e+01 1.007093386589775097e+00
1.500000000000000000e+01 1.600000000000000000e+01 9.232871851904627114e-01
1.500000000000000000e+01 1.700000000000000000e+01 9.533164338003283778e-01
1.500000000000000000e+01 1.800000000000000000e+01 9.336628000505462488e-01
1.500000000000000000e+01 1.900000000000000000e+01 9.922870164166666118e-01
1.500000000000000000e+01 2.000000000000000000e+01 9.535230251661299672e-01
1.500000000000000000e+01 2.100000000000000000e+01 7.008036625254852048e-01
1.500000000000000000e+01 2.200000000000000000e+01 9.360375049641147527e-01
1.500000000000000000e+01 2.300000000000000000e+01 7.322964913144096588e-01
1.500000000000000000e+01 2.400000000000000000e+01 7.607848123531646412e-01
1.500000000000000000e+01 2.500000000000000000e+01 9.323631337714923806e-01
1.500000000000000000e+01 2.600000000000000000e+01 9.626405564588877972e-01
1.500000000000000000e+01 2.700000000000000000e+01 9.853080555622595327e-01
1.500000000000000000e+01 2.800000000000000000e+01 8.812565941716321571e-01
1.500000000000000000e+01 2.900000000000000000e+01 8.697957716157453945e-01
1.500000000000000000e+01 3.000000000000000000e+01 8.632849227630048361e-01
1.500000000000000000e+01 3.100000000000000000e+01 9.030219684163787175e-01
1.500000000000000000e+01 3.200000000000000000e+01 9.835147901368377354e-01
1.600000000000000000e+01 1.700000000000000000e+01 5.483002417177915699e-01
1.600000000000000000e+01 1.800000000000000000e+01 4.619110469034699573e-01
1.600000000000000000e+01 1.900000000000000000e+01 6.515713030128866823e-01
1.600000000000000000e+01 2.000000000000000000e+01 5.789360504624563308e-01
1.600000000000000000e+01 2.100000000000000000e+01 8.894183681237637362e-01
1.600000000000000000e+01 2.200000000000000000e+01 6.188461117502588316e-01
1.600000000000000000e+01 2.300000000000000000e+01 8.855565124538158361e-01
1.600000000000000000e+01 2.400000000000000000e+01 8.807333878943268690e-01
1.600000000000000000e+01 2.500000000000000000e+01 7.800882406645419653e-01
1.600000000000000000e+01 2.600000000000000000e+01 8.208299908383294152e-01
1.600000000000000000e+01 2.700000000000000000e+01 8.545534620620314215e-01
1.600000000000000000e+01 2.800000000000000000e+01 8.732857688132809049e-01
1.600000000000000000e+01 2.900000000000000000e+01 8.830437255823904152e-01
1.600000000000000000e+01 3.000000000000000000e+01 9.073558056631183533e-01
1.600000000000000000e+01 3.100000000000000000e+01 8.928410641156931948e-01
1.600000000000000000e+01 3.200000000000000000e+01 9.305291808422593292e-01
1.700000000000000000e+01 1.800000000000000000e+01 5.053142045746994437e-01
1.700000000000000000e+01 1.900000000000000000e+01 5.626143478143676990e-01
1.700000000000000000e+01 2.000000000000000000e+01 5.100841448566744152e-01
1.700000000000000000e+01 2.100000000000000000e+01 9.207042721732652257e-01
1.700000000000000000e+01 2.200000000000000000e+01 6.278491477883689775e-01
1.700000000000000000e+01 2.300000000000000000e+01 9.166304391220341241e-01
1.700000000000000000e+01 2.400000000000000000e+01 9.117636610226962368e-01
1.700000000000000000e+01 2.500000000000000000e+01 7.990821483027799044e-01
1.700000000000000000e+01 2.600000000000000000e+01 8.353418734682485081e-01
1.700000000000000000e+01 2.700000000000000000e+01 8.682590970367609629e-01
1.700000000000000000e+01 2.800000000000000000e+01 9.002310126826860159e-01
1.700000000000000000e+01 2.900000000000000000e+01 9.104426350382537336e-01
1.700000000000000000e+01 3.000000000000000000e+01 9.347379164633915494e-01
1.700000000000000000e+01 3.100000000000000000e+01 9.182842864408418126e-01
1.700000000000000000e+01 3.200000000000000000e+01 9.511643038971917541e-01
1.800000000000000000e+01 1.900000000000000000e+01 6.121585817512344985e-01
1.800000000000000000e+01 2.000000000000000000e+01 5.052388618186742786e-01
1.800000000000000000e+01 2.100000000000000000e+01 8.992644872039168291e-01
1.800000000000000000e+01 2.200000000000000000e+01 5.788141738538894465e-01
1.800000000000000000e+01 2.300000000000000000e+01 8.944333667334027904e-01
1.800000000000000000e+01 2.400000000000000000e+01 8.889127801336511592e-01
1.800000000000000000e+01 2.500000000000000000e+01 7.703956625380634637e-01
1.800000000000000000e+01 2.600000000000000000e+01 8.097082204788650373e-01
1.800000000000000000e+01 2.700000000000000000e+01 8.437074332794214371e-01
1.800000000000000000e+01 2.800000000000000000e+01 8.746895030103447599e-01
1.800000000000000000e+01 2.900000000000000000e+01 8.854354970262758862e-01
1.800000000000000000e+01 3.000000000000000000e+01 9.106192733728928346e-01
1.800000000000000000e+01 3.100000000000000000e+01 8.931379652990052431e-01
1.800000000000000000e+01 3.200000000000000000e+01 9.264447639694703973e-01
1.900000000000000000e+01 2.000000000000000000e+01 5.346323650805813177e-01
1.900000000000000000e+01 2.100000000000000000e+01 9.587573553367831902e-01
1.900000000000000000e+01 2.200000000000000000e+01 6.389038693277040437e-01
1.900000000000000000e+01 2.300000000000000000e+01 9.532334385379599428e-01
1.900000000000000000e+01 2.400000000000000000e+01 9.473338782527978008e-01
1.900000000000000000e+01 2.500000000000000000e+01 8.084989352642271143e-01
1.900000000000000000e+01 2.600000000000000000e+01 8.389880110765268739e-01
1.900000000000000000e+01 2.700000000000000000e+01 8.710796016539803510e-01
1.900000000000000000e+01 2.800000000000000000e+01 9.255280210673622054e-01
1.900000000000000000e+01 2.900000000000000000e+01 9.371796713358189201e-01
1.900000000000000000e+01 3.000000000000000000e+01 9.626519669750739361e-01
1.900000000000000000e+01 3.100000000000000000e+01 9.415265270918335982e-01
1.900000000000000000e+01 3.200000000000000000e+01 9.663361551393485627e-01
2.000000000000000000e+01 2.100000000000000000e+01 9.189638252987128997e-01
2.000000000000000000e+01 2.200000000000000000e+01 5.585551113202198437e-01
2.000000000000000000e+01 2.300000000000000000e+01 9.132118800097051015e-01
2.000000000000000000e+01 2.400000000000000000e+01 9.070671291960055171e-01
2.000000000000000000e+01 2.500000000000000000e+01 7.687198676194524349e-01
2.000000000000000000e+01 2.600000000000000000e+01 8.038325867302291705e-01
2.000000000000000000e+01 2.700000000000000000e+01 8.374112970580132043e-01
2.000000000000000000e+01 2.800000000000000000e+01 8.854713207362541194e-01
2.000000000000000000e+01 2.900000000000000000e+01 8.972258526493543940e-01
2.000000000000000000e+01 3.000000000000000000e+01 9.231215842316053966e-01
2.000000000000000000e+01 3.100000000000000000e+01 9.022649087774536891e-01
2.000000000000000000e+01 3.200000000000000000e+01 9.294415260625790154e-01
2.100000000000000000e+01 2.200000000000000000e+01 8.987591396392460297e-01
2.100000000000000000e+01 2.300000000000000000e+01 5.547965289203495853e-01
2.100000000000000000e+01 2.400000000000000000e+01 6.344326095073884453e-01
2.100000000000000000e+01 2.500000000000000000e+01 8.910697482203395747e-01
2.100000000000000000e+01 2.600000000000000000e+01 9.233306368674787379e-01
2.100000000000000000e+01 2.700000000000000000e+01 9.470001302438388890e-01
2.100000000000000000e+01 2.800000000000000000e+01 8.351576944234226918e-01
2.100000000000000000e+01 2.900000000000000000e+01 8.232793530050042108e-01
2.100000000000000000e+01 3.000000000000000000e+01 8.218486451537017068e-01
2.100000000000000000e+01 3.100000000000000000e+01 8.623736507388712891e-01
2.100000000000000000e+01 3.200000000000000000e+01 9.477646583037144801e-01
2.200000000000000000e+01 2.300000000000000000e+01 8.909777131433245234e-01
2.200000000000000000e+01 2.400000000000000000e+01 8.832347439214800477e-01
2.200000000000000000e+01 2.500000000000000000e+01 7.144530037445162574e-01
2.200000000000000000e+01 2.600000000000000000e+01 7.551163269763681019e-01
2.200000000000000000e+01 2.700000000000000000e+01 7.917350414338084619e-01
2.200000000000000000e+01 2.800000000000000000e+01 8.503880195336555037e-01
2.200000000000000000e+01 2.900000000000000000e+01 8.640146810184536896e-01
2.200000000000000000e+01 3.000000000000000000e+01 8.921106936078335714e-01
2.200000000000000000e+01 3.100000000000000000e+01 8.665753652545113983e-01
2.200000000000000000e+01 3.200000000000000000e+01 8.900941432724658320e-01
2.300000000000000000e+01 2.400000000000000000e+01 5.185027227741301203e-01
2.300000000000000000e+01 2.500000000000000000e+01 8.764069310617317310e-01
2.300000000000000000e+01 2.600000000000000000e+01 9.081135125376289530e-01
2.300000000000000000e+01 2.700000000000000000e+01 9.313275316388507363e-01
2.300000000000000000e+01 2.800000000000000000e+01 8.089655966294413414e-01
2.300000000000000000e+01 2.900000000000000000e+01 7.947335165268585300e-01
2.300000000000000000e+01 3.000000000000000000e+01 7.924577792838622958e-01
2.300000000000000000e+01 3.100000000000000000e+01 8.383840233413784038e-01
2.300000000000000000e+01 3.200000000000000000e+01 9.285285184001281777e-01
2.400000000000000000e+01 2.500000000000000000e+01 8.636960137090243794e-01
2.400000000000000000e+01 2.600000000000000000e+01 8.954604369268768238e-01
2.400000000000000000e+01 2.700000000000000000e+01 9.186159776805240540e-01
2.400000000000000000e+01 2.800000000000000000e+01 7.873964775248853964e-01
2.400000000000000000e+01 2.900000000000000000e+01 7.716014197772302907e-01
2.400000000000000000e+01 3.000000000000000000e+01 7.711245202916292563e-01
2.400000000000000000e+01 3.100000000000000000e+01 8.199004845089130633e-01
2.400000000000000000e+01 3.200000000000000000e+01 9.142499367661569565e-01
2.500000000000000000e+01 2.600000000000000000e+01 5.869942695964915913e-01
2.500000000000000000e+01 2.700000000000000000e+01 6.622820206792598974e-01
2.500000000000000000e+01 2.800000000000000000e+01 7.749031245702151516e-01
2.500000000000000000e+01 2.900000000000000000e+01 7.980357948708896032e-01
2.500000000000000000e+01 3.000000000000000000e+01 8.344433212416930701e-01
2.500000000000000000e+01 3.100000000000000000e+01 7.830281614606644514e-01
2.500000000000000000e+01 3.200000000000000000e+01 7.845070782638776663e-01
2.600000000000000000e+01 2.700000000000000000e+01 5.315735209774448133e-01
2.600000000000000000e+01 2.800000000000000000e+01 7.989680476728227010e-01
2.600000000000000000e+01 2.900000000000000000e+01 8.211689228464362778e-01
2.600000000000000000e+01 3.000000000000000000e+01 8.543686638079197593e-01
2.600000000000000000e+01 3.100000000000000000e+01 7.966401581985762537e-01
2.600000000000000000e+01 3.200000000000000000e+01 7.564797127686762046e-01
2.700000000000000000e+01 2.800000000000000000e+01 8.185601378885118962e-01
2.700000000000000000e+01 2.900000000000000000e+01 8.397154703753746396e-01
2.700000000000000000e+01 3.000000000000000000e+01 8.706037469046949973e-01
2.700000000000000000e+01 3.100000000000000000e+01 8.106104984452597861e-01
2.700000000000000000e+01 3.200000000000000000e+01 7.416980309702041474e-01
2.800000000000000000e+01 2.900000000000000000e+01 5.299036640131991049e-01
2.800000000000000000e+01 3.000000000000000000e+01 6.644025620704712143e-01
2.800000000000000000e+01 3.100000000000000000e+01 5.861644416307276728e-01
2.800000000000000000e+01 3.200000000000000000e+01 7.841882188656472685e-01
2.900000000000000000e+01 3.000000000000000000e+01 6.055679968940985702e-01
2.900000000000000000e+01 3.100000000000000000e+01 6.232642712758516002e-01
2.900000000000000000e+01 3.200000000000000000e+01 8.035477505241441776e-01
3.000000000000000000e+01 3.100000000000000000e+01 6.834845896905543672e-01
3.000000000000000000e+01 3.200000000000000000e+01 8.278378651729192406e-01
3.100000000000000000e+01 3.200000000000000000e+01 7.478956869389579154e-01
