1.000000000000000000e+00 2.000000000000000000e+00 8.655458908906461524e-01
1.000000000000000000e+00 3.000000000000000000e+00 9.767648271164720564e-01
1.000000000000000000e+00 4.000000000000000000e+00 9.582640654286471715e-01
1.000000000000000000e+00 5.000000000000000000e+00 9.734873748985990449e-01
1.000000000000000000e+00 6.000000000000000000e+00 9.831838057707973366e-01
1.000000000000000000e+00 7.000000000000000000e+00 9.764751189958389421e-01
1.000000000000000000e+00 8.000000000000000000e+00 1.003001103947431805e+00
1.000000000000000000e+00 9.000000000000000000e+00 9.440784305755637318e-01
1.000000000000000000e+00 1.000000000000000000e+01 9.931276931524438689e-01
1.000000000000000000e+00 1.100000000000000000e+01 9.656607267367403047e-01
1.000000000000000000e+00 1.200000000000000000e+01 9.806730792718704182e-01
1.000000000000000000e+00 1.300000000000000000e+01 9.613357717386545875e-01
1.000000000000000000e+00 1.400000000000000000e+01 1.192032978070317606e+00
1.000000000000000000e+00 1.500000000000000000e+01 9.922996450095840082e-01
1.000000000000000000e+00 1.600000000000000000e+01 1.128126773157265950e+00
1.000000000000000000e+00 1.700000000000000000e+01 1.155956736799565343e+00
1.000000000000000000e+00 1.800000000000000000e+01 1.139336502989494626e+00
1.000000000000000000e+00 1.900000000000000000e+01 1.196572283099471834e+00
1.000000000000000000e+00 2.000000000000000000e+01 1.159510308176034954e+00
1.000000000000000000e+00 2.100000000000000000e+01 1.021717327516486584e+00
1.000000000000000000e+00 2.200000000000000000e+01 1.146379078014859942e+00
1.000000000000000000e+00 2.300000000000000000e+01 1.033117151392948463e+00
1.000000000000000000e+00 2.400000000000000000e+01 1.042186330017671025e+00
1.000000000000000000e+00 2.500000000000000000e+01 1.146260899643011699e+00
1.000000000000000000e+00 2.600000000000000000e+01 1.173471195422288949e+00
1.000000000000000000e+00 2.700000000000000000e+01 1.194010060636286896e+00
1.000000000000000000e+00 2.800000000000000000e+01 1.110295513369448539e+00
1.000000000000000000e+00 2.900000000000000000e+01 1.103489183483591818e+00
1.000000000000000000e+00 3.000000000000000000e+01 1.099238846726594998e+00
1.000000000000000000e+00 3.100000000000000000e+01 1.128092475004148554e+00
1.000000000000000000e+00 3.200000000000000000e+01 1.191207008173555293e+00
2.000000000000000000e+00 3.000000000000000000e+00 8.330960170245306218e-01
2.000000000000000000e+00 4.000000000000000000e+00 8.033585313785835957e-01
2.000000000000000000e+00 5.000000000000000000e+00 8.275995230718162787e-01
2.000000000000000000e+00 6.000000000000000000e+00 8.414284521215595891e-01
2.000000000000000000e+00 7.000000000000000000e+00 8.316898583247935850e-01
2.000000000000000000e+00 8.000000000000000000e+00 8.683719895697248337e-01
2.000000000000000000e+00 9.000000000000000000e+00 7.805154970226230171e-01
2.000000000000000000e+00 1.000000000000000000e+01 8.554464272004910219e-01
2.000000000000000000e+00 1.100000000000000000e+01 8.199859018268105260e-01
2.000000000000000000e+00 1.200000000000000000e+01 8.407850695965483068e-01
2.000000000000000000e+00 1.300000000000000000e+01 8.368823763541426430e-01
2.000000000000000000e+00 1.400000000000000000e+01 1.078794385194848493e+00
2.000000000000000000e+00 1.500000000000000000e+01 8.820438155058041296e-01
2.000000000000000000e+00 1.600000000000000000e+01 1.015942610955834491e+00
2.000000000000000000e+00 1.700000000000000000e+01 1.043945023643806591e+00
2.000000000000000000e+00 1.800000000000000000e+01 1.027936610269867046e+00
2.000000000000000000e+00 1.900000000000000000e+01 1.085814083198271218e+00
2.000000000000000000e+00 2.000000000000000000e+01 1.048901553930933872e+00
2.000000000000000000e+00 2.100000000000000000e+01 9.134399048074075544e-01
2.000000000000000000e+00 2.200000000000000000e+01 1.037381248173589121e+00
2.000000000000000000e+00 2.300000000000000000e+01 9.279791047128218562e-01
2.000000000000000000e+00 2.400000000000000000e+01 9.383638484521363843e-01
2.000000000000000000e+00 2.500000000000000000e+01 1.042945013196188819e+00
2.000000000000000000e+00 2.600000000000000000e+01 1.071553476414895512e+00
2.000000000000000000e+00 2.700000000000000000e+01 1.093066842575795006e+00
2.000000000000000000e+00 2.800000000000000000e+01 1.012051377502920513e+00
2.000000000000000000e+00 2.900000000000000000e+01 1.006217587130383562e+00
2.000000000000000000e+00 3.000000000000000000e+01 1.004797894262704050e+00
2.000000000000000000e+00 3.100000000000000000e+01 1.031622813540274297e+00
2.000000000000000000e+00 3.200000000000000000e+01 1.094522872058048657e+00
3.000000000000000000e+00 4.000000000000000000e+00 5.994674186565664975e-01
3.000000000000000000e+00 5.000000000000000000e+00 4.613872862067394109e-01
3.000000000000000000e+00 6.000000000000000000e+00 5.760933317248881913e-01
3.000000000000000000e+00 7.000000000000000000e+00 6.280805071029111897e-01
3.000000000000000000e+00 8.000000000000000000e+00 6.628192638361602995e-01
3.000000000000000000e+00 9.000000000000000000e+00 7.309497203916578423e-01
3.000000000000000000e+00 1.000000000000000000e+01 6.518268793797793448e-01
3.000000000000000000e+00 1.100000000000000000e+01 7.382662546841340934e-01
3.000000000000000000e+00 1.200000000000000000e+01 7.245744595275679378e-01
3.000000000000000000e+00 1.300000000000000000e+01 8.418917739910056763e-01
3.000000000000000000e+00 1.400000000000000000e+01 9.924775117184669870e-01
3.000000000000000000e+00 1.500000000000000000e+01 8.705749780415237282e-01
3.000000000000000000e+00 1.600000000000000000e+01 9.356277393004426290e-01
3.000000000000000000e+00 1.700000000000000000e+01 9.629870032907053012e-01
3.000000000000000000e+00 1.800000000000000000e+01 9.499134318876825134e-01
3.000000000000000000e+00 1.900000000000000000e+01 1.008716809129076575e+00
3.000000000000000000e+00 2.000000000000000000e+01 9.729714952499852743e-01
3.000000000000000000e+00 2.100000000000000000e+01 8.797851168204842143e-01
3.000000000000000000e+00 2.200000000000000000e+01 9.675110361927483638e-01
3.000000000000000000e+00 2.300000000000000000e+01 8.960171504407357101e-01
3.000000000000000000e+00 2.400000000000000000e+01 9.052230847422673143e-01
3.000000000000000000e+00 2.500000000000000000e+01 9.906656395376025603e-01
3.000000000000000000e+00 2.600000000000000000e+01 1.022073314913781727e+00
3.000000000000000000e+00 2.700000000000000000e+01 1.045723681695210017e+00
3.000000000000000000e+00 2.800000000000000000e+01 9.762687511002754448e-01
3.000000000000000000e+00 2.900000000000000000e+01 9.736116566056149946e-01
3.000000000000000000e+00 3.000000000000000000e+01 9.789828308061438999e-01
3.000000000000000000e+00 3.100000000000000000e+01 9.982744252359387893e-01
3.000000000000000000e+00 3.200000000000000000e+01 1.057710973263957355e+00
4.000000000000000000e+00 5.000000000000000000e+00 5.682618198576456781e-01
4.000000000000000000e+00 6.000000000000000000e+00 6.410666455339930625e-01
4.000000000000000000e+00 7.000000000000000000e+00 6.348119649121459762e-01
4.000000000000000000e+00 8.000000000000000000e+00 7.153261903925258736e-01
4.000000000000000000e+00 9.000000000000000000e+00 6.827942861366894656e-01
4.000000000000000000e+00 1.000000000000000000e+01 6.927348840078256798e-01
4.000000000000000000e+00 1.100000000000000000e+01 7.159894073034192008e-01
4.000000000000000000e+00 1.200000000000000000e+01 7.185071741257683664e-01
4.000000000000000000e+00 1.300000000000000000e+01 8.239501232220118876e-01
4.000000000000000000e+00 1.400000000000000000e+01 1.005056368127662969e+00
4.000000000000000000e+00 1.500000000000000000e+01 8.593404560172621665e-01
4.000000000000000000e+00 1.600000000000000000e+01 9.460764532432570650e-01
4.000000000000000000e+00 1.700000000000000000e+01 9.738480882658568927e-01
4.000000000000000000e+00 1.800000000000000000e+01 9.598060805712060883e-01
4.000000000000000000e+00 1.900000000000000000e+01 1.018582325786758558e+00
4.000000000000000000e+00 2.000000000000000000e+01 9.823953337851003553e-01
4.000000000000000000e+00 2.100000000000000000e+01 8.747005502636131524e-01
4.000000000000000000e+00 2.200000000000000000e+01 9.751627686899784209e-01
4.000000000000000000e+00 2.300000000000000000e+01 8.914983882197440312e-01
4.000000000000000000e+00 2.400000000000000000e+01 9.014883277545244766e-01
4.000000000000000000e+00 2.500000000000000000e+01 9.937487898257642005e-01
4.000000000000000000e+00 2.600000000000000000e+01 1.024628777189383166e+00
4.000000000000000000e+00 2.700000000000000000e+01 1.047832892252599235e+00
4.000000000000000000e+00 2.800000000000000000e+01 9.751429845627113124e-01
4.000000000000000000e+00 2.900000000000000000e+01 9.717122600769745322e-01
4.000000000000000000e+00 3.000000000000000000e+01 9.756714442090725914e-01
4.000000000000000000e+00 3.100000000000000000e+01 9.968542217067994926e-01
4.000000000000000000e+00 3.200000000000000000e+01 1.057414134994523858e+00
5.000000000000000000e+00 6.000000000000000000e+00 5.467079320158014788e-01
5.000000000000000000e+00 7.000000000000000000e+00 5.901436584209824865e-01
5.000000000000000000e+00 8.000000000000000000e+00 6.626655111551713606e-01
5.000000000000000000e+00 9.000000000000000000e+00 7.123945829044472378e-01
5.000000000000000000e+00 1.000000000000000000e+01 6.390169467829703853e-01
5.000000000000000000e+00 1.100000000000000000e+01 7.200470381054755453e-01
5.000000000000000000e+00 1.200000000000000000e+01 7.066477737254074354e-01
5.000000000000000000e+00 1.300000000000000000e+01 8.316732512242697162e-01
5.000000000000000000e+00 1.400000000000000000e+01 9.898247043920551658e-01
5.000000000000000000e+00 1.500000000000000000e+01 8.616414684084794384e-01
5.000000000000000000e+00 1.600000000000000000e+01 9.321446195939400159e-01
5.000000000000000000e+00 1.700000000000000000e+01 9.597439345791853871e-01
5.000000000000000000e+00 1.800000000000000000e+01 9.463315641352307850e-01
5.000000000000000000e+00 1.900000000000000000e+01 1.005252749630938913e+00
5.000000000000000000e+00 2.000000000000000000e+01 9.693269233160375364e-01
5.000000000000000000e+00 2.100000000000000000e+01 8.718539256434107987e-01
5.000000000000000000e+00 2.200000000000000000e+01 9.633538055630732622e-01
5.000000000000000000e+00 2.300000000000000000e+01 8.884830640147716174e-01
5.000000000000000000e+00 2.400000000000000000e+01 8.979723978763352044e-01
5.000000000000000000e+00 2.500000000000000000e+01 9.854485585615162524e-01
5.000000000000000000e+00 2.600000000000000000e+01 1.016811812954659944e+00
5.000000000000000000e+00 2.700000000000000000e+01 1.040399679962899837e+00
5.000000000000000000e+00 2.800000000000000000e+01 9.701402239124754523e-01
5.000000000000000000e+00 2.900000000000000000e+01 9.673350886672220650e-01
5.000000000000000000e+00 3.000000000000000000e+01 9.725192881692545921e-01
5.000000000000000000e+00 3.100000000000000000e+01 9.921918354887075964e-01
5.000000000000000000e+00 3.200000000000000000e+01 1.051950610969187627e+00
6.000000000000000000e+00 7.000000000000000000e+00 5.318448737088077305e-01
6.000000000000000000e+00 8.000000000000000000e+00 6.005052977081188903e-01
6.000000000000000000e+00 9.000000000000000000e+00 7.190648129535915922e-01
6.000000000000000000e+00 1.000000000000000000e+01 5.467212219313756227e-01
6.000000000000000000e+00 1.100000000000000000e+01 7.066261795302852811e-01
6.000000000000000000e+00 1.200000000000000000e+01 6.770956243927691576e-01
6.000000000000000000e+00 1.300000000000000000e+01 8.263789784064112798e-01
6.000000000000000000e+00 1.400000000000000000e+01 9.717944896674299837e-01
6.000000000000000000e+00 1.500000000000000000e+01 8.526662649877441158e-01
6.000000000000000000e+00 1.600000000000000000e+01 9.142240044675296051e-01
6.000000000000000000e+00 1.700000000000000000e+01 9.419964657815442788e-01
6.000000000000000000e+00 1.800000000000000000e+01 9.287322344157118437e-01
6.000000000000000000e+00 1.900000000000000000e+01 9.879689032017269223e-01
6.000000000000000000e+00 2.000000000000000000e+01 9.520469224572298828e-01
6.000000000000000000e+00 2.100000000000000000e+01 8.591080476473837990e-01
6.000000000000000000e+00 2.200000000000000000e+01 9.466086082365059440e-01
6.000000000000000000e+00 2.300000000000000000e+01 8.760095413822654997e-01
6.000000000000000000e+00 2.400000000000000000e+01 8.853405088897754460e-01
6.000000000000000000e+00 2.500000000000000000e+01 9.707046692365219887e-01
6.000000000000000000e+00 2.600000000000000000e+01 1.002473520398412754e+00
6.000000000000000000e+00 2.700000000000000000e+01 1.026347806258677720e+00
6.000000000000000000e+00 2.800000000000000000e+01 9.574013303938087027e-01
6.000000000000000000e+00 2.900000000000000000e+01 9.550097820305289975e-01
6.000000000000000000e+00 3.000000000000000000e+01 9.611252285298379494e-01
6.000000000000000000e+00 3.100000000000000000e+01 9.798280709530748922e-01
6.000000000000000000e+00 3.200000000000000000e+01 1.039220973743553822e+00
7.000000000000000000e+00 8.000000000000000000e+00 6.462610940277184746e-01
7.000000000000000000e+00 9.000000000000000000e+00 6.852953762526200476e-01
7.000000000000000000e+00 1.000000000000000000e+01 5.809900945315290555e-01
7.000000000000000000e+00 1.100000000000000000e+01 6.652202553651207495e-01
7.000000000000000000e+00 1.200000000000000000e+01 6.335537921593202837e-01
7.000000000000000000e+00 1.300000000000000000e+01 8.077915842546052883e-01
7.000000000000000000e+00 1.400000000000000000e+01 9.724453871497453772e-01
7.000000000000000000e+00 1.500000000000000000e+01 8.373387855658911416e-01
7.000000000000000000e+00 1.600000000000000000e+01 9.131092811504688544e-01
7.000000000000000000e+00 1.700000000000000000e+01 9.413350430323765838e-01
7.000000000000000000e+00 1.800000000000000000e+01 9.273146503540719010e-01
7.000000000000000000e+00 1.900000000000000000e+01 9.867095498484903526e-01
7.000000000000000000e+00 2.000000000000000000e+01 9.504066521842924331e-01
7.000000000000000000e+00 2.100000000000000000e+01 8.466979108232917106e-01
7.000000000000000000e+00 2.200000000000000000e+01 9.437340713424409167e-01
7.000000000000000000e+00 2.300000000000000000e+01 8.645263029093575025e-01
7.000000000000000000e+00 2.400000000000000000e+01 8.745665019017225816e-01
7.000000000000000000e+00 2.500000000000000000e+01 9.650559087882137899e-01
7.000000000000000000e+00 2.600000000000000000e+01 9.966441600353868058e-01
7.000000000000000000e+00 2.700000000000000000e+01 1.020322219029729860e+00
7.000000000000000000e+00 2.800000000000000000e+01 9.492957693704191513e-01
7.000000000000000000e+00 2.900000000000000000e+01 9.464872495589020662e-01
7.000000000000000000e+00 3.000000000000000000e+01 9.520050072590799939e-01
7.000000000000000000e+00 3.100000000000000000e+01 9.717615263399332903e-01
7.000000000000000000e+00 3.200000000000000000e+01 1.031959783553959342e+00
8.000000000000000000e+00 9.000000000000000000e+00 7.610706326262662857e-01
8.000000000000000000e+00 1.000000000000000000e+01 5.333469947326329175e-01
8.000000000000000000e+00 1.100000000000000000e+01 7.374035151485092143e-01
8.000000000000000000e+00 1.200000000000000000e+01 6.991502788985969330e-01
8.000000000000000000e+00 1.300000000000000000e+01 8.406989236728494852e-01
8.000000000000000000e+00 1.400000000000000000e+01 9.473044034635955679e-01
8.000000000000000000e+00 1.500000000000000000e+01 8.590545362282426822e-01
8.000000000000000000e+00 1.600000000000000000e+01 8.919854440712573496e-01
8.000000000000000000e+00 1.700000000000000000e+01 9.194445580941825735e-01
8.000000000000000000e+00 1.800000000000000000e+01 9.072877167594932679e-01
8.000000000000000000e+00 1.900000000000000000e+01 9.667517794770883466e-01
8.000000000000000000e+00 2.000000000000000000e+01 9.312926499871068131e-01
8.000000000000000000e+00 2.100000000000000000e+01 8.575505963700693624e-01
8.000000000000000000e+00 2.200000000000000000e+01 9.280505247944619285e-01
8.000000000000000000e+00 2.300000000000000000e+01 8.735838051694300166e-01
8.000000000000000000e+00 2.400000000000000000e+01 8.818228963826200140e-01
8.000000000000000000e+00 2.500000000000000000e+01 9.580954143486655195e-01
8.000000000000000000e+00 2.600000000000000000e+01 9.905870058694337121e-01
8.000000000000000000e+00 2.700000000000000000e+01 1.015057933487742536e+00
8.000000000000000000e+00 2.800000000000000000e+01 9.503426598682431781e-01
8.000000000000000000e+00 2.900000000000000000e+01 9.489800526902387734e-01
8.000000000000000000e+00 3.000000000000000000e+01 9.569758866721669310e-01
8.000000000000000000e+00 3.100000000000000000e+01 9.731721327909523822e-01
8.000000000000000000e+00 3.200000000000000000e+01 1.031100341165656298e+00
9.000000000000000000e+00 1.000000000000000000e+01 7.338859761169697071e-01
9.000000000000000000e+00 1.100000000000000000e+01 6.266049386271548283e-01
9.000000000000000000e+00 1.200000000000000000e+01 6.841437261543074078e-01
9.000000000000000000e+00 1.300000000000000000e+01 7.583731376702691485e-01
9.000000000000000000e+00 1.400000000000000000e+01 9.997942929561853820e-01
9.000000000000000000e+00 1.500000000000000000e+01 8.106492418276478595e-01
9.000000000000000000e+00 1.600000000000000000e+01 9.370427085317010185e-01
9.000000000000000000e+00 1.700000000000000000e+01 9.656761880023638778e-01
9.000000000000000000e+00 1.800000000000000000e+01 9.499740371712754872e-01
9.000000000000000000e+00 1.900000000000000000e+01 1.008922063638636901e+00
9.000000000000000000e+00 2.000000000000000000e+01 9.719322104895167236e-01
9.000000000000000000e+00 2.100000000000000000e+01 8.376531170263623594e-01
9.000000000000000000e+00 2.200000000000000000e+01 9.618356602432660551e-01
9.000000000000000000e+00 2.300000000000000000e+01 8.565869770093756941e-01
9.000000000000000000e+00 2.400000000000000000e+01 8.684510635237674414e-01
9.000000000000000000e+00 2.500000000000000000e+01 9.735378193226826848e-01
9.000000000000000000e+00 2.600000000000000000e+01 1.003843203896832348e+00
9.000000000000000000e+00 2.700000000000000000e+01 1.026497699982394485e+00
9.000000000000000000e+00 2.800000000000000000e+01 9.485905907087945899e-01
9.000000000000000000e+00 2.900000000000000000e+01 9.440192996333978126e-01
9.000000000000000000e+00 3.000000000000000000e+01 9.462083437063155689e-01
9.000000000000000000e+00 3.100000000000000000e+01 9.702627874175218103e-01
9.000000000000000000e+00 3.200000000000000000e+01 1.032824556016420425e+00
1.000000000000000000e+01 1.100000000000000000e+01 7.040071953017605910e-01
1.000000000000000000e+01 1.200000000000000000e+01 6.565597253886522600e-01
1.000000000000000000e+01 1.300000000000000000e+01 8.234394001272498098e-01
1.000000000000000000e+01 1.400000000000000000e+01 9.528763529082737715e-01
1.000000000000000000e+01 1.500000000000000000e+01 8.449083895986309045e-01
1.000000000000000000e+01 1.600000000000000000e+01 8.952695856639352190e-01
1.000000000000000000e+01 1.700000000000000000e+01 9.233086139176067686e-01
1.000000000000000000e+01 1.800000000000000000e+01 9.101637105861941635e-01
1.000000000000000000e+01 1.900000000000000000e+01 9.698173250034585191e-01
1.000000000000000000e+01 2.000000000000000000e+01 9.338652939019413957e-01
1.000000000000000000e+01 2.100000000000000000e+01 8.466027698334483986e-01
1.000000000000000000e+01 2.200000000000000000e+01 9.289988892664982068e-01
1.000000000000000000e+01 2.300000000000000000e+01 8.636601237757688398e-01
1.000000000000000000e+01 2.400000000000000000e+01 8.727145402862208634e-01
1.000000000000000000e+01 2.500000000000000000e+01 9.553711517050647029e-01
1.000000000000000000e+01 2.600000000000000000e+01 9.876055838099844220e-01
1.000000000000000000e+01 2.700000000000000000e+01 1.011805991872910981e+00
1.000000000000000000e+01 2.800000000000000000e+01 9.443933861759976622e-01
1.000000000000000000e+01 2.900000000000000000e+01 9.424863780171441885e-01
1.000000000000000000e+01 3.000000000000000000e+01 9.496689408041480984e-01
1.000000000000000000e+01 3.100000000000000000e+01 9.672308806620981692e-01
1.000000000000000000e+01 3.200000000000000000e+01 1.026180836236795679e+00
1.100000000000000000e+01 1.200000000000000000e+01 5.753485343858254497e-01
1.100000000000000000e+01 1.300000000000000000e+01 7.435519012947071626e-01
1.100000000000000000e+01 1.400000000000000000e+01 9.721999538338501612e-01
1.100000000000000000e+01 1.500000000000000000e+01 7.862107941400655609e-01
1.100000000000000000e+01 1.600000000000000000e+01 9.084858915278133384e-01
1.100000000000000000e+01 1.700000000000000000e+01 9.377205583838039704e-01
1.100000000000000000e+01 1.800000000000000000e+01 9.217537543211422602e-01
1.100000000000000000e+01 1.900000000000000000e+01 9.813652964774701726e-01
1.100000000000000000e+01 2.000000000000000000e+01 9.441190335529667799e-01
1.100000000000000000e+01 2.100000000000000000e+01 8.070533805947599504e-01
1.100000000000000000e+01 2.200000000000000000e+01 9.340931899828195384e-01
1.100000000000000000e+01 2.300000000000000000e+01 8.283255426782931696e-01
1.100000000000000000e+01 2.400000000000000000e+01 8.409065101275952081e-01
1.100000000000000000e+01 2.500000000000000000e+01 9.475108942877736862e-01
1.100000000000000000e+01 2.600000000000000000e+01 9.785559523376401447e-01
1.100000000000000000e+01 2.700000000000000000e+01 1.001668313372851893e+00
1.100000000000000000e+01 2.800000000000000000e+01 9.245139314207686532e-01
1.100000000000000000e+01 2.900000000000000000e+01 9.204384679591830487e-01
1.100000000000000000e+01 3.000000000000000000e+01 9.241856437438282779e-01
1.100000000000000000e+01 3.100000000000000000e+01 9.471538513781738722e-01
1.100000000000000000e+01 3.200000000000000000e+01 1.009776678396863359e+00
1.200000000000000000e+01 1.300000000000000000e+01 7.708950989526164310e-01
1.200000000000000000e+01 1.400000000000000000e+01 9.552961424099006837e-01
1.200000000000000000e+01 1.500000000000000000e+01 7.986592610274461101e-01
1.200000000000000000e+01 1.600000000000000000e+01 8.925381918179480234e-01
1.200000000000000000e+01 1.700000000000000000e+01 9.218812750303631010e-01
1.200000000000000000e+01 1.800000000000000000e+01 9.064932958984139866e-01
1.200000000000000000e+01 1.900000000000000000e+01 9.665830416150356097e-01
1.200000000000000000e+01 2.000000000000000000e+01 9.295090187737429233e-01
1.200000000000000000e+01 2.100000000000000000e+01 8.076653400511393244e-01
1.200000000000000000e+01 2.200000000000000000e+01 9.209432724071393572e-01
1.200000000000000000e+01 2.300000000000000000e+01 8.283138003410257522e-01
1.200000000000000000e+01 2.400000000000000000e+01 8.398274215267038656e-01
1.200000000000000000e+01 2.500000000000000000e+01 9.390650266913016520e-01
1.200000000000000000e+01 2.600000000000000000e+01 9.708619783634027112e-01
1.200000000000000000e+01 2.700000000000000000e+01 9.945362158220756310e-01
1.200000000000000000e+01 2.800000000000000000e+01 9.207902808558938723e-01
1.200000000000000000e+01 2.900000000000000000e+01 9.176703427593826401e-01
1.200000000000000000e+01 3.000000000000000000e+01 9.232937053824989970e-01
1.200000000000000000e+01 3.100000000000000000e+01 9.439456139446682492e-01
1.200000000000000000e+01 3.200000000000000000e+01 1.005421358344926963e+00
1.300000000000000000e+01 1.400000000000000000e+01 1.000209397713659909e+00
1.300000000000000000e+01 1.500000000000000000e+01 6.824308479879386269e-01
1.300000000000000000e+01 1.600000000000000000e+01 9.318409461214873790e-01
1.300000000000000000e+01 1.700000000000000000e+01 9.613352370547281200e-01
1.300000000000000000e+01 1.800000000000000000e+01 9.429559104660389934e-01
1.300000000000000000e+01 1.900000000000000000e+01 1.001497675900615780e+00
1.300000000000000000e+01 2.000000000000000000e+01 9.633455731197200222e-01
1.300000000000000000e+01 2.100000000000000000e+01 7.708629990808875121e-01
1.300000000000000000e+01 2.200000000000000000e+01 9.480252970979403671e-01
1.300000000000000000e+01 2.300000000000000000e+01 7.939917169780039696e-01
1.300000000000000000e+01 2.400000000000000000e+01 8.109412211408852933e-01
1.300000000000000000e+01 2.500000000000000000e+01 9.456232331028220361e-01
1.300000000000000000e+01 2.600000000000000000e+01 9.744479294282697435e-01
1.300000000000000000e+01 2.700000000000000000e+01 9.958422335341230447e-01
1.300000000000000000e+01 2.800000000000000000e+01 9.065691862420597325e-01
1.300000000000000000e+01 2.900000000000000000e+01 8.991907800124552264e-01
1.300000000000000000e+01 3.000000000000000000e+01 8.968243424847808232e-01
1.300000000000000000e+01 3.100000000000000000e+01 9.280286258421286405e-01
1.300000000000000000e+01 3.200000000000000000e+01 9.950992075687967731e-01
1.400000000000000000e+01 1.500000000000000000e+01 9.816603928288867298e-01
1.400000000000000000e+01 1.600000000000000000e+01 6.559510630238831741e-01
1.400000000000000000e+01 1.700000000000000000e+01 5.732849331568077300e-01
1.400000000000000000e+01 1.800000000000000000e+01 6.458574984985860912e-01
1.400000000000000000e+01 1.900000000000000000e+01 6.079203419026539823e-01
1.400000000000000000e+01 2.000000000000000000e+01 6.374260791159325201e-01
1.400000000000000000e+01 2.100000000000000000e+01 9.398424265221265728e-01
1.400000000000000000e+01 2.200000000000000000e+01 7.160063983124604903e-01
1.400000000000000000e+01 2.300000000000000000e+01 9.406825972491312804e-01
1.400000000000000000e+01 2.400000000000000000e+01 9.360747689365411794e-01
1.400000000000000000e+01 2.500000000000000000e+01 8.575069154221124368e-01
1.400000000000000000e+01 2.600000000000000000e+01 8.903573189512854480e-01
1.400000000000000000e+01 2.700000000000000000e+01 9.202575588289458874e-01
1.400000000000000000e+01 2.800000000000000000e+01 9.359931027882790744e-01
1.400000000000000000e+01 2.900000000000000000e+01 9.469201927002719454e-01
1.400000000000000000e+01 3.000000000000000000e+01 9.717108822132607404e-01
1.400000000000000000e+01 3.100000000000000000e+01 9.558358850151558173e-01
1.400000000000000000e+01 3.200000000000000000e+01 9.833426832915395099e-01
1.500000000000000000e+01 1.600000000000000000e+01 9.101760422067057821e-01
1.500000000000000000e+01 1.700000000000000000e+01 9.402451710481034564e-01
1.500000000000000000e+01 1.800000000000000000e+01 9.203863726970542558e-01
1.500000000000000000e+01 1.900000000000000000e+01 9.788958119644226574e-01
1.500000000000000000e+01 2.000000000000000000e+01 9.400541880379247317e-01
1.500000000000000000e+01 2.100000000000000000e+01 6.901641700438414517e-01
1.500000000000000000e+01 2.200000000000000000e+01 9.219515263626014701e-01
1.500000000000000000e+01 2.300000000000000000e+01 7.217442639334041843e-01
1.500000000000000000e+01 2.400000000000000000e+01 7.470934572618186387e-01
1.500000000000000000e+01 2.500000000000000000e+01 9.125973643497589105e-01
1.500000000000000000e+01 2.600000000000000000e+01 9.413281142260438994e-01
1.500000000000000000e+01 2.700000000000000000e+01 9.624859717992533259e-01
1.500000000000000000e+01 2.800000000000000000e+01 8.656033458447511819e-01
1.500000000000000000e+01 2.900000000000000000e+01 8.565477414116291488e-01
1.500000000000000000e+01 3.000000000000000000e+01 8.528074865586636744e-01
1.500000000000000000e+01 3.100000000000000000e+01 8.885730849748165738e-01
1.500000000000000000e+01 3.200000000000000000e+01 9.594363309350908420e-01
1.600000000000000000e+01 1.700000000000000000e+01 5.482793507717220738e-01
1.600000000000000000e+01 1.800000000000000000e+01 4.618900018380069916e-01
1.600000000000000000e+01 1.900000000000000000e+01 6.514348556640177090e-01
1.600000000000000000e+01 2.000000000000000000e+01 5.788310520720387764e-01
1.600000000000000000e+01 2.100000000000000000e+01 8.642684757881033963e-01
1.600000000000000000e+01 2.200000000000000000e+01 6.185633495196221077e-01
1.600000000000000000e+01 2.300000000000000000e+01 8.638739616049286862e-01
1.600000000000000000e+01 2.400000000000000000e+01 8.581190055903844538e-01
1.600000000000000000e+01 2.500000000000000000e+01 7.759029384326685541e-01
1.600000000000000000e+01 2.600000000000000000e+01 8.144167298593576465e-01
1.600000000000000000e+01 2.700000000000000000e+01 8.459960372520825000e-01
1.600000000000000000e+01 2.800000000000000000e+01 8.553241804074480648e-01
1.600000000000000000e+01 2.900000000000000000e+01 8.669770921410235864e-01
1.600000000000000000e+01 3.000000000000000000e+01 8.933647295679119082e-01
1.600000000000000000e+01 3.100000000000000000e+01 8.765079134003959105e-01
1.600000000000000000e+01 3.200000000000000000e+01 9.065817415497969822e-01
1.700000000000000000e+01 1.800000000000000000e+01 5.053059179532868317e-01
1.700000000000000000e+01 1.900000000000000000e+01 5.625570481682642399e-01
1.700000000000000000e+01 2.000000000000000000e+01 5.100388977238030641e-01
1.700000000000000000e+01 2.100000000000000000e+01 8.956790587635576895e-01
1.700000000000000000e+01 2.200000000000000000e+01 6.276517689203888750e-01
1.700000000000000000e+01 2.300000000000000000e+01 8.951039673705367683e-01
1.700000000000000000e+01 2.400000000000000000e+01 8.893354200955196909e-01
1.700000000000000000e+01 2.500000000000000000e+01 7.952654705734893970e-01
1.700000000000000000e+01 2.600000000000000000e+01 8.295425128075588628e-01
1.700000000000000000e+01 2.700000000000000000e+01 8.604259727828595938e-01
1.700000000000000000e+01 2.800000000000000000e+01 8.824266205262594198e-01
1.700000000000000000e+01 2.900000000000000000e+01 8.945386281501919168e-01
1.700000000000000000e+01 3.000000000000000000e+01 9.208870616244622109e-01
1.700000000000000000e+01 3.100000000000000000e+01 9.020496203865864260e-01
1.700000000000000000e+01 3.200000000000000000e+01 9.271829956487531721e-01
1.800000000000000000e+01 1.900000000000000000e+01 6.121031802119609733e-01
1.800000000000000000e+01 2.000000000000000000e+01 5.052063803352542237e-01
1.800000000000000000e+01 2.100000000000000000e+01 8.740155210655042861e-01
1.800000000000000000e+01 2.200000000000000000e+01 5.786635217209421533e-01
1.800000000000000000e+01 2.300000000000000000e+01 8.726819206767384429e-01
1.800000000000000000e+01 2.400000000000000000e+01 8.662558128235513522e-01
1.800000000000000000e+01 2.500000000000000000e+01 7.667249353557978875e-01
1.800000000000000000e+01 2.600000000000000000e+01 8.039482679069995807e-01
1.800000000000000000e+01 2.700000000000000000e+01 8.358522252986564371e-01
1.800000000000000000e+01 2.800000000000000000e+01 8.566253684434244065e-01
1.800000000000000000e+01 2.900000000000000000e+01 8.692905584477788050e-01
1.800000000000000000e+01 3.000000000000000000e+01 8.965638293382351964e-01
1.800000000000000000e+01 3.100000000000000000e+01 8.766818456292519990e-01
1.800000000000000000e+01 3.200000000000000000e+01 9.023234716240271513e-01
1.900000000000000000e+01 2.000000000000000000e+01 5.346256852155741868e-01
1.900000000000000000e+01 2.100000000000000000e+01 9.335156453703339352e-01
1.900000000000000000e+01 2.200000000000000000e+01 6.388332938333451949e-01
1.900000000000000000e+01 2.300000000000000000e+01 9.315459033151709534e-01
1.900000000000000000e+01 2.400000000000000000e+01 9.247922564669761591e-01
1.900000000000000000e+01 2.500000000000000000e+01 8.053887042399654472e-01
1.900000000000000000e+01 2.600000000000000000e+01 8.342182240248823266e-01
1.900000000000000000e+01 2.700000000000000000e+01 8.644178952015602047e-01
1.900000000000000000e+01 2.800000000000000000e+01 9.075863976182239057e-01
1.900000000000000000e+01 2.900000000000000000e+01 9.211621350437406708e-01
1.900000000000000000e+01 3.000000000000000000e+01 9.486919385224472645e-01
1.900000000000000000e+01 3.100000000000000000e+01 9.251083460239288847e-01
1.900000000000000000e+01 3.200000000000000000e+01 9.420347330166125577e-01
2.000000000000000000e+01 2.100000000000000000e+01 8.936097983417461421e-01
2.000000000000000000e+01 2.200000000000000000e+01 5.584980200111153703e-01
2.000000000000000000e+01 2.300000000000000000e+01 8.913978215583715503e-01
2.000000000000000000e+01 2.400000000000000000e+01 8.843850048441392886e-01
2.000000000000000000e+01 2.500000000000000000e+01 7.655824296484954328e-01
2.000000000000000000e+01 2.600000000000000000e+01 7.988607055422318748e-01
2.000000000000000000e+01 2.700000000000000000e+01 8.304520861949320487e-01
2.000000000000000000e+01 2.800000000000000000e+01 8.673529362727423475e-01
2.000000000000000000e+01 2.900000000000000000e+01 8.810441595593279107e-01
2.000000000000000000e+01 3.000000000000000000e+01 9.090266024864013250e-01
2.000000000000000000e+01 3.100000000000000000e+01 8.857093270384206463e-01
2.000000000000000000e+01 3.200000000000000000e+01 9.051057461441314178e-01
2.100000000000000000e+01 2.200000000000000000e+01 8.728411344311775011e-01
2.100000000000000000e+01 2.300000000000000000e+01 5.479909824296276266e-01
2.100000000000000000e+01 2.400000000000000000e+01 6.189092910931721647e-01
2.100000000000000000e+01 2.500000000000000000e+01 8.599357379421717074e-01
2.100000000000000000e+01 2.600000000000000000e+01 8.909355222409158781e-01
2.100000000000000000e+01 2.700000000000000000e+01 9.132808455634708888e-01
2.100000000000000000e+01 2.800000000000000000e+01 8.090788640018471423e-01
2.100000000000000000e+01 2.900000000000000000e+01 8.000776763259469515e-01
2.100000000000000000e+01 3.000000000000000000e+01 8.022765658675596878e-01
2.100000000000000000e+01 3.100000000000000000e+01 8.377798555348388021e-01
2.100000000000000000e+01 3.200000000000000000e+01 9.132015886134603466e-01
2.200000000000000000e+01 2.300000000000000000e+01 8.686299719747914150e-01
2.200000000000000000e+01 2.400000000000000000e+01 8.600425763355703523e-01
2.200000000000000000e+01 2.500000000000000000e+01 7.119716418326074159e-01
2.200000000000000000e+01 2.600000000000000000e+01 7.507509940007102145e-01
2.200000000000000000e+01 2.700000000000000000e+01 7.853069002941803767e-01
2.200000000000000000e+01 2.800000000000000000e+01 8.316069100012635218e-01
2.200000000000000000e+01 2.900000000000000000e+01 8.472322725733019144e-01
2.200000000000000000e+01 3.000000000000000000e+01 8.774860232262240434e-01
2.200000000000000000e+01 3.100000000000000000e+01 8.493853144093599372e-01
2.200000000000000000e+01 3.200000000000000000e+01 8.652065408898053089e-01
2.300000000000000000e+01 2.400000000000000000e+01 5.151746062999960074e-01
2.300000000000000000e+01 2.500000000000000000e+01 8.490868609709412151e-01
2.300000000000000000e+01 2.600000000000000000e+01 8.797277549832369647e-01
2.300000000000000000e+01 2.700000000000000000e+01 9.017401173899191047e-01
2.300000000000000000e+01 2.800000000000000000e+01 7.889717405852172405e-01
2.300000000000000000e+01 2.900000000000000000e+01 7.778551455880002852e-01
2.300000000000000000e+01 3.000000000000000000e+01 7.791483018411227146e-01
2.300000000000000000e+01 3.100000000000000000e+01 8.195889109166654141e-01
2.300000000000000000e+01 3.200000000000000000e+01 8.991598685715531669e-01
2.400000000000000000e+01 2.500000000000000000e+01 8.357483944976309420e-01
2.400000000000000000e+01 2.600000000000000000e+01 8.666148799578892170e-01
2.400000000000000000e+01 2.700000000000000000e+01 8.886716064663169323e-01
2.400000000000000000e+01 2.800000000000000000e+01 7.686188398566486946e-01
2.400000000000000000e+01 2.900000000000000000e+01 7.561849008350185475e-01
2.400000000000000000e+01 3.000000000000000000e+01 7.591669785759533884e-01
2.400000000000000000e+01 3.100000000000000000e+01 8.020223910774211262e-01
2.400000000000000000e+01 3.200000000000000000e+01 8.852163858513908412e-01
2.500000000000000000e+01 2.600000000000000000e+01 5.849069576506340518e-01
2.500000000000000000e+01 2.700000000000000000e+01 6.570309701150900406e-01
2.500000000000000000e+01 2.800000000000000000e+01 7.504250237601328699e-01
2.500000000000000000e+01 2.900000000000000000e+01 7.759157512690557645e-01
2.500000000000000000e+01 3.000000000000000000e+01 8.146764265205461708e-01
2.500000000000000000e+01 3.100000000000000000e+01 7.598039573452366469e-01
2.500000000000000000e+01 3.200000000000000000e+01 7.539312691259720811e-01
2.600000000000000000e+01 2.700000000000000000e+01 5.305136150470148859e-01
2.600000000000000000e+01 2.800000000000000000e+01 7.747994582033230770e-01
2.600000000000000000e+01 2.900000000000000000e+01 7.990355880772042063e-01
2.600000000000000000e+01 3.000000000000000000e+01 8.341961664912560526e-01
2.600000000000000000e+01 3.100000000000000000e+01 7.733024601933882192e-01
2.600000000000000000e+01 3.200000000000000000e+01 7.237617524766599697e-01
2.700000000000000000e+01 2.800000000000000000e+01 7.941090490905002852e-01
2.700000000000000000e+01 2.900000000000000000e+01 8.170911088969805558e-01
2.700000000000000000e+01 3.000000000000000000e+01 8.497075841161376708e-01
2.700000000000000000e+01 3.100000000000000000e+01 7.869083362313991081e-01
2.700000000000000000e+01 3.200000000000000000e+01 7.071208402416764294e-01
2.800000000000000000e+01 2.900000000000000000e+01 5.294139428639270673e-01
2.800000000000000000e+01 3.000000000000000000e+01 6.625216709682091309e-01
2.800000000000000000e+01 3.100000000000000000e+01 5.851377579334215984e-01
2.800000000000000000e+01 3.200000000000000000e+01 7.688380276248789613e-01
2.900000000000000000e+01 3.000000000000000000e+01 6.049650577534915197e-01
2.900000000000000000e+01 3.100000000000000000e+01 6.220446735423035278e-01
2.900000000000000000e+01 3.200000000000000000e+01 7.892279335159619880e-01
3.000000000000000000e+01 3.100000000000000000e+01 6.818604939118988462e-01
3.000000000000000000e+01 3.200000000000000000e+01 8.150107853268375724e-01
3.100000000000000000e+01 3.200000000000000000e+01 7.371320374322030133e-01
