1.000000000000000000e+00 2.000000000000000000e+00 8.824534051420216407e-01
1.000000000000000000e+00 3.000000000000000000e+00 1.002885840776352566e+00
1.000000000000000000e+00 4.000000000000000000e+00 9.855442916215811922e-01
1.000000000000000000e+00 5.000000000000000000e+00 1.000181459403473250e+00
1.000000000000000000e+00 6.000000000000000000e+00 1.010450331575682315e+00
1.000000000000000000e+00 7.000000000000000000e+00 1.005036360746635049e+00
1.000000000000000000e+00 8.000000000000000000e+00 1.030210876587176250e+00
1.000000000000000000e+00 9.000000000000000000e+00 9.860091452676665869e-01
1.000000000000000000e+00 1.000000000000000000e+01 1.021027782429441144e+00
1.000000000000000000e+00 1.100000000000000000e+01 1.006748240884950851e+00
1.000000000000000000e+00 1.200000000000000000e+01 1.014018375697337992e+00
1.000000000000000000e+00 1.300000000000000000e+01 9.884968907013171879e-01
1.000000000000000000e+00 1.400000000000000000e+01 1.226577107717047532e+00
1.000000000000000000e+00 1.500000000000000000e+01 1.023118575789022211e+00
1.000000000000000000e+00 1.600000000000000000e+01 1.163820557559116287e+00
1.000000000000000000e+00 1.700000000000000000e+01 1.191653113584719259e+00
1.000000000000000000e+00 1.800000000000000000e+01 1.175669495773642659e+00
1.000000000000000000e+00 1.900000000000000000e+01 1.233396262506039731e+00
1.000000000000000000e+00 2.000000000000000000e+01 1.196534155137021216e+00
1.000000000000000000e+00 2.100000000000000000e+01 1.071893870620976852e+00
1.000000000000000000e+00 2.200000000000000000e+01 1.185173814351187405e+00
1.000000000000000000e+00 2.300000000000000000e+01 1.080135467480773048e+00
1.000000000000000000e+00 2.400000000000000000e+01 1.091915258017681412e+00
1.000000000000000000e+00 2.500000000000000000e+01 1.196722471805724552e+00
1.000000000000000000e+00 2.600000000000000000e+01 1.227340114405017557e+00
1.000000000000000000e+00 2.700000000000000000e+01 1.250918916789728774e+00
1.000000000000000000e+00 2.800000000000000000e+01 1.160183776361622066e+00
1.000000000000000000e+00 2.900000000000000000e+01 1.150432302260073314e+00
1.000000000000000000e+00 3.000000000000000000e+01 1.143596528696938286e+00
1.000000000000000000e+00 3.100000000000000000e+01 1.176671984384724645e+00
1.000000000000000000e+00 3.200000000000000000e+01 1.252659464699140468e+00
2.000000000000000000e+00 3.000000000000000000e+00 8.641689892374675441e-01
2.000000000000000000e+00 4.000000000000000000e+00 8.366208539523788401e-01
2.000000000000000000e+00 5.000000000000000000e+00 8.591532565757475925e-01
2.000000000000000000e+00 6.000000000000000000e+00 8.725497342224552977e-01
2.000000000000000000e+00 7.000000000000000000e+00 8.639173363492853586e-01
2.000000000000000000e+00 8.000000000000000000e+00 8.984869934581916073e-01
2.000000000000000000e+00 9.000000000000000000e+00 8.265662283702289725e-01
2.000000000000000000e+00 1.000000000000000000e+01 8.862904293024735924e-01
2.000000000000000000e+00 1.100000000000000000e+01 8.629701937659002287e-01
2.000000000000000000e+00 1.200000000000000000e+01 8.759487332718263186e-01
2.000000000000000000e+00 1.300000000000000000e+01 8.617052117153143342e-01
2.000000000000000000e+00 1.400000000000000000e+01 1.111596086253499038e+00
2.000000000000000000e+00 1.500000000000000000e+01 9.097413466988157893e-01
2.000000000000000000e+00 1.600000000000000000e+01 1.049505140642999601e+00
2.000000000000000000e+00 1.700000000000000000e+01 1.077538457564367169e+00
2.000000000000000000e+00 1.800000000000000000e+01 1.061972155152675068e+00
2.000000000000000000e+00 1.900000000000000000e+01 1.120260907734343059e+00
2.000000000000000000e+00 2.000000000000000000e+01 1.083474146116291781e+00
2.000000000000000000e+00 2.100000000000000000e+01 9.613805941087707474e-01
2.000000000000000000e+00 2.200000000000000000e+01 1.073304576824052559e+00
2.000000000000000000e+00 2.300000000000000000e+01 9.724403618442098995e-01
2.000000000000000000e+00 2.400000000000000000e+01 9.854968138243032083e-01
2.000000000000000000e+00 2.500000000000000000e+01 1.089246700157802117e+00
2.000000000000000000e+00 2.600000000000000000e+01 1.121079322185670302e+00
2.000000000000000000e+00 2.700000000000000000e+01 1.145498609380781518e+00
2.000000000000000000e+00 2.800000000000000000e+01 1.058459003842052049e+00
2.000000000000000000e+00 2.900000000000000000e+01 1.049454635263485258e+00
2.000000000000000000e+00 3.000000000000000000e+01 1.044808901029494308e+00
2.000000000000000000e+00 3.100000000000000000e+01 1.076319828364431075e+00
2.000000000000000000e+00 3.200000000000000000e+01 1.152082315022390890e+00
3.000000000000000000e+00 4.000000000000000000e+00 5.998017419226718827e-01
3.000000000000000000e+00 5.000000000000000000e+00 4.614174525962806417e-01
3.000000000000000000e+00 6.000000000000000000e+00 5.763040874643723388e-01
3.000000000000000000e+00 7.000000000000000000e+00 6.286074977366646888e-01
3.000000000000000000e+00 8.000000000000000000e+00 6.634828132165206949e-01
3.000000000000000000e+00 9.000000000000000000e+00 7.408819340542177612e-01
3.000000000000000000e+00 1.000000000000000000e+01 6.525001184432832613e-01
3.000000000000000000e+00 1.100000000000000000e+01 7.474421335613896655e-01
3.000000000000000000e+00 1.200000000000000000e+01 7.282385171635841203e-01
3.000000000000000000e+00 1.300000000000000000e+01 8.678626829917539531e-01
3.000000000000000000e+00 1.400000000000000000e+01 1.001413939078534376e+00
3.000000000000000000e+00 1.500000000000000000e+01 8.951363437376669285e-01
3.000000000000000000e+00 1.600000000000000000e+01 9.456332516833436674e-01
3.000000000000000000e+00 1.700000000000000000e+01 9.730662360491162399e-01
3.000000000000000000e+00 1.800000000000000000e+01 9.606063388565626582e-01
3.000000000000000000e+00 1.900000000000000000e+01 1.020004111511375600e+00
3.000000000000000000e+00 2.000000000000000000e+01 9.844229003089655095e-01
3.000000000000000000e+00 2.100000000000000000e+01 9.208384492442462932e-01
3.000000000000000000e+00 2.200000000000000000e+01 9.807519296907665218e-01
3.000000000000000000e+00 2.300000000000000000e+01 9.326924910475029584e-01
3.000000000000000000e+00 2.400000000000000000e+01 9.437361341605210452e-01
3.000000000000000000e+00 2.500000000000000000e+01 1.015757648353850406e+00
3.000000000000000000e+00 2.600000000000000000e+01 1.050942347448551084e+00
3.000000000000000000e+00 2.700000000000000000e+01 1.077906838584942628e+00
3.000000000000000000e+00 2.800000000000000000e+01 1.010190179371309505e+00
3.000000000000000000e+00 2.900000000000000000e+01 1.004838100594226624e+00
3.000000000000000000e+00 3.000000000000000000e+01 1.007588845254872023e+00
3.000000000000000000e+00 3.100000000000000000e+01 1.030195459573977956e+00
3.000000000000000000e+00 3.200000000000000000e+01 1.101146970832076910e+00
4.000000000000000000e+00 5.000000000000000000e+00 5.685206274467533571e-01
4.000000000000000000e+00 6.000000000000000000e+00 6.418605284213818596e-01
4.000000000000000000e+00 7.000000000000000000e+00 6.357565863937937323e-01
4.000000000000000000e+00 8.000000000000000000e+00 7.171127730706892134e-01
4.000000000000000000e+00 9.000000000000000000e+00 6.906300087917961461e-01
4.000000000000000000e+00 1.000000000000000000e+01 6.943969219493812961e-01
4.000000000000000000e+00 1.100000000000000000e+01 7.256884013692790347e-01
4.000000000000000000e+00 1.200000000000000000e+01 7.234038383817653628e-01
4.000000000000000000e+00 1.300000000000000000e+01 8.518363354467903825e-01
4.000000000000000000e+00 1.400000000000000000e+01 1.016631769717378564e+00
4.000000000000000000e+00 1.500000000000000000e+01 8.854323169862137188e-01
4.000000000000000000e+00 1.600000000000000000e+01 9.588417979407057867e-01
4.000000000000000000e+00 1.700000000000000000e+01 9.866589381303947359e-01
4.000000000000000000e+00 1.800000000000000000e+01 9.732857927211231441e-01
4.000000000000000000e+00 1.900000000000000000e+01 1.032647101265377509e+00
4.000000000000000000e+00 2.000000000000000000e+01 9.966525536590893353e-01
4.000000000000000000e+00 2.100000000000000000e+01 9.170689020741615849e-01
4.000000000000000000e+00 2.200000000000000000e+01 9.913068812503496030e-01
4.000000000000000000e+00 2.300000000000000000e+01 9.296363850208555490e-01
4.000000000000000000e+00 2.400000000000000000e+01 9.415420082451946282e-01
4.000000000000000000e+00 2.500000000000000000e+01 1.021989952686883196e+00
4.000000000000000000e+00 2.600000000000000000e+01 1.056609716031506663e+00
4.000000000000000000e+00 2.700000000000000000e+01 1.083101606691766916e+00
4.000000000000000000e+00 2.800000000000000000e+01 1.010995864231721164e+00
4.000000000000000000e+00 2.900000000000000000e+01 1.004875796185825010e+00
4.000000000000000000e+00 3.000000000000000000e+01 1.006267758021331282e+00
4.000000000000000000e+00 3.100000000000000000e+01 1.030790244922054733e+00
4.000000000000000000e+00 3.200000000000000000e+01 1.102989461777139635e+00
5.000000000000000000e+00 6.000000000000000000e+00 5.468713386328742931e-01
5.000000000000000000e+00 7.000000000000000000e+00 5.905033949249001157e-01
5.000000000000000000e+00 8.000000000000000000e+00 6.633840012676637254e-01
5.000000000000000000e+00 9.000000000000000000e+00 7.215116117059713341e-01
5.000000000000000000e+00 1.000000000000000000e+01 6.396617363045389304e-01
5.000000000000000000e+00 1.100000000000000000e+01 7.285336795655703579e-01
5.000000000000000000e+00 1.200000000000000000e+01 7.100138438042400413e-01
5.000000000000000000e+00 1.300000000000000000e+01 8.584333849273597661e-01
5.000000000000000000e+00 1.400000000000000000e+01 9.991514050538521374e-01
5.000000000000000000e+00 1.500000000000000000e+01 8.867762850374751871e-01
5.000000000000000000e+00 1.600000000000000000e+01 9.425584469556105294e-01
5.000000000000000000e+00 1.700000000000000000e+01 9.702308918519462200e-01
5.000000000000000000e+00 1.800000000000000000e+01 9.574419924073698240e-01
5.000000000000000000e+00 1.900000000000000000e+01 1.016961944690600417e+00
5.000000000000000000e+00 2.000000000000000000e+01 9.812040616027157824e-01
5.000000000000000000e+00 2.100000000000000000e+01 9.133455507939420848e-01
5.000000000000000000e+00 2.200000000000000000e+01 9.770428444428762571e-01
5.000000000000000000e+00 2.300000000000000000e+01 9.255851880695340483e-01
5.000000000000000000e+00 2.400000000000000000e+01 9.369006538710136223e-01
5.000000000000000000e+00 2.500000000000000000e+01 1.011062393856745789e+00
5.000000000000000000e+00 2.600000000000000000e+01 1.046202087730394803e+00
5.000000000000000000e+00 2.700000000000000000e+01 1.073102260912574879e+00
5.000000000000000000e+00 2.800000000000000000e+01 1.004424490042909568e+00
5.000000000000000000e+00 2.900000000000000000e+01 9.989342444839364177e-01
5.000000000000000000e+00 3.000000000000000000e+01 1.001511410971331451e+00
5.000000000000000000e+00 3.100000000000000000e+01 1.024478908443856362e+00
5.000000000000000000e+00 3.200000000000000000e+01 1.095752424799876668e+00
6.000000000000000000e+00 7.000000000000000000e+00 5.319791019431903134e-01
6.000000000000000000e+00 8.000000000000000000e+00 6.007755831888792475e-01
6.000000000000000000e+00 9.000000000000000000e+00 7.289739914149299116e-01
6.000000000000000000e+00 1.000000000000000000e+01 5.468887809146469881e-01
6.000000000000000000e+00 1.100000000000000000e+01 7.140363378570715458e-01
6.000000000000000000e+00 1.200000000000000000e+01 6.793410788611893292e-01
6.000000000000000000e+00 1.300000000000000000e+01 8.533595657280403923e-01
6.000000000000000000e+00 1.400000000000000000e+01 9.799243902659755534e-01
6.000000000000000000e+00 1.500000000000000000e+01 8.779749891353163527e-01
6.000000000000000000e+00 1.600000000000000000e+01 9.233638097881879947e-01
6.000000000000000000e+00 1.700000000000000000e+01 9.512350139095564483e-01
6.000000000000000000e+00 1.800000000000000000e+01 9.385621348139134845e-01
6.000000000000000000e+00 1.900000000000000000e+01 9.984156688624505893e-01
6.000000000000000000e+00 2.000000000000000000e+01 9.626426343278793318e-01
6.000000000000000000e+00 2.100000000000000000e+01 9.007221284236468506e-01
6.000000000000000000e+00 2.200000000000000000e+01 9.589702387165683906e-01
6.000000000000000000e+00 2.300000000000000000e+01 9.130738203235817529e-01
6.000000000000000000e+00 2.400000000000000000e+01 9.241357650860171358e-01
6.000000000000000000e+00 2.500000000000000000e+01 9.949124912572528956e-01
6.000000000000000000e+00 2.600000000000000000e+01 1.030492505575932194e+00
6.000000000000000000e+00 2.700000000000000000e+01 1.057700248533990139e+00
6.000000000000000000e+00 2.800000000000000000e+01 9.910814626727209031e-01
6.000000000000000000e+00 2.900000000000000000e+01 9.860199005146625950e-01
6.000000000000000000e+00 3.000000000000000000e+01 9.895060814634035751e-01
6.000000000000000000e+00 3.100000000000000000e+01 1.011439665814091171e+00
6.000000000000000000e+00 3.200000000000000000e+01 1.082231018201585293e+00
7.000000000000000000e+00 8.000000000000000000e+00 6.468817644411750667e-01
7.000000000000000000e+00 9.000000000000000000e+00 6.939168244445669265e-01
7.000000000000000000e+00 1.000000000000000000e+01 5.813179290684138412e-01
7.000000000000000000e+00 1.100000000000000000e+01 6.710640181226246170e-01
7.000000000000000000e+00 1.200000000000000000e+01 6.352441045440229139e-01
7.000000000000000000e+00 1.300000000000000000e+01 8.367151021935184119e-01
7.000000000000000000e+00 1.400000000000000000e+01 9.817829589044571037e-01
7.000000000000000000e+00 1.500000000000000000e+01 8.641106795982556044e-01
7.000000000000000000e+00 1.600000000000000000e+01 9.235097112927530549e-01
7.000000000000000000e+00 1.700000000000000000e+01 9.518298718981303974e-01
7.000000000000000000e+00 1.800000000000000000e+01 9.384286031673827466e-01
7.000000000000000000e+00 1.900000000000000000e+01 9.984488933749517958e-01
7.000000000000000000e+00 2.000000000000000000e+01 9.623066272584859249e-01
7.000000000000000000e+00 2.100000000000000000e+01 8.894443053197180760e-01
7.000000000000000000e+00 2.200000000000000000e+01 9.574604163565714199e-01
7.000000000000000000e+00 2.300000000000000000e+01 9.027137157579163684e-01
7.000000000000000000e+00 2.400000000000000000e+01 9.144678692765537686e-01
7.000000000000000000e+00 2.500000000000000000e+01 9.908172655365294901e-01
7.000000000000000000e+00 2.600000000000000000e+01 1.026209525643456688e+00
7.000000000000000000e+00 2.700000000000000000e+01 1.053213453351783402e+00
7.000000000000000000e+00 2.800000000000000000e+01 9.840275095323454124e-01
7.000000000000000000e+00 2.900000000000000000e+01 9.785709570832628046e-01
7.000000000000000000e+00 3.000000000000000000e+01 9.814973472689958456e-01
7.000000000000000000e+00 3.100000000000000000e+01 1.004445166342855966e+00
7.000000000000000000e+00 3.200000000000000000e+01 1.076060245073599209e+00
8.000000000000000000e+00 9.000000000000000000e+00 7.736423675203515371e-01
8.000000000000000000e+00 1.000000000000000000e+01 5.334197633104478253e-01
8.000000000000000000e+00 1.100000000000000000e+01 7.459688012200726970e-01
8.000000000000000000e+00 1.200000000000000000e+01 7.014231475914944891e-01
8.000000000000000000e+00 1.300000000000000000e+01 8.664032669115884211e-01
8.000000000000000000e+00 1.400000000000000000e+01 9.532971115862260980e-01
8.000000000000000000e+00 1.500000000000000000e+01 8.835489337337305571e-01
8.000000000000000000e+00 1.600000000000000000e+01 8.988342257814017078e-01
8.000000000000000000e+00 1.700000000000000000e+01 9.264258415446817718e-01
8.000000000000000000e+00 1.800000000000000000e+01 9.147888944209716655e-01
8.000000000000000000e+00 1.900000000000000000e+01 9.748786341652311283e-01
8.000000000000000000e+00 2.000000000000000000e+01 9.395323028061577375e-01
8.000000000000000000e+00 2.100000000000000000e+01 8.986900162837727635e-01
8.000000000000000000e+00 2.200000000000000000e+01 9.379266735578795089e-01
8.000000000000000000e+00 2.300000000000000000e+01 9.100035947780578116e-01
8.000000000000000000e+00 2.400000000000000000e+01 9.198866794822839754e-01
8.000000000000000000e+00 2.500000000000000000e+01 9.794840072110213569e-01
8.000000000000000000e+00 2.600000000000000000e+01 1.015836020398312778e+00
8.000000000000000000e+00 2.700000000000000000e+01 1.043674821129127350e+00
8.000000000000000000e+00 2.800000000000000000e+01 9.828056033974217343e-01
8.000000000000000000e+00 2.900000000000000000e+01 9.787616413124506920e-01
8.000000000000000000e+00 3.000000000000000000e+01 9.840502046193271291e-01
8.000000000000000000e+00 3.100000000000000000e+01 1.003453348322048022e+00
8.000000000000000000e+00 3.200000000000000000e+01 1.072616823654886087e+00
9.000000000000000000e+00 1.000000000000000000e+01 7.454573654343323863e-01
9.000000000000000000e+00 1.100000000000000000e+01 6.402714976024683757e-01
9.000000000000000000e+00 1.200000000000000000e+01 6.976948391658719384e-01
9.000000000000000000e+00 1.300000000000000000e+01 8.035492245771429509e-01
9.000000000000000000e+00 1.400000000000000000e+01 1.025988339396559201e+00
9.000000000000000000e+00 1.500000000000000000e+01 8.516522243475457277e-01
9.000000000000000000e+00 1.600000000000000000e+01 9.646559522391384700e-01
9.000000000000000000e+00 1.700000000000000000e+01 9.932852803935501296e-01
9.000000000000000000e+00 1.800000000000000000e+01 9.783593357086481923e-01
9.000000000000000000e+00 1.900000000000000000e+01 1.037881311118408645e+00
9.000000000000000000e+00 2.000000000000000000e+01 1.001137259232312449e+00
9.000000000000000000e+00 2.100000000000000000e+01 8.938872465358937980e-01
9.000000000000000000e+00 2.200000000000000000e+01 9.931219853540349529e-01
9.000000000000000000e+00 2.300000000000000000e+01 9.087167457629132805e-01
9.000000000000000000e+00 2.400000000000000000e+01 9.225320636538094643e-01
9.000000000000000000e+00 2.500000000000000000e+01 1.017411992310083946e+00
9.000000000000000000e+00 2.600000000000000000e+01 1.051401691036027986e+00
9.000000000000000000e+00 2.700000000000000000e+01 1.077307084911622193e+00
9.000000000000000000e+00 2.800000000000000000e+01 9.985843349547143255e-01
9.000000000000000000e+00 2.900000000000000000e+01 9.913566142253769087e-01
9.000000000000000000e+00 3.000000000000000000e+01 9.910472712602644840e-01
9.000000000000000000e+00 3.100000000000000000e+01 1.018399326878591804e+00
9.000000000000000000e+00 3.200000000000000000e+01 1.092688911877107483e+00
1.000000000000000000e+01 1.100000000000000000e+01 7.112743763616957704e-01
1.000000000000000000e+01 1.200000000000000000e+01 6.582065755910144755e-01
1.000000000000000000e+01 1.300000000000000000e+01 8.504798274185234597e-01
1.000000000000000000e+01 1.400000000000000000e+01 9.597989626681853181e-01
1.000000000000000000e+01 1.500000000000000000e+01 8.703875618437153516e-01
1.000000000000000000e+01 1.600000000000000000e+01 9.031068194063369692e-01
1.000000000000000000e+01 1.700000000000000000e+01 9.312750689427014006e-01
1.000000000000000000e+01 1.800000000000000000e+01 9.186811506972549779e-01
1.000000000000000000e+01 1.900000000000000000e+01 9.789722563572811342e-01
1.000000000000000000e+01 2.000000000000000000e+01 9.431457276609664930e-01
1.000000000000000000e+01 2.100000000000000000e+01 8.884270555755793275e-01
1.000000000000000000e+01 2.200000000000000000e+01 9.399855684034885694e-01
1.000000000000000000e+01 2.300000000000000000e+01 9.007594179347520047e-01
1.000000000000000000e+01 2.400000000000000000e+01 9.114438735858236829e-01
1.000000000000000000e+01 2.500000000000000000e+01 9.780980856446035432e-01
1.000000000000000000e+01 2.600000000000000000e+01 1.014185588345425382e+00
1.000000000000000000e+01 2.700000000000000000e+01 1.041744342391687228e+00
1.000000000000000000e+01 2.800000000000000000e+01 9.775001064182378130e-01
1.000000000000000000e+01 2.900000000000000000e+01 9.729381008745332515e-01
1.000000000000000000e+01 3.000000000000000000e+01 9.774647388539561277e-01
1.000000000000000000e+01 3.100000000000000000e+01 9.981903420820028572e-01
1.000000000000000000e+01 3.200000000000000000e+01 1.068410605276648884e+00
1.100000000000000000e+01 1.200000000000000000e+01 5.786600075374270791e-01
1.100000000000000000e+01 1.300000000000000000e+01 7.882505877362360192e-01
1.100000000000000000e+01 1.400000000000000000e+01 9.929849062876114907e-01
1.100000000000000000e+01 1.500000000000000000e+01 8.262877366182881378e-01
1.100000000000000000e+01 1.600000000000000000e+01 9.305393820586200793e-01
1.100000000000000000e+01 1.700000000000000000e+01 9.598453665943622592e-01
1.100000000000000000e+01 1.800000000000000000e+01 9.446046706482249533e-01
1.100000000000000000e+01 1.900000000000000000e+01 1.004864531418607543e+00
1.100000000000000000e+01 2.000000000000000000e+01 9.678256478470634860e-01
1.100000000000000000e+01 2.100000000000000000e+01 8.615142556533776919e-01
1.100000000000000000e+01 2.200000000000000000e+01 9.598505896776490243e-01
1.100000000000000000e+01 2.300000000000000000e+01 8.781794645208305106e-01
1.100000000000000000e+01 2.400000000000000000e+01 8.923923681580829825e-01
1.100000000000000000e+01 2.500000000000000000e+01 9.859540084385862713e-01
1.100000000000000000e+01 2.600000000000000000e+01 1.020768246383814359e+00
1.100000000000000000e+01 2.700000000000000000e+01 1.047180714024350978e+00
1.100000000000000000e+01 2.800000000000000000e+01 9.705287905061936726e-01
1.100000000000000000e+01 2.900000000000000000e+01 9.638800360487795871e-01
1.100000000000000000e+01 3.000000000000000000e+01 9.651515085154835916e-01
1.100000000000000000e+01 3.100000000000000000e+01 9.911645754180633539e-01
1.100000000000000000e+01 3.200000000000000000e+01 1.065229202041532375e+00
1.200000000000000000e+01 1.300000000000000000e+01 8.053553798753037007e-01
1.200000000000000000e+01 1.400000000000000000e+01 9.664383950469606077e-01
1.200000000000000000e+01 1.500000000000000000e+01 8.302304953788779418e-01
1.200000000000000000e+01 1.600000000000000000e+01 9.047115114948358627e-01
1.200000000000000000e+01 1.700000000000000000e+01 9.341940456640365209e-01
1.200000000000000000e+01 1.800000000000000000e+01 9.194272794658866488e-01
1.200000000000000000e+01 1.900000000000000000e+01 9.802037258110474216e-01
1.200000000000000000e+01 2.000000000000000000e+01 9.432795741824184788e-01
1.200000000000000000e+01 2.100000000000000000e+01 8.543304279689158953e-01
1.200000000000000000e+01 2.200000000000000000e+01 9.365979028609772161e-01
1.200000000000000000e+01 2.300000000000000000e+01 8.700782187138567103e-01
1.200000000000000000e+01 2.400000000000000000e+01 8.830771828442587346e-01
1.200000000000000000e+01 2.500000000000000000e+01 9.670757074131648423e-01
1.200000000000000000e+01 2.600000000000000000e+01 1.002723248463765815e+00
1.200000000000000000e+01 2.700000000000000000e+01 1.029743576966074103e+00
1.200000000000000000e+01 2.800000000000000000e+01 9.579184494600210265e-01
1.200000000000000000e+01 2.900000000000000000e+01 9.522352724808818003e-01
1.200000000000000000e+01 3.000000000000000000e+01 9.553382099346121592e-01
1.200000000000000000e+01 3.100000000000000000e+01 9.789653088566074857e-01
1.200000000000000000e+01 3.200000000000000000e+01 1.051709869593332236e+00
1.300000000000000000e+01 1.400000000000000000e+01 1.024271050902354485e+00
1.300000000000000000e+01 1.500000000000000000e+01 6.855095667987207708e-01
1.300000000000000000e+01 1.600000000000000000e+01 9.564067524153647692e-01
1.300000000000000000e+01 1.700000000000000000e+01 9.858407343635586795e-01
1.300000000000000000e+01 1.800000000000000000e+01 9.677398227468789749e-01
1.300000000000000000e+01 1.900000000000000000e+01 1.026451764020296809e+00
1.300000000000000000e+01 2.000000000000000000e+01 9.884005520790237753e-01
1.300000000000000000e+01 2.100000000000000000e+01 7.965451247716308636e-01
1.300000000000000000e+01 2.200000000000000000e+01 9.739509955032794597e-01
1.300000000000000000e+01 2.300000000000000000e+01 8.180280661356513772e-01
1.300000000000000000e+01 2.400000000000000000e+01 8.388919414882696213e-01
1.300000000000000000e+01 2.500000000000000000e+01 9.801630100816609570e-01
1.300000000000000000e+01 2.600000000000000000e+01 1.011651165086867588e+00
1.300000000000000000e+01 2.700000000000000000e+01 1.035551019047276755e+00
1.300000000000000000e+01 2.800000000000000000e+01 9.364742914413310970e-01
1.300000000000000000e+01 2.900000000000000000e+01 9.253956997575203403e-01
1.300000000000000000e+01 3.000000000000000000e+01 9.187862583008667983e-01
1.300000000000000000e+01 3.100000000000000000e+01 9.559812922733543772e-01
1.300000000000000000e+01 3.200000000000000000e+01 1.036742325017214750e+00
1.400000000000000000e+01 1.500000000000000000e+01 1.005554155042397424e+00
1.400000000000000000e+01 1.600000000000000000e+01 6.560088170938054297e-01
1.400000000000000000e+01 1.700000000000000000e+01 5.733252533164578946e-01
1.400000000000000000e+01 1.800000000000000000e+01 6.459511102710941977e-01
1.400000000000000000e+01 1.900000000000000000e+01 6.081385885390473423e-01
1.400000000000000000e+01 2.000000000000000000e+01 6.376348949516916775e-01
1.400000000000000000e+01 2.100000000000000000e+01 9.816505640152812795e-01
1.400000000000000000e+01 2.200000000000000000e+01 7.165722923863311333e-01
1.400000000000000000e+01 2.300000000000000000e+01 9.775073557337101704e-01
1.400000000000000000e+01 2.400000000000000000e+01 9.744400098129950560e-01
1.400000000000000000e+01 2.500000000000000000e+01 8.642506216772654071e-01
1.400000000000000000e+01 2.600000000000000000e+01 9.003458314198373724e-01
1.400000000000000000e+01 2.700000000000000000e+01 9.335051575591528650e-01
1.400000000000000000e+01 2.800000000000000000e+01 9.695169045007414610e-01
1.400000000000000000e+01 2.900000000000000000e+01 9.771140604654009465e-01
1.400000000000000000e+01 3.000000000000000000e+01 9.981760692285042147e-01
1.400000000000000000e+01 3.100000000000000000e+01 9.867120849433366203e-01
1.400000000000000000e+01 3.200000000000000000e+01 1.025357640203335308e+00
1.500000000000000000e+01 1.600000000000000000e+01 9.346987798222603505e-01
1.500000000000000000e+01 1.700000000000000000e+01 9.645992061600143774e-01
1.500000000000000000e+01 1.800000000000000000e+01 9.450571628991348838e-01
1.500000000000000000e+01 1.900000000000000000e+01 1.003587932144521355e+00
1.500000000000000000e+01 2.000000000000000000e+01 9.648980671584257429e-01
1.500000000000000000e+01 2.100000000000000000e+01 7.059744611420146754e-01
1.500000000000000000e+01 2.200000000000000000e+01 9.476342994834718869e-01
1.500000000000000000e+01 2.300000000000000000e+01 7.378371216268433397e-01
1.500000000000000000e+01 2.400000000000000000e+01 7.681484104718678818e-01
1.500000000000000000e+01 2.500000000000000000e+01 9.464319689540459102e-01
1.500000000000000000e+01 2.600000000000000000e+01 9.774435391667684048e-01
1.500000000000000000e+01 2.700000000000000000e+01 1.000856075729811723e+00
1.500000000000000000e+01 2.800000000000000000e+01 8.915352242346896716e-01
1.500000000000000000e+01 2.900000000000000000e+01 8.785123947989230686e-01
1.500000000000000000e+01 3.000000000000000000e+01 8.701168079787495735e-01
1.500000000000000000e+01 3.100000000000000000e+01 9.124959932606202528e-01
1.500000000000000000e+01 3.200000000000000000e+01 9.975563635048265709e-01
1.600000000000000000e+01 1.700000000000000000e+01 5.483132352158006650e-01
1.600000000000000000e+01 1.800000000000000000e+01 4.619240326194873347e-01
1.600000000000000000e+01 1.900000000000000000e+01 6.516562273512829240e-01
1.600000000000000000e+01 2.000000000000000000e+01 5.790005604284318430e-01
1.600000000000000000e+01 2.100000000000000000e+01 9.069305625869765741e-01
1.600000000000000000e+01 2.200000000000000000e+01 6.190156454721249535e-01
1.600000000000000000e+01 2.300000000000000000e+01 9.016112387405257333e-01
1.600000000000000000e+01 2.400000000000000000e+01 8.974611385941688724e-01
1.600000000000000000e+01 2.500000000000000000e+01 7.824743495975527985e-01
1.600000000000000000e+01 2.600000000000000000e+01 8.246344948852082357e-01
1.600000000000000000e+01 2.700000000000000000e+01 8.596859332981676705e-01
1.600000000000000000e+01 2.800000000000000000e+01 8.899042428545680394e-01
1.600000000000000000e+01 2.900000000000000000e+01 8.981686742029308945e-01
1.600000000000000000e+01 3.000000000000000000e+01 9.206675297563258198e-01
1.600000000000000000e+01 3.100000000000000000e+01 9.082249265556794349e-01
1.600000000000000000e+01 3.200000000000000000e+01 9.489548211230567354e-01
1.700000000000000000e+01 1.800000000000000000e+01 5.053192265381754034e-01
1.700000000000000000e+01 1.900000000000000000e+01 5.626493803772725233e-01
1.700000000000000000e+01 2.000000000000000000e+01 5.101111029971221456e-01
1.700000000000000000e+01 2.100000000000000000e+01 9.379784082482616192e-01
1.700000000000000000e+01 2.200000000000000000e+01 6.279652631723144918e-01
1.700000000000000000e+01 2.300000000000000000e+01 9.324200837584268875e-01
1.700000000000000000e+01 2.400000000000000000e+01 9.281967693796644436e-01
1.700000000000000000e+01 2.500000000000000000e+01 8.012423334355651683e-01
1.700000000000000000e+01 2.600000000000000000e+01 8.387679310379885234e-01
1.700000000000000000e+01 2.700000000000000000e+01 8.729400614584295059e-01
1.700000000000000000e+01 2.800000000000000000e+01 9.166870384557537221e-01
1.700000000000000000e+01 2.900000000000000000e+01 9.253866152961465197e-01
1.700000000000000000e+01 3.000000000000000000e+01 9.478917165683373725e-01
1.700000000000000000e+01 3.100000000000000000e+01 9.336118391376952985e-01
1.700000000000000000e+01 3.200000000000000000e+01 9.698244636181256872e-01
1.800000000000000000e+01 1.900000000000000000e+01 6.121933869447555576e-01
1.800000000000000000e+01 2.000000000000000000e+01 5.052589785675523082e-01
1.800000000000000000e+01 2.100000000000000000e+01 9.166987522850826853e-01
1.800000000000000000e+01 2.200000000000000000e+01 5.789040849576483350e-01
1.800000000000000000e+01 2.300000000000000000e+01 9.104071895760146305e-01
1.800000000000000000e+01 2.400000000000000000e+01 9.055524487305921522e-01
1.800000000000000000e+01 2.500000000000000000e+01 7.724741979953855253e-01
1.800000000000000000e+01 2.600000000000000000e+01 8.131125071238127777e-01
1.800000000000000000e+01 2.700000000000000000e+01 8.484034093082792882e-01
1.800000000000000000e+01 2.800000000000000000e+01 8.914650833470547653e-01
1.800000000000000000e+01 2.900000000000000000e+01 9.006689648220009836e-01
1.800000000000000000e+01 3.000000000000000000e+01 9.240092221714792942e-01
1.800000000000000000e+01 3.100000000000000000e+01 9.087347447575826465e-01
1.800000000000000000e+01 3.200000000000000000e+01 9.452529651462686644e-01
1.900000000000000000e+01 2.000000000000000000e+01 5.346363237274558422e-01
1.900000000000000000e+01 2.100000000000000000e+01 9.759603113604868874e-01
1.900000000000000000e+01 2.200000000000000000e+01 6.389443406580113116e-01
1.900000000000000000e+01 2.300000000000000000e+01 9.689372824664910233e-01
1.900000000000000000e+01 2.400000000000000000e+01 9.636618518896959973e-01
1.900000000000000000e+01 2.500000000000000000e+01 8.102346069825880903e-01
1.900000000000000000e+01 2.600000000000000000e+01 8.417868066881835087e-01
1.900000000000000000e+01 2.700000000000000000e+01 8.750396414105365839e-01
1.900000000000000000e+01 2.800000000000000000e+01 9.421766540150509073e-01
1.900000000000000000e+01 2.900000000000000000e+01 9.522588458801370948e-01
1.900000000000000000e+01 3.000000000000000000e+01 9.759177961168301607e-01
1.900000000000000000e+01 3.100000000000000000e+01 9.571597307651220632e-01
1.900000000000000000e+01 3.200000000000000000e+01 9.856712568371661654e-01
2.000000000000000000e+01 2.100000000000000000e+01 9.362922867871774635e-01
2.000000000000000000e+01 2.200000000000000000e+01 5.585882924589806731e-01
2.000000000000000000e+01 2.300000000000000000e+01 9.290627836537836970e-01
2.000000000000000000e+01 2.400000000000000000e+01 9.235632391346151326e-01
2.000000000000000000e+01 2.500000000000000000e+01 7.704774343488529631e-01
2.000000000000000000e+01 2.600000000000000000e+01 8.067552529544743667e-01
2.000000000000000000e+01 2.700000000000000000e+01 8.415530710170366913e-01
2.000000000000000000e+01 2.800000000000000000e+01 9.023280698170594860e-01
2.000000000000000000e+01 2.900000000000000000e+01 9.124983778784372390e-01
2.000000000000000000e+01 3.000000000000000000e+01 9.365418226126851486e-01
2.000000000000000000e+01 3.100000000000000000e+01 9.180414702464529952e-01
2.000000000000000000e+01 3.200000000000000000e+01 9.487260571936433351e-01
2.100000000000000000e+01 2.200000000000000000e+01 9.162952403400008716e-01
2.100000000000000000e+01 2.300000000000000000e+01 5.576259992145591315e-01
2.100000000000000000e+01 2.400000000000000000e+01 6.412897416927665351e-01
2.100000000000000000e+01 2.500000000000000000e+01 9.106256628453657243e-01
2.100000000000000000e+01 2.600000000000000000e+01 9.433619888088611294e-01
2.100000000000000000e+01 2.700000000000000000e+01 9.676195942539582706e-01
2.100000000000000000e+01 2.800000000000000000e+01 8.498572532503563259e-01
2.100000000000000000e+01 2.900000000000000000e+01 8.361352258439294083e-01
2.100000000000000000e+01 3.000000000000000000e+01 8.323832194416675989e-01
2.100000000000000000e+01 3.100000000000000000e+01 8.761650993235030604e-01
2.100000000000000000e+01 3.200000000000000000e+01 9.664042877808474152e-01
2.200000000000000000e+01 2.300000000000000000e+01 9.070642817527194701e-01
2.200000000000000000e+01 2.400000000000000000e+01 8.999871331836180044e-01
2.200000000000000000e+01 2.500000000000000000e+01 7.158293984602348559e-01
2.200000000000000000e+01 2.600000000000000000e+01 7.576662026697740249e-01
2.200000000000000000e+01 2.700000000000000000e+01 7.955380468005242012e-01
2.200000000000000000e+01 2.800000000000000000e+01 8.679766044437182693e-01
2.200000000000000000e+01 2.900000000000000000e+01 8.799117226480341891e-01
2.200000000000000000e+01 3.000000000000000000e+01 9.060407554632465832e-01
2.200000000000000000e+01 3.100000000000000000e+01 8.830753646309483784e-01
2.200000000000000000e+01 3.200000000000000000e+01 9.100746606488163692e-01
2.300000000000000000e+01 2.400000000000000000e+01 5.198873305871529737e-01
2.300000000000000000e+01 2.500000000000000000e+01 8.944505126455029043e-01
2.300000000000000000e+01 2.600000000000000000e+01 9.264593698250125353e-01
2.300000000000000000e+01 2.700000000000000000e+01 9.501578661533198744e-01
2.300000000000000000e+01 2.800000000000000000e+01 8.201456995184766008e-01
2.300000000000000000e+01 2.900000000000000000e+01 8.039923699378428434e-01
2.300000000000000000e+01 3.000000000000000000e+01 7.995487344228044968e-01
2.300000000000000000e+01 3.100000000000000000e+01 8.488829008594778180e-01
2.300000000000000000e+01 3.200000000000000000e+01 9.442908031255035084e-01
2.400000000000000000e+01 2.500000000000000000e+01 8.823113830783340106e-01
2.400000000000000000e+01 2.600000000000000000e+01 9.142163929296398539e-01
2.400000000000000000e+01 2.700000000000000000e+01 9.377623959561136591e-01
2.400000000000000000e+01 2.800000000000000000e+01 7.975378104523098699e-01
2.400000000000000000e+01 2.900000000000000000e+01 7.797362891184425049e-01
2.400000000000000000e+01 3.000000000000000000e+01 7.772483620684500494e-01
2.400000000000000000e+01 3.100000000000000000e+01 8.295813612712858998e-01
2.400000000000000000e+01 3.200000000000000000e+01 9.295853081061458134e-01
2.500000000000000000e+01 2.600000000000000000e+01 5.880768186368283690e-01
2.500000000000000000e+01 2.700000000000000000e+01 6.650747868951261133e-01
2.500000000000000000e+01 2.800000000000000000e+01 7.968886500616170210e-01
2.500000000000000000e+01 2.900000000000000000e+01 8.177090425051141143e-01
2.500000000000000000e+01 3.000000000000000000e+01 8.517829883640475330e-01
2.500000000000000000e+01 3.100000000000000000e+01 8.045384390449790146e-01
2.500000000000000000e+01 3.200000000000000000e+01 8.095994606583860609e-01
2.600000000000000000e+01 2.700000000000000000e+01 5.321175835683098487e-01
2.600000000000000000e+01 2.800000000000000000e+01 8.199314433304611960e-01
2.600000000000000000e+01 2.900000000000000000e+01 8.402055888022652574e-01
2.600000000000000000e+01 3.000000000000000000e+01 8.715854893335310827e-01
2.600000000000000000e+01 3.100000000000000000e+01 8.178984613799351600e-01
2.600000000000000000e+01 3.200000000000000000e+01 7.848646566180135231e-01
2.700000000000000000e+01 2.800000000000000000e+01 8.390809927241482669e-01
2.700000000000000000e+01 2.900000000000000000e+01 8.585737685970711297e-01
2.700000000000000000e+01 3.000000000000000000e+01 8.879561021729367454e-01
2.700000000000000000e+01 3.100000000000000000e+01 8.316828980026209628e-01
2.700000000000000000e+01 3.200000000000000000e+01 7.724381359515755108e-01
2.800000000000000000e+01 2.900000000000000000e+01 5.301655819256190227e-01
2.800000000000000000e+01 3.000000000000000000e+01 6.654572049927329758e-01
2.800000000000000000e+01 3.100000000000000000e+01 5.866938788508759828e-01
2.800000000000000000e+01 3.200000000000000000e+01 7.921510792509383059e-01
2.900000000000000000e+01 3.000000000000000000e+01 6.059102320440450384e-01
2.900000000000000000e+01 3.100000000000000000e+01 6.239129671205674299e-01
2.900000000000000000e+01 3.200000000000000000e+01 8.109762621765406188e-01
3.000000000000000000e+01 3.100000000000000000e+01 6.844072235348597211e-01
3.000000000000000000e+01 3.200000000000000000e+01 8.344575300082239799e-01
3.100000000000000000e+01 3.200000000000000000e+01 7.533215455322994636e-01
