1.000000000000000000e+00 2.000000000000000000e+00 4.628776347689783077e-01
1.000000000000000000e+00 3.000000000000000000e+00 7.325087342219491759e-01
1.000000000000000000e+00 4.000000000000000000e+00 4.804877870623967540e-01
1.000000000000000000e+00 5.000000000000000000e+00 6.034399918593154055e-01
1.000000000000000000e+00 6.000000000000000000e+00 4.989016807604768622e-01
1.000000000000000000e+00 7.000000000000000000e+00 4.901569994997603263e-01
1.000000000000000000e+00 8.000000000000000000e+00 5.132022948223089465e-01
1.000000000000000000e+00 9.000000000000000000e+00 4.812954582694219385e-01
1.000000000000000000e+00 1.000000000000000000e+01 5.029213968280578095e-01
1.000000000000000000e+00 1.100000000000000000e+01 4.927890151408601538e-01
1.000000000000000000e+00 1.200000000000000000e+01 7.310803358504650573e-01
1.000000000000000000e+00 1.300000000000000000e+01 5.117270213947449076e-01
1.000000000000000000e+00 1.400000000000000000e+01 9.933869289095241806e-01
1.000000000000000000e+00 1.500000000000000000e+01 5.385093045438167358e-01
1.000000000000000000e+00 1.600000000000000000e+01 9.253811047620389418e-01
1.000000000000000000e+00 1.700000000000000000e+01 9.547671640922515968e-01
1.000000000000000000e+00 1.800000000000000000e+01 9.359354879632593160e-01
1.000000000000000000e+00 1.900000000000000000e+01 9.933445696076562692e-01
1.000000000000000000e+00 2.000000000000000000e+01 9.552485936732677541e-01
1.000000000000000000e+00 2.100000000000000000e+01 8.183724528497650086e-01
1.000000000000000000e+00 2.200000000000000000e+01 9.362931447494198256e-01
1.000000000000000000e+00 2.300000000000000000e+01 8.195183016645624097e-01
1.000000000000000000e+00 2.400000000000000000e+01 8.030455301711554306e-01
1.000000000000000000e+00 2.500000000000000000e+01 7.407608380104503398e-01
1.000000000000000000e+00 2.600000000000000000e+01 8.627783666095401038e-01
1.000000000000000000e+00 2.700000000000000000e+01 9.053824001537210675e-01
1.000000000000000000e+00 2.800000000000000000e+01 6.158847577245415428e-01
1.000000000000000000e+00 2.900000000000000000e+01 6.132518937265231118e-01
1.000000000000000000e+00 3.000000000000000000e+01 6.347507851099618570e-01
1.000000000000000000e+00 3.100000000000000000e+01 6.273662279802042496e-01
1.000000000000000000e+00 3.200000000000000000e+01 6.605763939705188159e-01
2.000000000000000000e+00 3.000000000000000000e+00 3.571755798914011404e-01
2.000000000000000000e+00 4.000000000000000000e+00 1.034857475923249281e-01
2.000000000000000000e+00 5.000000000000000000e+00 2.279794959855679926e-01
2.000000000000000000e+00 6.000000000000000000e+00 1.246580048718164968e-01
2.000000000000000000e+00 7.000000000000000000e+00 1.157066007814407937e-01
2.000000000000000000e+00 8.000000000000000000e+00 1.404594346760642543e-01
2.000000000000000000e+00 9.000000000000000000e+00 1.053852096765776625e-01
2.000000000000000000e+00 1.000000000000000000e+01 1.296233821025336574e-01
2.000000000000000000e+00 1.100000000000000000e+01 1.209040418321269961e-01
2.000000000000000000e+00 1.200000000000000000e+01 3.597186372621564709e-01
2.000000000000000000e+00 1.300000000000000000e+01 1.639617825700586673e-01
2.000000000000000000e+00 1.400000000000000000e+01 6.336935945974798701e-01
2.000000000000000000e+00 1.500000000000000000e+01 1.905801106439234394e-01
2.000000000000000000e+00 1.600000000000000000e+01 5.665614005489331140e-01
2.000000000000000000e+00 1.700000000000000000e+01 5.959554652471760194e-01
2.000000000000000000e+00 1.800000000000000000e+01 5.775918865844846817e-01
2.000000000000000000e+00 1.900000000000000000e+01 6.352733017007089478e-01
2.000000000000000000e+00 2.000000000000000000e+01 5.973510950809828302e-01
2.000000000000000000e+00 2.100000000000000000e+01 4.668766974297914318e-01
2.000000000000000000e+00 2.200000000000000000e+01 5.795214971046562802e-01
2.000000000000000000e+00 2.300000000000000000e+01 4.682769736202589961e-01
2.000000000000000000e+00 2.400000000000000000e+01 4.511165991365602146e-01
2.000000000000000000e+00 2.500000000000000000e+01 3.879097456889911699e-01
2.000000000000000000e+00 2.600000000000000000e+01 5.098203264816625335e-01
2.000000000000000000e+00 2.700000000000000000e+01 5.524082346408297761e-01
2.000000000000000000e+00 2.800000000000000000e+01 2.639814385006056252e-01
2.000000000000000000e+00 2.900000000000000000e+01 2.616166771126127166e-01
2.000000000000000000e+00 3.000000000000000000e+01 2.836843933899042547e-01
2.000000000000000000e+00 3.100000000000000000e+01 2.754491562164306240e-01
2.000000000000000000e+00 3.200000000000000000e+01 3.080616451754406571e-01
3.000000000000000000e+00 4.000000000000000000e+00 3.118390856546168766e-01
3.000000000000000000e+00 5.000000000000000000e+00 3.854529495871490408e-01
3.000000000000000000e+00 6.000000000000000000e+00 3.129345506950279021e-01
3.000000000000000000e+00 7.000000000000000000e+00 3.130933660102336313e-01
3.000000000000000000e+00 8.000000000000000000e+00 3.330024501237869305e-01
3.000000000000000000e+00 9.000000000000000000e+00 3.290838406029831797e-01
3.000000000000000000e+00 1.000000000000000000e+01 3.232051377387124003e-01
3.000000000000000000e+00 1.100000000000000000e+01 3.379086260869396119e-01
3.000000000000000000e+00 1.200000000000000000e+01 5.700518479451975873e-01
3.000000000000000000e+00 1.300000000000000000e+01 4.077733135324267399e-01
3.000000000000000000e+00 1.400000000000000000e+01 8.529966297997136904e-01
3.000000000000000000e+00 1.500000000000000000e+01 4.311442398214213600e-01
3.000000000000000000e+00 1.600000000000000000e+01 7.870420625826971550e-01
3.000000000000000000e+00 1.700000000000000000e+01 8.163406704609966758e-01
3.000000000000000000e+00 1.800000000000000000e+01 7.985768203556913303e-01
3.000000000000000000e+00 1.900000000000000000e+01 8.564657936532852345e-01
3.000000000000000000e+00 2.000000000000000000e+01 8.187887647031402150e-01
3.000000000000000000e+00 2.100000000000000000e+01 6.983167704789613461e-01
3.000000000000000000e+00 2.200000000000000000e+01 8.022649088495297232e-01
3.000000000000000000e+00 2.300000000000000000e+01 6.986652453853476885e-01
3.000000000000000000e+00 2.400000000000000000e+01 6.801517007274568982e-01
3.000000000000000000e+00 2.500000000000000000e+01 6.148322050607916145e-01
3.000000000000000000e+00 2.600000000000000000e+01 7.366116197088012907e-01
3.000000000000000000e+00 2.700000000000000000e+01 7.791740831348336060e-01
3.000000000000000000e+00 2.800000000000000000e+01 4.918426042570677170e-01
3.000000000000000000e+00 2.900000000000000000e+01 4.897268137267530852e-01
3.000000000000000000e+00 3.000000000000000000e+01 5.122473836774954492e-01
3.000000000000000000e+00 3.100000000000000000e+01 5.032699032726265509e-01
3.000000000000000000e+00 3.200000000000000000e+01 5.353009246357652851e-01
4.000000000000000000e+00 5.000000000000000000e+00 1.756274636885858387e-01
4.000000000000000000e+00 6.000000000000000000e+00 7.920878884941900955e-02
4.000000000000000000e+00 7.000000000000000000e+00 7.085190049922784894e-02
4.000000000000000000e+00 8.000000000000000000e+00 1.002401670338081141e-01
4.000000000000000000e+00 9.000000000000000000e+00 7.483535556557346924e-02
4.000000000000000000e+00 1.000000000000000000e+01 8.767599260123537519e-02
4.000000000000000000e+00 1.100000000000000000e+01 8.748450694348941514e-02
4.000000000000000000e+00 1.200000000000000000e+01 3.237969789433162715e-01
4.000000000000000000e+00 1.300000000000000000e+01 1.572689461323483195e-01
4.000000000000000000e+00 1.400000000000000000e+01 6.100284402672778716e-01
4.000000000000000000e+00 1.500000000000000000e+01 1.813207463398157637e-01
4.000000000000000000e+00 1.600000000000000000e+01 5.433202360577201739e-01
4.000000000000000000e+00 1.700000000000000000e+01 5.727919814437266721e-01
4.000000000000000000e+00 1.800000000000000000e+01 5.546957922207065295e-01
4.000000000000000000e+00 1.900000000000000000e+01 6.126236273719926073e-01
4.000000000000000000e+00 2.000000000000000000e+01 5.747831183050975401e-01
4.000000000000000000e+00 2.100000000000000000e+01 4.506420037387423028e-01
4.000000000000000000e+00 2.200000000000000000e+01 5.576811362284190832e-01
4.000000000000000000e+00 2.300000000000000000e+01 4.513702726299981816e-01
4.000000000000000000e+00 2.400000000000000000e+01 4.332112996563104446e-01
4.000000000000000000e+00 2.500000000000000000e+01 3.687320885354915534e-01
4.000000000000000000e+00 2.600000000000000000e+01 4.905705636307617912e-01
4.000000000000000000e+00 2.700000000000000000e+01 5.331474915877579823e-01
4.000000000000000000e+00 2.800000000000000000e+01 2.454526043879661223e-01
4.000000000000000000e+00 2.900000000000000000e+01 2.432684186629662237e-01
4.000000000000000000e+00 3.000000000000000000e+01 2.656856945562490191e-01
4.000000000000000000e+00 3.100000000000000000e+01 2.569000020704441667e-01
4.000000000000000000e+00 3.200000000000000000e+01 2.891088527843412859e-01
5.000000000000000000e+00 6.000000000000000000e+00 1.759612788048022236e-01
5.000000000000000000e+00 7.000000000000000000e+00 1.747388139092874715e-01
5.000000000000000000e+00 8.000000000000000000e+00 2.032988918329776684e-01
5.000000000000000000e+00 9.000000000000000000e+00 1.948539850526936346e-01
5.000000000000000000e+00 1.000000000000000000e+01 1.901864701979324446e-01
5.000000000000000000e+00 1.100000000000000000e+01 2.030699564503278820e-01
5.000000000000000000e+00 1.200000000000000000e+01 4.353101123723021049e-01
5.000000000000000000e+00 1.300000000000000000e+01 2.761289422617672074e-01
5.000000000000000000e+00 1.400000000000000000e+01 7.228723432317071262e-01
5.000000000000000000e+00 1.500000000000000000e+01 2.994449539634299606e-01
5.000000000000000000e+00 1.600000000000000000e+01 6.564895335688548661e-01
5.000000000000000000e+00 1.700000000000000000e+01 6.859237233048588456e-01
5.000000000000000000e+00 1.800000000000000000e+01 6.679907991909113107e-01
5.000000000000000000e+00 1.900000000000000000e+01 7.259594845345688219e-01
5.000000000000000000e+00 2.000000000000000000e+01 6.881880332258736299e-01
5.000000000000000000e+00 2.100000000000000000e+01 5.666186046494748885e-01
5.000000000000000000e+00 2.200000000000000000e+01 6.714260356364729621e-01
5.000000000000000000e+00 2.300000000000000000e+01 5.670490454162870897e-01
5.000000000000000000e+00 2.400000000000000000e+01 5.485641743791869196e-01
5.000000000000000000e+00 2.500000000000000000e+01 4.835158000407083767e-01
5.000000000000000000e+00 2.600000000000000000e+01 6.053195881452282379e-01
5.000000000000000000e+00 2.700000000000000000e+01 6.478892250093349903e-01
5.000000000000000000e+00 2.800000000000000000e+01 3.604597237323514669e-01
5.000000000000000000e+00 2.900000000000000000e+01 3.583328911662903016e-01
5.000000000000000000e+00 3.000000000000000000e+01 3.808484432787819784e-01
5.000000000000000000e+00 3.100000000000000000e+01 3.718954243157186479e-01
5.000000000000000000e+00 3.200000000000000000e+01 4.039665942061884119e-01
6.000000000000000000e+00 7.000000000000000000e+00 5.647410346172676565e-02
6.000000000000000000e+00 8.000000000000000000e+00 7.553861439394116140e-02
6.000000000000000000e+00 9.000000000000000000e+00 8.902009609741229346e-02
6.000000000000000000e+00 1.000000000000000000e+01 6.082000475354976121e-02
6.000000000000000000e+00 1.100000000000000000e+01 9.361738213425285782e-02
6.000000000000000000e+00 1.200000000000000000e+01 3.209261138967759441e-01
6.000000000000000000e+00 1.300000000000000000e+01 1.681752172382451338e-01
6.000000000000000000e+00 1.400000000000000000e+01 6.085450817800704959e-01
6.000000000000000000e+00 1.500000000000000000e+01 1.907693534824890236e-01
6.000000000000000000e+00 1.600000000000000000e+01 5.425327657834212447e-01
6.000000000000000000e+00 1.700000000000000000e+01 5.719195328978977644e-01
6.000000000000000000e+00 1.800000000000000000e+01 5.541720144366979461e-01
6.000000000000000000e+00 1.900000000000000000e+01 6.121804573711994157e-01
6.000000000000000000e+00 2.000000000000000000e+01 5.744883113564229760e-01
6.000000000000000000e+00 2.100000000000000000e+01 4.557423550056972639e-01
6.000000000000000000e+00 2.200000000000000000e+01 5.581057025552262907e-01
6.000000000000000000e+00 2.300000000000000000e+01 4.558413509764065452e-01
6.000000000000000000e+00 2.400000000000000000e+01 4.370147850281409507e-01
6.000000000000000000e+00 2.500000000000000000e+01 3.713298222431408169e-01
6.000000000000000000e+00 2.600000000000000000e+01 4.930946336318771106e-01
6.000000000000000000e+00 2.700000000000000000e+01 5.356558016011291334e-01
6.000000000000000000e+00 2.800000000000000000e+01 2.485122548676043097e-01
6.000000000000000000e+00 2.900000000000000000e+01 2.464456076185105315e-01
6.000000000000000000e+00 3.000000000000000000e+01 2.690611722995295274e-01
6.000000000000000000e+00 3.100000000000000000e+01 2.599344231731038901e-01
6.000000000000000000e+00 3.200000000000000000e+01 2.918589510652483954e-01
7.000000000000000000e+00 8.000000000000000000e+00 7.851522756241025025e-02
7.000000000000000000e+00 9.000000000000000000e+00 7.796997106438569025e-02
7.000000000000000000e+00 1.000000000000000000e+01 6.306687393064769331e-02
7.000000000000000000e+00 1.100000000000000000e+01 8.206157183147211320e-02
7.000000000000000000e+00 1.200000000000000000e+01 3.105300745008908736e-01
7.000000000000000000e+00 1.300000000000000000e+01 1.590157535753413676e-01
7.000000000000000000e+00 1.400000000000000000e+01 6.026154857472717508e-01
7.000000000000000000e+00 1.500000000000000000e+01 1.818019789987295187e-01
7.000000000000000000e+00 1.600000000000000000e+01 5.362117805182581298e-01
7.000000000000000000e+00 1.700000000000000000e+01 5.656943615571153883e-01
7.000000000000000000e+00 1.800000000000000000e+01 5.477746951082251847e-01
7.000000000000000000e+00 1.900000000000000000e+01 6.058117869691183044e-01
7.000000000000000000e+00 2.000000000000000000e+01 5.680338586680451218e-01
7.000000000000000000e+00 2.100000000000000000e+01 4.475371261187043315e-01
7.000000000000000000e+00 2.200000000000000000e+01 5.513604586086200410e-01
7.000000000000000000e+00 2.300000000000000000e+01 4.478134611442252666e-01
7.000000000000000000e+00 2.400000000000000000e+01 4.291281681957801464e-01
7.000000000000000000e+00 2.500000000000000000e+01 3.638581084871740368e-01
7.000000000000000000e+00 2.600000000000000000e+01 4.856529460541736398e-01
7.000000000000000000e+00 2.700000000000000000e+01 5.282218370764347748e-01
7.000000000000000000e+00 2.800000000000000000e+01 2.409101196374988652e-01
7.000000000000000000e+00 2.900000000000000000e+01 2.388144134049537959e-01
7.000000000000000000e+00 3.000000000000000000e+01 2.613909797631646104e-01
7.000000000000000000e+00 3.100000000000000000e+01 2.523428803113626495e-01
7.000000000000000000e+00 3.200000000000000000e+01 2.843469778915223012e-01
8.000000000000000000e+00 9.000000000000000000e+00 1.064785357089650941e-01
8.000000000000000000e+00 1.000000000000000000e+01 5.719802454193834151e-02
8.000000000000000000e+00 1.100000000000000000e+01 1.088323842499154814e-01
8.000000000000000000e+00 1.200000000000000000e+01 3.322160192350313013e-01
8.000000000000000000e+00 1.300000000000000000e+01 1.802867263422130994e-01
8.000000000000000000e+00 1.400000000000000000e+01 6.077892370362493191e-01
8.000000000000000000e+00 1.500000000000000000e+01 2.018762248654031310e-01
8.000000000000000000e+00 1.600000000000000000e+01 5.430843861685837881e-01
8.000000000000000000e+00 1.700000000000000000e+01 5.721799603694380787e-01
8.000000000000000000e+00 1.800000000000000000e+01 5.550229306582608046e-01
8.000000000000000000e+00 1.900000000000000000e+01 6.129806337016109330e-01
8.000000000000000000e+00 2.000000000000000000e+01 5.755737948179420194e-01
8.000000000000000000e+00 2.100000000000000000e+01 4.633906911151072228e-01
8.000000000000000000e+00 2.200000000000000000e+01 5.602329021431866618e-01
8.000000000000000000e+00 2.300000000000000000e+01 4.628190502761728720e-01
8.000000000000000000e+00 2.400000000000000000e+01 4.433947783391167796e-01
8.000000000000000000e+00 2.500000000000000000e+01 3.761836419279432908e-01
8.000000000000000000e+00 2.600000000000000000e+01 4.978411438926853005e-01
8.000000000000000000e+00 2.700000000000000000e+01 5.403757795206859393e-01
8.000000000000000000e+00 2.800000000000000000e+01 2.538790937333516018e-01
8.000000000000000000e+00 2.900000000000000000e+01 2.519316830694867670e-01
8.000000000000000000e+00 3.000000000000000000e+01 2.747217981724314750e-01
8.000000000000000000e+00 3.100000000000000000e+01 2.652639886894935239e-01
8.000000000000000000e+00 3.200000000000000000e+01 2.968745391378287968e-01
9.000000000000000000e+00 1.000000000000000000e+01 9.406955284366569359e-02
9.000000000000000000e+00 1.100000000000000000e+01 7.256236912963132113e-02
9.000000000000000000e+00 1.200000000000000000e+01 3.177584164860286498e-01
9.000000000000000000e+00 1.300000000000000000e+01 1.497519136154583652e-01
9.000000000000000000e+00 1.400000000000000000e+01 6.073984124858980982e-01
9.000000000000000000e+00 1.500000000000000000e+01 1.740797266085152284e-01
9.000000000000000000e+00 1.600000000000000000e+01 5.399891243850164502e-01
9.000000000000000000e+00 1.700000000000000000e+01 5.696595117442456724e-01
9.000000000000000000e+00 1.800000000000000000e+01 5.512700830628753934e-01
9.000000000000000000e+00 1.900000000000000000e+01 6.092915350168622846e-01
9.000000000000000000e+00 2.000000000000000000e+01 5.712963304515821239e-01
9.000000000000000000e+00 2.100000000000000000e+01 4.444597248082332586e-01
9.000000000000000000e+00 2.200000000000000000e+01 5.537404866787296598e-01
9.000000000000000000e+00 2.300000000000000000e+01 4.455313654977044457e-01
9.000000000000000000e+00 2.400000000000000000e+01 4.275690294809277869e-01
9.000000000000000000e+00 2.500000000000000000e+01 3.637708986260902444e-01
9.000000000000000000e+00 2.600000000000000000e+01 4.856566928263386096e-01
9.000000000000000000e+00 2.700000000000000000e+01 5.282468370286633741e-01
9.000000000000000000e+00 2.800000000000000000e+01 2.403297737013102564e-01
9.000000000000000000e+00 2.900000000000000000e+01 2.381144720954758709e-01
9.000000000000000000e+00 3.000000000000000000e+01 2.605071812036403589e-01
9.000000000000000000e+00 3.100000000000000000e+01 2.517955051807101441e-01
9.000000000000000000e+00 3.200000000000000000e+01 2.841015365759423927e-01
1.000000000000000000e+01 1.100000000000000000e+01 9.655858042484444237e-02
1.000000000000000000e+01 1.200000000000000000e+01 3.194805011647413595e-01
1.000000000000000000e+01 1.300000000000000000e+01 1.702223085813937553e-01
1.000000000000000000e+01 1.400000000000000000e+01 6.040487689108758884e-01
1.000000000000000000e+01 1.500000000000000000e+01 1.921805229874733456e-01
1.000000000000000000e+01 1.600000000000000000e+01 5.385216690368229697e-01
1.000000000000000000e+01 1.700000000000000000e+01 5.678231418583600254e-01
1.000000000000000000e+01 1.800000000000000000e+01 5.503070370887193086e-01
1.000000000000000000e+01 1.900000000000000000e+01 6.083318008038326452e-01
1.000000000000000000e+01 2.000000000000000000e+01 5.707447096175137791e-01
1.000000000000000000e+01 2.100000000000000000e+01 4.550867792501106512e-01
1.000000000000000000e+01 2.200000000000000000e+01 5.548042984259138333e-01
1.000000000000000000e+01 2.300000000000000000e+01 4.548319926805668434e-01
1.000000000000000000e+01 2.400000000000000000e+01 4.356704396545425517e-01
1.000000000000000000e+01 2.500000000000000000e+01 3.692741678287153606e-01
1.000000000000000000e+01 2.600000000000000000e+01 4.909933590616923915e-01
1.000000000000000000e+01 2.700000000000000000e+01 5.335439436603045538e-01
1.000000000000000000e+01 2.800000000000000000e+01 2.467059174599418592e-01
1.000000000000000000e+01 2.900000000000000000e+01 2.446999334052485375e-01
1.000000000000000000e+01 3.000000000000000000e+01 2.674104850941345646e-01
1.000000000000000000e+01 3.100000000000000000e+01 2.581119649488040624e-01
1.000000000000000000e+01 3.200000000000000000e+01 2.898836622922646988e-01
1.100000000000000000e+01 1.200000000000000000e+01 3.019780695959276562e-01
1.100000000000000000e+01 1.300000000000000000e+01 1.497518220481165452e-01
1.100000000000000000e+01 1.400000000000000000e+01 6.016322009617102173e-01
1.100000000000000000e+01 1.500000000000000000e+01 1.719773123483945287e-01
1.100000000000000000e+01 1.600000000000000000e+01 5.333718285805993942e-01
1.100000000000000000e+01 1.700000000000000000e+01 5.633906138759355864e-01
1.100000000000000000e+01 1.800000000000000000e+01 5.446907956656008576e-01
1.100000000000000000e+01 1.900000000000000000e+01 6.029891118353000179e-01
1.100000000000000000e+01 2.000000000000000000e+01 5.647990500976607375e-01
1.100000000000000000e+01 2.100000000000000000e+01 4.380776514757601658e-01
1.100000000000000000e+01 2.200000000000000000e+01 5.469321254796388754e-01
1.100000000000000000e+01 2.300000000000000000e+01 4.389519230655574145e-01
1.100000000000000000e+01 2.400000000000000000e+01 4.205194063556698669e-01
1.100000000000000000e+01 2.500000000000000000e+01 3.568307791493133818e-01
1.100000000000000000e+01 2.600000000000000000e+01 4.787503191952429127e-01
1.100000000000000000e+01 2.700000000000000000e+01 5.213547277940601132e-01
1.100000000000000000e+01 2.800000000000000000e+01 2.334943405772814673e-01
1.100000000000000000e+01 2.900000000000000000e+01 2.313286344510592230e-01
1.100000000000000000e+01 3.000000000000000000e+01 2.538601812134022584e-01
1.100000000000000000e+01 3.100000000000000000e+01 2.449733720274925863e-01
1.100000000000000000e+01 3.200000000000000000e+01 2.772108809952139596e-01
1.200000000000000000e+01 1.300000000000000000e+01 3.886026087775550364e-01
1.200000000000000000e+01 1.400000000000000000e+01 8.309360352060058963e-01
1.200000000000000000e+01 1.500000000000000000e+01 4.095932991573918436e-01
1.200000000000000000e+01 1.600000000000000000e+01 7.628808137066064310e-01
1.200000000000000000e+01 1.700000000000000000e+01 7.929301580756701329e-01
1.200000000000000000e+01 1.800000000000000000e+01 7.743580648011487710e-01
1.200000000000000000e+01 1.900000000000000000e+01 8.327645853288107025e-01
1.200000000000000000e+01 2.000000000000000000e+01 7.946151185699201758e-01
1.200000000000000000e+01 2.100000000000000000e+01 6.715395645266414304e-01
1.200000000000000000e+01 2.200000000000000000e+01 7.770869721125663876e-01
1.200000000000000000e+01 2.300000000000000000e+01 6.717591693951245890e-01
1.200000000000000000e+01 2.400000000000000000e+01 6.527255297559819702e-01
1.200000000000000000e+01 2.500000000000000000e+01 5.881965053254284426e-01
1.200000000000000000e+01 2.600000000000000000e+01 7.100809570917636648e-01
1.200000000000000000e+01 2.700000000000000000e+01 7.526792229847317772e-01
1.200000000000000000e+01 2.800000000000000000e+01 4.651462045694679803e-01
1.200000000000000000e+01 2.900000000000000000e+01 4.630570231191389885e-01
1.200000000000000000e+01 3.000000000000000000e+01 4.857188509461964898e-01
1.200000000000000000e+01 3.100000000000000000e+01 4.766104262654734525e-01
1.200000000000000000e+01 3.200000000000000000e+01 5.086725402743351721e-01
1.300000000000000000e+01 1.400000000000000000e+01 6.336688050434261532e-01
1.300000000000000000e+01 1.500000000000000000e+01 9.420585162160244330e-02
1.300000000000000000e+01 1.600000000000000000e+01 5.628485114392688393e-01
1.300000000000000000e+01 1.700000000000000000e+01 5.928100524284759532e-01
1.300000000000000000e+01 1.800000000000000000e+01 5.727150227105957114e-01
1.300000000000000000e+01 1.900000000000000000e+01 6.301690698986236461e-01
1.300000000000000000e+01 2.000000000000000000e+01 5.914664074737658872e-01
1.300000000000000000e+01 2.100000000000000000e+01 4.229765674825872734e-01
1.300000000000000000e+01 2.200000000000000000e+01 5.702063301193200928e-01
1.300000000000000000e+01 2.300000000000000000e+01 4.327463638178434824e-01
1.300000000000000000e+01 2.400000000000000000e+01 4.220815889474949234e-01
1.300000000000000000e+01 2.500000000000000000e+01 3.683185549825281901e-01
1.300000000000000000e+01 2.600000000000000000e+01 4.905906181409098732e-01
1.300000000000000000e+01 2.700000000000000000e+01 5.332603310832190191e-01
1.300000000000000000e+01 2.800000000000000000e+01 2.422121648183616083e-01
1.300000000000000000e+01 2.900000000000000000e+01 2.393135145562034216e-01
1.300000000000000000e+01 3.000000000000000000e+01 2.606777980261192340e-01
1.300000000000000000e+01 3.100000000000000000e+01 2.538610767010748281e-01
1.300000000000000000e+01 3.200000000000000000e+01 2.877869283683084367e-01
1.400000000000000000e+01 1.500000000000000000e+01 6.432749901054455322e-01
1.400000000000000000e+01 1.600000000000000000e+01 6.547952480669888553e-01
1.400000000000000000e+01 1.700000000000000000e+01 5.727217794168076859e-01
1.400000000000000000e+01 1.800000000000000000e+01 6.445213437110410837e-01
1.400000000000000000e+01 1.900000000000000000e+01 6.062024965897320206e-01
1.400000000000000000e+01 2.000000000000000000e+01 6.354599165488503676e-01
1.400000000000000000e+01 2.100000000000000000e+01 8.566668223456473941e-01
1.400000000000000000e+01 2.200000000000000000e+01 7.107030220229477724e-01
1.400000000000000000e+01 2.300000000000000000e+01 8.410717041202271371e-01
1.400000000000000000e+01 2.400000000000000000e+01 8.096312937195753179e-01
1.400000000000000000e+01 2.500000000000000000e+01 6.747857640535029899e-01
1.400000000000000000e+01 2.600000000000000000e+01 7.880975477433549425e-01
1.400000000000000000e+01 2.700000000000000000e+01 8.280854170075225840e-01
1.400000000000000000e+01 2.800000000000000000e+01 5.751898767696278503e-01
1.400000000000000000e+01 2.900000000000000000e+01 5.776325238975404952e-01
1.400000000000000000e+01 3.000000000000000000e+01 6.056290597256848152e-01
1.400000000000000000e+01 3.100000000000000000e+01 5.844622903022068661e-01
1.400000000000000000e+01 3.200000000000000000e+01 6.017388785919354222e-01
1.500000000000000000e+01 1.600000000000000000e+01 5.714628586494082674e-01
1.500000000000000000e+01 1.700000000000000000e+01 6.015056351140847246e-01
1.500000000000000000e+01 1.800000000000000000e+01 5.809134481225002311e-01
1.500000000000000000e+01 1.900000000000000000e+01 6.381988675245932052e-01
1.500000000000000000e+01 2.000000000000000000e+01 5.992900499848092810e-01
1.500000000000000000e+01 2.100000000000000000e+01 4.125846201060120455e-01
1.500000000000000000e+01 2.200000000000000000e+01 5.769452202857454637e-01
1.500000000000000000e+01 2.300000000000000000e+01 4.274102512334396753e-01
1.500000000000000000e+01 2.400000000000000000e+01 4.206085925942320003e-01
1.500000000000000000e+01 2.500000000000000000e+01 3.715665731177842934e-01
1.500000000000000000e+01 2.600000000000000000e+01 4.939579376960581136e-01
1.500000000000000000e+01 2.700000000000000000e+01 5.366543351851879029e-01
1.500000000000000000e+01 2.800000000000000000e+01 2.446934923951072927e-01
1.500000000000000000e+01 2.900000000000000000e+01 2.416094297153758008e-01
1.500000000000000000e+01 3.000000000000000000e+01 2.627880301770136873e-01
1.500000000000000000e+01 3.100000000000000000e+01 2.564235019802881821e-01
1.500000000000000000e+01 3.200000000000000000e+01 2.908023582918958239e-01
1.600000000000000000e+01 1.700000000000000000e+01 5.479227382666912449e-01
1.600000000000000000e+01 1.800000000000000000e+01 4.616269314552776670e-01
1.600000000000000000e+01 1.900000000000000000e+01 6.497055745070493549e-01
1.600000000000000000e+01 2.000000000000000000e+01 5.775802187365319806e-01
1.600000000000000000e+01 2.100000000000000000e+01 7.808051436001445245e-01
1.600000000000000000e+01 2.200000000000000000e+01 6.150278003283180528e-01
1.600000000000000000e+01 2.300000000000000000e+01 7.640925044620023865e-01
1.600000000000000000e+01 2.400000000000000000e+01 7.317493225657996092e-01
1.600000000000000000e+01 2.500000000000000000e+01 5.944875471475156159e-01
1.600000000000000000e+01 2.600000000000000000e+01 7.101158805658873696e-01
1.600000000000000000e+01 2.700000000000000000e+01 7.511771836802448865e-01
1.600000000000000000e+01 2.800000000000000000e+01 4.951915382742911875e-01
1.600000000000000000e+01 2.900000000000000000e+01 4.978385945512394661e-01
1.600000000000000000e+01 3.000000000000000000e+01 5.261265904296126283e-01
1.600000000000000000e+01 3.100000000000000000e+01 5.045126920867418763e-01
1.600000000000000000e+01 3.200000000000000000e+01 5.223013479598473952e-01
1.700000000000000000e+01 1.800000000000000000e+01 5.051156559068756824e-01
1.700000000000000000e+01 1.900000000000000000e+01 5.618981153651990690e-01
1.700000000000000000e+01 2.000000000000000000e+01 5.094823315135219577e-01
1.700000000000000000e+01 2.100000000000000000e+01 8.111233822812667915e-01
1.700000000000000000e+01 2.200000000000000000e+01 6.249310625895703186e-01
1.700000000000000000e+01 2.300000000000000000e+01 7.941501900909504474e-01
1.700000000000000000e+01 2.400000000000000000e+01 7.616250477459352020e-01
1.700000000000000000e+01 2.500000000000000000e+01 6.195370272018828617e-01
1.700000000000000000e+01 2.600000000000000000e+01 7.326087646285661670e-01
1.700000000000000000e+01 2.700000000000000000e+01 7.726828206292849499e-01
1.700000000000000000e+01 2.800000000000000000e+01 5.223528079018900927e-01
1.700000000000000000e+01 2.900000000000000000e+01 5.252560008357120003e-01
1.700000000000000000e+01 3.000000000000000000e+01 5.537821348568030544e-01
1.700000000000000000e+01 3.100000000000000000e+01 5.314187855895528001e-01
1.700000000000000000e+01 3.200000000000000000e+01 5.474136211152854647e-01
1.800000000000000000e+01 1.900000000000000000e+01 6.113421385103942063e-01
1.800000000000000000e+01 2.000000000000000000e+01 5.048241488997646798e-01
1.800000000000000000e+01 2.100000000000000000e+01 7.884607842849243875e-01
1.800000000000000000e+01 2.200000000000000000e+01 5.767382843236377177e-01
1.800000000000000000e+01 2.300000000000000000e+01 7.707900362391444382e-01
1.800000000000000000e+01 2.400000000000000000e+01 7.377130208535196410e-01
1.800000000000000000e+01 2.500000000000000000e+01 5.927999314083191029e-01
1.800000000000000000e+01 2.600000000000000000e+01 7.068809055638218819e-01
1.800000000000000000e+01 2.700000000000000000e+01 7.474873812310104393e-01
1.800000000000000000e+01 2.800000000000000000e+01 4.963851521240471021e-01
1.800000000000000000e+01 2.900000000000000000e+01 4.994824814104857902e-01
1.800000000000000000e+01 3.000000000000000000e+01 5.282463149759788479e-01
1.800000000000000000e+01 3.100000000000000000e+01 5.054188068001824741e-01
1.800000000000000000e+01 3.200000000000000000e+01 5.213352817520263693e-01
1.900000000000000000e+01 2.000000000000000000e+01 5.344805142838093825e-01
1.900000000000000000e+01 2.100000000000000000e+01 8.449855163132639069e-01
1.900000000000000000e+01 2.200000000000000000e+01 6.375178779032306675e-01
1.900000000000000000e+01 2.300000000000000000e+01 8.265908782770392538e-01
1.900000000000000000e+01 2.400000000000000000e+01 7.929727840961833252e-01
1.900000000000000000e+01 2.500000000000000000e+01 6.397948816203603561e-01
1.900000000000000000e+01 2.600000000000000000e+01 7.490574393284066268e-01
1.900000000000000000e+01 2.700000000000000000e+01 7.876107943974622883e-01
1.900000000000000000e+01 2.800000000000000000e+01 5.467888479407198021e-01
1.900000000000000000e+01 2.900000000000000000e+01 5.503481908127688671e-01
1.900000000000000000e+01 3.000000000000000000e+01 5.795662519407627222e-01
1.900000000000000000e+01 3.100000000000000000e+01 5.553822685239803159e-01
1.900000000000000000e+01 3.200000000000000000e+01 5.680877550881510141e-01
2.000000000000000000e+01 2.100000000000000000e+01 8.052267654108927752e-01
2.000000000000000000e+01 2.200000000000000000e+01 5.576206912455508036e-01
2.000000000000000000e+01 2.300000000000000000e+01 7.866262337184568576e-01
2.000000000000000000e+01 2.400000000000000000e+01 7.528395299015580022e-01
2.000000000000000000e+01 2.500000000000000000e+01 5.996936203425508038e-01
2.000000000000000000e+01 2.600000000000000000e+01 7.109282661158213834e-01
2.000000000000000000e+01 2.700000000000000000e+01 7.505206189555116980e-01
2.000000000000000000e+01 2.800000000000000000e+01 5.065340429432442226e-01
2.000000000000000000e+01 2.900000000000000000e+01 5.101040419170278506e-01
2.000000000000000000e+01 3.000000000000000000e+01 5.393564426913812770e-01
2.000000000000000000e+01 3.100000000000000000e+01 5.152103581409496202e-01
2.000000000000000000e+01 3.200000000000000000e+01 5.286721389368181923e-01
2.100000000000000000e+01 2.200000000000000000e+01 7.782937555024695975e-01
2.100000000000000000e+01 2.300000000000000000e+01 5.377703772861754938e-01
2.100000000000000000e+01 2.400000000000000000e+01 5.737293953492348386e-01
2.100000000000000000e+01 2.500000000000000000e+01 5.582179530855474470e-01
2.100000000000000000e+01 2.600000000000000000e+01 6.811708820292059485e-01
2.100000000000000000e+01 2.700000000000000000e+01 7.240097967390201061e-01
2.100000000000000000e+01 2.800000000000000000e+01 4.283656726265713255e-01
2.100000000000000000e+01 2.900000000000000000e+01 4.247145106818378535e-01
2.100000000000000000e+01 3.000000000000000000e+01 4.462147564014344869e-01
2.100000000000000000e+01 3.100000000000000000e+01 4.406306291333547120e-01
2.100000000000000000e+01 3.200000000000000000e+01 4.766530856224010515e-01
2.200000000000000000e+01 2.300000000000000000e+01 7.577043689634905821e-01
2.200000000000000000e+01 2.400000000000000000e+01 7.223735241090434300e-01
2.200000000000000000e+01 2.500000000000000000e+01 5.561074402084541513e-01
2.200000000000000000e+01 2.600000000000000000e+01 6.680539182660509834e-01
2.200000000000000000e+01 2.700000000000000000e+01 7.086259566378879660e-01
2.200000000000000000e+01 2.800000000000000000e+01 4.677494645657130912e-01
2.200000000000000000e+01 2.900000000000000000e+01 4.721060034808871597e-01
2.200000000000000000e+01 3.000000000000000000e+01 5.022284223931157143e-01
2.200000000000000000e+01 3.100000000000000000e+01 4.760675514406503828e-01
2.200000000000000000e+01 3.200000000000000000e+01 4.875632353206250658e-01
2.300000000000000000e+01 2.400000000000000000e+01 4.954656166659989758e-01
2.300000000000000000e+01 2.500000000000000000e+01 5.300383447053859109e-01
2.300000000000000000e+01 2.600000000000000000e+01 6.532183948810361684e-01
2.300000000000000000e+01 2.700000000000000000e+01 6.961024870410076337e-01
2.300000000000000000e+01 2.800000000000000000e+01 3.983042686945356126e-01
2.300000000000000000e+01 2.900000000000000000e+01 3.941885365272560504e-01
2.300000000000000000e+01 3.000000000000000000e+01 4.154044286263338659e-01
2.300000000000000000e+01 3.100000000000000000e+01 4.108106284590394841e-01
2.300000000000000000e+01 3.200000000000000000e+01 4.479178165821166013e-01
2.400000000000000000e+01 2.500000000000000000e+01 4.888672262222107934e-01
2.400000000000000000e+01 2.600000000000000000e+01 6.122345983566244154e-01
2.400000000000000000e+01 2.700000000000000000e+01 6.551604093022248554e-01
2.400000000000000000e+01 2.800000000000000000e+01 3.557112356036867817e-01
2.400000000000000000e+01 2.900000000000000000e+01 3.512888356864877215e-01
2.400000000000000000e+01 3.000000000000000000e+01 3.726542811942772371e-01
2.400000000000000000e+01 3.100000000000000000e+01 3.684709498896580060e-01
2.400000000000000000e+01 3.200000000000000000e+01 4.063587834889944572e-01
2.500000000000000000e+01 2.600000000000000000e+01 3.904221899884179336e-01
2.500000000000000000e+01 2.700000000000000000e+01 4.426565445523914510e-01
2.500000000000000000e+01 2.800000000000000000e+01 1.955338638930812500e-01
2.500000000000000000e+01 2.900000000000000000e+01 2.036598053851921275e-01
2.500000000000000000e+01 3.000000000000000000e+01 2.376959340336221027e-01
2.500000000000000000e+01 3.100000000000000000e+01 2.014738800256541396e-01
2.500000000000000000e+01 3.200000000000000000e+01 2.032864068768743815e-01
2.600000000000000000e+01 2.700000000000000000e+01 4.954813645483301388e-01
2.600000000000000000e+01 2.800000000000000000e+01 3.193351061697849991e-01
2.600000000000000000e+01 2.900000000000000000e+01 3.273890265673302657e-01
2.600000000000000000e+01 3.000000000000000000e+01 3.612825890352779901e-01
2.600000000000000000e+01 3.100000000000000000e+01 3.241159603294675451e-01
2.600000000000000000e+01 3.200000000000000000e+01 3.128929007966984033e-01
2.700000000000000000e+01 2.800000000000000000e+01 3.622262729613028309e-01
2.700000000000000000e+01 2.900000000000000000e+01 3.702364858608735432e-01
2.700000000000000000e+01 3.000000000000000000e+01 4.040649970837828509e-01
2.700000000000000000e+01 3.100000000000000000e+01 3.664077391162257058e-01
2.700000000000000000e+01 3.200000000000000000e+01 3.441745948662541243e-01
2.800000000000000000e+01 2.900000000000000000e+01 5.402461650085776945e-02
2.800000000000000000e+01 3.000000000000000000e+01 9.269859935994118061e-02
2.800000000000000000e+01 3.100000000000000000e+01 6.260049321914040732e-02
2.800000000000000000e+01 3.200000000000000000e+01 1.087392486878959730e-01
2.900000000000000000e+01 3.000000000000000000e+01 8.203857413567694490e-02
2.900000000000000000e+01 3.100000000000000000e+01 6.891086353123143660e-02
2.900000000000000000e+01 3.200000000000000000e+01 1.170155360351460283e-01
3.000000000000000000e+01 3.100000000000000000e+01 1.035389097759001897e-01
3.000000000000000000e+01 3.200000000000000000e+01 1.510860937440144935e-01
3.100000000000000000e+01 3.200000000000000000e+01 1.110609166809588544e-01
