1.000000000000000000e+00 2.000000000000000000e+00 8.671267905669934883e-01
1.000000000000000000e+00 3.000000000000000000e+00 9.730842174310624371e-01
1.000000000000000000e+00 4.000000000000000000e+00 9.557203452598425075e-01
1.000000000000000000e+00 5.000000000000000000e+00 9.698980090771319729e-01
1.000000000000000000e+00 6.000000000000000000e+00 9.787036094792708196e-01
1.000000000000000000e+00 7.000000000000000000e+00 9.723229787102409816e-01
1.000000000000000000e+00 8.000000000000000000e+00 9.969856553156194456e-01
1.000000000000000000e+00 9.000000000000000000e+00 9.442599157649409491e-01
1.000000000000000000e+00 1.000000000000000000e+01 9.875742848284173592e-01
1.000000000000000000e+00 1.100000000000000000e+01 9.632418673096624362e-01
1.000000000000000000e+00 1.200000000000000000e+01 9.756565076236354273e-01
1.000000000000000000e+00 1.300000000000000000e+01 9.551088371880898098e-01
1.000000000000000000e+00 1.400000000000000000e+01 1.164427639373524004e+00
1.000000000000000000e+00 1.500000000000000000e+01 9.289106648419384049e-01
1.000000000000000000e+00 1.600000000000000000e+01 1.099475802803324243e+00
1.000000000000000000e+00 1.700000000000000000e+01 1.126340941057247580e+00
1.000000000000000000e+00 1.800000000000000000e+01 1.108655812897181070e+00
1.000000000000000000e+00 1.900000000000000000e+01 1.163430489985756600e+00
1.000000000000000000e+00 2.000000000000000000e+01 1.126489691874081878e+00
1.000000000000000000e+00 2.100000000000000000e+01 9.818495964901468032e-01
1.000000000000000000e+00 2.200000000000000000e+01 1.109397164080505149e+00
1.000000000000000000e+00 2.300000000000000000e+01 9.852417835927476109e-01
1.000000000000000000e+00 2.400000000000000000e+01 9.959054257331928506e-01
1.000000000000000000e+00 2.500000000000000000e+01 1.087971010464474420e+00
1.000000000000000000e+00 2.600000000000000000e+01 1.105789138540993033e+00
1.000000000000000000e+00 2.700000000000000000e+01 1.120312647976823950e+00
1.000000000000000000e+00 2.800000000000000000e+01 1.023879146441305510e+00
1.000000000000000000e+00 2.900000000000000000e+01 1.010015077123849192e+00
1.000000000000000000e+00 3.000000000000000000e+01 8.269403859558827063e-01
1.000000000000000000e+00 3.100000000000000000e+01 9.698760029861983600e-01
1.000000000000000000e+00 3.200000000000000000e+01 1.036531581095006871e+00
2.000000000000000000e+00 3.000000000000000000e+00 8.334730129683106670e-01
2.000000000000000000e+00 4.000000000000000000e+00 8.045515902385887985e-01
2.000000000000000000e+00 5.000000000000000000e+00 8.280801672191090423e-01
2.000000000000000000e+00 6.000000000000000000e+00 8.413163560390689577e-01
2.000000000000000000e+00 7.000000000000000000e+00 8.319228125408697494e-01
2.000000000000000000e+00 8.000000000000000000e+00 8.670448999850400851e-01
2.000000000000000000e+00 9.000000000000000000e+00 7.844454666262183906e-01
2.000000000000000000e+00 1.000000000000000000e+01 8.545637461362104448e-01
2.000000000000000000e+00 1.100000000000000000e+01 8.222524498629216749e-01
2.000000000000000000e+00 1.200000000000000000e+01 8.407433754870039522e-01
2.000000000000000000e+00 1.300000000000000000e+01 8.350737809306447712e-01
2.000000000000000000e+00 1.400000000000000000e+01 1.056876773244673329e+00
2.000000000000000000e+00 1.500000000000000000e+01 8.294846089377531095e-01
2.000000000000000000e+00 1.600000000000000000e+01 9.931462604578875641e-01
2.000000000000000000e+00 1.700000000000000000e+01 1.020101694417384852e+00
2.000000000000000000e+00 1.800000000000000000e+01 1.003090879793666401e+00
2.000000000000000000e+00 1.900000000000000000e+01 1.058413561869285813e+00
2.000000000000000000e+00 2.000000000000000000e+01 1.021674930126118319e+00
2.000000000000000000e+00 2.100000000000000000e+01 8.833338787177653639e-01
2.000000000000000000e+00 2.200000000000000000e+01 1.006251373842728558e+00
2.000000000000000000e+00 2.300000000000000000e+01 8.894868803013129543e-01
2.000000000000000000e+00 2.400000000000000000e+01 9.008558584575628858e-01
2.000000000000000000e+00 2.500000000000000000e+01 9.905178015331228547e-01
2.000000000000000000e+00 2.600000000000000000e+01 1.009460076227622682e+00
2.000000000000000000e+00 2.700000000000000000e+01 1.024730875174550526e+00
2.000000000000000000e+00 2.800000000000000000e+01 9.320738429437076533e-01
2.000000000000000000e+00 2.900000000000000000e+01 9.191685496296491120e-01
2.000000000000000000e+00 3.000000000000000000e+01 7.386699049358788072e-01
2.000000000000000000e+00 3.100000000000000000e+01 8.796216658854341119e-01
2.000000000000000000e+00 3.200000000000000000e+01 9.452560579433118004e-01
3.000000000000000000e+00 4.000000000000000000e+00 5.994411645585390191e-01
3.000000000000000000e+00 5.000000000000000000e+00 4.613890833711830064e-01
3.000000000000000000e+00 6.000000000000000000e+00 5.760826349357098808e-01
3.000000000000000000e+00 7.000000000000000000e+00 6.281051097437881925e-01
3.000000000000000000e+00 8.000000000000000000e+00 6.626511578771613342e-01
3.000000000000000000e+00 9.000000000000000000e+00 7.321222463763761290e-01
3.000000000000000000e+00 1.000000000000000000e+01 6.517387133151369971e-01
3.000000000000000000e+00 1.100000000000000000e+01 7.393270816064060336e-01
3.000000000000000000e+00 1.200000000000000000e+01 7.247752422541384743e-01
3.000000000000000000e+00 1.300000000000000000e+01 8.387307999287696436e-01
3.000000000000000000e+00 1.400000000000000000e+01 9.789498069625868215e-01
3.000000000000000000e+00 1.500000000000000000e+01 8.212758775379277454e-01
3.000000000000000000e+00 1.600000000000000000e+01 9.218870035075612535e-01
3.000000000000000000e+00 1.700000000000000000e+01 9.482210881074593090e-01
3.000000000000000000e+00 1.800000000000000000e+01 9.344834058737176985e-01
3.000000000000000000e+00 1.900000000000000000e+01 9.909733576228518803e-01
3.000000000000000000e+00 2.000000000000000000e+01 9.555158981511020500e-01
3.000000000000000000e+00 2.100000000000000000e+01 8.605965192735611780e-01
3.000000000000000000e+00 2.200000000000000000e+01 9.469729468774210623e-01
3.000000000000000000e+00 2.300000000000000000e+01 8.698334994128906761e-01
3.000000000000000000e+00 2.400000000000000000e+01 8.804830242222533299e-01
3.000000000000000000e+00 2.500000000000000000e+01 9.518551937175911970e-01
3.000000000000000000e+00 2.600000000000000000e+01 9.741247671420683041e-01
3.000000000000000000e+00 2.700000000000000000e+01 9.917473388897506403e-01
3.000000000000000000e+00 2.800000000000000000e+01 9.128147871046874418e-01
3.000000000000000000e+00 2.900000000000000000e+01 9.029544395594064632e-01
3.000000000000000000e+00 3.000000000000000000e+01 7.296263958837180263e-01
3.000000000000000000e+00 3.100000000000000000e+01 8.644312303158827593e-01
3.000000000000000000e+00 3.200000000000000000e+01 9.264952428030941434e-01
4.000000000000000000e+00 5.000000000000000000e+00 5.682397925323320331e-01
4.000000000000000000e+00 6.000000000000000000e+00 6.409825704192276818e-01
4.000000000000000000e+00 7.000000000000000000e+00 6.347943149158661313e-01
4.000000000000000000e+00 8.000000000000000000e+00 7.149735597209280202e-01
4.000000000000000000e+00 9.000000000000000000e+00 6.839226513557661313e-01
4.000000000000000000e+00 1.000000000000000000e+01 6.925137132031545795e-01
4.000000000000000000e+00 1.100000000000000000e+01 7.171990081207896273e-01
4.000000000000000000e+00 1.200000000000000000e+01 7.187376718547699994e-01
4.000000000000000000e+00 1.300000000000000000e+01 8.218010499429670990e-01
4.000000000000000000e+00 1.400000000000000000e+01 9.899816035788850943e-01
4.000000000000000000e+00 1.500000000000000000e+01 8.113418508441531118e-01
4.000000000000000000e+00 1.600000000000000000e+01 9.306592379022764483e-01
4.000000000000000000e+00 1.700000000000000000e+01 9.573810545287022578e-01
4.000000000000000000e+00 1.800000000000000000e+01 9.426061704466655033e-01
4.000000000000000000e+00 1.900000000000000000e+01 9.989875649866146734e-01
4.000000000000000000e+00 2.000000000000000000e+01 9.630718798064883401e-01
4.000000000000000000e+00 2.100000000000000000e+01 8.545266602162735481e-01
4.000000000000000000e+00 2.200000000000000000e+01 9.525670414543805364e-01
4.000000000000000000e+00 2.300000000000000000e+01 8.638551002102350385e-01
4.000000000000000000e+00 2.400000000000000000e+01 8.749955448338718744e-01
4.000000000000000000e+00 2.500000000000000000e+01 9.521118877377554579e-01
4.000000000000000000e+00 2.600000000000000000e+01 9.736541850963185141e-01
4.000000000000000000e+00 2.700000000000000000e+01 9.907307364908386482e-01
4.000000000000000000e+00 2.800000000000000000e+01 9.082696709390323253e-01
4.000000000000000000e+00 2.900000000000000000e+01 8.977041418152185148e-01
4.000000000000000000e+00 3.000000000000000000e+01 7.228614303533517083e-01
4.000000000000000000e+00 3.100000000000000000e+01 8.590737302223077076e-01
4.000000000000000000e+00 3.200000000000000000e+01 9.220338590877150686e-01
5.000000000000000000e+00 6.000000000000000000e+00 5.466893942403890927e-01
5.000000000000000000e+00 7.000000000000000000e+00 5.901573107118700534e-01
5.000000000000000000e+00 8.000000000000000000e+00 6.624818626527334553e-01
5.000000000000000000e+00 9.000000000000000000e+00 7.135011637171293497e-01
5.000000000000000000e+00 1.000000000000000000e+01 6.389174322743910173e-01
5.000000000000000000e+00 1.100000000000000000e+01 7.210704777627497952e-01
5.000000000000000000e+00 1.200000000000000000e+01 7.068447706397948949e-01
5.000000000000000000e+00 1.300000000000000000e+01 8.287754618831537634e-01
5.000000000000000000e+00 1.400000000000000000e+01 9.761003317067908913e-01
5.000000000000000000e+00 1.500000000000000000e+01 8.130131911258701161e-01
5.000000000000000000e+00 1.600000000000000000e+01 9.181866956165101179e-01
5.000000000000000000e+00 1.700000000000000000e+01 9.447525461689361137e-01
5.000000000000000000e+00 1.800000000000000000e+01 9.306653638243054250e-01
5.000000000000000000e+00 1.900000000000000000e+01 9.872529985083413617e-01
5.000000000000000000e+00 2.000000000000000000e+01 9.516138461709493512e-01
5.000000000000000000e+00 2.100000000000000000e+01 8.528857969105583248e-01
5.000000000000000000e+00 2.200000000000000000e+01 9.425235880090081508e-01
5.000000000000000000e+00 2.300000000000000000e+01 8.624049157230895268e-01
5.000000000000000000e+00 2.400000000000000000e+01 8.732347570333914843e-01
5.000000000000000000e+00 2.500000000000000000e+01 9.461900789931159128e-01
5.000000000000000000e+00 2.600000000000000000e+01 9.683564649668392477e-01
5.000000000000000000e+00 2.700000000000000000e+01 9.858833895590208840e-01
5.000000000000000000e+00 2.800000000000000000e+01 9.061665263156177819e-01
5.000000000000000000e+00 2.900000000000000000e+01 8.961842090887510714e-01
5.000000000000000000e+00 3.000000000000000000e+01 7.226533319912081810e-01
5.000000000000000000e+00 3.100000000000000000e+01 8.576976142226857558e-01
5.000000000000000000e+00 3.200000000000000000e+01 9.199516967433281067e-01
6.000000000000000000e+00 7.000000000000000000e+00 5.318469354548502892e-01
6.000000000000000000e+00 8.000000000000000000e+00 6.004264511016269568e-01
6.000000000000000000e+00 9.000000000000000000e+00 7.200548206177415089e-01
6.000000000000000000e+00 1.000000000000000000e+01 5.466909987887728084e-01
6.000000000000000000e+00 1.100000000000000000e+01 7.074582775767787046e-01
6.000000000000000000e+00 1.200000000000000000e+01 6.772481779235466348e-01
6.000000000000000000e+00 1.300000000000000000e+01 8.230377695872244104e-01
6.000000000000000000e+00 1.400000000000000000e+01 9.590733513182383430e-01
6.000000000000000000e+00 1.500000000000000000e+01 8.041335877586709424e-01
6.000000000000000000e+00 1.600000000000000000e+01 9.013446762843266846e-01
6.000000000000000000e+00 1.700000000000000000e+01 9.280905816050371016e-01
6.000000000000000000e+00 1.800000000000000000e+01 9.141927749914826595e-01
6.000000000000000000e+00 1.900000000000000000e+01 9.711313232726215272e-01
6.000000000000000000e+00 2.000000000000000000e+01 9.355083006103948051e-01
6.000000000000000000e+00 2.100000000000000000e+01 8.414634154766351681e-01
6.000000000000000000e+00 2.200000000000000000e+01 9.270575081845371379e-01
6.000000000000000000e+00 2.300000000000000000e+01 8.514664449430919824e-01
6.000000000000000000e+00 2.400000000000000000e+01 8.622018290730605328e-01
6.000000000000000000e+00 2.500000000000000000e+01 9.331196784960640311e-01
6.000000000000000000e+00 2.600000000000000000e+01 9.557562861037531832e-01
6.000000000000000000e+00 2.700000000000000000e+01 9.735940845281758627e-01
6.000000000000000000e+00 2.800000000000000000e+01 8.955092245796427708e-01
6.000000000000000000e+00 2.900000000000000000e+01 8.859320182730325843e-01
6.000000000000000000e+00 3.000000000000000000e+01 7.133991347539719863e-01
6.000000000000000000e+00 3.100000000000000000e+01 8.476278074537646479e-01
6.000000000000000000e+00 3.200000000000000000e+01 9.094470216513061978e-01
7.000000000000000000e+00 8.000000000000000000e+00 6.461480662737281166e-01
7.000000000000000000e+00 9.000000000000000000e+00 6.862489720725810649e-01
7.000000000000000000e+00 1.000000000000000000e+01 5.809379257827894660e-01
7.000000000000000000e+00 1.100000000000000000e+01 6.659545772214493509e-01
7.000000000000000000e+00 1.200000000000000000e+01 6.336848154289171919e-01
7.000000000000000000e+00 1.300000000000000000e+01 8.051440078098794917e-01
7.000000000000000000e+00 1.400000000000000000e+01 9.591108608461353935e-01
7.000000000000000000e+00 1.500000000000000000e+01 7.903751129381136886e-01
7.000000000000000000e+00 1.600000000000000000e+01 8.995593451506673777e-01
7.000000000000000000e+00 1.700000000000000000e+01 9.267370893490336492e-01
7.000000000000000000e+00 1.800000000000000000e+01 9.120521227875431070e-01
7.000000000000000000e+00 1.900000000000000000e+01 9.690950580216555199e-01
7.000000000000000000e+00 2.000000000000000000e+01 9.330870849657180166e-01
7.000000000000000000e+00 2.100000000000000000e+01 8.293801622708634191e-01
7.000000000000000000e+00 2.200000000000000000e+01 9.233047527419979694e-01
7.000000000000000000e+00 2.300000000000000000e+01 8.400030862420901911e-01
7.000000000000000000e+00 2.400000000000000000e+01 8.511927184652755551e-01
7.000000000000000000e+00 2.500000000000000000e+01 9.261649483774945235e-01
7.000000000000000000e+00 2.600000000000000000e+01 9.484734763676803126e-01
7.000000000000000000e+00 2.700000000000000000e+01 9.660340881359759102e-01
7.000000000000000000e+00 2.800000000000000000e+01 8.858614969733553668e-01
7.000000000000000000e+00 2.900000000000000000e+01 8.759294137532691593e-01
7.000000000000000000e+00 3.000000000000000000e+01 7.027495556245254571e-01
7.000000000000000000e+00 3.100000000000000000e+01 8.376763848505812682e-01
7.000000000000000000e+00 3.200000000000000000e+01 9.000090503353694871e-01
8.000000000000000000e+00 9.000000000000000000e+00 7.617882991071560639e-01
8.000000000000000000e+00 1.000000000000000000e+01 5.333353643168216029e-01
8.000000000000000000e+00 1.100000000000000000e+01 7.380131315837944461e-01
8.000000000000000000e+00 1.200000000000000000e+01 6.991892100482961503e-01
8.000000000000000000e+00 1.300000000000000000e+01 8.358936154710672195e-01
8.000000000000000000e+00 1.400000000000000000e+01 9.364877741246153686e-01
8.000000000000000000e+00 1.500000000000000000e+01 8.086467928418118456e-01
8.000000000000000000e+00 1.600000000000000000e+01 8.811698851665026311e-01
8.000000000000000000e+00 1.700000000000000000e+01 9.076385106816844406e-01
8.000000000000000000e+00 1.800000000000000000e+01 8.949356273198467715e-01
8.000000000000000000e+00 1.900000000000000000e+01 9.522123830658635324e-01
8.000000000000000000e+00 2.000000000000000000e+01 9.170713310080333969e-01
8.000000000000000000e+00 2.100000000000000000e+01 8.410056077549163955e-01
8.000000000000000000e+00 2.200000000000000000e+01 9.110632129994793438e-01
8.000000000000000000e+00 2.300000000000000000e+01 8.507741028516198067e-01
8.000000000000000000e+00 2.400000000000000000e+01 8.608143731570595536e-01
8.000000000000000000e+00 2.500000000000000000e+01 9.240817297324388502e-01
8.000000000000000000e+00 2.600000000000000000e+01 9.477033271834196526e-01
8.000000000000000000e+00 2.700000000000000000e+01 9.662680980127302810e-01
8.000000000000000000e+00 2.800000000000000000e+01 8.928038445215733532e-01
8.000000000000000000e+00 2.900000000000000000e+01 8.841649559313986551e-01
8.000000000000000000e+00 3.000000000000000000e+01 7.136498369584184376e-01
8.000000000000000000e+00 3.100000000000000000e+01 8.460114913261322922e-01
8.000000000000000000e+00 3.200000000000000000e+01 9.066543484575726453e-01
9.000000000000000000e+00 1.000000000000000000e+01 7.347457279409476127e-01
9.000000000000000000e+00 1.100000000000000000e+01 6.286919109359855318e-01
9.000000000000000000e+00 1.200000000000000000e+01 6.856483108433377716e-01
9.000000000000000000e+00 1.300000000000000000e+01 7.597432537865731472e-01
9.000000000000000000e+00 1.400000000000000000e+01 9.840464164093767341e-01
9.000000000000000000e+00 1.500000000000000000e+01 7.688325308139228875e-01
9.000000000000000000e+00 1.600000000000000000e+01 9.208034286471180607e-01
9.000000000000000000e+00 1.700000000000000000e+01 9.483173375310687270e-01
9.000000000000000000e+00 1.800000000000000000e+01 9.317951506722896848e-01
9.000000000000000000e+00 1.900000000000000000e+01 9.881843736387863064e-01
9.000000000000000000e+00 2.000000000000000000e+01 9.514575002621170619e-01
9.000000000000000000e+00 2.100000000000000000e+01 8.192871933915719662e-01
9.000000000000000000e+00 2.200000000000000000e+01 9.378046413533889236e-01
9.000000000000000000e+00 2.300000000000000000e+01 8.297943316845584061e-01
9.000000000000000000e+00 2.400000000000000000e+01 8.420985037416658381e-01
9.000000000000000000e+00 2.500000000000000000e+01 9.292100424720068919e-01
9.000000000000000000e+00 2.600000000000000000e+01 9.497648774872700095e-01
9.000000000000000000e+00 2.700000000000000000e+01 9.660660336459039321e-01
9.000000000000000000e+00 2.800000000000000000e+01 8.782311316327675588e-01
9.000000000000000000e+00 2.900000000000000000e+01 8.666629898738353877e-01
9.000000000000000000e+00 3.000000000000000000e+01 6.898394053421058603e-01
9.000000000000000000e+00 3.100000000000000000e+01 8.280297747366425209e-01
9.000000000000000000e+00 3.200000000000000000e+01 8.923333949893961226e-01
1.000000000000000000e+01 1.100000000000000000e+01 7.046629350665373215e-01
1.000000000000000000e+01 1.200000000000000000e+01 6.566410060800462745e-01
1.000000000000000000e+01 1.300000000000000000e+01 8.194454113088147640e-01
1.000000000000000000e+01 1.400000000000000000e+01 9.412694034065001158e-01
1.000000000000000000e+01 1.500000000000000000e+01 7.961143196258638755e-01
1.000000000000000000e+01 1.600000000000000000e+01 8.835839370179046082e-01
1.000000000000000000e+01 1.700000000000000000e+01 9.106093486213846511e-01
1.000000000000000000e+01 1.800000000000000000e+01 8.968764199747136789e-01
1.000000000000000000e+01 1.900000000000000000e+01 9.542791721703289820e-01
1.000000000000000000e+01 2.000000000000000000e+01 9.186378177160032799e-01
1.000000000000000000e+01 2.100000000000000000e+01 8.302564442861031235e-01
1.000000000000000000e+01 2.200000000000000000e+01 9.108804170618798324e-01
1.000000000000000000e+01 2.300000000000000000e+01 8.406968415394717731e-01
1.000000000000000000e+01 2.400000000000000000e+01 8.512629303249331647e-01
1.000000000000000000e+01 2.500000000000000000e+01 9.196907962550830984e-01
1.000000000000000000e+01 2.600000000000000000e+01 9.428798716464843466e-01
1.000000000000000000e+01 2.700000000000000000e+01 9.610796712272193787e-01
1.000000000000000000e+01 2.800000000000000000e+01 8.848798236344939117e-01
1.000000000000000000e+01 2.900000000000000000e+01 8.757750153584047403e-01
1.000000000000000000e+01 3.000000000000000000e+01 7.043973363299170787e-01
1.000000000000000000e+01 3.100000000000000000e+01 8.376790366958302148e-01
1.000000000000000000e+01 3.200000000000000000e+01 8.989954916369198301e-01
1.100000000000000000e+01 1.200000000000000000e+01 5.757475797266384809e-01
1.100000000000000000e+01 1.300000000000000000e+01 7.442593809157067586e-01
1.100000000000000000e+01 1.400000000000000000e+01 9.578529150127177427e-01
1.100000000000000000e+01 1.500000000000000000e+01 7.464052267629338600e-01
1.100000000000000000e+01 1.600000000000000000e+01 8.937813687874687218e-01
1.100000000000000000e+01 1.700000000000000000e+01 9.218829357298212734e-01
1.100000000000000000e+01 1.800000000000000000e+01 9.051660290640095585e-01
1.100000000000000000e+01 1.900000000000000000e+01 9.622368138444701291e-01
1.100000000000000000e+01 2.000000000000000000e+01 9.252833296729967572e-01
1.100000000000000000e+01 2.100000000000000000e+01 7.923328513980381071e-01
1.100000000000000000e+01 2.200000000000000000e+01 9.118504877283077903e-01
1.100000000000000000e+01 2.300000000000000000e+01 8.052782003013703171e-01
1.100000000000000000e+01 2.400000000000000000e+01 8.180917219739437529e-01
1.100000000000000000e+01 2.500000000000000000e+01 9.054437522447857933e-01
1.100000000000000000e+01 2.600000000000000000e+01 9.267166689546013636e-01
1.100000000000000000e+01 2.700000000000000000e+01 9.434376327486782010e-01
1.100000000000000000e+01 2.800000000000000000e+01 8.571510719461341576e-01
1.100000000000000000e+01 2.900000000000000000e+01 8.461371776612800488e-01
1.100000000000000000e+01 3.000000000000000000e+01 6.709699786971613511e-01
1.100000000000000000e+01 3.100000000000000000e+01 8.080095971753531447e-01
1.100000000000000000e+01 3.200000000000000000e+01 8.718536065401485402e-01
1.200000000000000000e+01 1.300000000000000000e+01 7.690567867649868994e-01
1.200000000000000000e+01 1.400000000000000000e+01 9.421829936286625351e-01
1.200000000000000000e+01 1.500000000000000000e+01 7.553072374316828208e-01
1.200000000000000000e+01 1.600000000000000000e+01 8.792072282811578265e-01
1.200000000000000000e+01 1.700000000000000000e+01 9.074631627677542944e-01
1.200000000000000000e+01 1.800000000000000000e+01 8.914083816797953030e-01
1.200000000000000000e+01 1.900000000000000000e+01 9.490793221733728746e-01
1.200000000000000000e+01 2.000000000000000000e+01 9.123124429543025826e-01
1.200000000000000000e+01 2.100000000000000000e+01 7.933288300149829997e-01
1.200000000000000000e+01 2.200000000000000000e+01 9.005874059406533405e-01
1.200000000000000000e+01 2.300000000000000000e+01 8.064162556044152108e-01
1.200000000000000000e+01 2.400000000000000000e+01 8.185840995591092684e-01
1.200000000000000000e+01 2.500000000000000000e+01 8.999169105488020737e-01
1.200000000000000000e+01 2.600000000000000000e+01 9.222022897251664908e-01
1.200000000000000000e+01 2.700000000000000000e+01 9.396151267595898027e-01
1.200000000000000000e+01 2.800000000000000000e+01 8.572318356790995519e-01
1.200000000000000000e+01 2.900000000000000000e+01 8.471235364109372945e-01
1.200000000000000000e+01 3.000000000000000000e+01 6.740536636837602957e-01
1.200000000000000000e+01 3.100000000000000000e+01 8.092892450505624335e-01
1.200000000000000000e+01 3.200000000000000000e+01 8.721121581571362746e-01
1.300000000000000000e+01 1.400000000000000000e+01 9.705088914359361052e-01
1.300000000000000000e+01 1.500000000000000000e+01 6.524354708283156556e-01
1.300000000000000000e+01 1.600000000000000000e+01 9.011051199533008926e-01
1.300000000000000000e+01 1.700000000000000000e+01 9.292633040176112580e-01
1.300000000000000000e+01 1.800000000000000000e+01 9.097351815633187844e-01
1.300000000000000000e+01 1.900000000000000000e+01 9.651743946988824430e-01
1.300000000000000000e+01 2.000000000000000000e+01 9.272431527458766531e-01
1.300000000000000000e+01 2.100000000000000000e+01 7.443006692027844817e-01
1.300000000000000000e+01 2.200000000000000000e+01 9.073538478146891961e-01
1.300000000000000000e+01 2.300000000000000000e+01 7.557942234703343143e-01
1.300000000000000000e+01 2.400000000000000000e+01 7.711069955599848535e-01
1.300000000000000000e+01 2.500000000000000000e+01 8.804223141271145803e-01
1.300000000000000000e+01 2.600000000000000000e+01 8.982085922637010889e-01
1.300000000000000000e+01 2.700000000000000000e+01 9.125129022461142547e-01
1.300000000000000000e+01 2.800000000000000000e+01 8.123049145618328470e-01
1.300000000000000000e+01 2.900000000000000000e+01 7.981081822327789066e-01
1.300000000000000000e+01 3.000000000000000000e+01 6.156661836385460829e-01
1.300000000000000000e+01 3.100000000000000000e+01 7.590442581877232531e-01
1.300000000000000000e+01 3.200000000000000000e+01 8.265154623379724619e-01
1.400000000000000000e+01 1.500000000000000000e+01 8.980149034853847079e-01
1.400000000000000000e+01 1.600000000000000000e+01 6.555801560535612360e-01
1.400000000000000000e+01 1.700000000000000000e+01 5.730697756032703261e-01
1.400000000000000000e+01 1.800000000000000000e+01 6.454527377542302879e-01
1.400000000000000000e+01 1.900000000000000000e+01 6.074321269433411441e-01
1.400000000000000000e+01 2.000000000000000000e+01 6.368558952020852981e-01
1.400000000000000000e+01 2.100000000000000000e+01 9.120924564533268164e-01
1.400000000000000000e+01 2.200000000000000000e+01 7.146731466260551890e-01
1.400000000000000000e+01 2.300000000000000000e+01 9.121999472936128672e-01
1.400000000000000000e+01 2.400000000000000000e+01 9.144487696349065109e-01
1.400000000000000000e+01 2.500000000000000000e+01 8.492000464806139792e-01
1.400000000000000000e+01 2.600000000000000000e+01 8.768667481126517504e-01
1.400000000000000000e+01 2.700000000000000000e+01 9.027982770634213061e-01
1.400000000000000000e+01 2.800000000000000000e+01 9.079306486374256746e-01
1.400000000000000000e+01 2.900000000000000000e+01 9.091365179084145431e-01
1.400000000000000000e+01 3.000000000000000000e+01 7.546209676407821254e-01
1.400000000000000000e+01 3.100000000000000000e+01 8.665151871432696939e-01
1.400000000000000000e+01 3.200000000000000000e+01 9.085234125934991134e-01
1.500000000000000000e+01 1.600000000000000000e+01 8.251384400904862026e-01
1.500000000000000000e+01 1.700000000000000000e+01 8.534369465351878681e-01
1.500000000000000000e+01 1.800000000000000000e+01 8.321242433725937193e-01
1.500000000000000000e+01 1.900000000000000000e+01 8.866749430968277057e-01
1.500000000000000000e+01 2.000000000000000000e+01 8.480909135476384364e-01
1.500000000000000000e+01 2.100000000000000000e+01 6.242767390300516528e-01
1.500000000000000000e+01 2.200000000000000000e+01 8.242168406552798920e-01
1.500000000000000000e+01 2.300000000000000000e+01 6.358873847460051465e-01
1.500000000000000000e+01 2.400000000000000000e+01 6.555286749007661617e-01
1.500000000000000000e+01 2.500000000000000000e+01 7.848859496305660155e-01
1.500000000000000000e+01 2.600000000000000000e+01 8.006974176722894132e-01
1.500000000000000000e+01 2.700000000000000000e+01 8.136080536812646535e-01
1.500000000000000000e+01 2.800000000000000000e+01 7.047612354063248485e-01
1.500000000000000000e+01 2.900000000000000000e+01 6.886503566856201353e-01
1.500000000000000000e+01 3.000000000000000000e+01 5.024427077421301790e-01
1.500000000000000000e+01 3.100000000000000000e+01 6.494930882347580425e-01
1.500000000000000000e+01 3.200000000000000000e+01 7.191714747368460614e-01
1.600000000000000000e+01 1.700000000000000000e+01 5.482124960799654723e-01
1.600000000000000000e+01 1.800000000000000000e+01 4.618293685447050212e-01
1.600000000000000000e+01 1.900000000000000000e+01 6.510152919569758279e-01
1.600000000000000000e+01 2.000000000000000000e+01 5.785454048632900914e-01
1.600000000000000000e+01 2.100000000000000000e+01 8.368625357586789715e-01
1.600000000000000000e+01 2.200000000000000000e+01 6.177848014566822421e-01
1.600000000000000000e+01 2.300000000000000000e+01 8.361748282943606281e-01
1.600000000000000000e+01 2.400000000000000000e+01 8.375637915956034574e-01
1.600000000000000000e+01 2.500000000000000000e+01 7.688163789797870518e-01
1.600000000000000000e+01 2.600000000000000000e+01 8.022222231280782268e-01
1.600000000000000000e+01 2.700000000000000000e+01 8.298659834874282382e-01
1.600000000000000000e+01 2.800000000000000000e+01 8.296017143327694132e-01
1.600000000000000000e+01 2.900000000000000000e+01 8.316303157435904758e-01
1.600000000000000000e+01 3.000000000000000000e+01 6.790784316005765708e-01
1.600000000000000000e+01 3.100000000000000000e+01 7.900164711730242040e-01
1.600000000000000000e+01 3.200000000000000000e+01 8.330191668521895743e-01
1.700000000000000000e+01 1.800000000000000000e+01 5.052736712541092690e-01
1.700000000000000000e+01 1.900000000000000000e+01 5.623782508256256474e-01
1.700000000000000000e+01 2.000000000000000000e+01 5.099035112172587425e-01
1.700000000000000000e+01 2.100000000000000000e+01 8.665347627252397711e-01
1.700000000000000000e+01 2.200000000000000000e+01 6.270552303131968763e-01
1.700000000000000000e+01 2.300000000000000000e+01 8.656849706296949609e-01
1.700000000000000000e+01 2.400000000000000000e+01 8.672267389249536107e-01
1.700000000000000000e+01 2.500000000000000000e+01 7.887452015758353863e-01
1.700000000000000000e+01 2.600000000000000000e+01 8.181779106065074636e-01
1.700000000000000000e+01 2.700000000000000000e+01 8.452797201216188938e-01
1.700000000000000000e+01 2.800000000000000000e+01 8.566227068993084171e-01
1.700000000000000000e+01 2.900000000000000000e+01 8.587935339323791162e-01
1.700000000000000000e+01 3.000000000000000000e+01 7.057651664750200782e-01
1.700000000000000000e+01 3.100000000000000000e+01 8.157851171250021238e-01
1.700000000000000000e+01 3.200000000000000000e+01 8.562948928348212974e-01
1.800000000000000000e+01 1.900000000000000000e+01 6.119209497673516740e-01
1.800000000000000000e+01 2.000000000000000000e+01 5.051220215681273551e-01
1.800000000000000000e+01 2.100000000000000000e+01 8.443683897074916178e-01
1.800000000000000000e+01 2.200000000000000000e+01 5.782418166854783603e-01
1.800000000000000000e+01 2.300000000000000000e+01 8.430117434016095590e-01
1.800000000000000000e+01 2.400000000000000000e+01 8.441037660479188132e-01
1.800000000000000000e+01 2.500000000000000000e+01 7.607984092767938744e-01
1.800000000000000000e+01 2.600000000000000000e+01 7.932844452882545916e-01
1.800000000000000000e+01 2.700000000000000000e+01 8.214605957964802307e-01
1.800000000000000000e+01 2.800000000000000000e+01 8.318886076922928918e-01
1.800000000000000000e+01 2.900000000000000000e+01 8.345888563537120497e-01
1.800000000000000000e+01 3.000000000000000000e+01 6.825860484664697525e-01
1.800000000000000000e+01 3.100000000000000000e+01 7.918521331696848353e-01
1.800000000000000000e+01 3.200000000000000000e+01 8.324607264020564834e-01
1.900000000000000000e+01 2.000000000000000000e+01 5.345834382917016292e-01
1.900000000000000000e+01 2.100000000000000000e+01 9.004963710682851730e-01
1.900000000000000000e+01 2.200000000000000000e+01 6.385591297928145949e-01
1.900000000000000000e+01 2.300000000000000000e+01 8.986606430976125104e-01
1.900000000000000000e+01 2.400000000000000000e+01 8.997909989597591141e-01
1.900000000000000000e+01 2.500000000000000000e+01 8.004408960476623314e-01
1.900000000000000000e+01 2.600000000000000000e+01 8.250113536933918468e-01
1.900000000000000000e+01 2.700000000000000000e+01 8.517576669688522450e-01
1.900000000000000000e+01 2.800000000000000000e+01 8.828853458833305634e-01
1.900000000000000000e+01 2.900000000000000000e+01 8.859607705504204400e-01
1.900000000000000000e+01 3.000000000000000000e+01 7.335338331840733916e-01
1.900000000000000000e+01 3.100000000000000000e+01 8.409390328445436325e-01
1.900000000000000000e+01 3.200000000000000000e+01 8.770622169582238392e-01
2.000000000000000000e+01 2.100000000000000000e+01 8.611816775115024303e-01
2.000000000000000000e+01 2.200000000000000000e+01 5.583235399568677870e-01
2.000000000000000000e+01 2.300000000000000000e+01 8.591943663017838073e-01
2.000000000000000000e+01 2.400000000000000000e+01 8.600903375904794812e-01
2.000000000000000000e+01 2.500000000000000000e+01 7.607881015709809791e-01
2.000000000000000000e+01 2.600000000000000000e+01 7.897619183235629059e-01
2.000000000000000000e+01 2.700000000000000000e+01 8.178715566942185156e-01
2.000000000000000000e+01 2.800000000000000000e+01 8.432978145018601435e-01
2.000000000000000000e+01 2.900000000000000000e+01 8.465959406223939610e-01
2.000000000000000000e+01 3.000000000000000000e+01 6.948255182376029682e-01
2.000000000000000000e+01 3.100000000000000000e+01 8.022541514408967345e-01
2.000000000000000000e+01 3.200000000000000000e+01 8.395659515762101677e-01
2.100000000000000000e+01 2.200000000000000000e+01 8.369096960056081613e-01
2.100000000000000000e+01 2.300000000000000000e+01 5.448489158084817152e-01
2.100000000000000000e+01 2.400000000000000000e+01 6.108068964851168792e-01
2.100000000000000000e+01 2.500000000000000000e+01 8.015462368504022717e-01
2.100000000000000000e+01 2.600000000000000000e+01 8.203006650988211579e-01
2.100000000000000000e+01 2.700000000000000000e+01 8.347926513482231137e-01
2.100000000000000000e+01 2.800000000000000000e+01 7.276675023792147368e-01
2.100000000000000000e+01 2.900000000000000000e+01 7.136044466301270095e-01
2.100000000000000000e+01 3.000000000000000000e+01 5.370808860902690496e-01
2.100000000000000000e+01 3.100000000000000000e+01 6.789348445358058814e-01
2.100000000000000000e+01 3.200000000000000000e+01 7.476228104719713219e-01
2.200000000000000000e+01 2.300000000000000000e+01 8.335401372632558203e-01
2.200000000000000000e+01 2.400000000000000000e+01 8.335446906235594033e-01
2.200000000000000000e+01 2.500000000000000000e+01 7.088015139950445409e-01
2.200000000000000000e+01 2.600000000000000000e+01 7.438353472143408585e-01
2.200000000000000000e+01 2.700000000000000000e+01 7.752185575762915448e-01
2.200000000000000000e+01 2.800000000000000000e+01 8.096878416623216612e-01
2.200000000000000000e+01 2.900000000000000000e+01 8.145083325026079013e-01
2.200000000000000000e+01 3.000000000000000000e+01 6.647609169703442289e-01
2.200000000000000000e+01 3.100000000000000000e+01 7.693414146407600018e-01
2.200000000000000000e+01 3.200000000000000000e+01 8.044784200371948302e-01
2.300000000000000000e+01 2.400000000000000000e+01 5.129049154768069441e-01
2.300000000000000000e+01 2.500000000000000000e+01 7.935679921753580057e-01
2.300000000000000000e+01 2.600000000000000000e+01 8.119754206826055309e-01
2.300000000000000000e+01 2.700000000000000000e+01 8.261603284346326070e-01
2.300000000000000000e+01 2.800000000000000000e+01 7.145125806962886461e-01
2.300000000000000000e+01 2.900000000000000000e+01 6.997798511043402669e-01
2.300000000000000000e+01 3.000000000000000000e+01 5.249817424746782146e-01
2.300000000000000000e+01 3.100000000000000000e+01 6.671301249371388575e-01
2.300000000000000000e+01 3.200000000000000000e+01 7.367720692541763761e-01
2.400000000000000000e+01 2.500000000000000000e+01 7.917071862389639669e-01
2.400000000000000000e+01 2.600000000000000000e+01 8.108461980141377090e-01
2.400000000000000000e+01 2.700000000000000000e+01 8.253543210165705801e-01
2.400000000000000000e+01 2.800000000000000000e+01 7.102999985667539651e-01
2.400000000000000000e+01 2.900000000000000000e+01 6.956034828319372920e-01
2.400000000000000000e+01 3.000000000000000000e+01 5.264635494686645822e-01
2.400000000000000000e+01 3.100000000000000000e+01 6.668132669775399535e-01
2.400000000000000000e+01 3.200000000000000000e+01 7.369249452013519885e-01
2.500000000000000000e+01 2.600000000000000000e+01 5.842187891858214854e-01
2.500000000000000000e+01 2.700000000000000000e+01 6.550526648830188314e-01
2.500000000000000000e+01 2.800000000000000000e+01 7.322269670357506310e-01
2.500000000000000000e+01 2.900000000000000000e+01 7.438761023746693901e-01
2.500000000000000000e+01 3.000000000000000000e+01 5.993523426608206028e-01
2.500000000000000000e+01 3.100000000000000000e+01 6.899120499457216393e-01
2.500000000000000000e+01 3.200000000000000000e+01 7.129471326356531247e-01
2.600000000000000000e+01 2.700000000000000000e+01 5.302524991339785387e-01
2.600000000000000000e+01 2.800000000000000000e+01 7.493827275827096290e-01
2.600000000000000000e+01 2.900000000000000000e+01 7.582819319512426048e-01
2.600000000000000000e+01 3.000000000000000000e+01 6.079646707738862732e-01
2.600000000000000000e+01 3.100000000000000000e+01 6.957989004643114761e-01
2.600000000000000000e+01 3.200000000000000000e+01 6.964967036654057253e-01
2.700000000000000000e+01 2.800000000000000000e+01 7.630277442483455186e-01
2.700000000000000000e+01 2.900000000000000000e+01 7.701100961408049450e-01
2.700000000000000000e+01 3.000000000000000000e+01 6.164553440338306212e-01
2.700000000000000000e+01 3.100000000000000000e+01 7.030519480541006505e-01
2.700000000000000000e+01 3.200000000000000000e+01 6.880916995312809092e-01
2.800000000000000000e+01 2.900000000000000000e+01 5.239572358217106096e-01
2.800000000000000000e+01 3.000000000000000000e+01 4.889739846075423779e-01
2.800000000000000000e+01 3.100000000000000000e+01 5.521586836648590957e-01
2.800000000000000000e+01 3.200000000000000000e+01 6.655854880645701854e-01
2.900000000000000000e+01 3.000000000000000000e+01 4.632817863901527167e-01
2.900000000000000000e+01 3.100000000000000000e+01 5.669708428390014543e-01
2.900000000000000000e+01 3.200000000000000000e+01 6.655478170862108023e-01
3.000000000000000000e+01 3.100000000000000000e+01 4.225454469683607162e-01
3.000000000000000000e+01 3.200000000000000000e+01 4.982899122249819790e-01
3.100000000000000000e+01 3.200000000000000000e+01 5.775846354291958029e-01
