1.000000000000000000e+00 2.000000000000000000e+00 4.455949425965028965e-01
1.000000000000000000e+00 3.000000000000000000e+00 2.654596278558369882e-01
1.000000000000000000e+00 4.000000000000000000e+00 5.043254252351979661e-01
1.000000000000000000e+00 5.000000000000000000e+00 2.673616043778768159e-01
1.000000000000000000e+00 6.000000000000000000e+00 4.715056168621796773e-01
1.000000000000000000e+00 7.000000000000000000e+00 5.415419989198159145e-01
1.000000000000000000e+00 8.000000000000000000e+00 5.233454899012723871e-01
1.000000000000000000e+00 9.000000000000000000e+00 4.741967239694674929e-01
1.000000000000000000e+00 1.000000000000000000e+01 5.372181001848397308e-01
1.000000000000000000e+00 1.100000000000000000e+01 4.870556037758804191e-01
1.000000000000000000e+00 1.200000000000000000e+01 5.354096938097407943e-01
1.000000000000000000e+00 1.300000000000000000e+01 5.008374143512908105e-01
1.000000000000000000e+00 1.400000000000000000e+01 2.174550552687652127e-01
1.000000000000000000e+00 1.500000000000000000e+01 5.048852289786247560e-01
1.000000000000000000e+00 1.600000000000000000e+01 2.158519310191232554e-01
1.000000000000000000e+00 1.700000000000000000e+01 2.164359510017920540e-01
1.000000000000000000e+00 1.800000000000000000e+01 2.159544109283002278e-01
1.000000000000000000e+00 1.900000000000000000e+01 2.170190410104584633e-01
1.000000000000000000e+00 2.000000000000000000e+01 2.162800174358999739e-01
1.000000000000000000e+00 2.100000000000000000e+01 2.005986759292496813e-01
1.000000000000000000e+00 2.200000000000000000e+01 2.158663738965126699e-01
1.000000000000000000e+00 2.300000000000000000e+01 2.021224557622873508e-01
1.000000000000000000e+00 2.400000000000000000e+01 2.037347623920967021e-01
1.000000000000000000e+00 2.500000000000000000e+01 2.198087225469091688e-01
1.000000000000000000e+00 2.600000000000000000e+01 2.193957670273805893e-01
1.000000000000000000e+00 2.700000000000000000e+01 2.203882541964268527e-01
1.000000000000000000e+00 2.800000000000000000e+01 5.675134176051970236e-01
1.000000000000000000e+00 2.900000000000000000e+01 5.653592766869710573e-01
1.000000000000000000e+00 3.000000000000000000e+01 5.817105926523322701e-01
1.000000000000000000e+00 3.100000000000000000e+01 6.083716991674674723e-01
1.000000000000000000e+00 3.200000000000000000e+01 6.096107774799638390e-01
2.000000000000000000e+00 3.000000000000000000e+00 3.483089470997974280e-01
2.000000000000000000e+00 4.000000000000000000e+00 5.867651939133867733e-01
2.000000000000000000e+00 5.000000000000000000e+00 3.502093521379876506e-01
2.000000000000000000e+00 6.000000000000000000e+00 5.544212007148545673e-01
2.000000000000000000e+00 7.000000000000000000e+00 6.246016424405377299e-01
2.000000000000000000e+00 8.000000000000000000e+00 6.064312704105865315e-01
2.000000000000000000e+00 9.000000000000000000e+00 5.576418352098735376e-01
2.000000000000000000e+00 1.000000000000000000e+01 6.203748020082051617e-01
2.000000000000000000e+00 1.100000000000000000e+01 5.709478417343818446e-01
2.000000000000000000e+00 1.200000000000000000e+01 6.191189626156645698e-01
2.000000000000000000e+00 1.300000000000000000e+01 5.858754299064514726e-01
2.000000000000000000e+00 1.400000000000000000e+01 3.017598647979455873e-01
2.000000000000000000e+00 1.500000000000000000e+01 5.899634885206745949e-01
2.000000000000000000e+00 1.600000000000000000e+01 3.001638230871355173e-01
2.000000000000000000e+00 1.700000000000000000e+01 3.007455528423040869e-01
2.000000000000000000e+00 1.800000000000000000e+01 3.002664908790426690e-01
2.000000000000000000e+00 1.900000000000000000e+01 3.013296861888912215e-01
2.000000000000000000e+00 2.000000000000000000e+01 3.005920594238939980e-01
2.000000000000000000e+00 2.100000000000000000e+01 2.850048811294737527e-01
2.000000000000000000e+00 2.200000000000000000e+01 3.001815874395716843e-01
2.000000000000000000e+00 2.300000000000000000e+01 2.865530392092477951e-01
2.000000000000000000e+00 2.400000000000000000e+01 2.881804059451973377e-01
2.000000000000000000e+00 2.500000000000000000e+01 3.041284391545199250e-01
2.000000000000000000e+00 2.600000000000000000e+01 3.037160912065309804e-01
2.000000000000000000e+00 2.700000000000000000e+01 3.047091831867287937e-01
2.000000000000000000e+00 2.800000000000000000e+01 6.520791482313432752e-01
2.000000000000000000e+00 2.900000000000000000e+01 6.500088955008136438e-01
2.000000000000000000e+00 3.000000000000000000e+01 6.666839252737881694e-01
2.000000000000000000e+00 3.100000000000000000e+01 6.930099205878175184e-01
2.000000000000000000e+00 3.200000000000000000e+01 6.940581974318390523e-01
3.000000000000000000e+00 4.000000000000000000e+00 2.680984036782323443e-01
3.000000000000000000e+00 5.000000000000000000e+00 5.865346842888863321e-03
3.000000000000000000e+00 6.000000000000000000e+00 2.237201214281033246e-01
3.000000000000000000e+00 7.000000000000000000e+00 3.325483649810021536e-01
3.000000000000000000e+00 8.000000000000000000e+00 2.904860150295615062e-01
3.000000000000000000e+00 9.000000000000000000e+00 3.524738697387403419e-01
3.000000000000000000e+00 1.000000000000000000e+01 3.179743485518992108e-01
3.000000000000000000e+00 1.100000000000000000e+01 3.640881024219277950e-01
3.000000000000000000e+00 1.200000000000000000e+01 3.876803074716292929e-01
3.000000000000000000e+00 1.300000000000000000e+01 4.019161998201183916e-01
3.000000000000000000e+00 1.400000000000000000e+01 1.038130943664306305e-01
3.000000000000000000e+00 1.500000000000000000e+01 4.034847331094235656e-01
3.000000000000000000e+00 1.600000000000000000e+01 1.029515230083689059e-01
3.000000000000000000e+00 1.700000000000000000e+01 1.032799191075749745e-01
3.000000000000000000e+00 1.800000000000000000e+01 1.030545044224931150e-01
3.000000000000000000e+00 1.900000000000000000e+01 1.039416788260512370e-01
3.000000000000000000e+00 2.000000000000000000e+01 1.033528236605117945e-01
3.000000000000000000e+00 2.100000000000000000e+01 9.701970991507530284e-02
3.000000000000000000e+00 2.200000000000000000e+01 1.032439200377657518e-01
3.000000000000000000e+00 2.300000000000000000e+01 9.846789900278898888e-02
3.000000000000000000e+00 2.400000000000000000e+01 1.000172511338197623e-01
3.000000000000000000e+00 2.500000000000000000e+01 1.074870608592781440e-01
3.000000000000000000e+00 2.600000000000000000e+01 1.069983956183065132e-01
3.000000000000000000e+00 2.700000000000000000e+01 1.079844140171869749e-01
3.000000000000000000e+00 2.800000000000000000e+01 4.582999159574947523e-01
3.000000000000000000e+00 2.900000000000000000e+01 4.571061490451788778e-01
3.000000000000000000e+00 3.000000000000000000e+01 4.755969576347154337e-01
3.000000000000000000e+00 3.100000000000000000e+01 4.992241990063108759e-01
3.000000000000000000e+00 3.200000000000000000e+01 4.984249266782444510e-01
4.000000000000000000e+00 5.000000000000000000e+00 2.695176265539482863e-01
4.000000000000000000e+00 6.000000000000000000e+00 4.800441494928581743e-01
4.000000000000000000e+00 7.000000000000000000e+00 5.647143527953336628e-01
4.000000000000000000e+00 8.000000000000000000e+00 5.475782575220016213e-01
4.000000000000000000e+00 9.000000000000000000e+00 5.792864691349912665e-01
4.000000000000000000e+00 1.000000000000000000e+01 5.687120730085406528e-01
4.000000000000000000e+00 1.100000000000000000e+01 5.976700354549155936e-01
4.000000000000000000e+00 1.200000000000000000e+01 6.232226775178797418e-01
4.000000000000000000e+00 1.300000000000000000e+01 6.397735354282758635e-01
4.000000000000000000e+00 1.400000000000000000e+01 3.435103017754098653e-01
4.000000000000000000e+00 1.500000000000000000e+01 6.416009226775551966e-01
4.000000000000000000e+00 1.600000000000000000e+01 3.425364606466823059e-01
4.000000000000000000e+00 1.700000000000000000e+01 3.429037012507469839e-01
4.000000000000000000e+00 1.800000000000000000e+01 3.426395987872811189e-01
4.000000000000000000e+00 1.900000000000000000e+01 3.435538180572508260e-01
4.000000000000000000e+00 2.000000000000000000e+01 3.429422485043853719e-01
4.000000000000000000e+00 2.100000000000000000e+01 3.352470668426077993e-01
4.000000000000000000e+00 2.200000000000000000e+01 3.427875832364232211e-01
4.000000000000000000e+00 2.300000000000000000e+01 3.367126035524211636e-01
4.000000000000000000e+00 2.400000000000000000e+01 3.382750836113883053e-01
4.000000000000000000e+00 2.500000000000000000e+01 3.469861903242413836e-01
4.000000000000000000e+00 2.600000000000000000e+01 3.465092584530772291e-01
4.000000000000000000e+00 2.700000000000000000e+01 3.474964409040299795e-01
4.000000000000000000e+00 2.800000000000000000e+01 6.973982345371809721e-01
4.000000000000000000e+00 2.900000000000000000e+01 6.960836981694025205e-01
4.000000000000000000e+00 3.000000000000000000e+01 7.143405619635592174e-01
4.000000000000000000e+00 3.100000000000000000e+01 7.383318936041427527e-01
4.000000000000000000e+00 3.200000000000000000e+01 7.377876846099723496e-01
5.000000000000000000e+00 6.000000000000000000e+00 2.251883169007162233e-01
5.000000000000000000e+00 7.000000000000000000e+00 3.338281965246552296e-01
5.000000000000000000e+00 8.000000000000000000e+00 2.924262496656293564e-01
5.000000000000000000e+00 9.000000000000000000e+00 3.542589469994332219e-01
5.000000000000000000e+00 1.000000000000000000e+01 3.197183176217099909e-01
5.000000000000000000e+00 1.100000000000000000e+01 3.658729639838917969e-01
5.000000000000000000e+00 1.200000000000000000e+01 3.894096913746497579e-01
5.000000000000000000e+00 1.300000000000000000e+01 4.038000131419379191e-01
5.000000000000000000e+00 1.400000000000000000e+01 1.057114793759792171e-01
5.000000000000000000e+00 1.500000000000000000e+01 4.053696696734743199e-01
5.000000000000000000e+00 1.600000000000000000e+01 1.048487796376699199e-01
5.000000000000000000e+00 1.700000000000000000e+01 1.051775695544879541e-01
5.000000000000000000e+00 1.800000000000000000e+01 1.049517687756072737e-01
5.000000000000000000e+00 1.900000000000000000e+01 1.058392187099373716e-01
5.000000000000000000e+00 2.000000000000000000e+01 1.052501362167044263e-01
5.000000000000000000e+00 2.100000000000000000e+01 9.890481184191729502e-02
5.000000000000000000e+00 2.200000000000000000e+01 1.051407828916160192e-01
5.000000000000000000e+00 2.300000000000000000e+01 1.003531691797741876e-01
5.000000000000000000e+00 2.400000000000000000e+01 1.019026473367651286e-01
5.000000000000000000e+00 2.500000000000000000e+01 1.093834956080950438e-01
5.000000000000000000e+00 2.600000000000000000e+01 1.088949464657121557e-01
5.000000000000000000e+00 2.700000000000000000e+01 1.098809772047094901e-01
5.000000000000000000e+00 2.800000000000000000e+01 4.601928374384125497e-01
5.000000000000000000e+00 2.900000000000000000e+01 4.589980463352141271e-01
5.000000000000000000e+00 3.000000000000000000e+01 4.774869901601754840e-01
5.000000000000000000e+00 3.100000000000000000e+01 5.011172735354674224e-01
5.000000000000000000e+00 3.200000000000000000e+01 5.003202074395264320e-01
6.000000000000000000e+00 7.000000000000000000e+00 4.925120436783546607e-01
6.000000000000000000e+00 8.000000000000000000e+00 4.947910394193333339e-01
6.000000000000000000e+00 9.000000000000000000e+00 5.555743542487316944e-01
6.000000000000000000e+00 1.000000000000000000e+01 4.956776965599185569e-01
6.000000000000000000e+00 1.100000000000000000e+01 5.638680969147171762e-01
6.000000000000000000e+00 1.200000000000000000e+01 5.807888220476555841e-01
6.000000000000000000e+00 1.300000000000000000e+01 6.070332076199163041e-01
6.000000000000000000e+00 1.400000000000000000e+01 3.092436750209919261e-01
6.000000000000000000e+00 1.500000000000000000e+01 6.085663099860452174e-01
6.000000000000000000e+00 1.600000000000000000e+01 3.083424032200934306e-01
6.000000000000000000e+00 1.700000000000000000e+01 3.086848302228142327e-01
6.000000000000000000e+00 1.800000000000000000e+01 3.084459703246207329e-01
6.000000000000000000e+00 1.900000000000000000e+01 3.093430285990814710e-01
6.000000000000000000e+00 2.000000000000000000e+01 3.087462246179052405e-01
6.000000000000000000e+00 2.100000000000000000e+01 3.020623925022724587e-01
6.000000000000000000e+00 2.200000000000000000e+01 3.086220209269389114e-01
6.000000000000000000e+00 2.300000000000000000e+01 3.035159791899180171e-01
6.000000000000000000e+00 2.400000000000000000e+01 3.050693306616937828e-01
6.000000000000000000e+00 2.500000000000000000e+01 3.128510942562212627e-01
6.000000000000000000e+00 2.600000000000000000e+01 3.123664149859737282e-01
6.000000000000000000e+00 2.700000000000000000e+01 3.133528980622142246e-01
6.000000000000000000e+00 2.800000000000000000e+01 6.635661576257996241e-01
6.000000000000000000e+00 2.900000000000000000e+01 6.623459447832436009e-01
6.000000000000000000e+00 3.000000000000000000e+01 6.807949647080087097e-01
6.000000000000000000e+00 3.100000000000000000e+01 7.044984807700391816e-01
6.000000000000000000e+00 3.200000000000000000e+01 7.037590552251334897e-01
7.000000000000000000e+00 8.000000000000000000e+00 5.859954974545567019e-01
7.000000000000000000e+00 9.000000000000000000e+00 6.128727391083326204e-01
7.000000000000000000e+00 1.000000000000000000e+01 5.604559114568186118e-01
7.000000000000000000e+00 1.100000000000000000e+01 6.105027354898420189e-01
7.000000000000000000e+00 1.200000000000000000e+01 6.096525046619709620e-01
7.000000000000000000e+00 1.300000000000000000e+01 6.743591495056180385e-01
7.000000000000000000e+00 1.400000000000000000e+01 3.784746345092482311e-01
7.000000000000000000e+00 1.500000000000000000e+01 6.759595720651687678e-01
7.000000000000000000e+00 1.600000000000000000e+01 3.774127566355104380e-01
7.000000000000000000e+00 1.700000000000000000e+01 3.778112633698710310e-01
7.000000000000000000e+00 1.800000000000000000e+01 3.775174573997219785e-01
7.000000000000000000e+00 1.900000000000000000e+01 3.784537624300037262e-01
7.000000000000000000e+00 2.000000000000000000e+01 3.778246045042035206e-01
7.000000000000000000e+00 2.100000000000000000e+01 3.694331123518410087e-01
7.000000000000000000e+00 2.200000000000000000e+01 3.776364469501689580e-01
7.000000000000000000e+00 2.300000000000000000e+01 3.709108150750736188e-01
7.000000000000000000e+00 2.400000000000000000e+01 3.724821832600017646e-01
7.000000000000000000e+00 2.500000000000000000e+01 3.818047549147070008e-01
7.000000000000000000e+00 2.600000000000000000e+01 3.813366417234059780e-01
7.000000000000000000e+00 2.700000000000000000e+01 3.823249104455065384e-01
7.000000000000000000e+00 2.800000000000000000e+01 7.320320179334403043e-01
7.000000000000000000e+00 2.900000000000000000e+01 7.306708864562501127e-01
7.000000000000000000e+00 3.000000000000000000e+01 7.488684358826178666e-01
7.000000000000000000e+00 3.100000000000000000e+01 7.729884545743028745e-01
7.000000000000000000e+00 3.200000000000000000e+01 7.725541172149902325e-01
8.000000000000000000e+00 9.000000000000000000e+00 6.102872030917128043e-01
8.000000000000000000e+00 1.000000000000000000e+01 5.144710487500030460e-01
8.000000000000000000e+00 1.100000000000000000e+01 6.165434992373504119e-01
8.000000000000000000e+00 1.200000000000000000e+01 6.298721055770144517e-01
8.000000000000000000e+00 1.300000000000000000e+01 6.574455415499669275e-01
8.000000000000000000e+00 1.400000000000000000e+01 3.575931722671500390e-01
8.000000000000000000e+00 1.500000000000000000e+01 6.585593589088687416e-01
8.000000000000000000e+00 1.600000000000000000e+01 3.567615352084236857e-01
8.000000000000000000e+00 1.700000000000000000e+01 3.570810924260081620e-01
8.000000000000000000e+00 1.800000000000000000e+01 3.568672572674191912e-01
8.000000000000000000e+00 1.900000000000000000e+01 3.577488678238123221e-01
8.000000000000000000e+00 2.000000000000000000e+01 3.571665184884346145e-01
8.000000000000000000e+00 2.100000000000000000e+01 3.517941566000659104e-01
8.000000000000000000e+00 2.200000000000000000e+01 3.570744567949585280e-01
8.000000000000000000e+00 2.300000000000000000e+01 3.532334015620860468e-01
8.000000000000000000e+00 2.400000000000000000e+01 3.547756529872387321e-01
8.000000000000000000e+00 2.500000000000000000e+01 3.613380611066409065e-01
8.000000000000000000e+00 2.600000000000000000e+01 3.608452188065757182e-01
8.000000000000000000e+00 2.700000000000000000e+01 3.618311097424347089e-01
8.000000000000000000e+00 2.800000000000000000e+01 7.124529870218141436e-01
8.000000000000000000e+00 2.900000000000000000e+01 7.113622690728966802e-01
8.000000000000000000e+00 3.000000000000000000e+01 7.300885001935819574e-01
8.000000000000000000e+00 3.100000000000000000e+01 7.533923406072682294e-01
8.000000000000000000e+00 3.200000000000000000e+01 7.523918442298253018e-01
9.000000000000000000e+00 1.000000000000000000e+01 6.208116047737795018e-01
9.000000000000000000e+00 1.100000000000000000e+01 5.619430957795366055e-01
9.000000000000000000e+00 1.200000000000000000e+01 6.138914639340291579e-01
9.000000000000000000e+00 1.300000000000000000e+01 6.035238859616185447e-01
9.000000000000000000e+00 1.400000000000000000e+01 3.168649214455719898e-01
9.000000000000000000e+00 1.500000000000000000e+01 6.068276298352044407e-01
9.000000000000000000e+00 1.600000000000000000e+01 3.153321781366154042e-01
9.000000000000000000e+00 1.700000000000000000e+01 3.158923471812999928e-01
9.000000000000000000e+00 1.800000000000000000e+01 3.154352870384238283e-01
9.000000000000000000e+00 1.900000000000000000e+01 3.164836652910171244e-01
9.000000000000000000e+00 2.000000000000000000e+01 3.157588862519569162e-01
9.000000000000000000e+00 2.100000000000000000e+01 3.010588950018628362e-01
9.000000000000000000e+00 2.200000000000000000e+01 3.153750598432426555e-01
9.000000000000000000e+00 2.300000000000000000e+01 3.026153179595113540e-01
9.000000000000000000e+00 2.400000000000000000e+01 3.042462422870895744e-01
9.000000000000000000e+00 2.500000000000000000e+01 3.193494983323876824e-01
9.000000000000000000e+00 2.600000000000000000e+01 3.189313662612955902e-01
9.000000000000000000e+00 2.700000000000000000e+01 3.199243273006117105e-01
9.000000000000000000e+00 2.800000000000000000e+01 6.677181178781923521e-01
9.000000000000000000e+00 2.900000000000000000e+01 6.657835755959675694e-01
9.000000000000000000e+00 3.000000000000000000e+01 6.828424642786514731e-01
9.000000000000000000e+00 3.100000000000000000e+01 7.086989168490127611e-01
9.000000000000000000e+00 3.200000000000000000e+01 7.094551610262683772e-01
1.000000000000000000e+01 1.100000000000000000e+01 6.206318809350201970e-01
1.000000000000000000e+01 1.200000000000000000e+01 6.185832873776320184e-01
1.000000000000000000e+01 1.300000000000000000e+01 6.702741983773514711e-01
1.000000000000000000e+01 1.400000000000000000e+01 3.716813044595165261e-01
1.000000000000000000e+01 1.500000000000000000e+01 6.714268125793312336e-01
1.000000000000000000e+01 1.600000000000000000e+01 3.707461281019739374e-01
1.000000000000000000e+01 1.700000000000000000e+01 3.711017134748255675e-01
1.000000000000000000e+01 1.800000000000000000e+01 3.708523287853273676e-01
1.000000000000000000e+01 1.900000000000000000e+01 3.717590998772140054e-01
1.000000000000000000e+01 2.000000000000000000e+01 3.711558491427261464e-01
1.000000000000000000e+01 2.100000000000000000e+01 3.646669677723474723e-01
1.000000000000000000e+01 2.200000000000000000e+01 3.710221328620945114e-01
1.000000000000000000e+01 2.300000000000000000e+01 3.661210891748265528e-01
1.000000000000000000e+01 2.400000000000000000e+01 3.676745988704835377e-01
1.000000000000000000e+01 2.500000000000000000e+01 3.752458346410227907e-01
1.000000000000000000e+01 2.600000000000000000e+01 3.747637822172475985e-01
1.000000000000000000e+01 2.700000000000000000e+01 3.757508170824288563e-01
1.000000000000000000e+01 2.800000000000000000e+01 7.260339008937275462e-01
1.000000000000000000e+01 2.900000000000000000e+01 7.248486561233593584e-01
1.000000000000000000e+01 3.000000000000000000e+01 7.434008950584125586e-01
1.000000000000000000e+01 3.100000000000000000e+01 7.669869327219065447e-01
1.000000000000000000e+01 3.200000000000000000e+01 7.661918919861140376e-01
1.100000000000000000e+01 1.200000000000000000e+01 5.567240253683682916e-01
1.100000000000000000e+01 1.300000000000000000e+01 6.133846503459889909e-01
1.100000000000000000e+01 1.400000000000000000e+01 3.248881428431247276e-01
1.100000000000000000e+01 1.500000000000000000e+01 6.157201177129834058e-01
1.100000000000000000e+01 1.600000000000000000e+01 3.233620505039144222e-01
1.100000000000000000e+01 1.700000000000000000e+01 3.239204471504184557e-01
1.100000000000000000e+01 1.800000000000000000e+01 3.234660590917326495e-01
1.100000000000000000e+01 1.900000000000000000e+01 3.245134326340770592e-01
1.100000000000000000e+01 2.000000000000000000e+01 3.237901240353597832e-01
1.100000000000000000e+01 2.100000000000000000e+01 3.094425808921805188e-01
1.100000000000000000e+01 2.200000000000000000e+01 3.234105053775769845e-01
1.100000000000000000e+01 2.300000000000000000e+01 3.110026435464005035e-01
1.100000000000000000e+01 2.400000000000000000e+01 3.126353020372326097e-01
1.100000000000000000e+01 2.500000000000000000e+01 3.273908055201047995e-01
1.100000000000000000e+01 2.600000000000000000e+01 3.269720957305307651e-01
1.100000000000000000e+01 2.700000000000000000e+01 3.279652682381354323e-01
1.100000000000000000e+01 2.800000000000000000e+01 6.759208183082550114e-01
1.100000000000000000e+01 2.900000000000000000e+01 6.740442587599566604e-01
1.100000000000000000e+01 3.000000000000000000e+01 6.912713260297742579e-01
1.100000000000000000e+01 3.100000000000000000e+01 7.169277363569386274e-01
1.100000000000000000e+01 3.200000000000000000e+01 7.175684000160454934e-01
1.200000000000000000e+01 1.300000000000000000e+01 6.627748263472388324e-01
1.200000000000000000e+01 1.400000000000000000e+01 3.694744574448355356e-01
1.200000000000000000e+01 1.500000000000000000e+01 6.640378266598883084e-01
1.200000000000000000e+01 1.600000000000000000e+01 3.681327324970772308e-01
1.200000000000000000e+01 1.700000000000000000e+01 3.686289112112727251e-01
1.200000000000000000e+01 1.800000000000000000e+01 3.682392867418614602e-01
1.200000000000000000e+01 1.900000000000000000e+01 3.692439433521759184e-01
1.200000000000000000e+01 2.000000000000000000e+01 3.685583767606429584e-01
1.200000000000000000e+01 2.100000000000000000e+01 3.572601571186680425e-01
1.200000000000000000e+01 2.200000000000000000e+01 3.682585685948986942e-01
1.200000000000000000e+01 2.300000000000000000e+01 3.587817716235837118e-01
1.200000000000000000e+01 2.400000000000000000e+01 3.603857160463028175e-01
1.200000000000000000e+01 2.500000000000000000e+01 3.723208872178060957e-01
1.200000000000000000e+01 2.600000000000000000e+01 3.718819581062798862e-01
1.200000000000000000e+01 2.700000000000000000e+01 3.728734617601504597e-01
1.200000000000000000e+01 2.800000000000000000e+01 7.217363745391514041e-01
1.200000000000000000e+01 2.900000000000000000e+01 7.201452649579747067e-01
1.200000000000000000e+01 3.000000000000000000e+01 7.379548263279231968e-01
1.200000000000000000e+01 3.100000000000000000e+01 7.627449502417800176e-01
1.200000000000000000e+01 3.200000000000000000e+01 7.628130491165189264e-01
1.300000000000000000e+01 1.400000000000000000e+01 3.393364187439776858e-01
1.300000000000000000e+01 1.500000000000000000e+01 6.007169805237806415e-01
1.300000000000000000e+01 1.600000000000000000e+01 3.376550605140377082e-01
1.300000000000000000e+01 1.700000000000000000e+01 3.382658655730691466e-01
1.300000000000000000e+01 1.800000000000000000e+01 3.377572836032147752e-01
1.300000000000000000e+01 1.900000000000000000e+01 3.388403698957397348e-01
1.300000000000000000e+01 2.000000000000000000e+01 3.380855145014027840e-01
1.300000000000000000e+01 2.100000000000000000e+01 3.211343702115125320e-01
1.300000000000000000e+01 2.200000000000000000e+01 3.376394288365390794e-01
1.300000000000000000e+01 2.300000000000000000e+01 3.225972142818690491e-01
1.300000000000000000e+01 2.400000000000000000e+01 3.241840607754050141e-01
1.300000000000000000e+01 2.500000000000000000e+01 3.415483401687849918e-01
1.300000000000000000e+01 2.600000000000000000e+01 3.411422594963647859e-01
1.300000000000000000e+01 2.700000000000000000e+01 3.421348402920368903e-01
1.300000000000000000e+01 2.800000000000000000e+01 6.887080334786572777e-01
1.300000000000000000e+01 2.900000000000000000e+01 6.863656838164504670e-01
1.300000000000000000e+01 3.000000000000000000e+01 7.022174215295278188e-01
1.300000000000000000e+01 3.100000000000000000e+01 7.295096449884708179e-01
1.300000000000000000e+01 3.200000000000000000e+01 7.311261572037374146e-01
1.400000000000000000e+01 1.500000000000000000e+01 3.364648182348467520e-01
1.400000000000000000e+01 1.600000000000000000e+01 6.958016313707404699e-03
1.400000000000000000e+01 1.700000000000000000e+01 5.930372534775768534e-03
1.400000000000000000e+01 1.800000000000000000e+01 6.829755629023825936e-03
1.400000000000000000e+01 1.900000000000000000e+01 6.509863686009781381e-03
1.400000000000000000e+01 2.000000000000000000e+01 6.761434000282257051e-03
1.400000000000000000e+01 2.100000000000000000e+01 2.712746333998605763e-02
1.400000000000000000e+01 2.200000000000000000e+01 7.821529432708862473e-03
1.400000000000000000e+01 2.300000000000000000e+01 2.828657782158836009e-02
1.400000000000000000e+01 2.400000000000000000e+01 2.961041723462523589e-02
1.400000000000000000e+01 2.500000000000000000e+01 1.304861899658632529e-02
1.400000000000000000e+01 2.600000000000000000e+01 1.227046813154991645e-02
1.400000000000000000e+01 2.700000000000000000e+01 1.322487169140892926e-02
1.400000000000000000e+01 2.800000000000000000e+01 3.721721487614741974e-01
1.400000000000000000e+01 2.900000000000000000e+01 3.733952698665675696e-01
1.400000000000000000e+01 3.000000000000000000e+01 3.967243654205169223e-01
1.400000000000000000e+01 3.100000000000000000e+01 4.129274279785029034e-01
1.400000000000000000e+01 3.200000000000000000e+01 4.068052040618627130e-01
1.500000000000000000e+01 1.600000000000000000e+01 3.347584421282231437e-01
1.500000000000000000e+01 1.700000000000000000e+01 3.353775307318211940e-01
1.500000000000000000e+01 1.800000000000000000e+01 3.348602042529559286e-01
1.500000000000000000e+01 1.900000000000000000e+01 3.359487690609500588e-01
1.500000000000000000e+01 2.000000000000000000e+01 3.351888615037432739e-01
1.500000000000000000e+01 2.100000000000000000e+01 3.166499543947168260e-01
1.500000000000000000e+01 2.200000000000000000e+01 3.347318059096106024e-01
1.500000000000000000e+01 2.300000000000000000e+01 3.179598264421459319e-01
1.500000000000000000e+01 2.400000000000000000e+01 3.194983143501374800e-01
1.500000000000000000e+01 2.500000000000000000e+01 3.386273200198597344e-01
1.500000000000000000e+01 2.600000000000000000e+01 3.382219686356391364e-01
1.500000000000000000e+01 2.700000000000000000e+01 3.392137863475797044e-01
1.500000000000000000e+01 2.800000000000000000e+01 6.852703929120909088e-01
1.500000000000000000e+01 2.900000000000000000e+01 6.827106702787659742e-01
1.500000000000000000e+01 3.000000000000000000e+01 6.980446298094677982e-01
1.500000000000000000e+01 3.100000000000000000e+01 7.260154545074537502e-01
1.500000000000000000e+01 3.200000000000000000e+01 7.279911735438010512e-01
1.600000000000000000e+01 1.700000000000000000e+01 5.542345668805431780e-03
1.600000000000000000e+01 1.800000000000000000e+01 4.631912542690630463e-03
1.600000000000000000e+01 1.900000000000000000e+01 6.745579571436427502e-03
1.600000000000000000e+01 2.000000000000000000e+01 5.856514405728374673e-03
1.600000000000000000e+01 2.100000000000000000e+01 2.540401128029914912e-02
1.600000000000000000e+01 2.200000000000000000e+01 6.321431097550039846e-03
1.600000000000000000e+01 2.300000000000000000e+01 2.656163054964391645e-02
1.600000000000000000e+01 2.400000000000000000e+01 2.788428444236268344e-02
1.600000000000000000e+01 2.500000000000000000e+01 1.155727361246369767e-02
1.600000000000000000e+01 2.600000000000000000e+01 1.087720550999055069e-02
1.600000000000000000e+01 2.700000000000000000e+01 1.184814063019626329e-02
1.600000000000000000e+01 2.800000000000000000e+01 3.704550215531670077e-01
1.600000000000000000e+01 2.900000000000000000e+01 3.716681765116266467e-01
1.600000000000000000e+01 3.000000000000000000e+01 3.950146572326738159e-01
1.600000000000000000e+01 3.100000000000000000e+01 4.112710174425058263e-01
1.600000000000000000e+01 3.200000000000000000e+01 4.053204590327711410e-01
1.700000000000000000e+01 1.800000000000000000e+01 5.089927842204355901e-03
1.700000000000000000e+01 1.900000000000000000e+01 5.741644143744284445e-03
1.700000000000000000e+01 2.000000000000000000e+01 5.144683495353491454e-03
1.700000000000000000e+01 2.100000000000000000e+01 2.602929492403088796e-02
1.700000000000000000e+01 2.200000000000000000e+01 6.465973165519889321e-03
1.700000000000000000e+01 2.300000000000000000e+01 2.718697324416419203e-02
1.700000000000000000e+01 2.400000000000000000e+01 2.850968783022211905e-02
1.700000000000000000e+01 2.500000000000000000e+01 1.179758996309335228e-02
1.700000000000000000e+01 2.600000000000000000e+01 1.102511551070362028e-02
1.700000000000000000e+01 2.700000000000000000e+01 1.198104959477575004e-02
1.700000000000000000e+01 2.800000000000000000e+01 3.709876471781815566e-01
1.700000000000000000e+01 2.900000000000000000e+01 3.722243410215655413e-01
1.700000000000000000e+01 3.000000000000000000e+01 3.955774038172098495e-01
1.700000000000000000e+01 3.100000000000000000e+01 4.117385895163874210e-01
1.700000000000000000e+01 3.200000000000000000e+01 4.055814838846368842e-01
1.800000000000000000e+01 1.900000000000000000e+01 6.279634410492562768e-03
1.800000000000000000e+01 2.000000000000000000e+01 5.075160630698682951e-03
1.800000000000000000e+01 2.100000000000000000e+01 2.550604771822245764e-02
1.800000000000000000e+01 2.200000000000000000e+01 5.870497610482888762e-03
1.800000000000000000e+01 2.300000000000000000e+01 2.666311289017458952e-02
1.800000000000000000e+01 2.400000000000000000e+01 2.798534072525535321e-02
1.800000000000000000e+01 2.500000000000000000e+01 1.131912003669260924e-02
1.800000000000000000e+01 2.600000000000000000e+01 1.059187035680522748e-02
1.800000000000000000e+01 2.700000000000000000e+01 1.155592795844656573e-02
1.800000000000000000e+01 2.800000000000000000e+01 3.704560481906757907e-01
1.800000000000000000e+01 2.900000000000000000e+01 3.716915686881702152e-01
1.800000000000000000e+01 3.000000000000000000e+01 3.950528882944547293e-01
1.800000000000000000e+01 3.100000000000000000e+01 4.112258660557810419e-01
1.800000000000000000e+01 3.200000000000000000e+01 4.051219158157360889e-01
1.900000000000000000e+01 2.000000000000000000e+01 5.428213594371594786e-03
1.900000000000000000e+01 2.100000000000000000e+01 2.659927763678285317e-02
1.900000000000000000e+01 2.200000000000000000e+01 6.637309194536644696e-03
1.900000000000000000e+01 2.300000000000000000e+01 2.775602612417757409e-02
1.900000000000000000e+01 2.400000000000000000e+01 2.907802885801366588e-02
1.900000000000000000e+01 2.500000000000000000e+01 1.187362570617075952e-02
1.900000000000000000e+01 2.600000000000000000e+01 1.098773418444745631e-02
1.900000000000000000e+01 2.700000000000000000e+01 1.192440917806258938e-02
1.900000000000000000e+01 2.800000000000000000e+01 3.714016986247368202e-01
1.900000000000000000e+01 2.900000000000000000e+01 3.726720099485355542e-01
1.900000000000000000e+01 3.000000000000000000e+01 3.960481366390639080e-01
1.900000000000000000e+01 3.100000000000000000e+01 4.120805472413466841e-01
1.900000000000000000e+01 3.200000000000000000e+01 4.056773721592602522e-01
2.000000000000000000e+01 2.100000000000000000e+01 2.583581213485164341e-02
2.000000000000000000e+01 2.200000000000000000e+01 5.652404758679813179e-03
2.000000000000000000e+01 2.300000000000000000e+01 2.699229542900768997e-02
2.000000000000000000e+01 2.400000000000000000e+01 2.831408290847930997e-02
2.000000000000000000e+01 2.500000000000000000e+01 1.120253234629481343e-02
2.000000000000000000e+01 2.600000000000000000e+01 1.037818945550386673e-02
2.000000000000000000e+01 2.700000000000000000e+01 1.132661117988684185e-02
2.000000000000000000e+01 2.800000000000000000e+01 3.706556288617101069e-01
2.000000000000000000e+01 2.900000000000000000e+01 3.719203992919571933e-01
2.000000000000000000e+01 3.000000000000000000e+01 3.952987630980253630e-01
2.000000000000000000e+01 3.100000000000000000e+01 4.113583675112439941e-01
2.000000000000000000e+01 3.200000000000000000e+01 4.050309833417210514e-01
2.100000000000000000e+01 2.200000000000000000e+01 2.537207725822923643e-02
2.100000000000000000e+01 2.300000000000000000e+01 5.924833510671106973e-03
2.100000000000000000e+01 2.400000000000000000e+01 7.742011105473289856e-03
2.100000000000000000e+01 2.500000000000000000e+01 2.926454336802672418e-02
2.100000000000000000e+01 2.600000000000000000e+01 2.886504409138188065e-02
2.100000000000000000e+01 2.700000000000000000e+01 2.985902140619109413e-02
2.100000000000000000e+01 2.800000000000000000e+01 3.763674521135649265e-01
2.100000000000000000e+01 2.900000000000000000e+01 3.739149185731873715e-01
2.100000000000000000e+01 3.000000000000000000e+01 3.901538783773659258e-01
2.100000000000000000e+01 3.100000000000000000e+01 4.173971049463527372e-01
2.100000000000000000e+01 3.200000000000000000e+01 4.189505785272912286e-01
2.200000000000000000e+01 2.300000000000000000e+01 2.652710323734447373e-02
2.200000000000000000e+01 2.400000000000000000e+01 2.784775492924498885e-02
2.200000000000000000e+01 2.500000000000000000e+01 1.032050561857758564e-02
2.200000000000000000e+01 2.600000000000000000e+01 9.540688859964840951e-03
2.200000000000000000e+01 2.700000000000000000e+01 1.050182416167946831e-02
2.200000000000000000e+01 2.800000000000000000e+01 3.700518477190916089e-01
2.200000000000000000e+01 2.900000000000000000e+01 3.713444929464589928e-01
2.200000000000000000e+01 3.000000000000000000e+01 3.947525267994977938e-01
2.200000000000000000e+01 3.100000000000000000e+01 4.107205601289394270e-01
2.200000000000000000e+01 3.200000000000000000e+01 4.042742625502612208e-01
2.300000000000000000e+01 2.400000000000000000e+01 5.633765569582699362e-03
2.300000000000000000e+01 2.500000000000000000e+01 3.041473377075190609e-02
2.300000000000000000e+01 2.600000000000000000e+01 3.001301666133410206e-02
2.300000000000000000e+01 2.700000000000000000e+01 3.100573785985624720e-02
2.300000000000000000e+01 2.800000000000000000e+01 3.769342545422527113e-01
2.300000000000000000e+01 2.900000000000000000e+01 3.742023931872614506e-01
2.300000000000000000e+01 3.000000000000000000e+01 3.898875277797810845e-01
2.300000000000000000e+01 3.100000000000000000e+01 4.179227678789025902e-01
2.300000000000000000e+01 3.200000000000000000e+01 4.198718037623466737e-01
2.400000000000000000e+01 2.500000000000000000e+01 3.173169014208029881e-02
2.400000000000000000e+01 2.600000000000000000e+01 3.132839555193592251e-02
2.400000000000000000e+01 2.700000000000000000e+01 3.232020805304294808e-02
2.400000000000000000e+01 2.800000000000000000e+01 3.778210014111396120e-01
2.400000000000000000e+01 2.900000000000000000e+01 3.748822917723955150e-01
2.400000000000000000e+01 3.000000000000000000e+01 3.901700593584738197e-01
2.400000000000000000e+01 3.100000000000000000e+01 4.187835586157704348e-01
2.400000000000000000e+01 3.200000000000000000e+01 4.210222347478614902e-01
2.500000000000000000e+01 2.600000000000000000e+01 9.871600579115319407e-03
2.500000000000000000e+01 2.700000000000000000e+01 1.123028747379284376e-02
2.500000000000000000e+01 2.800000000000000000e+01 3.729341060328610347e-01
2.500000000000000000e+01 2.900000000000000000e+01 3.744718404122767685e-01
2.500000000000000000e+01 3.000000000000000000e+01 3.980361345559009223e-01
2.500000000000000000e+01 3.100000000000000000e+01 4.131668125021994431e-01
2.500000000000000000e+01 3.200000000000000000e+01 4.055597143664259052e-01
2.600000000000000000e+01 2.700000000000000000e+01 5.853319858847405577e-03
2.600000000000000000e+01 2.800000000000000000e+01 3.719019222429185145e-01
2.600000000000000000e+01 2.900000000000000000e+01 3.735519974966777790e-01
2.600000000000000000e+01 3.000000000000000000e+01 3.971540383923078954e-01
2.600000000000000000e+01 3.100000000000000000e+01 4.116226109083385154e-01
2.600000000000000000e+01 3.200000000000000000e+01 4.019672127938803685e-01
2.700000000000000000e+01 2.800000000000000000e+01 3.725917132445448754e-01
2.700000000000000000e+01 2.900000000000000000e+01 3.742897086661516326e-01
2.700000000000000000e+01 3.000000000000000000e+01 3.979066447009002028e-01
2.700000000000000000e+01 3.100000000000000000e+01 4.120624082252577480e-01
2.700000000000000000e+01 3.200000000000000000e+01 4.012146722812456323e-01
2.800000000000000000e+01 2.900000000000000000e+01 5.261292861623303452e-01
2.800000000000000000e+01 3.000000000000000000e+01 6.473336562454117260e-01
2.800000000000000000e+01 3.100000000000000000e+01 5.820166585338815146e-01
2.800000000000000000e+01 3.200000000000000000e+01 7.106900403976680325e-01
2.900000000000000000e+01 3.000000000000000000e+01 5.986081991731986296e-01
2.900000000000000000e+01 3.100000000000000000e+01 6.151522732283702943e-01
2.900000000000000000e+01 3.200000000000000000e+01 7.198710553457386974e-01
3.000000000000000000e+01 3.100000000000000000e+01 6.700082117482275557e-01
3.000000000000000000e+01 3.200000000000000000e+01 7.456373965117660818e-01
3.100000000000000000e+01 3.200000000000000000e+01 7.079888748349304484e-01
