1.000000000000000000e+00 2.000000000000000000e+00 7.381297330698848302e-01
1.000000000000000000e+00 3.000000000000000000e+00 8.449986471708319513e-01
1.000000000000000000e+00 4.000000000000000000e+00 8.262449933508041466e-01
1.000000000000000000e+00 5.000000000000000000e+00 8.411622823947584315e-01
1.000000000000000000e+00 6.000000000000000000e+00 8.499264271951069150e-01
1.000000000000000000e+00 7.000000000000000000e+00 8.421533758535382219e-01
1.000000000000000000e+00 8.000000000000000000e+00 8.698441562043268682e-01
1.000000000000000000e+00 9.000000000000000000e+00 8.091889968376672071e-01
1.000000000000000000e+00 1.000000000000000000e+01 8.590767436488918607e-01
1.000000000000000000e+00 1.100000000000000000e+01 8.278330630205454899e-01
1.000000000000000000e+00 1.200000000000000000e+01 8.430390531310932856e-01
1.000000000000000000e+00 1.300000000000000000e+01 7.870446564269051315e-01
1.000000000000000000e+00 1.400000000000000000e+01 1.068495508966755825e+00
1.000000000000000000e+00 1.500000000000000000e+01 7.994283364863573604e-01
1.000000000000000000e+00 1.600000000000000000e+01 1.005338490591335177e+00
1.000000000000000000e+00 1.700000000000000000e+01 1.034541615451074037e+00
1.000000000000000000e+00 1.800000000000000000e+01 1.018418372718220111e+00
1.000000000000000000e+00 1.900000000000000000e+01 1.078354354416927396e+00
1.000000000000000000e+00 2.000000000000000000e+01 1.040997716495846159e+00
1.000000000000000000e+00 2.100000000000000000e+01 8.670492574681782916e-01
1.000000000000000000e+00 2.200000000000000000e+01 1.030838840943364865e+00
1.000000000000000000e+00 2.300000000000000000e+01 8.787976219638394815e-01
1.000000000000000000e+00 2.400000000000000000e+01 8.917240697087864820e-01
1.000000000000000000e+00 2.500000000000000000e+01 1.048065601258268087e+00
1.000000000000000000e+00 2.600000000000000000e+01 1.089675540281461963e+00
1.000000000000000000e+00 2.700000000000000000e+01 1.122413915037939969e+00
1.000000000000000000e+00 2.800000000000000000e+01 1.001926657367595785e+00
1.000000000000000000e+00 2.900000000000000000e+01 9.890231652353568270e-01
1.000000000000000000e+00 3.000000000000000000e+01 9.815590606673318952e-01
1.000000000000000000e+00 3.100000000000000000e+01 1.039835751288180843e+00
1.000000000000000000e+00 3.200000000000000000e+01 1.156473952035256714e+00
2.000000000000000000e+00 3.000000000000000000e+00 8.326911044266438466e-01
2.000000000000000000e+00 4.000000000000000000e+00 8.033013516193544534e-01
2.000000000000000000e+00 5.000000000000000000e+00 8.270717058054173343e-01
2.000000000000000000e+00 6.000000000000000000e+00 8.403515973750018686e-01
2.000000000000000000e+00 7.000000000000000000e+00 8.303303738888907493e-01
2.000000000000000000e+00 8.000000000000000000e+00 8.670423199100198985e-01
2.000000000000000000e+00 9.000000000000000000e+00 7.812043610703988117e-01
2.000000000000000000e+00 1.000000000000000000e+01 8.538144891141480342e-01
2.000000000000000000e+00 1.100000000000000000e+01 8.179794103872741751e-01
2.000000000000000000e+00 1.200000000000000000e+01 8.377258615893136140e-01
2.000000000000000000e+00 1.300000000000000000e+01 8.062317431421073266e-01
2.000000000000000000e+00 1.400000000000000000e+01 1.084449327485562886e+00
2.000000000000000000e+00 1.500000000000000000e+01 8.293923302128097808e-01
2.000000000000000000e+00 1.600000000000000000e+01 1.022399823882289116e+00
2.000000000000000000e+00 1.700000000000000000e+01 1.051549156605830593e+00
2.000000000000000000e+00 1.800000000000000000e+01 1.036000785400763791e+00
2.000000000000000000e+00 1.900000000000000000e+01 1.096195584887091012e+00
2.000000000000000000e+00 2.000000000000000000e+01 1.059057584868263735e+00
2.000000000000000000e+00 2.100000000000000000e+01 8.938756933095557411e-01
2.000000000000000000e+00 2.200000000000000000e+01 1.050177283577049536e+00
2.000000000000000000e+00 2.300000000000000000e+01 9.077250034959990499e-01
2.000000000000000000e+00 2.400000000000000000e+01 9.210214633456181854e-01
2.000000000000000000e+00 2.500000000000000000e+01 1.071346625113126505e+00
2.000000000000000000e+00 2.600000000000000000e+01 1.113364012383433632e+00
2.000000000000000000e+00 2.700000000000000000e+01 1.146398895370989823e+00
2.000000000000000000e+00 2.800000000000000000e+01 1.030635132569617918e+00
2.000000000000000000e+00 2.900000000000000000e+01 1.019140662243519291e+00
2.000000000000000000e+00 3.000000000000000000e+01 1.014768826844524963e+00
2.000000000000000000e+00 3.100000000000000000e+01 1.068686676933326085e+00
2.000000000000000000e+00 3.200000000000000000e+01 1.182643841157542619e+00
3.000000000000000000e+00 4.000000000000000000e+00 5.995074264832399580e-01
3.000000000000000000e+00 5.000000000000000000e+00 4.613854926599267881e-01
3.000000000000000000e+00 6.000000000000000000e+00 5.760554009975064060e-01
3.000000000000000000e+00 7.000000000000000000e+00 6.279983509724509361e-01
3.000000000000000000e+00 8.000000000000000000e+00 6.628354344062379333e-01
3.000000000000000000e+00 9.000000000000000000e+00 7.321147784548517334e-01
3.000000000000000000e+00 1.000000000000000000e+01 6.517381796184861242e-01
3.000000000000000000e+00 1.100000000000000000e+01 7.387823853848951572e-01
3.000000000000000000e+00 1.200000000000000000e+01 7.242894768600393052e-01
3.000000000000000000e+00 1.300000000000000000e+01 8.249268098293858209e-01
3.000000000000000000e+00 1.400000000000000000e+01 9.980420700403178635e-01
3.000000000000000000e+00 1.500000000000000000e+01 8.378202162277837983e-01
3.000000000000000000e+00 1.600000000000000000e+01 9.423233661331913424e-01
3.000000000000000000e+00 1.700000000000000000e+01 9.704302267318110076e-01
3.000000000000000000e+00 1.800000000000000000e+01 9.578746530276527338e-01
3.000000000000000000e+00 1.900000000000000000e+01 1.018379969481122416e+00
3.000000000000000000e+00 2.000000000000000000e+01 9.825810438339086517e-01
3.000000000000000000e+00 2.100000000000000000e+01 8.729738646459765938e-01
3.000000000000000000e+00 2.200000000000000000e+01 9.794678231199145380e-01
3.000000000000000000e+00 2.300000000000000000e+01 8.879146401360417107e-01
3.000000000000000000e+00 2.400000000000000000e+01 8.986929353350541216e-01
3.000000000000000000e+00 2.500000000000000000e+01 1.016144774988690047e+00
3.000000000000000000e+00 2.600000000000000000e+01 1.059210287428447472e+00
3.000000000000000000e+00 2.700000000000000000e+01 1.093164643290852833e+00
3.000000000000000000e+00 2.800000000000000000e+01 9.948407692904042143e-01
3.000000000000000000e+00 2.900000000000000000e+01 9.879161578418070855e-01
3.000000000000000000e+00 3.000000000000000000e+01 9.921919222215533907e-01
3.000000000000000000e+00 3.100000000000000000e+01 1.032472335393620932e+00
3.000000000000000000e+00 3.200000000000000000e+01 1.137011028866935058e+00
4.000000000000000000e+00 5.000000000000000000e+00 5.682845860288208151e-01
4.000000000000000000e+00 6.000000000000000000e+00 6.410935447603346438e-01
4.000000000000000000e+00 7.000000000000000000e+00 6.347599186521797332e-01
4.000000000000000000e+00 8.000000000000000000e+00 7.154938101201797629e-01
4.000000000000000000e+00 9.000000000000000000e+00 6.836958866497121479e-01
4.000000000000000000e+00 1.000000000000000000e+01 6.927561670088885348e-01
4.000000000000000000e+00 1.100000000000000000e+01 7.165013756900051600e-01
4.000000000000000000e+00 1.200000000000000000e+01 7.182884356682551763e-01
4.000000000000000000e+00 1.300000000000000000e+01 8.068630444232671728e-01
4.000000000000000000e+00 1.400000000000000000e+01 1.011561453608391226e+00
4.000000000000000000e+00 1.500000000000000000e+01 8.249880628298859042e-01
4.000000000000000000e+00 1.600000000000000000e+01 9.536787285349768162e-01
4.000000000000000000e+00 1.700000000000000000e+01 9.822679714746818114e-01
4.000000000000000000e+00 1.800000000000000000e+01 9.687477704580869098e-01
4.000000000000000000e+00 1.900000000000000000e+01 1.029344344763796659e+00
4.000000000000000000e+00 2.000000000000000000e+01 9.930769357402202679e-01
4.000000000000000000e+00 2.100000000000000000e+01 8.669209702229399017e-01
4.000000000000000000e+00 2.200000000000000000e+01 9.882739687219892488e-01
4.000000000000000000e+00 2.300000000000000000e+01 8.824399374829116072e-01
4.000000000000000000e+00 2.400000000000000000e+01 8.941800867452263102e-01
4.000000000000000000e+00 2.500000000000000000e+01 1.020836231224103274e+00
4.000000000000000000e+00 2.600000000000000000e+01 1.063715497001794130e+00
4.000000000000000000e+00 2.700000000000000000e+01 1.097465368552016596e+00
4.000000000000000000e+00 2.800000000000000000e+01 9.947423903727947714e-01
4.000000000000000000e+00 2.900000000000000000e+01 9.867696198888796788e-01
4.000000000000000000e+00 3.000000000000000000e+01 9.892305182597089797e-01
4.000000000000000000e+00 3.100000000000000000e+01 1.032594601962302017e+00
4.000000000000000000e+00 3.200000000000000000e+01 1.139445253743790909e+00
5.000000000000000000e+00 6.000000000000000000e+00 5.466981594747940543e-01
5.000000000000000000e+00 7.000000000000000000e+00 5.900927828088557980e-01
5.000000000000000000e+00 8.000000000000000000e+00 6.627383766119199215e-01
5.000000000000000000e+00 9.000000000000000000e+00 7.135276578896588839e-01
5.000000000000000000e+00 1.000000000000000000e+01 6.389845025292447689e-01
5.000000000000000000e+00 1.100000000000000000e+01 7.206047347560160521e-01
5.000000000000000000e+00 1.200000000000000000e+01 7.064452291202593104e-01
5.000000000000000000e+00 1.300000000000000000e+01 8.152566239275782500e-01
5.000000000000000000e+00 1.400000000000000000e+01 9.956679175625420264e-01
5.000000000000000000e+00 1.500000000000000000e+01 8.292738337301072127e-01
5.000000000000000000e+00 1.600000000000000000e+01 9.391188148242994860e-01
5.000000000000000000e+00 1.700000000000000000e+01 9.674735356058645763e-01
5.000000000000000000e+00 1.800000000000000000e+01 9.545827418936414510e-01
5.000000000000000000e+00 1.900000000000000000e+01 1.015221359375963583e+00
5.000000000000000000e+00 2.000000000000000000e+01 9.792394852332733102e-01
5.000000000000000000e+00 2.100000000000000000e+01 8.652716951284182834e-01
5.000000000000000000e+00 2.200000000000000000e+01 9.756296029184530205e-01
5.000000000000000000e+00 2.300000000000000000e+01 8.805814145571392304e-01
5.000000000000000000e+00 2.400000000000000000e+01 8.916379104170333303e-01
5.000000000000000000e+00 2.500000000000000000e+01 1.011313465446006310e+00
5.000000000000000000e+00 2.600000000000000000e+01 1.054375935477055215e+00
5.000000000000000000e+00 2.700000000000000000e+01 1.088298483547271545e+00
5.000000000000000000e+00 2.800000000000000000e+01 9.890190783153509635e-01
5.000000000000000000e+00 2.900000000000000000e+01 9.819126595389519041e-01
5.000000000000000000e+00 3.000000000000000000e+01 9.859395698961914700e-01
5.000000000000000000e+00 3.100000000000000000e+01 1.026742213330896769e+00
5.000000000000000000e+00 3.200000000000000000e+01 1.131757425538977957e+00
6.000000000000000000e+00 7.000000000000000000e+00 5.318497046277461671e-01
6.000000000000000000e+00 8.000000000000000000e+00 6.005621416090778375e-01
6.000000000000000000e+00 9.000000000000000000e+00 7.204140775816850750e-01
6.000000000000000000e+00 1.000000000000000000e+01 5.467157773691698752e-01
6.000000000000000000e+00 1.100000000000000000e+01 7.073483189565572538e-01
6.000000000000000000e+00 1.200000000000000000e+01 6.770393486452107590e-01
6.000000000000000000e+00 1.300000000000000000e+01 8.111902463801274887e-01
6.000000000000000000e+00 1.400000000000000000e+01 9.773420471143272614e-01
6.000000000000000000e+00 1.500000000000000000e+01 8.225491963390013650e-01
6.000000000000000000e+00 1.600000000000000000e+01 9.209306172655788991e-01
6.000000000000000000e+00 1.700000000000000000e+01 9.494106423312658194e-01
6.000000000000000000e+00 1.800000000000000000e+01 9.366708754577481866e-01
6.000000000000000000e+00 1.900000000000000000e+01 9.975480232413183046e-01
6.000000000000000000e+00 2.000000000000000000e+01 9.615890733822110015e-01
6.000000000000000000e+00 2.100000000000000000e+01 8.538848404918837343e-01
6.000000000000000000e+00 2.200000000000000000e+01 9.584693616379835746e-01
6.000000000000000000e+00 2.300000000000000000e+01 8.693993234552376270e-01
6.000000000000000000e+00 2.400000000000000000e+01 8.801229535464025755e-01
6.000000000000000000e+00 2.500000000000000000e+01 9.958689699462854872e-01
6.000000000000000000e+00 2.600000000000000000e+01 1.039105785711465835e+00
6.000000000000000000e+00 2.700000000000000000e+01 1.073153813405120616e+00
6.000000000000000000e+00 2.800000000000000000e+01 9.759533752609812485e-01
6.000000000000000000e+00 2.900000000000000000e+01 9.694455280103261297e-01
6.000000000000000000e+00 3.000000000000000000e+01 9.746500235692430181e-01
6.000000000000000000e+00 3.100000000000000000e+01 1.013667345045442536e+00
6.000000000000000000e+00 3.200000000000000000e+01 1.117533230590914917e+00
7.000000000000000000e+00 8.000000000000000000e+00 6.463942013286989585e-01
7.000000000000000000e+00 9.000000000000000000e+00 6.865089292249139108e-01
7.000000000000000000e+00 1.000000000000000000e+01 5.810434977129316225e-01
7.000000000000000000e+00 1.100000000000000000e+01 6.658538171801240413e-01
7.000000000000000000e+00 1.200000000000000000e+01 6.335433125799908582e-01
7.000000000000000000e+00 1.300000000000000000e+01 7.935239340308517519e-01
7.000000000000000000e+00 1.400000000000000000e+01 9.786343826323058437e-01
7.000000000000000000e+00 1.500000000000000000e+01 8.077030058044659677e-01
7.000000000000000000e+00 1.600000000000000000e+01 9.204551450818032610e-01
7.000000000000000000e+00 1.700000000000000000e+01 9.494142244573222644e-01
7.000000000000000000e+00 1.800000000000000000e+01 9.359269392157085754e-01
7.000000000000000000e+00 1.900000000000000000e+01 9.970110395082016908e-01
7.000000000000000000e+00 2.000000000000000000e+01 9.606629018234063011e-01
7.000000000000000000e+00 2.100000000000000000e+01 8.417298376484063649e-01
7.000000000000000000e+00 2.200000000000000000e+01 9.563551928922402467e-01
7.000000000000000000e+00 2.300000000000000000e+01 8.581205262269505640e-01
7.000000000000000000e+00 2.400000000000000000e+01 8.695711686686145026e-01
7.000000000000000000e+00 2.500000000000000000e+01 9.911890389178676930e-01
7.000000000000000000e+00 2.600000000000000000e+01 1.034381537334996715e+00
7.000000000000000000e+00 2.700000000000000000e+01 1.068332602295690492e+00
7.000000000000000000e+00 2.800000000000000000e+01 9.685746453629038299e-01
7.000000000000000000e+00 2.900000000000000000e+01 9.615407709643978285e-01
7.000000000000000000e+00 3.000000000000000000e+01 9.659638190220110054e-01
7.000000000000000000e+00 3.100000000000000000e+01 1.006500278015554750e+00
7.000000000000000000e+00 3.200000000000000000e+01 1.111662360169299424e+00
8.000000000000000000e+00 9.000000000000000000e+00 7.628593391887735775e-01
8.000000000000000000e+00 1.000000000000000000e+01 5.333616832458666357e-01
8.000000000000000000e+00 1.100000000000000000e+01 7.385089297139548759e-01
8.000000000000000000e+00 1.200000000000000000e+01 6.993014122781341380e-01
8.000000000000000000e+00 1.300000000000000000e+01 8.260598614684964147e-01
8.000000000000000000e+00 1.400000000000000000e+01 9.517634784904527301e-01
8.000000000000000000e+00 1.500000000000000000e+01 8.311630440271459141e-01
8.000000000000000000e+00 1.600000000000000000e+01 8.976383146463340346e-01
8.000000000000000000e+00 1.700000000000000000e+01 9.257147048951888113e-01
8.000000000000000000e+00 1.800000000000000000e+01 9.140743603608807444e-01
8.000000000000000000e+00 1.900000000000000000e+01 9.750241063531817076e-01
8.000000000000000000e+00 2.000000000000000000e+01 9.395611711095925855e-01
8.000000000000000000e+00 2.100000000000000000e+01 8.537360045006781029e-01
8.000000000000000000e+00 2.200000000000000000e+01 9.385238841662848497e-01
8.000000000000000000e+00 2.300000000000000000e+01 8.683559236313692642e-01
8.000000000000000000e+00 2.400000000000000000e+01 8.777508484250582388e-01
8.000000000000000000e+00 2.500000000000000000e+01 9.812579460856898361e-01
8.000000000000000000e+00 2.600000000000000000e+01 1.024763642969806376e+00
8.000000000000000000e+00 2.700000000000000000e+01 1.059086923898897137e+00
8.000000000000000000e+00 2.800000000000000000e+01 9.676463088857960582e-01
8.000000000000000000e+00 2.900000000000000000e+01 9.625279875547089192e-01
8.000000000000000000e+00 3.000000000000000000e+01 9.701397417494608266e-01
8.000000000000000000e+00 3.100000000000000000e+01 1.005077675426617079e+00
8.000000000000000000e+00 3.200000000000000000e+01 1.105909944643407306e+00
9.000000000000000000e+00 1.000000000000000000e+01 7.354948258501982084e-01
9.000000000000000000e+00 1.100000000000000000e+01 6.285648514103443496e-01
9.000000000000000000e+00 1.200000000000000000e+01 6.858368818111865162e-01
9.000000000000000000e+00 1.300000000000000000e+01 7.468203756173150687e-01
9.000000000000000000e+00 1.400000000000000000e+01 1.009506764929371414e+00
9.000000000000000000e+00 1.500000000000000000e+01 7.791420662558082855e-01
9.000000000000000000e+00 1.600000000000000000e+01 9.478780956578685135e-01
9.000000000000000000e+00 1.700000000000000000e+01 9.773859134983573504e-01
9.000000000000000000e+00 1.800000000000000000e+01 9.622383220505883461e-01
9.000000000000000000e+00 1.900000000000000000e+01 1.023126654290265947e+00
9.000000000000000000e+00 2.000000000000000000e+01 9.860411833901756573e-01
9.000000000000000000e+00 2.100000000000000000e+01 8.320037122846959399e-01
9.000000000000000000e+00 2.200000000000000000e+01 9.785066018191019843e-01
9.000000000000000000e+00 2.300000000000000000e+01 8.494416475654748000e-01
9.000000000000000000e+00 2.400000000000000000e+01 8.630958073200878378e-01
9.000000000000000000e+00 2.500000000000000000e+01 1.004744764606634755e+00
9.000000000000000000e+00 2.600000000000000000e+01 1.047420890211788080e+00
9.000000000000000000e+00 2.700000000000000000e+01 1.080892612650523166e+00
9.000000000000000000e+00 2.800000000000000000e+01 9.715987769307397048e-01
9.000000000000000000e+00 2.900000000000000000e+01 9.621627292835756018e-01
9.000000000000000000e+00 3.000000000000000000e+01 9.623037417227076062e-01
9.000000000000000000e+00 3.100000000000000000e+01 1.009907051538047051e+00
9.000000000000000000e+00 3.200000000000000000e+01 1.120143337669962547e+00
1.000000000000000000e+01 1.100000000000000000e+01 7.049428479598935926e-01
1.000000000000000000e+01 1.200000000000000000e+01 6.566439969390810427e-01
1.000000000000000000e+01 1.300000000000000000e+01 8.092638565901431047e-01
1.000000000000000000e+01 1.400000000000000000e+01 9.580244386228815578e-01
1.000000000000000000e+01 1.500000000000000000e+01 8.170015876656343545e-01
1.000000000000000000e+01 1.600000000000000000e+01 9.015969803762589052e-01
1.000000000000000000e+01 1.700000000000000000e+01 9.302936427150840792e-01
1.000000000000000000e+01 1.800000000000000000e+01 9.176722401836425735e-01
1.000000000000000000e+01 1.900000000000000000e+01 9.788828646947336232e-01
1.000000000000000000e+01 2.000000000000000000e+01 9.429125864807734736e-01
1.000000000000000000e+01 2.100000000000000000e+01 8.427226273253338729e-01
1.000000000000000000e+01 2.200000000000000000e+01 9.403090840314614063e-01
1.000000000000000000e+01 2.300000000000000000e+01 8.583371039126125313e-01
1.000000000000000000e+01 2.400000000000000000e+01 8.686026083949209831e-01
1.000000000000000000e+01 2.500000000000000000e+01 9.796563232705228774e-01
1.000000000000000000e+01 2.600000000000000000e+01 1.023101182795604913e+00
1.000000000000000000e+01 2.700000000000000000e+01 1.057295358453886003e+00
1.000000000000000000e+01 2.800000000000000000e+01 9.624822303130888823e-01
1.000000000000000000e+01 2.900000000000000000e+01 9.566661872972993530e-01
1.000000000000000000e+01 3.000000000000000000e+01 9.632195992974206256e-01
1.000000000000000000e+01 3.100000000000000000e+01 1.000182382732131225e+00
1.000000000000000000e+01 3.200000000000000000e+01 1.102728542487633190e+00
1.100000000000000000e+01 1.200000000000000000e+01 5.758575650791853962e-01
1.100000000000000000e+01 1.300000000000000000e+01 7.345317168835983068e-01
1.100000000000000000e+01 1.400000000000000000e+01 9.812993547510431291e-01
1.100000000000000000e+01 1.500000000000000000e+01 7.605593746569997426e-01
1.100000000000000000e+01 1.600000000000000000e+01 9.187887908849230456e-01
1.100000000000000000e+01 1.700000000000000000e+01 9.488110375871086077e-01
1.100000000000000000e+01 1.800000000000000000e+01 9.334222042959501309e-01
1.100000000000000000e+01 1.900000000000000000e+01 9.948455822059028009e-01
1.100000000000000000e+01 2.000000000000000000e+01 9.575438818386485806e-01
1.100000000000000000e+01 2.100000000000000000e+01 8.045968371345197934e-01
1.100000000000000000e+01 2.200000000000000000e+01 9.500404982805521481e-01
1.100000000000000000e+01 2.300000000000000000e+01 8.241735002924658327e-01
1.100000000000000000e+01 2.400000000000000000e+01 8.381272256682914534e-01
1.100000000000000000e+01 2.500000000000000000e+01 9.775918198011297466e-01
1.100000000000000000e+01 2.600000000000000000e+01 1.020606889153057750e+00
1.100000000000000000e+01 2.700000000000000000e+01 1.054263144048993350e+00
1.100000000000000000e+01 2.800000000000000000e+01 9.470925599551365259e-01
1.100000000000000000e+01 2.900000000000000000e+01 9.384929050346687562e-01
1.100000000000000000e+01 3.000000000000000000e+01 9.406068243016418862e-01
1.100000000000000000e+01 3.100000000000000000e+01 9.856295198996731788e-01
1.100000000000000000e+01 3.200000000000000000e+01 1.094558553026382386e+00
1.200000000000000000e+01 1.300000000000000000e+01 7.598294323007552808e-01
1.200000000000000000e+01 1.400000000000000000e+01 9.623104204661072636e-01
1.200000000000000000e+01 1.500000000000000000e+01 7.735108194835046413e-01
1.200000000000000000e+01 1.600000000000000000e+01 9.007514377454408638e-01
1.200000000000000000e+01 1.700000000000000000e+01 9.308128058667164417e-01
1.200000000000000000e+01 1.800000000000000000e+01 9.159832955323727877e-01
1.200000000000000000e+01 1.900000000000000000e+01 9.777545668084517416e-01
1.200000000000000000e+01 2.000000000000000000e+01 9.406469742071310591e-01
1.200000000000000000e+01 2.100000000000000000e+01 8.052764653870356781e-01
1.200000000000000000e+01 2.200000000000000000e+01 9.344862245731091477e-01
1.200000000000000000e+01 2.300000000000000000e+01 8.242961462471366518e-01
1.200000000000000000e+01 2.400000000000000000e+01 8.369910573830379175e-01
1.200000000000000000e+01 2.500000000000000000e+01 9.661684308399582921e-01
1.200000000000000000e+01 2.600000000000000000e+01 1.009521010205203684e+00
1.200000000000000000e+01 2.700000000000000000e+01 1.043444341031578126e+00
1.200000000000000000e+01 2.800000000000000000e+01 9.411050900392219365e-01
1.200000000000000000e+01 2.900000000000000000e+01 9.338102088978980087e-01
1.200000000000000000e+01 3.000000000000000000e+01 9.383249765629999573e-01
1.200000000000000000e+01 3.100000000000000000e+01 9.795116790841824628e-01
1.200000000000000000e+01 3.200000000000000000e+01 1.085828031717579689e+00
1.300000000000000000e+01 1.400000000000000000e+01 9.956539711534326820e-01
1.300000000000000000e+01 1.500000000000000000e+01 6.425003140333268581e-01
1.300000000000000000e+01 1.600000000000000000e+01 9.285204503659774122e-01
1.300000000000000000e+01 1.700000000000000000e+01 9.589489656117344829e-01
1.300000000000000000e+01 1.800000000000000000e+01 9.411952369155087705e-01
1.300000000000000000e+01 1.900000000000000000e+01 1.001849318101971864e+00
1.300000000000000000e+01 2.000000000000000000e+01 9.635879116092938013e-01
1.300000000000000000e+01 2.100000000000000000e+01 7.493630120735101929e-01
1.300000000000000000e+01 2.200000000000000000e+01 9.510456813459511327e-01
1.300000000000000000e+01 2.300000000000000000e+01 7.696851693948129070e-01
1.300000000000000000e+01 2.400000000000000000e+01 7.881309818586201832e-01
1.300000000000000000e+01 2.500000000000000000e+01 9.640005072824824328e-01
1.300000000000000000e+01 2.600000000000000000e+01 1.005909950836593847e+00
1.300000000000000000e+01 2.700000000000000000e+01 1.038656612796872380e+00
1.300000000000000000e+01 2.800000000000000000e+01 9.145611390759291748e-01
1.300000000000000000e+01 2.900000000000000000e+01 9.014346456324749957e-01
1.300000000000000000e+01 3.000000000000000000e+01 8.953396840971910020e-01
1.300000000000000000e+01 3.100000000000000000e+01 9.536289881231785337e-01
1.300000000000000000e+01 3.200000000000000000e+01 1.071670799459196965e+00
1.400000000000000000e+01 1.500000000000000000e+01 9.714273765310915687e-01
1.400000000000000000e+01 1.600000000000000000e+01 6.556194304398759165e-01
1.400000000000000000e+01 1.700000000000000000e+01 5.731876701394238438e-01
1.400000000000000000e+01 1.800000000000000000e+01 6.456731198027729768e-01
1.400000000000000000e+01 1.900000000000000000e+01 6.082061537364245041e-01
1.400000000000000000e+01 2.000000000000000000e+01 6.375574957363401296e-01
1.400000000000000000e+01 2.100000000000000000e+01 9.492192341119229937e-01
1.400000000000000000e+01 2.200000000000000000e+01 7.164579790896645761e-01
1.400000000000000000e+01 2.300000000000000000e+01 9.484502842219350027e-01
1.400000000000000000e+01 2.400000000000000000e+01 9.432019007868122085e-01
1.400000000000000000e+01 2.500000000000000000e+01 8.627872228875188565e-01
1.400000000000000000e+01 2.600000000000000000e+01 9.014854664596438916e-01
1.400000000000000000e+01 2.700000000000000000e+01 9.374994722262308677e-01
1.400000000000000000e+01 2.800000000000000000e+01 9.434037777879320519e-01
1.400000000000000000e+01 2.900000000000000000e+01 9.542072484021907330e-01
1.400000000000000000e+01 3.000000000000000000e+01 9.842030388940607999e-01
1.400000000000000000e+01 3.100000000000000000e+01 9.713968602625164817e-01
1.400000000000000000e+01 3.200000000000000000e+01 1.024414093719172358e+00
1.500000000000000000e+01 1.600000000000000000e+01 9.018241212171620447e-01
1.500000000000000000e+01 1.700000000000000000e+01 9.326862005088627505e-01
1.500000000000000000e+01 1.800000000000000000e+01 9.137587301787390981e-01
1.500000000000000000e+01 1.900000000000000000e+01 9.743527248893588677e-01
1.500000000000000000e+01 2.000000000000000000e+01 9.355503901101505093e-01
1.500000000000000000e+01 2.100000000000000000e+01 6.755547264800869645e-01
1.500000000000000000e+01 2.200000000000000000e+01 9.207745158568960697e-01
1.500000000000000000e+01 2.300000000000000000e+01 7.034450067595091616e-01
1.500000000000000000e+01 2.400000000000000000e+01 7.285971781668896252e-01
1.500000000000000000e+01 2.500000000000000000e+01 9.280236063002538227e-01
1.500000000000000000e+01 2.600000000000000000e+01 9.697628029940088545e-01
1.500000000000000000e+01 2.700000000000000000e+01 1.002274040930296817e+00
1.500000000000000000e+01 2.800000000000000000e+01 8.719806037296529144e-01
1.500000000000000000e+01 2.900000000000000000e+01 8.575506427869937776e-01
1.500000000000000000e+01 3.000000000000000000e+01 8.502518680402402218e-01
1.500000000000000000e+01 3.100000000000000000e+01 9.118684411937449941e-01
1.500000000000000000e+01 3.200000000000000000e+01 1.032943288092772027e+00
1.600000000000000000e+01 1.700000000000000000e+01 5.482676302444904337e-01
1.600000000000000000e+01 1.800000000000000000e+01 4.619375558201959109e-01
1.600000000000000000e+01 1.900000000000000000e+01 6.516149496408099040e-01
1.600000000000000000e+01 2.000000000000000000e+01 5.790610525230177608e-01
1.600000000000000000e+01 2.100000000000000000e+01 8.752478163064030259e-01
1.600000000000000000e+01 2.200000000000000000e+01 6.192382356152457135e-01
1.600000000000000000e+01 2.300000000000000000e+01 8.732135683094651712e-01
1.600000000000000000e+01 2.400000000000000000e+01 8.666981946537559711e-01
1.600000000000000000e+01 2.500000000000000000e+01 7.814521978052191287e-01
1.600000000000000000e+01 2.600000000000000000e+01 8.258355802279684355e-01
1.600000000000000000e+01 2.700000000000000000e+01 8.635628516800015753e-01
1.600000000000000000e+01 2.800000000000000000e+01 8.630921529485364729e-01
1.600000000000000000e+01 2.900000000000000000e+01 8.747232818846607527e-01
1.600000000000000000e+01 3.000000000000000000e+01 9.064350724815581906e-01
1.600000000000000000e+01 3.100000000000000000e+01 8.921326684016877007e-01
1.600000000000000000e+01 3.200000000000000000e+01 9.475880030172356694e-01
1.700000000000000000e+01 1.800000000000000000e+01 5.052912694794937654e-01
1.700000000000000000e+01 1.900000000000000000e+01 5.626766705293984039e-01
1.700000000000000000e+01 2.000000000000000000e+01 5.101507976286747681e-01
1.700000000000000000e+01 2.100000000000000000e+01 9.073367491808148610e-01
1.700000000000000000e+01 2.200000000000000000e+01 6.280430807567549678e-01
1.700000000000000000e+01 2.300000000000000000e+01 9.051153781446822366e-01
1.700000000000000000e+01 2.400000000000000000e+01 8.985403180096984688e-01
1.700000000000000000e+01 2.500000000000000000e+01 7.999501575997729486e-01
1.700000000000000000e+01 2.600000000000000000e+01 8.396517123308262498e-01
1.700000000000000000e+01 2.700000000000000000e+01 8.763527288536252513e-01
1.700000000000000000e+01 2.800000000000000000e+01 8.900104812545637234e-01
1.700000000000000000e+01 2.900000000000000000e+01 9.023232892957816498e-01
1.700000000000000000e+01 3.000000000000000000e+01 9.343720577949230499e-01
1.700000000000000000e+01 3.100000000000000000e+01 9.172151503367984571e-01
1.700000000000000000e+01 3.200000000000000000e+01 9.663618098175021931e-01
1.800000000000000000e+01 1.900000000000000000e+01 6.121244366633731282e-01
1.800000000000000000e+01 2.000000000000000000e+01 5.052742733234527606e-01
1.800000000000000000e+01 2.100000000000000000e+01 8.864572161434984832e-01
1.800000000000000000e+01 2.200000000000000000e+01 5.790120863969865361e-01
1.800000000000000000e+01 2.300000000000000000e+01 8.834646758071366124e-01
1.800000000000000000e+01 2.400000000000000000e+01 8.761630861169045215e-01
1.800000000000000000e+01 2.500000000000000000e+01 7.712361606718791673e-01
1.800000000000000000e+01 2.600000000000000000e+01 8.138215091487683850e-01
1.800000000000000000e+01 2.700000000000000000e+01 8.515043452249559941e-01
1.800000000000000000e+01 2.800000000000000000e+01 8.641770777104773593e-01
1.800000000000000000e+01 2.900000000000000000e+01 8.771379806164799620e-01
1.800000000000000000e+01 3.000000000000000000e+01 9.102453258969778194e-01
1.800000000000000000e+01 3.100000000000000000e+01 8.915995124323730092e-01
1.800000000000000000e+01 3.200000000000000000e+01 9.409440158116428865e-01
1.900000000000000000e+01 2.000000000000000000e+01 5.345907613589582219e-01
1.900000000000000000e+01 2.100000000000000000e+01 9.477249967391758734e-01
1.900000000000000000e+01 2.200000000000000000e+01 6.387844023717472730e-01
1.900000000000000000e+01 2.300000000000000000e+01 9.440756342619091024e-01
1.900000000000000000e+01 2.400000000000000000e+01 9.363245393135111172e-01
1.900000000000000000e+01 2.500000000000000000e+01 8.084036251022499453e-01
1.900000000000000000e+01 2.600000000000000000e+01 8.417333915581370896e-01
1.900000000000000000e+01 2.700000000000000000e+01 8.770741427877251084e-01
1.900000000000000000e+01 2.800000000000000000e+01 9.149554112530720040e-01
1.900000000000000000e+01 2.900000000000000000e+01 9.292718280414683507e-01
1.900000000000000000e+01 3.000000000000000000e+01 9.633725789529026251e-01
1.900000000000000000e+01 3.100000000000000000e+01 9.392568713149709314e-01
1.900000000000000000e+01 3.200000000000000000e+01 9.772469188046650768e-01
2.000000000000000000e+01 2.100000000000000000e+01 9.078646592588166531e-01
2.000000000000000000e+01 2.200000000000000000e+01 5.585732840761952200e-01
2.000000000000000000e+01 2.300000000000000000e+01 9.039711403341200713e-01
2.000000000000000000e+01 2.400000000000000000e+01 8.959554355281313942e-01
2.000000000000000000e+01 2.500000000000000000e+01 7.689485152482462560e-01
2.000000000000000000e+01 2.600000000000000000e+01 8.069240318019805791e-01
2.000000000000000000e+01 2.700000000000000000e+01 8.438078623335916184e-01
2.000000000000000000e+01 2.800000000000000000e+01 8.748182140989682054e-01
2.000000000000000000e+01 2.900000000000000000e+01 8.891897378276377717e-01
2.000000000000000000e+01 3.000000000000000000e+01 9.236310863459400444e-01
2.000000000000000000e+01 3.100000000000000000e+01 8.999826935583241649e-01
2.000000000000000000e+01 3.200000000000000000e+01 9.409508152351853116e-01
2.100000000000000000e+01 2.200000000000000000e+01 8.899696228316211766e-01
2.100000000000000000e+01 2.300000000000000000e+01 5.494636844571251233e-01
2.100000000000000000e+01 2.400000000000000000e+01 6.224842765720881577e-01
2.100000000000000000e+01 2.500000000000000000e+01 8.918075999028793888e-01
2.100000000000000000e+01 2.600000000000000000e+01 9.345542660667787160e-01
2.100000000000000000e+01 2.700000000000000000e+01 9.673783738874033311e-01
2.100000000000000000e+01 2.800000000000000000e+01 8.336063083005791352e-01
2.100000000000000000e+01 2.900000000000000000e+01 8.204460782126924423e-01
2.100000000000000000e+01 3.000000000000000000e+01 8.210656706449284137e-01
2.100000000000000000e+01 3.100000000000000000e+01 8.767216836031379579e-01
2.100000000000000000e+01 3.200000000000000000e+01 9.980899881128879603e-01
2.200000000000000000e+01 2.300000000000000000e+01 8.840402623694828543e-01
2.200000000000000000e+01 2.400000000000000000e+01 8.742404968211332505e-01
2.200000000000000000e+01 2.500000000000000000e+01 7.143814218524082715e-01
2.200000000000000000e+01 2.600000000000000000e+01 7.573008596604555720e-01
2.200000000000000000e+01 2.700000000000000000e+01 7.967594065132330705e-01
2.200000000000000000e+01 2.800000000000000000e+01 8.391159841849067380e-01
2.200000000000000000e+01 2.900000000000000000e+01 8.558712218777718705e-01
2.200000000000000000e+01 3.000000000000000000e+01 8.932799491969283245e-01
2.200000000000000000e+01 3.100000000000000000e+01 8.628975838968140355e-01
2.200000000000000000e+01 3.200000000000000000e+01 8.982242031007776628e-01
2.300000000000000000e+01 2.400000000000000000e+01 5.160667965671454915e-01
2.300000000000000000e+01 2.500000000000000000e+01 8.790564441497685788e-01
2.300000000000000000e+01 2.600000000000000000e+01 9.213674233964841420e-01
2.300000000000000000e+01 2.700000000000000000e+01 9.538258832923078856e-01
2.300000000000000000e+01 2.800000000000000000e+01 8.112296026865541965e-01
2.300000000000000000e+01 2.900000000000000000e+01 7.960348193055436505e-01
2.300000000000000000e+01 3.000000000000000000e+01 7.959112657337472641e-01
2.300000000000000000e+01 3.100000000000000000e+01 8.558946779254388293e-01
2.300000000000000000e+01 3.200000000000000000e+01 9.814725439024594156e-01
2.400000000000000000e+01 2.500000000000000000e+01 8.636571630585203607e-01
2.400000000000000000e+01 2.600000000000000000e+01 9.058296316210392440e-01
2.400000000000000000e+01 2.700000000000000000e+01 9.380941706637728750e-01
2.400000000000000000e+01 2.800000000000000000e+01 7.884111562113806926e-01
2.400000000000000000e+01 2.900000000000000000e+01 7.720699906302687099e-01
2.400000000000000000e+01 3.000000000000000000e+01 7.739351100143898599e-01
2.400000000000000000e+01 3.100000000000000000e+01 8.351214547889760365e-01
2.400000000000000000e+01 3.200000000000000000e+01 9.636919643330179586e-01
2.500000000000000000e+01 2.600000000000000000e+01 5.866600165418085489e-01
2.500000000000000000e+01 2.700000000000000000e+01 6.622608161485838973e-01
2.500000000000000000e+01 2.800000000000000000e+01 7.603159058095556588e-01
2.500000000000000000e+01 2.900000000000000000e+01 7.889935406997633516e-01
2.500000000000000000e+01 3.000000000000000000e+01 8.381398815069536212e-01
2.500000000000000000e+01 3.100000000000000000e+01 7.718755465523166048e-01
2.500000000000000000e+01 3.200000000000000000e+01 7.760549042473254833e-01
2.600000000000000000e+01 2.700000000000000000e+01 5.315520258180133073e-01
2.600000000000000000e+01 2.800000000000000000e+01 7.909794389905091538e-01
2.600000000000000000e+01 2.900000000000000000e+01 8.198635670591621905e-01
2.600000000000000000e+01 3.000000000000000000e+01 8.679238273083633715e-01
2.600000000000000000e+01 3.100000000000000000e+01 7.900597222161718225e-01
2.600000000000000000e+01 3.200000000000000000e+01 7.405976114562833335e-01
2.700000000000000000e+01 2.800000000000000000e+01 8.172538861884393047e-01
2.700000000000000000e+01 2.900000000000000000e+01 8.459440301012733920e-01
2.700000000000000000e+01 3.000000000000000000e+01 8.932790664809431291e-01
2.700000000000000000e+01 3.100000000000000000e+01 8.097552030803483181e-01
2.700000000000000000e+01 3.200000000000000000e+01 7.223998382591132472e-01
2.800000000000000000e+01 2.900000000000000000e+01 5.301997367180303344e-01
2.800000000000000000e+01 3.000000000000000000e+01 6.689605970498186949e-01
2.800000000000000000e+01 3.100000000000000000e+01 5.877525055582129010e-01
2.800000000000000000e+01 3.200000000000000000e+01 8.044163386156928386e-01
2.900000000000000000e+01 3.000000000000000000e+01 6.078360019383826085e-01
2.900000000000000000e+01 3.100000000000000000e+01 6.270711689394332655e-01
2.900000000000000000e+01 3.200000000000000000e+01 8.335327251048820774e-01
3.000000000000000000e+01 3.100000000000000000e+01 6.953230967152472797e-01
3.000000000000000000e+01 3.200000000000000000e+01 8.791131153174387425e-01
3.100000000000000000e+01 3.200000000000000000e+01 7.649820890215524027e-01
