1.000000000000000000e+00 2.000000000000000000e+00 9.654899993207090025e-01
1.000000000000000000e+00 3.000000000000000000e+00 1.053322917306066975e+00
1.000000000000000000e+00 4.000000000000000000e+00 1.035309600911938688e+00
1.000000000000000000e+00 5.000000000000000000e+00 1.050843754287583920e+00
1.000000000000000000e+00 6.000000000000000000e+00 1.062246982731779310e+00
1.000000000000000000e+00 7.000000000000000000e+00 1.057187406407578134e+00
1.000000000000000000e+00 8.000000000000000000e+00 1.083182748440866483e+00
1.000000000000000000e+00 9.000000000000000000e+00 1.035597989678148867e+00
1.000000000000000000e+00 1.000000000000000000e+01 1.073778447238069811e+00
1.000000000000000000e+00 1.100000000000000000e+01 1.060775425463745814e+00
1.000000000000000000e+00 1.200000000000000000e+01 1.068300019674073065e+00
1.000000000000000000e+00 1.300000000000000000e+01 1.059933494845369362e+00
1.000000000000000000e+00 1.400000000000000000e+01 1.292908648603318333e+00
1.000000000000000000e+00 1.500000000000000000e+01 1.089258757480938700e+00
1.000000000000000000e+00 1.600000000000000000e+01 1.218947999167870666e+00
1.000000000000000000e+00 1.700000000000000000e+01 1.249301238520642121e+00
1.000000000000000000e+00 1.800000000000000000e+01 1.230554988651232362e+00
1.000000000000000000e+00 1.900000000000000000e+01 1.304227947376126018e+00
1.000000000000000000e+00 2.000000000000000000e+01 1.253345818177448834e+00
1.000000000000000000e+00 2.100000000000000000e+01 1.165529218197446371e+00
1.000000000000000000e+00 2.200000000000000000e+01 1.238074704686726202e+00
1.000000000000000000e+00 2.300000000000000000e+01 1.233899730581196952e+00
1.000000000000000000e+00 2.400000000000000000e+01 1.162100608101469534e+00
1.000000000000000000e+00 2.500000000000000000e+01 1.238065172063851360e+00
1.000000000000000000e+00 2.600000000000000000e+01 1.268806819134495667e+00
1.000000000000000000e+00 2.700000000000000000e+01 1.294815511466112623e+00
1.000000000000000000e+00 2.800000000000000000e+01 1.200559337557800088e+00
1.000000000000000000e+00 2.900000000000000000e+01 1.193697179548689480e+00
1.000000000000000000e+00 3.000000000000000000e+01 1.189213165421435958e+00
1.000000000000000000e+00 3.100000000000000000e+01 1.217517079916497824e+00
1.000000000000000000e+00 3.200000000000000000e+01 1.286262233532013743e+00
2.000000000000000000e+00 3.000000000000000000e+00 8.646596679759777082e-01
2.000000000000000000e+00 4.000000000000000000e+00 8.333285535405803302e-01
2.000000000000000000e+00 5.000000000000000000e+00 8.597664171547734213e-01
2.000000000000000000e+00 6.000000000000000000e+00 8.765347767072351193e-01
2.000000000000000000e+00 7.000000000000000000e+00 8.682567798813360938e-01
2.000000000000000000e+00 8.000000000000000000e+00 9.060916659099209625e-01
2.000000000000000000e+00 9.000000000000000000e+00 8.240708350665200133e-01
2.000000000000000000e+00 1.000000000000000000e+01 8.933518445640624694e-01
2.000000000000000000e+00 1.100000000000000000e+01 8.725652949608031506e-01
2.000000000000000000e+00 1.200000000000000000e+01 8.866738141964287667e-01
2.000000000000000000e+00 1.300000000000000000e+01 9.085382816922977778e-01
2.000000000000000000e+00 1.400000000000000000e+01 1.142472347288183254e+00
2.000000000000000000e+00 1.500000000000000000e+01 9.510685581395390553e-01
2.000000000000000000e+00 1.600000000000000000e+01 1.070334393909636805e+00
2.000000000000000000e+00 1.700000000000000000e+01 1.100679468678350981e+00
2.000000000000000000e+00 1.800000000000000000e+01 1.082891131996169376e+00
2.000000000000000000e+00 1.900000000000000000e+01 1.157063404749725244e+00
2.000000000000000000e+00 2.000000000000000000e+01 1.106599383676939663e+00
2.000000000000000000e+00 2.100000000000000000e+01 1.024291704267512815e+00
2.000000000000000000e+00 2.200000000000000000e+01 1.093602912230782875e+00
2.000000000000000000e+00 2.300000000000000000e+01 1.096021252920305056e+00
2.000000000000000000e+00 2.400000000000000000e+01 1.025897989865949045e+00
2.000000000000000000e+00 2.500000000000000000e+01 1.101148361516566254e+00
2.000000000000000000e+00 2.600000000000000000e+01 1.133667354907182512e+00
2.000000000000000000e+00 2.700000000000000000e+01 1.160955321550930952e+00
2.000000000000000000e+00 2.800000000000000000e+01 1.070371587975885053e+00
2.000000000000000000e+00 2.900000000000000000e+01 1.064763154220009334e+00
2.000000000000000000e+00 3.000000000000000000e+01 1.063806710134345357e+00
2.000000000000000000e+00 3.100000000000000000e+01 1.089357499126967443e+00
2.000000000000000000e+00 3.200000000000000000e+01 1.157777227581561208e+00
3.000000000000000000e+00 4.000000000000000000e+00 5.998520247854628451e-01
3.000000000000000000e+00 5.000000000000000000e+00 4.614214428976037841e-01
3.000000000000000000e+00 6.000000000000000000e+00 5.763903373629986060e-01
3.000000000000000000e+00 7.000000000000000000e+00 6.286801694480717018e-01
3.000000000000000000e+00 8.000000000000000000e+00 6.639601708086215748e-01
3.000000000000000000e+00 9.000000000000000000e+00 7.382076929240777297e-01
3.000000000000000000e+00 1.000000000000000000e+01 6.527745679416796509e-01
3.000000000000000000e+00 1.100000000000000000e+01 7.463563915537474447e-01
3.000000000000000000e+00 1.200000000000000000e+01 7.284193060965351574e-01
3.000000000000000000e+00 1.300000000000000000e+01 8.876609478637542683e-01
3.000000000000000000e+00 1.400000000000000000e+01 1.015695933966608067e+00
3.000000000000000000e+00 1.500000000000000000e+01 9.118453680995128874e-01
3.000000000000000000e+00 1.600000000000000000e+01 9.502155494172188632e-01
3.000000000000000000e+00 1.700000000000000000e+01 9.796836146351692864e-01
3.000000000000000000e+00 1.800000000000000000e+01 9.651017255454885646e-01
3.000000000000000000e+00 1.900000000000000000e+01 1.039809163960732974e+00
3.000000000000000000e+00 2.000000000000000000e+01 9.909054231707283833e-01
3.000000000000000000e+00 2.100000000000000000e+01 9.498607397823339848e-01
3.000000000000000000e+00 2.200000000000000000e+01 9.844803122354026659e-01
3.000000000000000000e+00 2.300000000000000000e+01 1.022893974644196291e+00
3.000000000000000000e+00 2.400000000000000000e+01 9.530403955185564602e-01
3.000000000000000000e+00 2.500000000000000000e+01 1.011156009268372014e+00
3.000000000000000000e+00 2.600000000000000000e+01 1.047071584396277233e+00
3.000000000000000000e+00 2.700000000000000000e+01 1.076952438875327323e+00
3.000000000000000000e+00 2.800000000000000000e+01 9.980190841344529495e-01
3.000000000000000000e+00 2.900000000000000000e+01 9.957422738973451537e-01
3.000000000000000000e+00 3.000000000000000000e+01 1.002312697929359731e+00
3.000000000000000000e+00 3.100000000000000000e+01 1.019894580721495636e+00
3.000000000000000000e+00 3.200000000000000000e+01 1.085331691687415168e+00
4.000000000000000000e+00 5.000000000000000000e+00 5.685673514583289290e-01
4.000000000000000000e+00 6.000000000000000000e+00 6.420763957818091949e-01
4.000000000000000000e+00 7.000000000000000000e+00 6.359010958922226564e-01
4.000000000000000000e+00 8.000000000000000000e+00 7.178868442953658668e-01
4.000000000000000000e+00 9.000000000000000000e+00 6.880662239115760137e-01
4.000000000000000000e+00 1.000000000000000000e+01 6.948529323605623365e-01
4.000000000000000000e+00 1.100000000000000000e+01 7.245169921567906623e-01
4.000000000000000000e+00 1.200000000000000000e+01 7.235403468909789026e-01
4.000000000000000000e+00 1.300000000000000000e+01 8.714033501891866873e-01
4.000000000000000000e+00 1.400000000000000000e+01 1.031335485129756258e+00
4.000000000000000000e+00 1.500000000000000000e+01 9.020251596938826388e-01
4.000000000000000000e+00 1.600000000000000000e+01 9.635567851602209188e-01
4.000000000000000000e+00 1.700000000000000000e+01 9.935079832764823760e-01
4.000000000000000000e+00 1.800000000000000000e+01 9.778943560654502765e-01
4.000000000000000000e+00 1.900000000000000000e+01 1.052685139638387835e+00
4.000000000000000000e+00 2.000000000000000000e+01 1.003243499811922401e+00
4.000000000000000000e+00 2.100000000000000000e+01 9.482146160071380780e-01
4.000000000000000000e+00 2.200000000000000000e+01 9.949484715104726096e-01
4.000000000000000000e+00 2.300000000000000000e+01 1.021998088804002780e+00
4.000000000000000000e+00 2.400000000000000000e+01 9.526049151838862361e-01
4.000000000000000000e+00 2.500000000000000000e+01 1.016813148265329314e+00
4.000000000000000000e+00 2.600000000000000000e+01 1.052071341374830604e+00
4.000000000000000000e+00 2.700000000000000000e+01 1.081409007383667076e+00
4.000000000000000000e+00 2.800000000000000000e+01 9.993576499424325910e-01
4.000000000000000000e+00 2.900000000000000000e+01 9.963052632881939097e-01
4.000000000000000000e+00 3.000000000000000000e+01 1.001360020384944649e+00
4.000000000000000000e+00 3.100000000000000000e+01 1.020836195801180235e+00
4.000000000000000000e+00 3.200000000000000000e+01 1.087231723280854156e+00
5.000000000000000000e+00 6.000000000000000000e+00 5.469376475932399284e-01
5.000000000000000000e+00 7.000000000000000000e+00 5.905490399691266656e-01
5.000000000000000000e+00 8.000000000000000000e+00 6.638224626365465397e-01
5.000000000000000000e+00 9.000000000000000000e+00 7.189445203587410127e-01
5.000000000000000000e+00 1.000000000000000000e+01 6.398911176068053930e-01
5.000000000000000000e+00 1.100000000000000000e+01 7.273983379968276264e-01
5.000000000000000000e+00 1.200000000000000000e+01 7.101032801193880584e-01
5.000000000000000000e+00 1.300000000000000000e+01 8.781847223649312806e-01
5.000000000000000000e+00 1.400000000000000000e+01 1.013361736510263622e+00
5.000000000000000000e+00 1.500000000000000000e+01 9.034576793598407818e-01
5.000000000000000000e+00 1.600000000000000000e+01 9.470229169956172477e-01
5.000000000000000000e+00 1.700000000000000000e+01 9.767472283473364048e-01
5.000000000000000000e+00 1.800000000000000000e+01 9.618175858382536081e-01
5.000000000000000000e+00 1.900000000000000000e+01 1.036668237780698831e+00
5.000000000000000000e+00 2.000000000000000000e+01 9.875664363715248584e-01
5.000000000000000000e+00 2.100000000000000000e+01 9.423757979467610735e-01
5.000000000000000000e+00 2.200000000000000000e+01 9.806225801889236759e-01
5.000000000000000000e+00 2.300000000000000000e+01 1.015886146215712937e+00
5.000000000000000000e+00 2.400000000000000000e+01 9.462859868507276229e-01
5.000000000000000000e+00 2.500000000000000000e+01 1.006251818460357494e+00
5.000000000000000000e+00 2.600000000000000000e+01 1.042106535358489294e+00
5.000000000000000000e+00 2.700000000000000000e+01 1.071913433658386650e+00
5.000000000000000000e+00 2.800000000000000000e+01 9.922561419364206436e-01
5.000000000000000000e+00 2.900000000000000000e+01 9.898462366094293863e-01
5.000000000000000000e+00 3.000000000000000000e+01 9.962477211270608368e-01
5.000000000000000000e+00 3.100000000000000000e+01 1.014168270746270917e+00
5.000000000000000000e+00 3.200000000000000000e+01 1.079878109466352543e+00
6.000000000000000000e+00 7.000000000000000000e+00 5.319857484165946282e-01
6.000000000000000000e+00 8.000000000000000000e+00 6.009385007832235281e-01
6.000000000000000000e+00 9.000000000000000000e+00 7.265625805910893575e-01
6.000000000000000000e+00 1.000000000000000000e+01 5.469366248851821322e-01
6.000000000000000000e+00 1.100000000000000000e+01 7.128646083770517894e-01
6.000000000000000000e+00 1.200000000000000000e+01 6.793329813629847003e-01
6.000000000000000000e+00 1.300000000000000000e+01 8.732058477684463416e-01
6.000000000000000000e+00 1.400000000000000000e+01 9.936144605401580066e-01
6.000000000000000000e+00 1.500000000000000000e+01 8.946992510840161561e-01
6.000000000000000000e+00 1.600000000000000000e+01 9.274837653282443917e-01
6.000000000000000000e+00 1.700000000000000000e+01 9.573471306803871261e-01
6.000000000000000000e+00 1.800000000000000000e+01 9.426051068900120899e-01
6.000000000000000000e+00 1.900000000000000000e+01 1.017718334541528158e+00
6.000000000000000000e+00 2.000000000000000000e+01 9.686735237941253018e-01
6.000000000000000000e+00 2.100000000000000000e+01 9.277857717382393954e-01
6.000000000000000000e+00 2.200000000000000000e+01 9.623393242204387743e-01
6.000000000000000000e+00 2.300000000000000000e+01 1.001557832766983847e+00
6.000000000000000000e+00 2.400000000000000000e+01 9.320440759603527692e-01
6.000000000000000000e+00 2.500000000000000000e+01 9.902124359514532514e-01
6.000000000000000000e+00 2.600000000000000000e+01 1.026555941051790599e+00
6.000000000000000000e+00 2.700000000000000000e+01 1.056713548278926718e+00
6.000000000000000000e+00 2.800000000000000000e+01 9.784244078629309449e-01
6.000000000000000000e+00 2.900000000000000000e+01 9.764587597256322304e-01
6.000000000000000000e+00 3.000000000000000000e+01 9.839213764873593338e-01
6.000000000000000000e+00 3.100000000000000000e+01 1.000786355451975140e+00
6.000000000000000000e+00 3.200000000000000000e+01 1.066181586517763735e+00
7.000000000000000000e+00 8.000000000000000000e+00 6.470946555525911581e-01
7.000000000000000000e+00 9.000000000000000000e+00 6.916657414760125633e-01
7.000000000000000000e+00 1.000000000000000000e+01 5.813747046954047537e-01
7.000000000000000000e+00 1.100000000000000000e+01 6.699605355913489380e-01
7.000000000000000000e+00 1.200000000000000000e+01 6.351756437061364391e-01
7.000000000000000000e+00 1.300000000000000000e+01 8.566205244876712310e-01
7.000000000000000000e+00 1.400000000000000000e+01 9.956089746266707508e-01
7.000000000000000000e+00 1.500000000000000000e+01 8.809251386322793920e-01
7.000000000000000000e+00 1.600000000000000000e+01 9.276115448101607264e-01
7.000000000000000000e+00 1.700000000000000000e+01 9.579799900648879873e-01
7.000000000000000000e+00 1.800000000000000000e+01 9.424479867594948157e-01
7.000000000000000000e+00 1.900000000000000000e+01 1.017795317246217301e+00
7.000000000000000000e+00 2.000000000000000000e+01 9.683149418133649711e-01
7.000000000000000000e+00 2.100000000000000000e+01 9.169532114895095898e-01
7.000000000000000000e+00 2.200000000000000000e+01 9.607134960613141761e-01
7.000000000000000000e+00 2.300000000000000000e+01 9.918650115384095578e-01
7.000000000000000000e+00 2.400000000000000000e+01 9.229563924748183101e-01
7.000000000000000000e+00 2.500000000000000000e+01 9.857959742550330695e-01
7.000000000000000000e+00 2.600000000000000000e+01 1.021909859713766133e+00
7.000000000000000000e+00 2.700000000000000000e+01 1.051835009913520524e+00
7.000000000000000000e+00 2.800000000000000000e+01 9.716346586527397911e-01
7.000000000000000000e+00 2.900000000000000000e+01 9.692822427499945270e-01
7.000000000000000000e+00 3.000000000000000000e+01 9.761715818168090752e-01
7.000000000000000000e+00 3.100000000000000000e+01 9.940052501536098539e-01
7.000000000000000000e+00 3.200000000000000000e+01 1.060086417950018900e+00
8.000000000000000000e+00 9.000000000000000000e+00 7.715521474411397573e-01
8.000000000000000000e+00 1.000000000000000000e+01 5.334663039902407533e-01
8.000000000000000000e+00 1.100000000000000000e+01 7.448978045129417414e-01
8.000000000000000000e+00 1.200000000000000000e+01 7.015613946804732937e-01
8.000000000000000000e+00 1.300000000000000000e+01 8.864700422078326536e-01
8.000000000000000000e+00 1.400000000000000000e+01 9.663299267695393269e-01
8.000000000000000000e+00 1.500000000000000000e+01 9.004089579486380668e-01
8.000000000000000000e+00 1.600000000000000000e+01 9.027166983206824646e-01
8.000000000000000000e+00 1.700000000000000000e+01 9.321525209671748247e-01
8.000000000000000000e+00 1.800000000000000000e+01 9.186152252950370301e-01
8.000000000000000000e+00 1.900000000000000000e+01 9.937889715038323857e-01
8.000000000000000000e+00 2.000000000000000000e+01 9.453457475314488434e-01
8.000000000000000000e+00 2.100000000000000000e+01 9.231241618604404398e-01
8.000000000000000000e+00 2.200000000000000000e+01 9.413482933949983700e-01
8.000000000000000000e+00 2.300000000000000000e+01 9.957208077240662369e-01
8.000000000000000000e+00 2.400000000000000000e+01 9.255235846862881477e-01
8.000000000000000000e+00 2.500000000000000000e+01 9.754980383801044042e-01
8.000000000000000000e+00 2.600000000000000000e+01 1.012725587882379985e+00
8.000000000000000000e+00 2.700000000000000000e+01 1.043603464225147937e+00
8.000000000000000000e+00 2.800000000000000000e+01 9.694117156360468890e-01
8.000000000000000000e+00 2.900000000000000000e+01 9.684749681198101534e-01
8.000000000000000000e+00 3.000000000000000000e+01 9.779413931587985775e-01
8.000000000000000000e+00 3.100000000000000000e+01 9.923009316665440949e-01
8.000000000000000000e+00 3.200000000000000000e+01 1.056438795414980758e+00
9.000000000000000000e+00 1.000000000000000000e+01 7.431370942527766310e-01
9.000000000000000000e+00 1.100000000000000000e+01 6.367677223147627519e-01
9.000000000000000000e+00 1.200000000000000000e+01 6.948202825297316032e-01
9.000000000000000000e+00 1.300000000000000000e+01 8.216276521117531484e-01
9.000000000000000000e+00 1.400000000000000000e+01 1.038175612712660456e+00
9.000000000000000000e+00 1.500000000000000000e+01 8.668822727369709380e-01
9.000000000000000000e+00 1.600000000000000000e+01 9.666026209786768852e-01
9.000000000000000000e+00 1.700000000000000000e+01 9.974785839130577703e-01
9.000000000000000000e+00 1.800000000000000000e+01 9.802165262750122121e-01
9.000000000000000000e+00 1.900000000000000000e+01 1.055336877626723791e+00
9.000000000000000000e+00 2.000000000000000000e+01 1.005007130574296692e+00
9.000000000000000000e+00 2.100000000000000000e+01 9.259672309511228772e-01
9.000000000000000000e+00 2.200000000000000000e+01 9.939088595022449457e-01
9.000000000000000000e+00 2.300000000000000000e+01 1.002166875721156369e+00
9.000000000000000000e+00 2.400000000000000000e+01 9.341009471047552193e-01
9.000000000000000000e+00 2.500000000000000000e+01 1.009105443115511758e+00
9.000000000000000000e+00 2.600000000000000000e+01 1.043666046652283130e+00
9.000000000000000000e+00 2.700000000000000000e+01 1.072370959346514718e+00
9.000000000000000000e+00 2.800000000000000000e+01 9.857142295518088737e-01
9.000000000000000000e+00 2.900000000000000000e+01 9.816249037066451244e-01
9.000000000000000000e+00 3.000000000000000000e+01 9.849543002086351695e-01
9.000000000000000000e+00 3.100000000000000000e+01 1.007027242469312522e+00
9.000000000000000000e+00 3.200000000000000000e+01 1.075035355715905583e+00
1.000000000000000000e+01 1.100000000000000000e+01 7.100412036111205527e-01
1.000000000000000000e+01 1.200000000000000000e+01 6.581909729034729484e-01
1.000000000000000000e+01 1.300000000000000000e+01 8.703915697020729869e-01
1.000000000000000000e+01 1.400000000000000000e+01 9.731153165210013611e-01
1.000000000000000000e+01 1.500000000000000000e+01 8.871340028973220271e-01
1.000000000000000000e+01 1.600000000000000000e+01 9.070328890955425827e-01
1.000000000000000000e+01 1.700000000000000000e+01 9.371273138084037502e-01
1.000000000000000000e+01 1.800000000000000000e+01 9.225359685848870672e-01
1.000000000000000000e+01 1.900000000000000000e+01 9.980025906102119038e-01
1.000000000000000000e+01 2.000000000000000000e+01 9.489823339211085340e-01
1.000000000000000000e+01 2.100000000000000000e+01 9.132819445245716761e-01
1.000000000000000000e+01 2.200000000000000000e+01 9.432780284155863892e-01
1.000000000000000000e+01 2.300000000000000000e+01 9.871802020653457355e-01
1.000000000000000000e+01 2.400000000000000000e+01 9.176858639500002912e-01
1.000000000000000000e+01 2.500000000000000000e+01 9.736307351765325357e-01
1.000000000000000000e+01 2.600000000000000000e+01 1.010523858095691674e+00
1.000000000000000000e+01 2.700000000000000000e+01 1.041072570998080815e+00
1.000000000000000000e+01 2.800000000000000000e+01 9.643313075134760659e-01
1.000000000000000000e+01 2.900000000000000000e+01 9.628716059477899769e-01
1.000000000000000000e+01 3.000000000000000000e+01 9.715248556076010455e-01
1.000000000000000000e+01 3.100000000000000000e+01 9.871847312193651192e-01
1.000000000000000000e+01 3.200000000000000000e+01 1.052211879204963063e+00
1.100000000000000000e+01 1.200000000000000000e+01 5.775793324627904735e-01
1.100000000000000000e+01 1.300000000000000000e+01 8.080786301843534414e-01
1.100000000000000000e+01 1.400000000000000000e+01 1.005676190435408124e+00
1.100000000000000000e+01 1.500000000000000000e+01 8.429277115012243637e-01
1.100000000000000000e+01 1.600000000000000000e+01 9.331089947612700719e-01
1.100000000000000000e+01 1.700000000000000000e+01 9.646351307281719745e-01
1.100000000000000000e+01 1.800000000000000000e+01 9.471142084317472065e-01
1.100000000000000000e+01 1.900000000000000000e+01 1.022925080651453378e+00
1.100000000000000000e+01 2.000000000000000000e+01 9.723664649483803046e-01
1.100000000000000000e+01 2.100000000000000000e+01 8.897018923599888662e-01
1.100000000000000000e+01 2.200000000000000000e+01 9.614426117635990199e-01
1.100000000000000000e+01 2.300000000000000000e+01 9.687550667474997823e-01
1.100000000000000000e+01 2.400000000000000000e+01 9.019729112126808612e-01
1.100000000000000000e+01 2.500000000000000000e+01 9.789484918553736925e-01
1.100000000000000000e+01 2.600000000000000000e+01 1.014441725059694432e+00
1.100000000000000000e+01 2.700000000000000000e+01 1.043744133380096306e+00
1.100000000000000000e+01 2.800000000000000000e+01 9.581549181206359123e-01
1.100000000000000000e+01 2.900000000000000000e+01 9.546976490704897067e-01
1.100000000000000000e+01 3.000000000000000000e+01 9.600267712380217144e-01
1.100000000000000000e+01 3.100000000000000000e+01 9.806433613374792024e-01
1.100000000000000000e+01 3.200000000000000000e+01 1.048722806389165152e+00
1.200000000000000000e+01 1.300000000000000000e+01 8.254804724290432105e-01
1.200000000000000000e+01 1.400000000000000000e+01 9.801142466561203470e-01
1.200000000000000000e+01 1.500000000000000000e+01 8.472479237765133675e-01
1.200000000000000000e+01 1.600000000000000000e+01 9.085274845769681917e-01
1.200000000000000000e+01 1.700000000000000000e+01 9.401118467101350351e-01
1.200000000000000000e+01 1.800000000000000000e+01 9.231626631298956998e-01
1.200000000000000000e+01 1.900000000000000000e+01 9.993227711586669670e-01
1.200000000000000000e+01 2.000000000000000000e+01 9.490063764889202780e-01
1.200000000000000000e+01 2.100000000000000000e+01 8.792127475721336349e-01
1.200000000000000000e+01 2.200000000000000000e+01 9.395097778726253512e-01
1.200000000000000000e+01 2.300000000000000000e+01 9.575749401111459669e-01
1.200000000000000000e+01 2.400000000000000000e+01 8.903677164446868186e-01
1.200000000000000000e+01 2.500000000000000000e+01 9.616628010010987992e-01
1.200000000000000000e+01 2.600000000000000000e+01 9.980111062401648692e-01
1.200000000000000000e+01 2.700000000000000000e+01 1.027951102187975474e+00
1.200000000000000000e+01 2.800000000000000000e+01 9.454389895387960152e-01
1.200000000000000000e+01 2.900000000000000000e+01 9.428884256261311769e-01
1.200000000000000000e+01 3.000000000000000000e+01 9.501575963235648903e-01
1.200000000000000000e+01 3.100000000000000000e+01 9.685666997181621163e-01
1.200000000000000000e+01 3.200000000000000000e+01 1.035761180102967360e+00
1.300000000000000000e+01 1.400000000000000000e+01 1.056431860500397057e+00
1.300000000000000000e+01 1.500000000000000000e+01 6.978656712808974927e-01
1.300000000000000000e+01 1.600000000000000000e+01 9.771947056165459777e-01
1.300000000000000000e+01 1.700000000000000000e+01 1.009233743924581761e+00
1.300000000000000000e+01 1.800000000000000000e+01 9.883132892551540483e-01
1.300000000000000000e+01 1.900000000000000000e+01 1.063077114332921180e+00
1.300000000000000000e+01 2.000000000000000000e+01 1.010925600183799844e+00
1.300000000000000000e+01 2.100000000000000000e+01 8.607771127011736301e-01
1.300000000000000000e+01 2.200000000000000000e+01 9.925249110374980699e-01
1.300000000000000000e+01 2.300000000000000000e+01 9.431113524989691577e-01
1.300000000000000000e+01 2.400000000000000000e+01 8.789923735966846952e-01
1.300000000000000000e+01 2.500000000000000000e+01 9.872847575316305857e-01
1.300000000000000000e+01 2.600000000000000000e+01 1.018934282726695395e+00
1.300000000000000000e+01 2.700000000000000000e+01 1.045310910715615327e+00
1.300000000000000000e+01 2.800000000000000000e+01 9.438880275584540236e-01
1.300000000000000000e+01 2.900000000000000000e+01 9.358472701882134537e-01
1.300000000000000000e+01 3.000000000000000000e+01 9.317926009665529197e-01
1.300000000000000000e+01 3.100000000000000000e+01 9.638700604884600232e-01
1.300000000000000000e+01 3.200000000000000000e+01 1.037021961089779731e+00
1.400000000000000000e+01 1.500000000000000000e+01 1.035736694122743051e+00
1.400000000000000000e+01 1.600000000000000000e+01 6.641230668474380483e-01
1.400000000000000000e+01 1.700000000000000000e+01 5.784003328572486780e-01
1.400000000000000000e+01 1.800000000000000000e+01 6.544375670638904463e-01
1.400000000000000000e+01 1.900000000000000000e+01 6.267667017641649352e-01
1.400000000000000000e+01 2.000000000000000000e+01 6.482951946925283870e-01
1.400000000000000000e+01 2.100000000000000000e+01 1.013869792959767091e+00
1.400000000000000000e+01 2.200000000000000000e+01 7.321728860214180568e-01
1.400000000000000000e+01 2.300000000000000000e+01 1.066792437150169803e+00
1.400000000000000000e+01 2.400000000000000000e+01 9.847725413308372477e-01
1.400000000000000000e+01 2.500000000000000000e+01 8.853702823105460418e-01
1.400000000000000000e+01 2.600000000000000000e+01 9.260641820229682519e-01
1.400000000000000000e+01 2.700000000000000000e+01 9.644902377201700627e-01
1.400000000000000000e+01 2.800000000000000000e+01 9.655639203836976492e-01
1.400000000000000000e+01 2.900000000000000000e+01 9.765704386944391580e-01
1.400000000000000000e+01 3.000000000000000000e+01 1.002862233815898785e+00
1.400000000000000000e+01 3.100000000000000000e+01 9.865712539430542272e-01
1.400000000000000000e+01 3.200000000000000000e+01 1.024232969555800787e+00
1.500000000000000000e+01 1.600000000000000000e+01 9.532773027605947469e-01
1.500000000000000000e+01 1.700000000000000000e+01 9.859543752572552666e-01
1.500000000000000000e+01 1.800000000000000000e+01 9.635273724926840533e-01
1.500000000000000000e+01 1.900000000000000000e+01 1.038387953716131573e+00
1.500000000000000000e+01 2.000000000000000000e+01 9.854479141137018061e-01
1.500000000000000000e+01 2.100000000000000000e+01 7.789787641210412783e-01
1.500000000000000000e+01 2.200000000000000000e+01 9.642329736380073069e-01
1.500000000000000000e+01 2.300000000000000000e+01 8.730255278874738956e-01
1.500000000000000000e+01 2.400000000000000000e+01 8.158072513956848848e-01
1.500000000000000000e+01 2.500000000000000000e+01 9.519297905607295718e-01
1.500000000000000000e+01 2.600000000000000000e+01 9.832658947918642145e-01
1.500000000000000000e+01 2.700000000000000000e+01 1.009259144159147636e+00
1.500000000000000000e+01 2.800000000000000000e+01 9.006639964400666720e-01
1.500000000000000000e+01 2.900000000000000000e+01 8.909733768267327214e-01
1.500000000000000000e+01 3.000000000000000000e+01 8.853437985106864527e-01
1.500000000000000000e+01 3.100000000000000000e+01 9.219039115246663307e-01
1.500000000000000000e+01 3.200000000000000000e+01 9.985297733972833267e-01
1.600000000000000000e+01 1.700000000000000000e+01 5.494466950759335777e-01
1.600000000000000000e+01 1.800000000000000000e+01 4.621186980830116475e-01
1.600000000000000000e+01 1.900000000000000000e+01 6.628146154400249568e-01
1.600000000000000000e+01 2.000000000000000000e+01 5.804470158559222881e-01
1.600000000000000000e+01 2.100000000000000000e+01 9.265608926827340053e-01
1.600000000000000000e+01 2.200000000000000000e+01 6.210854819722688713e-01
1.600000000000000000e+01 2.300000000000000000e+01 9.774320737069377429e-01
1.600000000000000000e+01 2.400000000000000000e+01 8.942083946664840521e-01
1.600000000000000000e+01 2.500000000000000000e+01 7.872025033911129732e-01
1.600000000000000000e+01 2.600000000000000000e+01 8.322762288809972819e-01
1.600000000000000000e+01 2.700000000000000000e+01 8.719121494874635392e-01
1.600000000000000000e+01 2.800000000000000000e+01 8.707453258547928066e-01
1.600000000000000000e+01 2.900000000000000000e+01 8.827403076773396862e-01
1.600000000000000000e+01 3.000000000000000000e+01 9.108674762468027541e-01
1.600000000000000000e+01 3.100000000000000000e+01 8.927025087637434630e-01
1.600000000000000000e+01 3.200000000000000000e+01 9.312824513397959247e-01
1.700000000000000000e+01 1.800000000000000000e+01 5.061452817489822120e-01
1.700000000000000000e+01 1.900000000000000000e+01 5.700882696745255274e-01
1.700000000000000000e+01 2.000000000000000000e+01 5.113692105828600010e-01
1.700000000000000000e+01 2.100000000000000000e+01 9.612200686097993607e-01
1.700000000000000000e+01 2.200000000000000000e+01 6.323353887346401248e-01
1.700000000000000000e+01 2.300000000000000000e+01 1.012081472702421880e+00
1.700000000000000000e+01 2.400000000000000000e+01 9.287684657372350383e-01
1.700000000000000000e+01 2.500000000000000000e+01 8.112532288731766350e-01
1.700000000000000000e+01 2.600000000000000000e+01 8.529779063494220548e-01
1.700000000000000000e+01 2.700000000000000000e+01 8.924355223846858198e-01
1.700000000000000000e+01 2.800000000000000000e+01 9.017887224348473119e-01
1.700000000000000000e+01 2.900000000000000000e+01 9.141291939076374717e-01
1.700000000000000000e+01 3.000000000000000000e+01 9.421205564321655235e-01
1.700000000000000000e+01 3.100000000000000000e+01 9.224343698549284376e-01
1.700000000000000000e+01 3.200000000000000000e+01 9.571317312090441565e-01
1.800000000000000000e+01 1.900000000000000000e+01 6.215409453919336080e-01
1.800000000000000000e+01 2.000000000000000000e+01 5.058935143730236561e-01
1.800000000000000000e+01 2.100000000000000000e+01 9.368035231308804445e-01
1.800000000000000000e+01 2.200000000000000000e+01 5.804722919149607474e-01
1.800000000000000000e+01 2.300000000000000000e+01 9.865137296732493510e-01
1.800000000000000000e+01 2.400000000000000000e+01 9.024961304146319474e-01
1.800000000000000000e+01 2.500000000000000000e+01 7.779823336311655346e-01
1.800000000000000000e+01 2.600000000000000000e+01 8.220627071897739224e-01
1.800000000000000000e+01 2.700000000000000000e+01 8.623094720455368734e-01
1.800000000000000000e+01 2.800000000000000000e+01 8.721630098184260937e-01
1.800000000000000000e+01 2.900000000000000000e+01 8.851561102355347543e-01
1.800000000000000000e+01 3.000000000000000000e+01 9.141561772918576079e-01
1.800000000000000000e+01 3.100000000000000000e+01 8.930837279945640361e-01
1.800000000000000000e+01 3.200000000000000000e+01 9.276302078152214303e-01
1.900000000000000000e+01 2.000000000000000000e+01 5.408421492162904798e-01
1.900000000000000000e+01 2.100000000000000000e+01 1.013411797201359432e+00
1.900000000000000000e+01 2.200000000000000000e+01 6.526440019706345463e-01
1.900000000000000000e+01 2.300000000000000000e+01 1.062619979026148354e+00
1.900000000000000000e+01 2.400000000000000000e+01 9.781897049480570150e-01
1.900000000000000000e+01 2.500000000000000000e+01 8.360278170500325956e-01
1.900000000000000000e+01 2.600000000000000000e+01 8.737593411114483732e-01
1.900000000000000000e+01 2.700000000000000000e+01 9.134556051357860529e-01
1.900000000000000000e+01 2.800000000000000000e+01 9.414580389196554044e-01
1.900000000000000000e+01 2.900000000000000000e+01 9.551812138633146709e-01
1.900000000000000000e+01 3.000000000000000000e+01 9.843246977757764693e-01
1.900000000000000000e+01 3.100000000000000000e+01 9.603511440236189856e-01
1.900000000000000000e+01 3.200000000000000000e+01 9.882466116990886729e-01
2.000000000000000000e+01 2.100000000000000000e+01 9.591974522281250248e-01
2.000000000000000000e+01 2.200000000000000000e+01 5.605342963722164118e-01
2.000000000000000000e+01 2.300000000000000000e+01 1.007867678848662241e+00
2.000000000000000000e+01 2.400000000000000000e+01 9.231197663081156524e-01
2.000000000000000000e+01 2.500000000000000000e+01 7.792581606103401448e-01
2.000000000000000000e+01 2.600000000000000000e+01 8.200777229744693475e-01
2.000000000000000000e+01 2.700000000000000000e+01 8.605759483168615720e-01
2.000000000000000000e+01 2.800000000000000000e+01 8.854798842532480840e-01
2.000000000000000000e+01 2.900000000000000000e+01 8.994668808087151746e-01
2.000000000000000000e+01 3.000000000000000000e+01 9.291595333529387712e-01
2.000000000000000000e+01 3.100000000000000000e+01 9.048759627287634721e-01
2.000000000000000000e+01 3.200000000000000000e+01 9.339245199564303324e-01
2.100000000000000000e+01 2.200000000000000000e+01 9.356845218266938158e-01
2.100000000000000000e+01 2.300000000000000000e+01 6.811719103282039001e-01
2.100000000000000000e+01 2.400000000000000000e+01 6.894102745005723509e-01
2.100000000000000000e+01 2.500000000000000000e+01 9.234493284226443777e-01
2.100000000000000000e+01 2.600000000000000000e+01 9.586538268699069665e-01
2.100000000000000000e+01 2.700000000000000000e+01 9.868629499954126860e-01
2.100000000000000000e+01 2.800000000000000000e+01 8.727463809722704191e-01
2.100000000000000000e+01 2.900000000000000000e+01 8.645015751449540709e-01
2.100000000000000000e+01 3.000000000000000000e+01 8.700715375780527783e-01
2.100000000000000000e+01 3.100000000000000000e+01 9.022632047735652527e-01
2.100000000000000000e+01 3.200000000000000000e+01 9.834588857651438421e-01
2.200000000000000000e+01 2.300000000000000000e+01 9.815662011190711134e-01
2.200000000000000000e+01 2.400000000000000000e+01 8.949995170771967157e-01
2.200000000000000000e+01 2.500000000000000000e+01 7.191172133321805937e-01
2.200000000000000000e+01 2.600000000000000000e+01 7.642653914386710046e-01
2.200000000000000000e+01 2.700000000000000000e+01 8.073360650882943634e-01
2.200000000000000000e+01 2.800000000000000000e+01 8.446904422419074798e-01
2.200000000000000000e+01 2.900000000000000000e+01 8.607598026751417386e-01
2.200000000000000000e+01 3.000000000000000000e+01 8.928190649823506408e-01
2.200000000000000000e+01 3.100000000000000000e+01 8.632615429582974897e-01
2.200000000000000000e+01 3.200000000000000000e+01 8.877760981830860043e-01
2.300000000000000000e+01 2.400000000000000000e+01 5.873940222548028611e-01
2.300000000000000000e+01 2.500000000000000000e+01 9.606646246627521535e-01
2.300000000000000000e+01 2.600000000000000000e+01 9.955734135819362951e-01
2.300000000000000000e+01 2.700000000000000000e+01 1.023416224306274769e+00
2.300000000000000000e+01 2.800000000000000000e+01 8.980944898663021370e-01
2.300000000000000000e+01 2.900000000000000000e+01 8.873916662668159816e-01
2.300000000000000000e+01 3.000000000000000000e+01 8.934424840934556133e-01
2.300000000000000000e+01 3.100000000000000000e+01 9.308409334808511737e-01
2.300000000000000000e+01 3.200000000000000000e+01 1.017403035811216272e+00
2.400000000000000000e+01 2.500000000000000000e+01 8.680892516304514750e-01
2.400000000000000000e+01 2.600000000000000000e+01 9.027849980455149304e-01
2.400000000000000000e+01 2.700000000000000000e+01 9.303865261342514348e-01
2.400000000000000000e+01 2.800000000000000000e+01 7.964090177222700184e-01
2.400000000000000000e+01 2.900000000000000000e+01 7.836942412448408835e-01
2.400000000000000000e+01 3.000000000000000000e+01 7.905053232067544844e-01
2.400000000000000000e+01 3.100000000000000000e+01 8.318562689089392670e-01
2.400000000000000000e+01 3.200000000000000000e+01 9.226005380199648886e-01
2.500000000000000000e+01 2.600000000000000000e+01 5.867655225179755352e-01
2.500000000000000000e+01 2.700000000000000000e+01 6.639890643297778894e-01
2.500000000000000000e+01 2.800000000000000000e+01 7.570419580813991800e-01
2.500000000000000000e+01 2.900000000000000000e+01 7.831263642467116703e-01
2.500000000000000000e+01 3.000000000000000000e+01 8.234927900672401879e-01
2.500000000000000000e+01 3.100000000000000000e+01 7.663023356054017299e-01
2.500000000000000000e+01 3.200000000000000000e+01 7.658897417896899373e-01
2.600000000000000000e+01 2.700000000000000000e+01 5.326164037371139415e-01
2.600000000000000000e+01 2.800000000000000000e+01 7.836360981265331205e-01
2.600000000000000000e+01 2.900000000000000000e+01 8.085024650742189678e-01
2.600000000000000000e+01 3.000000000000000000e+01 8.451097055555967241e-01
2.600000000000000000e+01 3.100000000000000000e+01 7.815398711708900770e-01
2.600000000000000000e+01 3.200000000000000000e+01 7.357502126632120554e-01
2.700000000000000000e+01 2.800000000000000000e+01 8.072107007783251298e-01
2.700000000000000000e+01 2.900000000000000000e+01 8.308702073375400232e-01
2.700000000000000000e+01 3.000000000000000000e+01 8.648321022065184049e-01
2.700000000000000000e+01 3.100000000000000000e+01 7.989794721440643954e-01
2.700000000000000000e+01 3.200000000000000000e+01 7.210210663075169446e-01
2.800000000000000000e+01 2.900000000000000000e+01 5.296358476603977294e-01
2.800000000000000000e+01 3.000000000000000000e+01 6.640324921922970969e-01
2.800000000000000000e+01 3.100000000000000000e+01 5.856290529842116399e-01
2.800000000000000000e+01 3.200000000000000000e+01 7.757441970136100817e-01
2.900000000000000000e+01 3.000000000000000000e+01 6.057573546813703746e-01
2.900000000000000000e+01 3.100000000000000000e+01 6.227135895974491575e-01
2.900000000000000000e+01 3.200000000000000000e+01 7.962745464532356987e-01
3.000000000000000000e+01 3.100000000000000000e+01 6.831546093124329921e-01
3.000000000000000000e+01 3.200000000000000000e+01 8.222460147570365141e-01
3.100000000000000000e+01 3.200000000000000000e+01 7.417206390934858451e-01
