1.000000000000000000e+00 2.000000000000000000e+00 8.664858829641480797e-01
1.000000000000000000e+00 3.000000000000000000e+00 9.798056561733731185e-01
1.000000000000000000e+00 4.000000000000000000e+00 9.608272510384058274e-01
1.000000000000000000e+00 5.000000000000000000e+00 9.766874245760202022e-01
1.000000000000000000e+00 6.000000000000000000e+00 9.873258923649774754e-01
1.000000000000000000e+00 7.000000000000000000e+00 9.807196242880203974e-01
1.000000000000000000e+00 8.000000000000000000e+00 1.008487608412704351e+00
1.000000000000000000e+00 9.000000000000000000e+00 9.491793114864552905e-01
1.000000000000000000e+00 1.000000000000000000e+01 9.983141609019263729e-01
1.000000000000000000e+00 1.100000000000000000e+01 9.718882995007112058e-01
1.000000000000000000e+00 1.200000000000000000e+01 9.865289776854491155e-01
1.000000000000000000e+00 1.300000000000000000e+01 9.646919998356371373e-01
1.000000000000000000e+00 1.400000000000000000e+01 1.217263574156736361e+00
1.000000000000000000e+00 1.500000000000000000e+01 9.970709924531332424e-01
1.000000000000000000e+00 1.600000000000000000e+01 1.155392377565261031e+00
1.000000000000000000e+00 1.700000000000000000e+01 1.184348689570944080e+00
1.000000000000000000e+00 1.800000000000000000e+01 1.168826811644749109e+00
1.000000000000000000e+00 1.900000000000000000e+01 1.228774916079679480e+00
1.000000000000000000e+00 2.000000000000000000e+01 1.191701715360565128e+00
1.000000000000000000e+00 2.100000000000000000e+01 1.033679880203212109e+00
1.000000000000000000e+00 2.200000000000000000e+01 1.182698631954110180e+00
1.000000000000000000e+00 2.300000000000000000e+01 1.045734845731755458e+00
1.000000000000000000e+00 2.400000000000000000e+01 1.057176944251978723e+00
1.000000000000000000e+00 2.500000000000000000e+01 1.203150783409674851e+00
1.000000000000000000e+00 2.600000000000000000e+01 1.244957602879829706e+00
1.000000000000000000e+00 2.700000000000000000e+01 1.277884130935671880e+00
1.000000000000000000e+00 2.800000000000000000e+01 1.161557383621113271e+00
1.000000000000000000e+00 2.900000000000000000e+01 1.149824307063719742e+00
1.000000000000000000e+00 3.000000000000000000e+01 1.144502960830959148e+00
1.000000000000000000e+00 3.100000000000000000e+01 1.199239295749621403e+00
1.000000000000000000e+00 3.200000000000000000e+01 1.313618047597762573e+00
2.000000000000000000e+00 3.000000000000000000e+00 8.374216641303132702e-01
2.000000000000000000e+00 4.000000000000000000e+00 8.073318884499726122e-01
2.000000000000000000e+00 5.000000000000000000e+00 8.319912915461480374e-01
2.000000000000000000e+00 6.000000000000000000e+00 8.464058566188812360e-01
2.000000000000000000e+00 7.000000000000000000e+00 8.367044694959472340e-01
2.000000000000000000e+00 8.000000000000000000e+00 8.742775092417729432e-01
2.000000000000000000e+00 9.000000000000000000e+00 7.867037362774453868e-01
2.000000000000000000e+00 1.000000000000000000e+01 8.610966596063021061e-01
2.000000000000000000e+00 1.100000000000000000e+01 8.267693898466630387e-01
2.000000000000000000e+00 1.200000000000000000e+01 8.469220678522304535e-01
2.000000000000000000e+00 1.300000000000000000e+01 8.404816166543518374e-01
2.000000000000000000e+00 1.400000000000000000e+01 1.100144007471641316e+00
2.000000000000000000e+00 1.500000000000000000e+01 8.865319290843413080e-01
2.000000000000000000e+00 1.600000000000000000e+01 1.039103256663823194e+00
2.000000000000000000e+00 1.700000000000000000e+01 1.068093845601720604e+00
2.000000000000000000e+00 1.800000000000000000e+01 1.053034328619826487e+00
2.000000000000000000e+00 1.900000000000000000e+01 1.113295977963634220e+00
2.000000000000000000e+00 2.000000000000000000e+01 1.076377868758277234e+00
2.000000000000000000e+00 2.100000000000000000e+01 9.239956456362403703e-01
2.000000000000000000e+00 2.200000000000000000e+01 1.068492897093187288e+00
2.000000000000000000e+00 2.300000000000000000e+01 9.388013579801761654e-01
2.000000000000000000e+00 2.400000000000000000e+01 9.511032133849075532e-01
2.000000000000000000e+00 2.500000000000000000e+01 1.092617465292877732e+00
2.000000000000000000e+00 2.600000000000000000e+01 1.134859664048419203e+00
2.000000000000000000e+00 2.700000000000000000e+01 1.168087374953899804e+00
2.000000000000000000e+00 2.800000000000000000e+01 1.056269502737281929e+00
2.000000000000000000e+00 2.900000000000000000e+01 1.045946908749414428e+00
2.000000000000000000e+00 3.000000000000000000e+01 1.043873827748615701e+00
2.000000000000000000e+00 3.100000000000000000e+01 1.094188406046349593e+00
2.000000000000000000e+00 3.200000000000000000e+01 1.205957054746069179e+00
3.000000000000000000e+00 4.000000000000000000e+00 5.995624382987395640e-01
3.000000000000000000e+00 5.000000000000000000e+00 4.613907484673012149e-01
3.000000000000000000e+00 6.000000000000000000e+00 5.761414287713584326e-01
3.000000000000000000e+00 7.000000000000000000e+00 6.281451000909342719e-01
3.000000000000000000e+00 8.000000000000000000e+00 6.631223046843808255e-01
3.000000000000000000e+00 9.000000000000000000e+00 7.326510511484172206e-01
3.000000000000000000e+00 1.000000000000000000e+01 6.520230268790123684e-01
3.000000000000000000e+00 1.100000000000000000e+01 7.396664657216938110e-01
3.000000000000000000e+00 1.200000000000000000e+01 7.250978603869200345e-01
3.000000000000000000e+00 1.300000000000000000e+01 8.440321993041361992e-01
3.000000000000000000e+00 1.400000000000000000e+01 1.001904541873683829e+00
3.000000000000000000e+00 1.500000000000000000e+01 8.727253843950167900e-01
3.000000000000000000e+00 1.600000000000000000e+01 9.467161432697654977e-01
3.000000000000000000e+00 1.700000000000000000e+01 9.747557734712166688e-01
3.000000000000000000e+00 1.800000000000000000e+01 9.624688303178292603e-01
3.000000000000000000e+00 1.900000000000000000e+01 1.023039087338828645e+00
3.000000000000000000e+00 2.000000000000000000e+01 9.873569793103329495e-01
3.000000000000000000e+00 2.100000000000000000e+01 8.853458200447668069e-01
3.000000000000000000e+00 2.200000000000000000e+01 9.848311411826471407e-01
3.000000000000000000e+00 2.300000000000000000e+01 9.012978714390345036e-01
3.000000000000000000e+00 2.400000000000000000e+01 9.115787931254761833e-01
3.000000000000000000e+00 2.500000000000000000e+01 1.023416832590558379e+00
3.000000000000000000e+00 2.600000000000000000e+01 1.066658681351188909e+00
3.000000000000000000e+00 2.700000000000000000e+01 1.100754309484780258e+00
3.000000000000000000e+00 2.800000000000000000e+01 1.005215042965004191e+00
3.000000000000000000e+00 2.900000000000000000e+01 9.991850775540760399e-01
3.000000000000000000e+00 3.000000000000000000e+01 1.005367080802415325e+00
3.000000000000000000e+00 3.100000000000000000e+01 1.042811593909580337e+00
3.000000000000000000e+00 3.200000000000000000e+01 1.145757159913171730e+00
4.000000000000000000e+00 5.000000000000000000e+00 5.683423238923230869e-01
4.000000000000000000e+00 6.000000000000000000e+00 6.413262793128009509e-01
4.000000000000000000e+00 7.000000000000000000e+00 6.350388038964355220e-01
4.000000000000000000e+00 8.000000000000000000e+00 7.160546168137069678e-01
4.000000000000000000e+00 9.000000000000000000e+00 6.840801612966549428e-01
4.000000000000000000e+00 1.000000000000000000e+01 6.932885899003464747e-01
4.000000000000000000e+00 1.100000000000000000e+01 7.175250058855939805e-01
4.000000000000000000e+00 1.200000000000000000e+01 7.193737189200786197e-01
4.000000000000000000e+00 1.300000000000000000e+01 8.260657224189156267e-01
4.000000000000000000e+00 1.400000000000000000e+01 1.016346005044623801e+00
4.000000000000000000e+00 1.500000000000000000e+01 8.616221077269573536e-01
4.000000000000000000e+00 1.600000000000000000e+01 9.590504209187551421e-01
4.000000000000000000e+00 1.700000000000000000e+01 9.875652745237142316e-01
4.000000000000000000e+00 1.800000000000000000e+01 9.743413492676833432e-01
4.000000000000000000e+00 1.900000000000000000e+01 1.035009054337448164e+00
4.000000000000000000e+00 2.000000000000000000e+01 9.988702493392267456e-01
4.000000000000000000e+00 2.100000000000000000e+01 8.808684928064105524e-01
4.000000000000000000e+00 2.200000000000000000e+01 9.947109737651809169e-01
4.000000000000000000e+00 2.300000000000000000e+01 8.974817634567859859e-01
4.000000000000000000e+00 2.400000000000000000e+01 9.086977722292470805e-01
4.000000000000000000e+00 2.500000000000000000e+01 1.029342141670391175e+00
4.000000000000000000e+00 2.600000000000000000e+01 1.072409871505954237e+00
4.000000000000000000e+00 2.700000000000000000e+01 1.106311001136124350e+00
4.000000000000000000e+00 2.800000000000000000e+01 1.006560544166920312e+00
4.000000000000000000e+00 2.900000000000000000e+01 9.995336223838833245e-01
4.000000000000000000e+00 3.000000000000000000e+01 1.003991305502815345e+00
4.000000000000000000e+00 3.100000000000000000e+01 1.044370866123240260e+00
4.000000000000000000e+00 3.200000000000000000e+01 1.149527459007397390e+00
5.000000000000000000e+00 6.000000000000000000e+00 5.467601142696978389e-01
5.000000000000000000e+00 7.000000000000000000e+00 5.901969250810740197e-01
5.000000000000000000e+00 8.000000000000000000e+00 6.629982185121507943e-01
5.000000000000000000e+00 9.000000000000000000e+00 7.139807644407638598e-01
5.000000000000000000e+00 1.000000000000000000e+01 6.392300618003063928e-01
5.000000000000000000e+00 1.100000000000000000e+01 7.213648312934695106e-01
5.000000000000000000e+00 1.200000000000000000e+01 7.071546980609217936e-01
5.000000000000000000e+00 1.300000000000000000e+01 8.338762212613970437e-01
5.000000000000000000e+00 1.400000000000000000e+01 9.994950272486375908e-01
5.000000000000000000e+00 1.500000000000000000e+01 8.638725341152803106e-01
5.000000000000000000e+00 1.600000000000000000e+01 9.434728676300776495e-01
5.000000000000000000e+00 1.700000000000000000e+01 9.717625087382624205e-01
5.000000000000000000e+00 1.800000000000000000e+01 9.591393896990696444e-01
5.000000000000000000e+00 1.900000000000000000e+01 1.019845363358634627e+00
5.000000000000000000e+00 2.000000000000000000e+01 9.839793874023556874e-01
5.000000000000000000e+00 2.100000000000000000e+01 8.775372913962748989e-01
5.000000000000000000e+00 2.200000000000000000e+01 9.809571799541649817e-01
5.000000000000000000e+00 2.300000000000000000e+01 8.938955084972113330e-01
5.000000000000000000e+00 2.400000000000000000e+01 9.044734677193126959e-01
5.000000000000000000e+00 2.500000000000000000e+01 1.018557026427965084e+00
5.000000000000000000e+00 2.600000000000000000e+01 1.061798199736442294e+00
5.000000000000000000e+00 2.700000000000000000e+01 1.095863285222152594e+00
5.000000000000000000e+00 2.800000000000000000e+01 9.993806860301943651e-01
5.000000000000000000e+00 2.900000000000000000e+01 9.931745562247480397e-01
5.000000000000000000e+00 3.000000000000000000e+01 9.991239727565879303e-01
5.000000000000000000e+00 3.100000000000000000e+01 1.037071856013175752e+00
5.000000000000000000e+00 3.200000000000000000e+01 1.140485617506560079e+00
6.000000000000000000e+00 7.000000000000000000e+00 5.318673537047095001e-01
6.000000000000000000e+00 8.000000000000000000e+00 6.006389059405317088e-01
6.000000000000000000e+00 9.000000000000000000e+00 7.209532722882463496e-01
6.000000000000000000e+00 1.000000000000000000e+01 5.467771504200047428e-01
6.000000000000000000e+00 1.100000000000000000e+01 7.078504864547103814e-01
6.000000000000000000e+00 1.200000000000000000e+01 6.774174905894880805e-01
6.000000000000000000e+00 1.300000000000000000e+01 8.288810749048500792e-01
6.000000000000000000e+00 1.400000000000000000e+01 9.803795170053422048e-01
6.000000000000000000e+00 1.500000000000000000e+01 8.550872051744972113e-01
6.000000000000000000e+00 1.600000000000000000e+01 9.244364843528145581e-01
6.000000000000000000e+00 1.700000000000000000e+01 9.528622706792815311e-01
6.000000000000000000e+00 1.800000000000000000e+01 9.403630642162366104e-01
6.000000000000000000e+00 1.900000000000000000e+01 1.001306784440761488e+00
6.000000000000000000e+00 2.000000000000000000e+01 9.654511428974985598e-01
6.000000000000000000e+00 2.100000000000000000e+01 8.646224887522262481e-01
6.000000000000000000e+00 2.200000000000000000e+01 9.628683808985152304e-01
6.000000000000000000e+00 2.300000000000000000e+01 8.811837135314977143e-01
6.000000000000000000e+00 2.400000000000000000e+01 8.914910820058092877e-01
6.000000000000000000e+00 2.500000000000000000e+01 1.002052580377894131e+00
6.000000000000000000e+00 2.600000000000000000e+01 1.045461819867133046e+00
6.000000000000000000e+00 2.700000000000000000e+01 1.079645834878042443e+00
6.000000000000000000e+00 2.800000000000000000e+01 9.850954512479330738e-01
6.000000000000000000e+00 2.900000000000000000e+01 9.794525768772370800e-01
6.000000000000000000e+00 3.000000000000000000e+01 9.865299259527724463e-01
6.000000000000000000e+00 3.100000000000000000e+01 1.022789929762425887e+00
6.000000000000000000e+00 3.200000000000000000e+01 1.125129592399002565e+00
7.000000000000000000e+00 8.000000000000000000e+00 6.464959920898105672e-01
7.000000000000000000e+00 9.000000000000000000e+00 6.869345916211280212e-01
7.000000000000000000e+00 1.000000000000000000e+01 5.811051873905719312e-01
7.000000000000000000e+00 1.100000000000000000e+01 6.661923012244288511e-01
7.000000000000000000e+00 1.200000000000000000e+01 6.338162059822811667e-01
7.000000000000000000e+00 1.300000000000000000e+01 8.103468306383190267e-01
7.000000000000000000e+00 1.400000000000000000e+01 9.817550954818923259e-01
7.000000000000000000e+00 1.500000000000000000e+01 8.398718164034605360e-01
7.000000000000000000e+00 1.600000000000000000e+01 9.240445960908505452e-01
7.000000000000000000e+00 1.700000000000000000e+01 9.529526781778414612e-01
7.000000000000000000e+00 1.800000000000000000e+01 9.397074080401990326e-01
7.000000000000000000e+00 1.900000000000000000e+01 1.000863386288476375e+00
7.000000000000000000e+00 2.000000000000000000e+01 9.646182054599043987e-01
7.000000000000000000e+00 2.100000000000000000e+01 8.524895411261779188e-01
7.000000000000000000e+00 2.200000000000000000e+01 9.608546417139498530e-01
7.000000000000000000e+00 2.300000000000000000e+01 8.700098589435827368e-01
7.000000000000000000e+00 2.400000000000000000e+01 8.810777365780311232e-01
7.000000000000000000e+00 2.500000000000000000e+01 9.975057267565943242e-01
7.000000000000000000e+00 2.600000000000000000e+01 1.040876575851040764e+00
7.000000000000000000e+00 2.700000000000000000e+01 1.074967206674431353e+00
7.000000000000000000e+00 2.800000000000000000e+01 9.779046989120452338e-01
7.000000000000000000e+00 2.900000000000000000e+01 9.717525973973175635e-01
7.000000000000000000e+00 3.000000000000000000e+01 9.780900645518142422e-01
7.000000000000000000e+00 3.100000000000000000e+01 1.015815778898211397e+00
7.000000000000000000e+00 3.200000000000000000e+01 1.119423909614821966e+00
8.000000000000000000e+00 9.000000000000000000e+00 7.637893249452623046e-01
8.000000000000000000e+00 1.000000000000000000e+01 5.333718591561988909e-01
8.000000000000000000e+00 1.100000000000000000e+01 7.390485662316252924e-01
8.000000000000000000e+00 1.200000000000000000e+01 6.995667717072218128e-01
8.000000000000000000e+00 1.300000000000000000e+01 8.437704795264624469e-01
8.000000000000000000e+00 1.400000000000000000e+01 9.539305055140832046e-01
8.000000000000000000e+00 1.500000000000000000e+01 8.618447796920855053e-01
8.000000000000000000e+00 1.600000000000000000e+01 9.002028958343613052e-01
8.000000000000000000e+00 1.700000000000000000e+01 9.282344139433076347e-01
8.000000000000000000e+00 1.800000000000000000e+01 9.168003516639104955e-01
8.000000000000000000e+00 1.900000000000000000e+01 9.778097241408507667e-01
8.000000000000000000e+00 2.000000000000000000e+01 9.424353439651995679e-01
8.000000000000000000e+00 2.100000000000000000e+01 8.627891202543784832e-01
8.000000000000000000e+00 2.200000000000000000e+01 9.418658183850139309e-01
8.000000000000000000e+00 2.300000000000000000e+01 8.783576708512514930e-01
8.000000000000000000e+00 2.400000000000000000e+01 8.873720403963456516e-01
8.000000000000000000e+00 2.500000000000000000e+01 9.861893493650812914e-01
8.000000000000000000e+00 2.600000000000000000e+01 1.029853161144633988e+00
8.000000000000000000e+00 2.700000000000000000e+01 1.064300476993535138e+00
8.000000000000000000e+00 2.800000000000000000e+01 9.752817833286484550e-01
8.000000000000000000e+00 2.900000000000000000e+01 9.709668083578784081e-01
8.000000000000000000e+00 3.000000000000000000e+01 9.803442779730378032e-01
8.000000000000000000e+00 3.100000000000000000e+01 1.012703001866578800e+00
8.000000000000000000e+00 3.200000000000000000e+01 1.112131094272436727e+00
9.000000000000000000e+00 1.000000000000000000e+01 7.362810683723080007e-01
9.000000000000000000e+00 1.100000000000000000e+01 6.290844641037960372e-01
9.000000000000000000e+00 1.200000000000000000e+01 6.867188266496924154e-01
9.000000000000000000e+00 1.300000000000000000e+01 7.625635703941235910e-01
9.000000000000000000e+00 1.400000000000000000e+01 1.015001693277607142e+00
9.000000000000000000e+00 1.500000000000000000e+01 8.152364488997762004e-01
9.000000000000000000e+00 1.600000000000000000e+01 9.539691244217609611e-01
9.000000000000000000e+00 1.700000000000000000e+01 9.834141129010973703e-01
9.000000000000000000e+00 1.800000000000000000e+01 9.685722439120987293e-01
9.000000000000000000e+00 1.900000000000000000e+01 1.029553015861583765e+00
9.000000000000000000e+00 2.000000000000000000e+01 9.925964401730413833e-01
9.000000000000000000e+00 2.100000000000000000e+01 8.465937370609937229e-01
9.000000000000000000e+00 2.200000000000000000e+01 9.857412013550002072e-01
9.000000000000000000e+00 2.300000000000000000e+01 8.654345151492288668e-01
9.000000000000000000e+00 2.400000000000000000e+01 8.786706814752471839e-01
9.000000000000000000e+00 2.500000000000000000e+01 1.014195805691748831e+00
9.000000000000000000e+00 2.600000000000000000e+01 1.057084213960878261e+00
9.000000000000000000e+00 2.700000000000000000e+01 1.090722024801053180e+00
9.000000000000000000e+00 2.800000000000000000e+01 9.846002885252116421e-01
9.000000000000000000e+00 2.900000000000000000e+01 9.761804741724520174e-01
9.000000000000000000e+00 3.000000000000000000e+01 9.784844207179348441e-01
9.000000000000000000e+00 3.100000000000000000e+01 1.022882772443788335e+00
9.000000000000000000e+00 3.200000000000000000e+01 1.131305873760602321e+00
1.000000000000000000e+01 1.100000000000000000e+01 7.053474926602878448e-01
1.000000000000000000e+01 1.200000000000000000e+01 6.568337932683223634e-01
1.000000000000000000e+01 1.300000000000000000e+01 8.263424236361691655e-01
1.000000000000000000e+01 1.400000000000000000e+01 9.603529113597861766e-01
1.000000000000000000e+01 1.500000000000000000e+01 8.476051333014785749e-01
1.000000000000000000e+01 1.600000000000000000e+01 9.043330747022133576e-01
1.000000000000000000e+01 1.700000000000000000e+01 9.329860088952861563e-01
1.000000000000000000e+01 1.800000000000000000e+01 9.205767233975306052e-01
1.000000000000000000e+01 1.900000000000000000e+01 9.818519132754566225e-01
1.000000000000000000e+01 2.000000000000000000e+01 9.459719664729537847e-01
1.000000000000000000e+01 2.100000000000000000e+01 8.519959410810213907e-01
1.000000000000000000e+01 2.200000000000000000e+01 9.438511887295297775e-01
1.000000000000000000e+01 2.300000000000000000e+01 8.686369823747488450e-01
1.000000000000000000e+01 2.400000000000000000e+01 8.785441558235256299e-01
1.000000000000000000e+01 2.500000000000000000e+01 9.848394441387355869e-01
1.000000000000000000e+01 2.600000000000000000e+01 1.028448918215014940e+00
1.000000000000000000e+01 2.700000000000000000e+01 1.062771501883205350e+00
1.000000000000000000e+01 2.800000000000000000e+01 9.704460696148147214e-01
1.000000000000000000e+01 2.900000000000000000e+01 9.654546579976026610e-01
1.000000000000000000e+01 3.000000000000000000e+01 9.738204784549517878e-01
1.000000000000000000e+01 3.100000000000000000e+01 1.008138694457183293e+00
1.000000000000000000e+01 3.200000000000000000e+01 1.109242802127001326e+00
1.100000000000000000e+01 1.200000000000000000e+01 5.759720614523213822e-01
1.100000000000000000e+01 1.300000000000000000e+01 7.476218671991441411e-01
1.100000000000000000e+01 1.400000000000000000e+01 9.847340233931851650e-01
1.100000000000000000e+01 1.500000000000000000e+01 7.904594041697946549e-01
1.100000000000000000e+01 1.600000000000000000e+01 9.226598515806971879e-01
1.100000000000000000e+01 1.700000000000000000e+01 9.526502190374814827e-01
1.100000000000000000e+01 1.800000000000000000e+01 9.374935777388324620e-01
1.100000000000000000e+01 1.900000000000000000e+01 9.990094512197307264e-01
1.100000000000000000e+01 2.000000000000000000e+01 9.618020792957162612e-01
1.100000000000000000e+01 2.100000000000000000e+01 8.150095531837926455e-01
1.100000000000000000e+01 2.200000000000000000e+01 9.548422554164113230e-01
1.100000000000000000e+01 2.300000000000000000e+01 8.360504465542974994e-01
1.100000000000000000e+01 2.400000000000000000e+01 8.497882969679444454e-01
1.100000000000000000e+01 2.500000000000000000e+01 9.842648924249122189e-01
1.100000000000000000e+01 2.600000000000000000e+01 1.027478097802280610e+00
1.100000000000000000e+01 2.700000000000000000e+01 1.061284305771974967e+00
1.100000000000000000e+01 2.800000000000000000e+01 9.569052744719788173e-01
1.100000000000000000e+01 2.900000000000000000e+01 9.492337197355269485e-01
1.100000000000000000e+01 3.000000000000000000e+01 9.533969131786379503e-01
1.100000000000000000e+01 3.100000000000000000e+01 9.954537281631339329e-01
1.100000000000000000e+01 3.200000000000000000e+01 1.102762160119423296e+00
1.200000000000000000e+01 1.300000000000000000e+01 7.741638097959935294e-01
1.200000000000000000e+01 1.400000000000000000e+01 9.646787840548505244e-01
1.200000000000000000e+01 1.500000000000000000e+01 8.018339535368258497e-01
1.200000000000000000e+01 1.600000000000000000e+01 9.034923069457960754e-01
1.200000000000000000e+01 1.700000000000000000e+01 9.335262466254852232e-01
1.200000000000000000e+01 1.800000000000000000e+01 9.188963914381325093e-01
1.200000000000000000e+01 1.900000000000000000e+01 9.807474647931393452e-01
1.200000000000000000e+01 2.000000000000000000e+01 9.437213760526206308e-01
1.200000000000000000e+01 2.100000000000000000e+01 8.139203065938878101e-01
1.200000000000000000e+01 2.200000000000000000e+01 9.380332694530131299e-01
1.200000000000000000e+01 2.300000000000000000e+01 8.342238271593303001e-01
1.200000000000000000e+01 2.400000000000000000e+01 8.467060496043257167e-01
1.200000000000000000e+01 2.500000000000000000e+01 9.713722021805084594e-01
1.200000000000000000e+01 2.600000000000000000e+01 1.014903318852794500e+00
1.200000000000000000e+01 2.700000000000000000e+01 1.048961739579829633e+00
1.200000000000000000e+01 2.800000000000000000e+01 9.491546953559302224e-01
1.200000000000000000e+01 2.900000000000000000e+01 9.427130002644636964e-01
1.200000000000000000e+01 3.000000000000000000e+01 9.491347835588148651e-01
1.200000000000000000e+01 3.100000000000000000e+01 9.875766366154101750e-01
1.200000000000000000e+01 3.200000000000000000e+01 1.092414620654723389e+00
1.300000000000000000e+01 1.400000000000000000e+01 1.017120924131262427e+00
1.300000000000000000e+01 1.500000000000000000e+01 6.830113126231341925e-01
1.300000000000000000e+01 1.600000000000000000e+01 9.504055214093993786e-01
1.300000000000000000e+01 1.700000000000000000e+01 9.808744862318652391e-01
1.300000000000000000e+01 1.800000000000000000e+01 9.633721859039086066e-01
1.300000000000000000e+01 1.900000000000000000e+01 1.024228299619046600e+00
1.300000000000000000e+01 2.000000000000000000e+01 9.860490097373846297e-01
1.300000000000000000e+01 2.100000000000000000e+01 7.768662472935330410e-01
1.300000000000000000e+01 2.200000000000000000e+01 9.741798367899185962e-01
1.300000000000000000e+01 2.300000000000000000e+01 8.003283375330949578e-01
1.300000000000000000e+01 2.400000000000000000e+01 8.191095808840211934e-01
1.300000000000000000e+01 2.500000000000000000e+01 9.896271909382639009e-01
1.300000000000000000e+01 2.600000000000000000e+01 1.031848912699948828e+00
1.300000000000000000e+01 2.700000000000000000e+01 1.064814042372671743e+00
1.300000000000000000e+01 2.800000000000000000e+01 9.443882361602002895e-01
1.300000000000000000e+01 2.900000000000000000e+01 9.325143239343722801e-01
1.300000000000000000e+01 3.000000000000000000e+01 9.292453297570706372e-01
1.300000000000000000e+01 3.100000000000000000e+01 9.835515138755897002e-01
1.300000000000000000e+01 3.200000000000000000e+01 1.099440965597302533e+00
1.400000000000000000e+01 1.500000000000000000e+01 9.971476526150245823e-01
1.400000000000000000e+01 1.600000000000000000e+01 6.556364047443041798e-01
1.400000000000000000e+01 1.700000000000000000e+01 5.732011742193729997e-01
1.400000000000000000e+01 1.800000000000000000e+01 6.457055558984532428e-01
1.400000000000000000e+01 1.900000000000000000e+01 6.082457621289123484e-01
1.400000000000000000e+01 2.000000000000000000e+01 6.376079527086400134e-01
1.400000000000000000e+01 2.100000000000000000e+01 9.522196671824290082e-01
1.400000000000000000e+01 2.200000000000000000e+01 7.165861215257234296e-01
1.400000000000000000e+01 2.300000000000000000e+01 9.515661725537511995e-01
1.400000000000000000e+01 2.400000000000000000e+01 9.459568926024408686e-01
1.400000000000000000e+01 2.500000000000000000e+01 8.633667361071113433e-01
1.400000000000000000e+01 2.600000000000000000e+01 9.021269226889818693e-01
1.400000000000000000e+01 2.700000000000000000e+01 9.381894865997515431e-01
1.400000000000000000e+01 2.800000000000000000e+01 9.451612726384484020e-01
1.400000000000000000e+01 2.900000000000000000e+01 9.563851412634007954e-01
1.400000000000000000e+01 3.000000000000000000e+01 9.874296955281411936e-01
1.400000000000000000e+01 3.100000000000000000e+01 9.731723439389716734e-01
1.400000000000000000e+01 3.200000000000000000e+01 1.025523590153666564e+00
1.500000000000000000e+01 1.600000000000000000e+01 9.272020850114539581e-01
1.500000000000000000e+01 1.700000000000000000e+01 9.582374498307875132e-01
1.500000000000000000e+01 1.800000000000000000e+01 9.392017618067367568e-01
1.500000000000000000e+01 1.900000000000000000e+01 9.999771474013126049e-01
1.500000000000000000e+01 2.000000000000000000e+01 9.610916548727979070e-01
1.500000000000000000e+01 2.100000000000000000e+01 6.939799286449452875e-01
1.500000000000000000e+01 2.200000000000000000e+01 9.463037708336412557e-01
1.500000000000000000e+01 2.300000000000000000e+01 7.260825766761562772e-01
1.500000000000000000e+01 2.400000000000000000e+01 7.532663264045575957e-01
1.500000000000000000e+01 2.500000000000000000e+01 9.542745261607001872e-01
1.500000000000000000e+01 2.600000000000000000e+01 9.962610293106746173e-01
1.500000000000000000e+01 2.700000000000000000e+01 1.028912101750044439e+00
1.500000000000000000e+01 2.800000000000000000e+01 9.003323771175977264e-01
1.500000000000000000e+01 2.900000000000000000e+01 8.867207478218739336e-01
1.500000000000000000e+01 3.000000000000000000e+01 8.817850609137016793e-01
1.500000000000000000e+01 3.100000000000000000e+01 9.405492310064447192e-01
1.500000000000000000e+01 3.200000000000000000e+01 1.060442405769680185e+00
1.600000000000000000e+01 1.700000000000000000e+01 5.482680731800924079e-01
1.600000000000000000e+01 1.800000000000000000e+01 4.619403503953003476e-01
1.600000000000000000e+01 1.900000000000000000e+01 6.516214593707421177e-01
1.600000000000000000e+01 2.000000000000000000e+01 5.790712283945387284e-01
1.600000000000000000e+01 2.100000000000000000e+01 8.778925750862145438e-01
1.600000000000000000e+01 2.200000000000000000e+01 6.192923585642837736e-01
1.600000000000000000e+01 2.300000000000000000e+01 8.759159719236113695e-01
1.600000000000000000e+01 2.400000000000000000e+01 8.690508702856416523e-01
1.600000000000000000e+01 2.500000000000000000e+01 7.818618467197735455e-01
1.600000000000000000e+01 2.600000000000000000e+01 8.262998907105385538e-01
1.600000000000000000e+01 2.700000000000000000e+01 8.640696910686194165e-01
1.600000000000000000e+01 2.800000000000000000e+01 8.645537526678941376e-01
1.600000000000000000e+01 2.900000000000000000e+01 8.765743642095580324e-01
1.600000000000000000e+01 3.000000000000000000e+01 9.092799161699038901e-01
1.600000000000000000e+01 3.100000000000000000e+01 8.936161922882914777e-01
1.600000000000000000e+01 3.200000000000000000e+01 9.484661574682946572e-01
1.700000000000000000e+01 1.800000000000000000e+01 5.052955226669848532e-01
1.700000000000000000e+01 1.900000000000000000e+01 5.626840396630807817e-01
1.700000000000000000e+01 2.000000000000000000e+01 5.101627854288763864e-01
1.700000000000000000e+01 2.100000000000000000e+01 9.100550581648783055e-01
1.700000000000000000e+01 2.200000000000000000e+01 6.281021119042953238e-01
1.700000000000000000e+01 2.300000000000000000e+01 9.078803399499275617e-01
1.700000000000000000e+01 2.400000000000000000e+01 9.009431366914197881e-01
1.700000000000000000e+01 2.500000000000000000e+01 8.003704853447111134e-01
1.700000000000000000e+01 2.600000000000000000e+01 8.401262668202347239e-01
1.700000000000000000e+01 2.700000000000000000e+01 8.768697924256438903e-01
1.700000000000000000e+01 2.800000000000000000e+01 8.914876715640951410e-01
1.700000000000000000e+01 2.900000000000000000e+01 9.041903163983204816e-01
1.700000000000000000e+01 3.000000000000000000e+01 9.372299345427170802e-01
1.700000000000000000e+01 3.100000000000000000e+01 9.187121708723615665e-01
1.700000000000000000e+01 3.200000000000000000e+01 9.672515169953164182e-01
1.800000000000000000e+01 1.900000000000000000e+01 6.121257441596485993e-01
1.800000000000000000e+01 2.000000000000000000e+01 5.052767103853832431e-01
1.800000000000000000e+01 2.100000000000000000e+01 8.890236355591254469e-01
1.800000000000000000e+01 2.200000000000000000e+01 5.790447350713789909e-01
1.800000000000000000e+01 2.300000000000000000e+01 8.860430382259141258e-01
1.800000000000000000e+01 2.400000000000000000e+01 8.783809399256632400e-01
1.800000000000000000e+01 2.500000000000000000e+01 7.715813158828170870e-01
1.800000000000000000e+01 2.600000000000000000e+01 8.142168785298482536e-01
1.800000000000000000e+01 2.700000000000000000e+01 8.519390244030558001e-01
1.800000000000000000e+01 2.800000000000000000e+01 8.655139608644097926e-01
1.800000000000000000e+01 2.900000000000000000e+01 8.788484222663417444e-01
1.800000000000000000e+01 3.000000000000000000e+01 9.129164518317096633e-01
1.800000000000000000e+01 3.100000000000000000e+01 8.929575972307992604e-01
1.800000000000000000e+01 3.200000000000000000e+01 9.417262638424666044e-01
1.900000000000000000e+01 2.000000000000000000e+01 5.345915776136398456e-01
1.900000000000000000e+01 2.100000000000000000e+01 9.503078470468822037e-01
1.900000000000000000e+01 2.200000000000000000e+01 6.388097343515624082e-01
1.900000000000000000e+01 2.300000000000000000e+01 9.466346087291339639e-01
1.900000000000000000e+01 2.400000000000000000e+01 9.385062402195651909e-01
1.900000000000000000e+01 2.500000000000000000e+01 8.087208395849820874e-01
1.900000000000000000e+01 2.600000000000000000e+01 8.420978315429421546e-01
1.900000000000000000e+01 2.700000000000000000e+01 8.774759871121982080e-01
1.900000000000000000e+01 2.800000000000000000e+01 9.162329126877608587e-01
1.900000000000000000e+01 2.900000000000000000e+01 9.309137805362441842e-01
1.900000000000000000e+01 3.000000000000000000e+01 9.659532105438801697e-01
1.900000000000000000e+01 3.100000000000000000e+01 9.405533816511424394e-01
1.900000000000000000e+01 3.200000000000000000e+01 9.779834051049189902e-01
2.000000000000000000e+01 2.100000000000000000e+01 9.103760866375796290e-01
2.000000000000000000e+01 2.200000000000000000e+01 5.585909883153439282e-01
2.000000000000000000e+01 2.300000000000000000e+01 9.064494042875621549e-01
2.000000000000000000e+01 2.400000000000000000e+01 8.980605200611304628e-01
2.000000000000000000e+01 2.500000000000000000e+01 7.692392246268358047e-01
2.000000000000000000e+01 2.600000000000000000e+01 8.072606720055699459e-01
2.000000000000000000e+01 2.700000000000000000e+01 8.441807722198912955e-01
2.000000000000000000e+01 2.800000000000000000e+01 8.760447739163277348e-01
2.000000000000000000e+01 2.900000000000000000e+01 8.907748918454283515e-01
2.000000000000000000e+01 3.000000000000000000e+01 9.261450853161738994e-01
2.000000000000000000e+01 3.100000000000000000e+01 9.012293437105485250e-01
2.000000000000000000e+01 3.200000000000000000e+01 9.416491280710883593e-01
2.100000000000000000e+01 2.200000000000000000e+01 8.922497880987085850e-01
2.100000000000000000e+01 2.300000000000000000e+01 5.498219810269093788e-01
2.100000000000000000e+01 2.400000000000000000e+01 6.232643820950287683e-01
2.100000000000000000e+01 2.500000000000000000e+01 8.937857331369833958e-01
2.100000000000000000e+01 2.600000000000000000e+01 9.365819520177451896e-01
2.100000000000000000e+01 2.700000000000000000e+01 9.694281239188309307e-01
2.100000000000000000e+01 2.800000000000000000e+01 8.359103750990486414e-01
2.100000000000000000e+01 2.900000000000000000e+01 8.230078340604731757e-01
2.100000000000000000e+01 3.000000000000000000e+01 8.245923788008171496e-01
2.100000000000000000e+01 3.100000000000000000e+01 8.791811333593895217e-01
2.100000000000000000e+01 3.200000000000000000e+01 1.000268079836532653e+00
2.200000000000000000e+01 2.300000000000000000e+01 8.861931314540221205e-01
2.200000000000000000e+01 2.400000000000000000e+01 8.760094622979128776e-01
2.200000000000000000e+01 2.500000000000000000e+01 7.145465955378367262e-01
2.200000000000000000e+01 2.600000000000000000e+01 7.575020677887984721e-01
2.200000000000000000e+01 2.700000000000000000e+01 7.969893834627477247e-01
2.200000000000000000e+01 2.800000000000000000e+01 8.400704308641540052e-01
2.200000000000000000e+01 2.900000000000000000e+01 8.571466030555117133e-01
2.200000000000000000e+01 3.000000000000000000e+01 8.954102088308155682e-01
2.200000000000000000e+01 3.100000000000000000e+01 8.638728766262440129e-01
2.200000000000000000e+01 3.200000000000000000e+01 8.987225002514800387e-01
2.300000000000000000e+01 2.400000000000000000e+01 5.161843216466783790e-01
2.300000000000000000e+01 2.500000000000000000e+01 8.805665012554353410e-01
2.300000000000000000e+01 2.600000000000000000e+01 9.228780572998733778e-01
2.300000000000000000e+01 2.700000000000000000e+01 9.553268694292103014e-01
2.300000000000000000e+01 2.800000000000000000e+01 8.125389571118235565e-01
2.300000000000000000e+01 2.900000000000000000e+01 7.974488047437209293e-01
2.300000000000000000e+01 3.000000000000000000e+01 7.979328088603263591e-01
2.300000000000000000e+01 3.100000000000000000e+01 8.573283942391445311e-01
2.300000000000000000e+01 3.200000000000000000e+01 9.828882757949477522e-01
2.400000000000000000e+01 2.500000000000000000e+01 8.647071231498699717e-01
2.400000000000000000e+01 2.600000000000000000e+01 9.068583565161210114e-01
2.400000000000000000e+01 2.700000000000000000e+01 9.391011485700140327e-01
2.400000000000000000e+01 2.800000000000000000e+01 7.891100457261053247e-01
2.400000000000000000e+01 2.900000000000000000e+01 7.728202652464779554e-01
2.400000000000000000e+01 3.000000000000000000e+01 7.751280954776718080e-01
2.400000000000000000e+01 3.100000000000000000e+01 8.359114808307082090e-01
2.400000000000000000e+01 3.200000000000000000e+01 9.645448482652523303e-01
2.500000000000000000e+01 2.600000000000000000e+01 5.866621660491360135e-01
2.500000000000000000e+01 2.700000000000000000e+01 6.622672296382186019e-01
2.500000000000000000e+01 2.800000000000000000e+01 7.606432010383332720e-01
2.500000000000000000e+01 2.900000000000000000e+01 7.895201854173605760e-01
2.500000000000000000e+01 3.000000000000000000e+01 8.392703195782094117e-01
2.500000000000000000e+01 3.100000000000000000e+01 7.722191412915135889e-01
2.500000000000000000e+01 3.200000000000000000e+01 7.761478402475359140e-01
2.600000000000000000e+01 2.700000000000000000e+01 5.315532764019801348e-01
2.600000000000000000e+01 2.800000000000000000e+01 7.912588794237600531e-01
2.600000000000000000e+01 2.900000000000000000e+01 8.203282378418139675e-01
2.600000000000000000e+01 3.000000000000000000e+01 8.689590546500618462e-01
2.600000000000000000e+01 3.100000000000000000e+01 7.903526361852193372e-01
2.600000000000000000e+01 3.200000000000000000e+01 7.406649896458943338e-01
2.700000000000000000e+01 2.800000000000000000e+01 8.175017810262739104e-01
2.700000000000000000e+01 2.900000000000000000e+01 8.463673031639291633e-01
2.700000000000000000e+01 3.000000000000000000e+01 8.942507087011211109e-01
2.700000000000000000e+01 3.100000000000000000e+01 8.100151317352863867e-01
2.700000000000000000e+01 3.200000000000000000e+01 7.224519714785597735e-01
2.800000000000000000e+01 2.900000000000000000e+01 5.302237229765187632e-01
2.800000000000000000e+01 3.000000000000000000e+01 6.692151219093693815e-01
2.800000000000000000e+01 3.100000000000000000e+01 5.877556894342081950e-01
2.800000000000000000e+01 3.200000000000000000e+01 8.044910820256956363e-01
2.900000000000000000e+01 3.000000000000000000e+01 6.079612050673361967e-01
2.900000000000000000e+01 3.100000000000000000e+01 6.270926912300194278e-01
2.900000000000000000e+01 3.200000000000000000e+01 8.337126187664618548e-01
3.000000000000000000e+01 3.100000000000000000e+01 6.955529880262618647e-01
3.000000000000000000e+01 3.200000000000000000e+01 8.796885292363398889e-01
3.100000000000000000e+01 3.200000000000000000e+01 7.650616447291014310e-01
