1.000000000000000000e+00 2.000000000000000000e+00 8.686746362373871655e-01
1.000000000000000000e+00 3.000000000000000000e+00 9.829722693653668575e-01
1.000000000000000000e+00 4.000000000000000000e+00 9.638577596864663644e-01
1.000000000000000000e+00 5.000000000000000000e+00 9.797589220410853894e-01
1.000000000000000000e+00 6.000000000000000000e+00 9.903020371693785906e-01
1.000000000000000000e+00 7.000000000000000000e+00 9.835715394201143269e-01
1.000000000000000000e+00 8.000000000000000000e+00 1.011465797158790592e+00
1.000000000000000000e+00 9.000000000000000000e+00 9.517307791878540923e-01
1.000000000000000000e+00 1.000000000000000000e+01 1.001209819422395064e+00
1.000000000000000000e+00 1.100000000000000000e+01 9.744280676851507783e-01
1.000000000000000000e+00 1.200000000000000000e+01 9.891553428365815748e-01
1.000000000000000000e+00 1.300000000000000000e+01 9.669370121890727976e-01
1.000000000000000000e+00 1.400000000000000000e+01 1.219888979502875559e+00
1.000000000000000000e+00 1.500000000000000000e+01 9.993912967076122866e-01
1.000000000000000000e+00 1.600000000000000000e+01 1.157979951937855745e+00
1.000000000000000000e+00 1.700000000000000000e+01 1.186943934600164230e+00
1.000000000000000000e+00 1.800000000000000000e+01 1.171405775000915250e+00
1.000000000000000000e+00 1.900000000000000000e+01 1.231354952823067173e+00
1.000000000000000000e+00 2.000000000000000000e+01 1.194274238977571123e+00
1.000000000000000000e+00 2.100000000000000000e+01 1.036067437731086782e+00
1.000000000000000000e+00 2.200000000000000000e+01 1.185244684788482772e+00
1.000000000000000000e+00 2.300000000000000000e+01 1.048130606831941369e+00
1.000000000000000000e+00 2.400000000000000000e+01 1.059582579184378481e+00
1.000000000000000000e+00 2.500000000000000000e+01 1.205640077052199999e+00
1.000000000000000000e+00 2.600000000000000000e+01 1.247444459966680741e+00
1.000000000000000000e+00 2.700000000000000000e+01 1.280368507127223054e+00
1.000000000000000000e+00 2.800000000000000000e+01 1.164001294002187548e+00
1.000000000000000000e+00 2.900000000000000000e+01 1.152262063040728535e+00
1.000000000000000000e+00 3.000000000000000000e+01 1.146936774659619962e+00
1.000000000000000000e+00 3.100000000000000000e+01 1.201685490608933593e+00
1.000000000000000000e+00 3.200000000000000000e+01 1.316082971853401062e+00
2.000000000000000000e+00 3.000000000000000000e+00 8.375194942537096399e-01
2.000000000000000000e+00 4.000000000000000000e+00 8.074050571632274131e-01
2.000000000000000000e+00 5.000000000000000000e+00 8.320702963126118679e-01
2.000000000000000000e+00 6.000000000000000000e+00 8.464693264560366748e-01
2.000000000000000000e+00 7.000000000000000000e+00 8.367538801427665263e-01
2.000000000000000000e+00 8.000000000000000000e+00 8.743425537375466572e-01
2.000000000000000000e+00 9.000000000000000000e+00 7.867409033536129082e-01
2.000000000000000000e+00 1.000000000000000000e+01 8.611526099717301541e-01
2.000000000000000000e+00 1.100000000000000000e+01 8.268301999770965027e-01
2.000000000000000000e+00 1.200000000000000000e+01 8.469789640380720463e-01
2.000000000000000000e+00 1.300000000000000000e+01 8.407776255796004516e-01
2.000000000000000000e+00 1.400000000000000000e+01 1.100256378123125378e+00
2.000000000000000000e+00 1.500000000000000000e+01 8.869192857664994767e-01
2.000000000000000000e+00 1.600000000000000000e+01 1.039232837395384301e+00
2.000000000000000000e+00 1.700000000000000000e+01 1.068220258964978076e+00
2.000000000000000000e+00 1.800000000000000000e+01 1.053169219631716613e+00
2.000000000000000000e+00 1.900000000000000000e+01 1.113432057238465944e+00
2.000000000000000000e+00 2.000000000000000000e+01 1.076518044153308207e+00
2.000000000000000000e+00 2.100000000000000000e+01 9.243220822514646162e-01
2.000000000000000000e+00 2.200000000000000000e+01 1.068652448438265345e+00
2.000000000000000000e+00 2.300000000000000000e+01 9.391578305712715569e-01
2.000000000000000000e+00 2.400000000000000000e+01 9.514621848892179656e-01
2.000000000000000000e+00 2.500000000000000000e+01 1.092839387436272514e+00
2.000000000000000000e+00 2.600000000000000000e+01 1.135087349057465778e+00
2.000000000000000000e+00 2.700000000000000000e+01 1.168319725527801278e+00
2.000000000000000000e+00 2.800000000000000000e+01 1.056594825078579492e+00
2.000000000000000000e+00 2.900000000000000000e+01 1.046301593874325420e+00
2.000000000000000000e+00 3.000000000000000000e+01 1.044295450399187919e+00
2.000000000000000000e+00 3.100000000000000000e+01 1.094514802075181814e+00
2.000000000000000000e+00 3.200000000000000000e+01 1.206229284067833696e+00
3.000000000000000000e+00 4.000000000000000000e+00 5.995644442867205104e-01
3.000000000000000000e+00 5.000000000000000000e+00 4.613924933896462743e-01
3.000000000000000000e+00 6.000000000000000000e+00 5.761519545686749622e-01
3.000000000000000000e+00 7.000000000000000000e+00 6.281713056841027321e-01
3.000000000000000000e+00 8.000000000000000000e+00 6.631373707273255924e-01
3.000000000000000000e+00 9.000000000000000000e+00 7.327379827532941592e-01
3.000000000000000000e+00 1.000000000000000000e+01 6.520483106118581951e-01
3.000000000000000000e+00 1.100000000000000000e+01 7.397939294044416636e-01
3.000000000000000000e+00 1.200000000000000000e+01 7.251988077833662061e-01
3.000000000000000000e+00 1.300000000000000000e+01 8.445490854585189222e-01
3.000000000000000000e+00 1.400000000000000000e+01 1.002088865222990455e+00
3.000000000000000000e+00 1.500000000000000000e+01 8.733480486400974074e-01
3.000000000000000000e+00 1.600000000000000000e+01 9.469336287604797064e-01
3.000000000000000000e+00 1.700000000000000000e+01 9.749671019668375571e-01
3.000000000000000000e+00 1.800000000000000000e+01 9.626958845773827544e-01
3.000000000000000000e+00 1.900000000000000000e+01 1.023267580843404634e+00
3.000000000000000000e+00 2.000000000000000000e+01 9.875929054872427670e-01
3.000000000000000000e+00 2.100000000000000000e+01 8.858743499885426420e-01
3.000000000000000000e+00 2.200000000000000000e+01 9.851000051660707690e-01
3.000000000000000000e+00 2.300000000000000000e+01 9.018646076187750715e-01
3.000000000000000000e+00 2.400000000000000000e+01 9.121467333447781378e-01
3.000000000000000000e+00 2.500000000000000000e+01 1.023783863522903737e+00
3.000000000000000000e+00 2.600000000000000000e+01 1.067034067673579445e+00
3.000000000000000000e+00 2.700000000000000000e+01 1.101136572133976088e+00
3.000000000000000000e+00 2.800000000000000000e+01 1.005730546218515764e+00
3.000000000000000000e+00 2.900000000000000000e+01 9.997408838752548377e-01
3.000000000000000000e+00 3.000000000000000000e+01 1.006011982759078771e+00
3.000000000000000000e+00 3.100000000000000000e+01 1.043328095667136912e+00
3.000000000000000000e+00 3.200000000000000000e+01 1.146197283644012188e+00
4.000000000000000000e+00 5.000000000000000000e+00 5.683423967017293688e-01
4.000000000000000000e+00 6.000000000000000000e+00 6.413307682421115485e-01
4.000000000000000000e+00 7.000000000000000000e+00 6.350539445637497504e-01
4.000000000000000000e+00 8.000000000000000000e+00 7.160625816043419967e-01
4.000000000000000000e+00 9.000000000000000000e+00 6.841446188672236639e-01
4.000000000000000000e+00 1.000000000000000000e+01 6.933036663985618908e-01
4.000000000000000000e+00 1.100000000000000000e+01 7.176260295989950189e-01
4.000000000000000000e+00 1.200000000000000000e+01 7.194517160025624136e-01
4.000000000000000000e+00 1.300000000000000000e+01 8.265286298315661639e-01
4.000000000000000000e+00 1.400000000000000000e+01 1.016500806022070824e+00
4.000000000000000000e+00 1.500000000000000000e+01 8.621869304366748255e-01
4.000000000000000000e+00 1.600000000000000000e+01 9.592355473367462082e-01
4.000000000000000000e+00 1.700000000000000000e+01 9.877447458355264054e-01
4.000000000000000000e+00 1.800000000000000000e+01 9.745352499514658984e-01
4.000000000000000000e+00 1.900000000000000000e+01 1.035204321895928814e+00
4.000000000000000000e+00 2.000000000000000000e+01 9.990723431763530726e-01
4.000000000000000000e+00 2.100000000000000000e+01 8.813445577142566822e-01
4.000000000000000000e+00 2.200000000000000000e+01 9.949436748616262705e-01
4.000000000000000000e+00 2.300000000000000000e+01 8.979943503272296290e-01
4.000000000000000000e+00 2.400000000000000000e+01 9.092116733088444480e-01
4.000000000000000000e+00 2.500000000000000000e+01 1.029666512470498674e+00
4.000000000000000000e+00 2.600000000000000000e+01 1.072742107757484353e+00
4.000000000000000000e+00 2.700000000000000000e+01 1.106649707215945799e+00
4.000000000000000000e+00 2.800000000000000000e+01 1.007025072765763474e+00
4.000000000000000000e+00 2.900000000000000000e+01 1.000036440227172641e+00
4.000000000000000000e+00 3.000000000000000000e+01 1.004579089869954034e+00
4.000000000000000000e+00 3.100000000000000000e+01 1.044836461766021740e+00
4.000000000000000000e+00 3.200000000000000000e+01 1.149920751990503476e+00
5.000000000000000000e+00 6.000000000000000000e+00 5.467638632029158119e-01
5.000000000000000000e+00 7.000000000000000000e+00 5.902113698516893159e-01
5.000000000000000000e+00 8.000000000000000000e+00 6.630049794446002398e-01
5.000000000000000000e+00 9.000000000000000000e+00 7.140448633934558531e-01
5.000000000000000000e+00 1.000000000000000000e+01 6.392439621727457055e-01
5.000000000000000000e+00 1.100000000000000000e+01 7.214643441293363546e-01
5.000000000000000000e+00 1.200000000000000000e+01 7.072310037519313752e-01
5.000000000000000000e+00 1.300000000000000000e+01 8.343352468357843055e-01
5.000000000000000000e+00 1.400000000000000000e+01 9.996460400408888614e-01
5.000000000000000000e+00 1.500000000000000000e+01 8.644319368369958179e-01
5.000000000000000000e+00 1.600000000000000000e+01 9.436540031853648536e-01
5.000000000000000000e+00 1.700000000000000000e+01 9.719380192321351863e-01
5.000000000000000000e+00 1.800000000000000000e+01 9.593292288207904139e-01
5.000000000000000000e+00 1.900000000000000000e+01 1.020036542630034404e+00
5.000000000000000000e+00 2.000000000000000000e+01 9.841773613271720400e-01
5.000000000000000000e+00 2.100000000000000000e+01 8.780078684722303350e-01
5.000000000000000000e+00 2.200000000000000000e+01 9.811854697988584562e-01
5.000000000000000000e+00 2.300000000000000000e+01 8.944022388064400975e-01
5.000000000000000000e+00 2.400000000000000000e+01 9.049814070085977491e-01
5.000000000000000000e+00 2.500000000000000000e+01 1.018876318145164550e+00
5.000000000000000000e+00 2.600000000000000000e+01 1.062125288963831737e+00
5.000000000000000000e+00 2.700000000000000000e+01 1.096196791767575895e+00
5.000000000000000000e+00 2.800000000000000000e+01 9.998392670783833314e-01
5.000000000000000000e+00 2.900000000000000000e+01 9.936711941788161084e-01
5.000000000000000000e+00 3.000000000000000000e+01 9.997050593116389994e-01
5.000000000000000000e+00 3.100000000000000000e+01 1.037531424206049158e+00
5.000000000000000000e+00 3.200000000000000000e+01 1.140873324017560364e+00
6.000000000000000000e+00 7.000000000000000000e+00 5.318708052436571521e-01
6.000000000000000000e+00 8.000000000000000000e+00 6.006392231415651484e-01
6.000000000000000000e+00 9.000000000000000000e+00 7.209909862046665063e-01
6.000000000000000000e+00 1.000000000000000000e+01 5.467802852164735938e-01
6.000000000000000000e+00 1.100000000000000000e+01 7.079153916625747778e-01
6.000000000000000000e+00 1.200000000000000000e+01 6.774637581741829173e-01
6.000000000000000000e+00 1.300000000000000000e+01 8.292608803093874936e-01
6.000000000000000000e+00 1.400000000000000000e+01 9.804864029892701449e-01
6.000000000000000000e+00 1.500000000000000000e+01 8.555584154193037749e-01
6.000000000000000000e+00 1.600000000000000000e+01 9.245689924873339294e-01
6.000000000000000000e+00 1.700000000000000000e+01 9.529899383173145999e-01
6.000000000000000000e+00 1.800000000000000000e+01 9.405029854334168160e-01
6.000000000000000000e+00 1.900000000000000000e+01 1.001447884870120042e+00
6.000000000000000000e+00 2.000000000000000000e+01 9.655981030707838642e-01
6.000000000000000000e+00 2.100000000000000000e+01 8.650123848439046359e-01
6.000000000000000000e+00 2.200000000000000000e+01 9.630416710297025062e-01
6.000000000000000000e+00 2.300000000000000000e+01 8.816065269043724673e-01
6.000000000000000000e+00 2.400000000000000000e+01 8.919150248487373034e-01
6.000000000000000000e+00 2.500000000000000000e+01 1.002306101752947320e+00
6.000000000000000000e+00 2.600000000000000000e+01 1.045722286880105267e+00
6.000000000000000000e+00 2.700000000000000000e+01 1.079912020964530317e+00
6.000000000000000000e+00 2.800000000000000000e+01 9.854744508837962602e-01
6.000000000000000000e+00 2.900000000000000000e+01 9.798662365365400362e-01
6.000000000000000000e+00 3.000000000000000000e+01 9.870209778853282767e-01
6.000000000000000000e+00 3.100000000000000000e+01 1.023169826191839382e+00
6.000000000000000000e+00 3.200000000000000000e+01 1.125444434475995070e+00
7.000000000000000000e+00 8.000000000000000000e+00 6.464976506162847247e-01
7.000000000000000000e+00 9.000000000000000000e+00 6.869525235633223703e-01
7.000000000000000000e+00 1.000000000000000000e+01 5.811050304325595661e-01
7.000000000000000000e+00 1.100000000000000000e+01 6.662300084331099770e-01
7.000000000000000000e+00 1.200000000000000000e+01 6.338400882387293933e-01
7.000000000000000000e+00 1.300000000000000000e+01 8.106563400666824126e-01
7.000000000000000000e+00 1.400000000000000000e+01 9.818271338478579136e-01
7.000000000000000000e+00 1.500000000000000000e+01 8.402649468990294190e-01
7.000000000000000000e+00 1.600000000000000000e+01 9.241378643715254526e-01
7.000000000000000000e+00 1.700000000000000000e+01 9.530418749838482917e-01
7.000000000000000000e+00 1.800000000000000000e+01 9.398068400880477125e-01
7.000000000000000000e+00 1.900000000000000000e+01 1.000963852406815846e+00
7.000000000000000000e+00 2.000000000000000000e+01 9.647236093555022762e-01
7.000000000000000000e+00 2.100000000000000000e+01 8.528090218869224248e-01
7.000000000000000000e+00 2.200000000000000000e+01 9.609825887635849995e-01
7.000000000000000000e+00 2.300000000000000000e+01 8.703592996275140159e-01
7.000000000000000000e+00 2.400000000000000000e+01 8.814283170144530111e-01
7.000000000000000000e+00 2.500000000000000000e+01 9.977035601324857339e-01
7.000000000000000000e+00 2.600000000000000000e+01 1.041080548896375246e+00
7.000000000000000000e+00 2.700000000000000000e+01 1.075176238840816367e+00
7.000000000000000000e+00 2.800000000000000000e+01 9.782147587429641522e-01
7.000000000000000000e+00 2.900000000000000000e+01 9.720940804593376505e-01
7.000000000000000000e+00 3.000000000000000000e+01 9.785022346079201849e-01
7.000000000000000000e+00 3.100000000000000000e+01 1.016126728546585367e+00
7.000000000000000000e+00 3.200000000000000000e+01 1.119676319342138182e+00
8.000000000000000000e+00 9.000000000000000000e+00 7.638211365532009411e-01
8.000000000000000000e+00 1.000000000000000000e+01 5.333733655427512765e-01
8.000000000000000000e+00 1.100000000000000000e+01 7.391043014647419307e-01
8.000000000000000000e+00 1.200000000000000000e+01 6.996052074475027638e-01
8.000000000000000000e+00 1.300000000000000000e+01 8.441262550089263517e-01
8.000000000000000000e+00 1.400000000000000000e+01 9.540238863938046432e-01
8.000000000000000000e+00 1.500000000000000000e+01 8.622882417991005743e-01
8.000000000000000000e+00 1.600000000000000000e+01 9.003204244088935937e-01
8.000000000000000000e+00 1.700000000000000000e+01 9.283473568432083489e-01
8.000000000000000000e+00 1.800000000000000000e+01 9.169248655773547529e-01
8.000000000000000000e+00 1.900000000000000000e+01 9.779353460098105799e-01
8.000000000000000000e+00 2.000000000000000000e+01 9.425665328350962824e-01
8.000000000000000000e+00 2.100000000000000000e+01 8.631534459140912663e-01
8.000000000000000000e+00 2.200000000000000000e+01 9.420219234049684864e-01
8.000000000000000000e+00 2.300000000000000000e+01 8.787536915761113843e-01
8.000000000000000000e+00 2.400000000000000000e+01 8.877690945333762684e-01
8.000000000000000000e+00 2.500000000000000000e+01 9.864220161585528501e-01
8.000000000000000000e+00 2.600000000000000000e+01 1.030092477964265951e+00
8.000000000000000000e+00 2.700000000000000000e+01 1.064545263316943213e+00
8.000000000000000000e+00 2.800000000000000000e+01 9.756352405640329462e-01
8.000000000000000000e+00 2.900000000000000000e+01 9.713537486517802577e-01
8.000000000000000000e+00 3.000000000000000000e+01 9.808061461855108742e-01
8.000000000000000000e+00 3.100000000000000000e+01 1.013057238012384564e+00
8.000000000000000000e+00 3.200000000000000000e+01 1.112422606578959083e+00
9.000000000000000000e+00 1.000000000000000000e+01 7.363008004137674423e-01
9.000000000000000000e+00 1.100000000000000000e+01 6.290893412448282929e-01
9.000000000000000000e+00 1.200000000000000000e+01 6.867207615884893812e-01
9.000000000000000000e+00 1.300000000000000000e+01 7.627475459774142319e-01
9.000000000000000000e+00 1.400000000000000000e+01 1.015026717351134922e+00
9.000000000000000000e+00 1.500000000000000000e+01 8.154887007725911685e-01
9.000000000000000000e+00 1.600000000000000000e+01 9.540058785469933689e-01
9.000000000000000000e+00 1.700000000000000000e+01 9.834484739908879725e-01
9.000000000000000000e+00 1.800000000000000000e+01 9.686124870801984255e-01
9.000000000000000000e+00 1.900000000000000000e+01 1.029594011747754223e+00
9.000000000000000000e+00 2.000000000000000000e+01 9.926403757598958322e-01
9.000000000000000000e+00 2.100000000000000000e+01 8.467894332239445099e-01
9.000000000000000000e+00 2.200000000000000000e+01 9.857995758710975664e-01
9.000000000000000000e+00 2.300000000000000000e+01 8.656540734799889059e-01
9.000000000000000000e+00 2.400000000000000000e+01 8.788915346139667406e-01
9.000000000000000000e+00 2.500000000000000000e+01 1.014301956129935789e+00
9.000000000000000000e+00 2.600000000000000000e+01 1.057194804153627876e+00
9.000000000000000000e+00 2.700000000000000000e+01 1.090836268683766264e+00
9.000000000000000000e+00 2.800000000000000000e+01 9.847903689976986730e-01
9.000000000000000000e+00 2.900000000000000000e+01 9.763950765599891390e-01
9.000000000000000000e+00 3.000000000000000000e+01 9.787554726976412933e-01
9.000000000000000000e+00 3.100000000000000000e+01 1.023073763259555458e+00
9.000000000000000000e+00 3.200000000000000000e+01 1.131452231659745067e+00
1.000000000000000000e+01 1.100000000000000000e+01 7.053871560658203643e-01
1.000000000000000000e+01 1.200000000000000000e+01 6.568590783681858003e-01
1.000000000000000000e+01 1.300000000000000000e+01 8.266559574006409061e-01
1.000000000000000000e+01 1.400000000000000000e+01 9.604258650875123760e-01
1.000000000000000000e+01 1.500000000000000000e+01 8.480017986023408172e-01
1.000000000000000000e+01 1.600000000000000000e+01 9.044275027910142484e-01
1.000000000000000000e+01 1.700000000000000000e+01 9.330763191964424053e-01
1.000000000000000000e+01 1.800000000000000000e+01 9.206773736963433930e-01
1.000000000000000000e+01 1.900000000000000000e+01 9.819535876289826604e-01
1.000000000000000000e+01 2.000000000000000000e+01 9.460786394068754213e-01
1.000000000000000000e+01 2.100000000000000000e+01 8.523181984935515043e-01
1.000000000000000000e+01 2.200000000000000000e+01 9.439805080245546876e-01
1.000000000000000000e+01 2.300000000000000000e+01 8.689891714820439095e-01
1.000000000000000000e+01 2.400000000000000000e+01 8.788973965162383273e-01
1.000000000000000000e+01 2.500000000000000000e+01 9.850390573861567134e-01
1.000000000000000000e+01 2.600000000000000000e+01 1.028654692737401399e+00
1.000000000000000000e+01 2.700000000000000000e+01 1.062982351771307954e+00
1.000000000000000000e+01 2.800000000000000000e+01 9.707584360714334171e-01
1.000000000000000000e+01 2.900000000000000000e+01 9.657985550639178740e-01
1.000000000000000000e+01 3.000000000000000000e+01 9.742352618115763807e-01
1.000000000000000000e+01 3.100000000000000000e+01 1.008451872009591410e+00
1.000000000000000000e+01 3.200000000000000000e+01 1.109497198731189904e+00
1.100000000000000000e+01 1.200000000000000000e+01 5.759734503176783260e-01
1.100000000000000000e+01 1.300000000000000000e+01 7.477532438712006790e-01
1.100000000000000000e+01 1.400000000000000000e+01 9.847418546613757595e-01
1.100000000000000000e+01 1.500000000000000000e+01 7.906480905064178222e-01
1.100000000000000000e+01 1.600000000000000000e+01 9.226746134412393552e-01
1.100000000000000000e+01 1.700000000000000000e+01 9.526634095735637686e-01
1.100000000000000000e+01 1.800000000000000000e+01 9.375104311673345681e-01
1.100000000000000000e+01 1.900000000000000000e+01 9.990268465240093043e-01
1.100000000000000000e+01 2.000000000000000000e+01 9.618214297690474979e-01
1.100000000000000000e+01 2.100000000000000000e+01 8.151491366267238359e-01
1.100000000000000000e+01 2.200000000000000000e+01 9.548716791397646730e-01
1.100000000000000000e+01 2.300000000000000000e+01 8.362101841912279454e-01
1.100000000000000000e+01 2.400000000000000000e+01 8.499491210334069180e-01
1.100000000000000000e+01 2.500000000000000000e+01 9.843304109073680586e-01
1.100000000000000000e+01 2.600000000000000000e+01 1.027547116003273642e+00
1.100000000000000000e+01 2.700000000000000000e+01 1.061356209902419856e+00
1.100000000000000000e+01 2.800000000000000000e+01 9.570397382626920635e-01
1.100000000000000000e+01 2.900000000000000000e+01 9.493889988116692713e-01
1.100000000000000000e+01 3.000000000000000000e+01 9.536008929704500314e-01
1.100000000000000000e+01 3.100000000000000000e+01 9.955889435936324805e-01
1.100000000000000000e+01 3.200000000000000000e+01 1.102860139578506260e+00
1.200000000000000000e+01 1.300000000000000000e+01 7.743244575883072578e-01
1.200000000000000000e+01 1.400000000000000000e+01 9.646922618179833986e-01
1.200000000000000000e+01 1.500000000000000000e+01 8.020563674549631150e-01
1.200000000000000000e+01 1.600000000000000000e+01 9.035155548221869282e-01
1.200000000000000000e+01 1.700000000000000000e+01 9.335474252381721350e-01
1.200000000000000000e+01 1.800000000000000000e+01 9.189225297732919184e-01
1.200000000000000000e+01 1.900000000000000000e+01 9.807742294469270483e-01
1.200000000000000000e+01 2.000000000000000000e+01 9.437506908289168273e-01
1.200000000000000000e+01 2.100000000000000000e+01 8.140884589826504758e-01
1.200000000000000000e+01 2.200000000000000000e+01 9.380750656041234592e-01
1.200000000000000000e+01 2.300000000000000000e+01 8.344139325275390373e-01
1.200000000000000000e+01 2.400000000000000000e+01 8.468971799877291762e-01
1.200000000000000000e+01 2.500000000000000000e+01 9.714566841092033833e-01
1.200000000000000000e+01 2.600000000000000000e+01 1.014991804729185931e+00
1.200000000000000000e+01 2.700000000000000000e+01 1.049053531562945452e+00
1.200000000000000000e+01 2.800000000000000000e+01 9.493165524070958927e-01
1.200000000000000000e+01 2.900000000000000000e+01 9.428977280982393516e-01
1.200000000000000000e+01 3.000000000000000000e+01 9.493724480239296160e-01
1.200000000000000000e+01 3.100000000000000000e+01 9.877392329580414465e-01
1.200000000000000000e+01 3.200000000000000000e+01 1.092535839210753146e+00
1.300000000000000000e+01 1.400000000000000000e+01 1.017207276553857787e+00
1.300000000000000000e+01 1.500000000000000000e+01 6.830175142766053975e-01
1.300000000000000000e+01 1.600000000000000000e+01 9.504720961928225798e-01
1.300000000000000000e+01 1.700000000000000000e+01 9.809441395182072476e-01
1.300000000000000000e+01 1.800000000000000000e+01 9.634332131000771238e-01
1.300000000000000000e+01 1.900000000000000000e+01 1.024288886751447691e+00
1.300000000000000000e+01 2.000000000000000000e+01 9.861060112882937823e-01
1.300000000000000000e+01 2.100000000000000000e+01 7.768684116684092533e-01
1.300000000000000000e+01 2.200000000000000000e+01 9.742234165114744826e-01
1.300000000000000000e+01 2.300000000000000000e+01 8.003318952655760210e-01
1.300000000000000000e+01 2.400000000000000000e+01 8.191139228357007251e-01
1.300000000000000000e+01 2.500000000000000000e+01 9.896434122624859775e-01
1.300000000000000000e+01 2.600000000000000000e+01 1.031863659347198370e+00
1.300000000000000000e+01 2.700000000000000000e+01 1.064827575737812726e+00
1.300000000000000000e+01 2.800000000000000000e+01 9.443921766211691438e-01
1.300000000000000000e+01 2.900000000000000000e+01 9.325191237371766029e-01
1.300000000000000000e+01 3.000000000000000000e+01 9.292573823164904656e-01
1.300000000000000000e+01 3.100000000000000000e+01 9.835557606366387429e-01
1.300000000000000000e+01 3.200000000000000000e+01 1.099448013668427926e+00
1.400000000000000000e+01 1.500000000000000000e+01 9.972780402733548710e-01
1.400000000000000000e+01 1.600000000000000000e+01 6.556380813552746822e-01
1.400000000000000000e+01 1.700000000000000000e+01 5.732021980595733979e-01
1.400000000000000000e+01 1.800000000000000000e+01 6.457077655258174342e-01
1.400000000000000000e+01 1.900000000000000000e+01 6.082481112221085340e-01
1.400000000000000000e+01 2.000000000000000000e+01 6.376113210514531282e-01
1.400000000000000000e+01 2.100000000000000000e+01 9.523086530824522722e-01
1.400000000000000000e+01 2.200000000000000000e+01 7.165942849664388437e-01
1.400000000000000000e+01 2.300000000000000000e+01 9.516707985847643325e-01
1.400000000000000000e+01 2.400000000000000000e+01 9.460621911412872009e-01
1.400000000000000000e+01 2.500000000000000000e+01 8.633975509504496770e-01
1.400000000000000000e+01 2.600000000000000000e+01 9.021602119035361245e-01
1.400000000000000000e+01 2.700000000000000000e+01 9.382247698514163403e-01
1.400000000000000000e+01 2.800000000000000000e+01 9.452444841986886725e-01
1.400000000000000000e+01 2.900000000000000000e+01 9.564849318540673551e-01
1.400000000000000000e+01 3.000000000000000000e+01 9.875692535743809675e-01
1.400000000000000000e+01 3.100000000000000000e+01 9.732556954255995318e-01
1.400000000000000000e+01 3.200000000000000000e+01 1.025578054321504506e+00
1.500000000000000000e+01 1.600000000000000000e+01 9.273069234179081022e-01
1.500000000000000000e+01 1.700000000000000000e+01 9.583462306357484195e-01
1.500000000000000000e+01 1.800000000000000000e+01 9.392995185411086023e-01
1.500000000000000000e+01 1.900000000000000000e+01 1.000074223356615999e+00
1.500000000000000000e+01 2.000000000000000000e+01 9.611840712396189090e-01
1.500000000000000000e+01 2.100000000000000000e+01 6.939839514175314417e-01
1.500000000000000000e+01 2.200000000000000000e+01 9.463781063816232297e-01
1.500000000000000000e+01 2.300000000000000000e+01 7.260838591957294863e-01
1.500000000000000000e+01 2.400000000000000000e+01 7.532681163057595164e-01
1.500000000000000000e+01 2.500000000000000000e+01 9.543088819874334661e-01
1.500000000000000000e+01 2.600000000000000000e+01 9.962928818532559294e-01
1.500000000000000000e+01 2.700000000000000000e+01 1.028941926817399377e+00
1.500000000000000000e+01 2.800000000000000000e+01 9.003382893385964980e-01
1.500000000000000000e+01 2.900000000000000000e+01 8.867235090476430770e-01
1.500000000000000000e+01 3.000000000000000000e+01 8.817866240364213848e-01
1.500000000000000000e+01 3.100000000000000000e+01 9.405552532073049310e-01
1.500000000000000000e+01 3.200000000000000000e+01 1.060459248590107872e+00
1.600000000000000000e+01 1.700000000000000000e+01 5.482682027737393327e-01
1.600000000000000000e+01 1.800000000000000000e+01 4.619404801031645746e-01
1.600000000000000000e+01 1.900000000000000000e+01 6.516217241736388388e-01
1.600000000000000000e+01 2.000000000000000000e+01 5.790716691159596419e-01
1.600000000000000000e+01 2.100000000000000000e+01 8.779610600104701401e-01
1.600000000000000000e+01 2.200000000000000000e+01 6.192954578961300527e-01
1.600000000000000000e+01 2.300000000000000000e+01 8.759982245086994634e-01
1.600000000000000000e+01 2.400000000000000000e+01 8.691337764164750457e-01
1.600000000000000000e+01 2.500000000000000000e+01 7.818812286966903002e-01
1.600000000000000000e+01 2.600000000000000000e+01 8.263212152402814592e-01
1.600000000000000000e+01 2.700000000000000000e+01 8.640926198800333857e-01
1.600000000000000000e+01 2.800000000000000000e+01 8.646172554417630440e-01
1.600000000000000000e+01 2.900000000000000000e+01 8.766524225918583824e-01
1.600000000000000000e+01 3.000000000000000000e+01 9.093935255929441741e-01
1.600000000000000000e+01 3.100000000000000000e+01 8.936798057954102870e-01
1.600000000000000000e+01 3.200000000000000000e+01 9.485049781078194187e-01
1.700000000000000000e+01 1.800000000000000000e+01 5.052956925782374764e-01
1.700000000000000000e+01 1.900000000000000000e+01 5.626843329926767279e-01
1.700000000000000000e+01 2.000000000000000000e+01 5.101634405471913158e-01
1.700000000000000000e+01 2.100000000000000000e+01 9.101268018412838057e-01
1.700000000000000000e+01 2.200000000000000000e+01 6.281057271144772081e-01
1.700000000000000000e+01 2.300000000000000000e+01 9.079661643985239561e-01
1.700000000000000000e+01 2.400000000000000000e+01 9.010296135085471558e-01
1.700000000000000000e+01 2.500000000000000000e+01 8.003915054929668926e-01
1.700000000000000000e+01 2.600000000000000000e+01 8.401493357636364845e-01
1.700000000000000000e+01 2.700000000000000000e+01 8.768945274480803853e-01
1.700000000000000000e+01 2.800000000000000000e+01 8.915542651314483091e-01
1.700000000000000000e+01 2.900000000000000000e+01 9.042718143276746723e-01
1.700000000000000000e+01 3.000000000000000000e+01 9.373477074818976629e-01
1.700000000000000000e+01 3.100000000000000000e+01 9.187788727551711165e-01
1.700000000000000000e+01 3.200000000000000000e+01 9.672927093467906801e-01
1.800000000000000000e+01 1.900000000000000000e+01 6.121256114241981905e-01
1.800000000000000000e+01 2.000000000000000000e+01 5.052767301381195786e-01
1.800000000000000000e+01 2.100000000000000000e+01 8.890864716835722437e-01
1.800000000000000000e+01 2.200000000000000000e+01 5.790465674178630895e-01
1.800000000000000000e+01 2.300000000000000000e+01 8.861190867208208477e-01
1.800000000000000000e+01 2.400000000000000000e+01 8.784576295814416902e-01
1.800000000000000000e+01 2.500000000000000000e+01 7.715976020708881222e-01
1.800000000000000000e+01 2.600000000000000000e+01 8.142349646824891263e-01
1.800000000000000000e+01 2.700000000000000000e+01 8.519585923957011531e-01
1.800000000000000000e+01 2.800000000000000000e+01 8.655719946658619879e-01
1.800000000000000000e+01 2.900000000000000000e+01 8.789204288948488930e-01
1.800000000000000000e+01 3.000000000000000000e+01 9.130227922678246788e-01
1.800000000000000000e+01 3.100000000000000000e+01 8.930157295928065064e-01
1.800000000000000000e+01 3.200000000000000000e+01 9.417607699495063045e-01
1.900000000000000000e+01 2.000000000000000000e+01 5.345917867388840783e-01
1.900000000000000000e+01 2.100000000000000000e+01 9.503701264401487325e-01
1.900000000000000000e+01 2.200000000000000000e+01 6.388115174325486034e-01
1.900000000000000000e+01 2.300000000000000000e+01 9.467100143415347890e-01
1.900000000000000000e+01 2.400000000000000000e+01 9.385822786807187512e-01
1.900000000000000000e+01 2.500000000000000000e+01 8.087368863279142950e-01
1.900000000000000000e+01 2.600000000000000000e+01 8.421156634760322834e-01
1.900000000000000000e+01 2.700000000000000000e+01 8.774952638402848670e-01
1.900000000000000000e+01 2.800000000000000000e+01 9.162903644590481012e-01
1.900000000000000000e+01 2.900000000000000000e+01 9.309851230468431105e-01
1.900000000000000000e+01 3.000000000000000000e+01 9.660587263103248556e-01
1.900000000000000000e+01 3.100000000000000000e+01 9.406109391428019162e-01
1.900000000000000000e+01 3.200000000000000000e+01 9.780174900587601527e-01
2.000000000000000000e+01 2.100000000000000000e+01 9.104346326193062389e-01
2.000000000000000000e+01 2.200000000000000000e+01 5.585922903055347000e-01
2.000000000000000000e+01 2.300000000000000000e+01 9.065206878152800574e-01
2.000000000000000000e+01 2.400000000000000000e+01 8.981324334216131966e-01
2.000000000000000000e+01 2.500000000000000000e+01 7.692534195456826041e-01
2.000000000000000000e+01 2.600000000000000000e+01 8.072765393654786070e-01
2.000000000000000000e+01 2.700000000000000000e+01 8.441980106865685229e-01
2.000000000000000000e+01 2.800000000000000000e+01 8.760986649563740070e-01
2.000000000000000000e+01 2.900000000000000000e+01 8.908422555457291558e-01
2.000000000000000000e+01 3.000000000000000000e+01 9.262457420044791778e-01
2.000000000000000000e+01 3.100000000000000000e+01 9.012833276702740815e-01
2.000000000000000000e+01 3.200000000000000000e+01 9.416804869975630154e-01
2.100000000000000000e+01 2.200000000000000000e+01 8.922937714306460322e-01
2.100000000000000000e+01 2.300000000000000000e+01 5.498222373246344219e-01
2.100000000000000000e+01 2.400000000000000000e+01 6.232651360191305834e-01
2.100000000000000000e+01 2.500000000000000000e+01 8.938005456281983285e-01
2.100000000000000000e+01 2.600000000000000000e+01 9.365950864102055018e-01
2.100000000000000000e+01 2.700000000000000000e+01 9.694399160192226361e-01
2.100000000000000000e+01 2.800000000000000000e+01 8.359105673030120531e-01
2.100000000000000000e+01 2.900000000000000000e+01 8.230082311308710707e-01
2.100000000000000000e+01 3.000000000000000000e+01 8.245985323303905989e-01
2.100000000000000000e+01 3.100000000000000000e+01 8.791814309948666750e-01
2.100000000000000000e+01 3.200000000000000000e+01 1.000272435882920252e+00
2.200000000000000000e+01 2.300000000000000000e+01 8.862483933676321701e-01
2.200000000000000000e+01 2.400000000000000000e+01 8.760653255854233823e-01
2.200000000000000000e+01 2.500000000000000000e+01 7.145543512977379219e-01
2.200000000000000000e+01 2.600000000000000000e+01 7.575110172867665081e-01
2.200000000000000000e+01 2.700000000000000000e+01 7.969993419915724076e-01
2.200000000000000000e+01 2.800000000000000000e+01 8.401105866098401709e-01
2.200000000000000000e+01 2.900000000000000000e+01 8.571984611053689029e-01
2.200000000000000000e+01 3.000000000000000000e+01 8.954916680537319262e-01
2.200000000000000000e+01 3.100000000000000000e+01 8.639131090755134412e-01
2.200000000000000000e+01 3.200000000000000000e+01 8.987436779969026901e-01
2.300000000000000000e+01 2.400000000000000000e+01 5.161841710775263437e-01
2.300000000000000000e+01 2.500000000000000000e+01 8.805879766725048796e-01
2.300000000000000000e+01 2.600000000000000000e+01 9.228975005840822643e-01
2.300000000000000000e+01 2.700000000000000000e+01 9.553446688773954421e-01
2.300000000000000000e+01 2.800000000000000000e+01 8.125399850679138058e-01
2.300000000000000000e+01 2.900000000000000000e+01 7.974485771191903716e-01
2.300000000000000000e+01 3.000000000000000000e+01 7.979353261789670082e-01
2.300000000000000000e+01 3.100000000000000000e+01 8.573294781095393002e-01
2.300000000000000000e+01 3.200000000000000000e+01 9.828963008711339988e-01
2.400000000000000000e+01 2.500000000000000000e+01 8.647289920425480503e-01
2.400000000000000000e+01 2.600000000000000000e+01 9.068781862860870735e-01
2.400000000000000000e+01 2.700000000000000000e+01 9.391193245933484590e-01
2.400000000000000000e+01 2.800000000000000000e+01 7.891113442043320436e-01
2.400000000000000000e+01 2.900000000000000000e+01 7.728202753227879640e-01
2.400000000000000000e+01 3.000000000000000000e+01 7.751307779177047941e-01
2.400000000000000000e+01 3.100000000000000000e+01 8.359128275040010880e-01
2.400000000000000000e+01 3.200000000000000000e+01 9.645532032370591757e-01
2.500000000000000000e+01 2.600000000000000000e+01 5.866622148146403148e-01
2.500000000000000000e+01 2.700000000000000000e+01 6.622672229013479850e-01
2.500000000000000000e+01 2.800000000000000000e+01 7.606558291160041563e-01
2.500000000000000000e+01 2.900000000000000000e+01 7.895396873623843348e-01
2.500000000000000000e+01 3.000000000000000000e+01 8.393094078377874023e-01
2.500000000000000000e+01 3.100000000000000000e+01 7.722318006664126155e-01
2.500000000000000000e+01 3.200000000000000000e+01 7.761510949302072859e-01
2.600000000000000000e+01 2.700000000000000000e+01 5.315531073566228670e-01
2.600000000000000000e+01 2.800000000000000000e+01 7.912699663225850610e-01
2.600000000000000000e+01 2.900000000000000000e+01 8.203458141709678575e-01
2.600000000000000000e+01 3.000000000000000000e+01 8.689954391391461197e-01
2.600000000000000000e+01 3.100000000000000000e+01 7.903637874701452404e-01
2.600000000000000000e+01 3.200000000000000000e+01 7.406674846233363141e-01
2.700000000000000000e+01 2.800000000000000000e+01 8.175116984120307517e-01
2.700000000000000000e+01 2.900000000000000000e+01 8.463834029044869922e-01
2.700000000000000000e+01 3.000000000000000000e+01 8.942849793405212022e-01
2.700000000000000000e+01 3.100000000000000000e+01 8.100250774955564115e-01
2.700000000000000000e+01 3.200000000000000000e+01 7.224539005084067433e-01
2.800000000000000000e+01 2.900000000000000000e+01 5.302244677609790902e-01
2.800000000000000000e+01 3.000000000000000000e+01 6.692225046315105619e-01
2.800000000000000000e+01 3.100000000000000000e+01 5.877556381165753852e-01
2.800000000000000000e+01 3.200000000000000000e+01 8.044940168283156723e-01
2.900000000000000000e+01 3.000000000000000000e+01 6.079644871513318893e-01
2.900000000000000000e+01 3.100000000000000000e+01 6.270932856645379250e-01
2.900000000000000000e+01 3.200000000000000000e+01 8.337192326896927241e-01
3.000000000000000000e+01 3.100000000000000000e+01 6.955600299481510262e-01
3.000000000000000000e+01 3.200000000000000000e+01 8.797079225630528576e-01
3.100000000000000000e+01 3.200000000000000000e+01 7.650646742043729631e-01
