1.000000000000000000e+00 2.000000000000000000e+00 8.693771887907522089e-01
1.000000000000000000e+00 3.000000000000000000e+00 9.839815138699532504e-01
1.000000000000000000e+00 4.000000000000000000e+00 9.648265219878744414e-01
1.000000000000000000e+00 5.000000000000000000e+00 9.807432048021395010e-01
1.000000000000000000e+00 6.000000000000000000e+00 9.912653523249433940e-01
1.000000000000000000e+00 7.000000000000000000e+00 9.845024227217425983e-01
1.000000000000000000e+00 8.000000000000000000e+00 1.012434284673960905e+00
1.000000000000000000e+00 9.000000000000000000e+00 9.525773477727603744e-01
1.000000000000000000e+00 1.000000000000000000e+01 1.002155935813463961e+00
1.000000000000000000e+00 1.100000000000000000e+01 9.752821720719955234e-01
1.000000000000000000e+00 1.200000000000000000e+01 9.900343276933588621e-01
1.000000000000000000e+00 1.300000000000000000e+01 9.677349895432278970e-01
1.000000000000000000e+00 1.400000000000000000e+01 1.220787315361168579e+00
1.000000000000000000e+00 1.500000000000000000e+01 1.000225368282385841e+00
1.000000000000000000e+00 1.600000000000000000e+01 1.158870383496248158e+00
1.000000000000000000e+00 1.700000000000000000e+01 1.187836215234486126e+00
1.000000000000000000e+00 1.800000000000000000e+01 1.172294837141976132e+00
1.000000000000000000e+00 1.900000000000000000e+01 1.232244601621307334e+00
1.000000000000000000e+00 2.000000000000000000e+01 1.195162323242095148e+00
1.000000000000000000e+00 2.100000000000000000e+01 1.036920117641073169e+00
1.000000000000000000e+00 2.200000000000000000e+01 1.186127972833512123e+00
1.000000000000000000e+00 2.300000000000000000e+01 1.048989451588662414e+00
1.000000000000000000e+00 2.400000000000000000e+01 1.060445106696789930e+00
1.000000000000000000e+00 2.500000000000000000e+01 1.206515253464373716e+00
1.000000000000000000e+00 2.600000000000000000e+01 1.248319697668576200e+00
1.000000000000000000e+00 2.700000000000000000e+01 1.281243619880974016e+00
1.000000000000000000e+00 2.800000000000000000e+01 1.164874138211810406e+00
1.000000000000000000e+00 2.900000000000000000e+01 1.153135869202526198e+00
1.000000000000000000e+00 3.000000000000000000e+01 1.147815377420806859e+00
1.000000000000000000e+00 3.100000000000000000e+01 1.202559253165153219e+00
1.000000000000000000e+00 3.200000000000000000e+01 1.316956819122826916e+00
2.000000000000000000e+00 3.000000000000000000e+00 8.375503602168015149e-01
2.000000000000000000e+00 4.000000000000000000e+00 8.074284783198224513e-01
2.000000000000000000e+00 5.000000000000000000e+00 8.320960559735072204e-01
2.000000000000000000e+00 6.000000000000000000e+00 8.464915571621202117e-01
2.000000000000000000e+00 7.000000000000000000e+00 8.367723927114835147e-01
2.000000000000000000e+00 8.000000000000000000e+00 8.743660406277131703e-01
2.000000000000000000e+00 9.000000000000000000e+00 7.867551517224780078e-01
2.000000000000000000e+00 1.000000000000000000e+01 8.611734911706692142e-01
2.000000000000000000e+00 1.100000000000000000e+01 8.268526573648640188e-01
2.000000000000000000e+00 1.200000000000000000e+01 8.470007865813239389e-01
2.000000000000000000e+00 1.300000000000000000e+01 8.408681600715406379e-01
2.000000000000000000e+00 1.400000000000000000e+01 1.100297312822006157e+00
2.000000000000000000e+00 1.500000000000000000e+01 8.870384495863605778e-01
2.000000000000000000e+00 1.600000000000000000e+01 1.039278847714337539e+00
2.000000000000000000e+00 1.700000000000000000e+01 1.068265438591901262e+00
2.000000000000000000e+00 1.800000000000000000e+01 1.053216972303373744e+00
2.000000000000000000e+00 1.900000000000000000e+01 1.113480179938712622e+00
2.000000000000000000e+00 2.000000000000000000e+01 1.076567363064968141e+00
2.000000000000000000e+00 2.100000000000000000e+01 9.244250347940745627e-01
2.000000000000000000e+00 2.200000000000000000e+01 1.068707178538414349e+00
2.000000000000000000e+00 2.300000000000000000e+01 9.392700235784501306e-01
2.000000000000000000e+00 2.400000000000000000e+01 9.515752526042298154e-01
2.000000000000000000e+00 2.500000000000000000e+01 1.092912712966668698e+00
2.000000000000000000e+00 2.600000000000000000e+01 1.135162308813592258e+00
2.000000000000000000e+00 2.700000000000000000e+01 1.168396397553235655e+00
2.000000000000000000e+00 2.800000000000000000e+01 1.056698900628128657e+00
2.000000000000000000e+00 2.900000000000000000e+01 1.046414325680649515e+00
2.000000000000000000e+00 3.000000000000000000e+01 1.044427831861680867e+00
2.000000000000000000e+00 3.100000000000000000e+01 1.094618947155477695e+00
2.000000000000000000e+00 3.200000000000000000e+01 1.206317681351080529e+00
3.000000000000000000e+00 4.000000000000000000e+00 5.995650064544988389e-01
3.000000000000000000e+00 5.000000000000000000e+00 4.613929727642959167e-01
3.000000000000000000e+00 6.000000000000000000e+00 5.761548642497990036e-01
3.000000000000000000e+00 7.000000000000000000e+00 6.281785560164848681e-01
3.000000000000000000e+00 8.000000000000000000e+00 6.631416615610254972e-01
3.000000000000000000e+00 9.000000000000000000e+00 7.327617039736222804e-01
3.000000000000000000e+00 1.000000000000000000e+01 6.520553455649544805e-01
3.000000000000000000e+00 1.100000000000000000e+01 7.398288842088238670e-01
3.000000000000000000e+00 1.200000000000000000e+01 7.252266463718867184e-01
3.000000000000000000e+00 1.300000000000000000e+01 8.446914528602691430e-01
3.000000000000000000e+00 1.400000000000000000e+01 1.002140829460763216e+00
3.000000000000000000e+00 1.500000000000000000e+01 8.735210348987991757e-01
3.000000000000000000e+00 1.600000000000000000e+01 9.469947720255895707e-01
3.000000000000000000e+00 1.700000000000000000e+01 9.750266233377749003e-01
3.000000000000000000e+00 1.800000000000000000e+01 9.627598339693825835e-01
3.000000000000000000e+00 1.900000000000000000e+01 1.023331921951415202e+00
3.000000000000000000e+00 2.000000000000000000e+01 9.876593082366973420e-01
3.000000000000000000e+00 2.100000000000000000e+01 8.860219303246568145e-01
3.000000000000000000e+00 2.200000000000000000e+01 9.851751697205120006e-01
3.000000000000000000e+00 2.300000000000000000e+01 9.020232107457901716e-01
3.000000000000000000e+00 2.400000000000000000e+01 9.123057277790012076e-01
3.000000000000000000e+00 2.500000000000000000e+01 1.023886601569865773e+00
3.000000000000000000e+00 2.600000000000000000e+01 1.067139036252240825e+00
3.000000000000000000e+00 2.700000000000000000e+01 1.101243908308703112e+00
3.000000000000000000e+00 2.800000000000000000e+01 1.005875366902783563e+00
3.000000000000000000e+00 2.900000000000000000e+01 9.998970564642033487e-01
3.000000000000000000e+00 3.000000000000000000e+01 1.006193203734597086e+00
3.000000000000000000e+00 3.100000000000000000e+01 1.043472753088231730e+00
3.000000000000000000e+00 3.200000000000000000e+01 1.146320825108989583e+00
4.000000000000000000e+00 5.000000000000000000e+00 5.683425142731147739e-01
4.000000000000000000e+00 6.000000000000000000e+00 6.413321382306172991e-01
4.000000000000000000e+00 7.000000000000000000e+00 6.350583053744908169e-01
4.000000000000000000e+00 8.000000000000000000e+00 7.160651269064113311e-01
4.000000000000000000e+00 9.000000000000000000e+00 6.841622020418285377e-01
4.000000000000000000e+00 1.000000000000000000e+01 6.933080856585547291e-01
4.000000000000000000e+00 1.100000000000000000e+01 7.176539130613772688e-01
4.000000000000000000e+00 1.200000000000000000e+01 7.194734825232357300e-01
4.000000000000000000e+00 1.300000000000000000e+01 8.266566018143031158e-01
4.000000000000000000e+00 1.400000000000000000e+01 1.016545107980796780e+00
4.000000000000000000e+00 1.500000000000000000e+01 8.623446250382442724e-01
4.000000000000000000e+00 1.600000000000000000e+01 9.592882728968865624e-01
4.000000000000000000e+00 1.700000000000000000e+01 9.877959882431373018e-01
4.000000000000000000e+00 1.800000000000000000e+01 9.745905758236910188e-01
4.000000000000000000e+00 1.900000000000000000e+01 1.035260023917326633e+00
4.000000000000000000e+00 2.000000000000000000e+01 9.991299488713969446e-01
4.000000000000000000e+00 2.100000000000000000e+01 8.814783323937378512e-01
4.000000000000000000e+00 2.200000000000000000e+01 9.950093027393440703e-01
4.000000000000000000e+00 2.300000000000000000e+01 8.981387200396342418e-01
4.000000000000000000e+00 2.400000000000000000e+01 9.093564752959331088e-01
4.000000000000000000e+00 2.500000000000000000e+01 1.029758001554626601e+00
4.000000000000000000e+00 2.600000000000000000e+01 1.072835701302576883e+00
4.000000000000000000e+00 2.700000000000000000e+01 1.106745638849664815e+00
4.000000000000000000e+00 2.800000000000000000e+01 1.007156545729291031e+00
4.000000000000000000e+00 2.900000000000000000e+01 1.000178735836771082e+00
4.000000000000000000e+00 3.000000000000000000e+01 1.004745352824396365e+00
4.000000000000000000e+00 3.100000000000000000e+01 1.044967731909973718e+00
4.000000000000000000e+00 3.200000000000000000e+01 1.150032017861434719e+00
5.000000000000000000e+00 6.000000000000000000e+00 5.467649260998811434e-01
5.000000000000000000e+00 7.000000000000000000e+00 5.902153962279336197e-01
5.000000000000000000e+00 8.000000000000000000e+00 6.630070023851981631e-01
5.000000000000000000e+00 9.000000000000000000e+00 7.140623332675064550e-01
5.000000000000000000e+00 1.000000000000000000e+01 6.392478848482097131e-01
5.000000000000000000e+00 1.100000000000000000e+01 7.214916443456671491e-01
5.000000000000000000e+00 1.200000000000000000e+01 7.072520979488493564e-01
5.000000000000000000e+00 1.300000000000000000e+01 8.344617797379605406e-01
5.000000000000000000e+00 1.400000000000000000e+01 9.996888744390919346e-01
5.000000000000000000e+00 1.500000000000000000e+01 8.645875889791390101e-01
5.000000000000000000e+00 1.600000000000000000e+01 9.437051813840773296e-01
5.000000000000000000e+00 1.700000000000000000e+01 9.719877220209216517e-01
5.000000000000000000e+00 1.800000000000000000e+01 9.593829758076020120e-01
5.000000000000000000e+00 1.900000000000000000e+01 1.020090653460688612e+00
5.000000000000000000e+00 2.000000000000000000e+01 9.842333594395795693e-01
5.000000000000000000e+00 2.100000000000000000e+01 8.781395601656010186e-01
5.000000000000000000e+00 2.200000000000000000e+01 9.812494811073568801e-01
5.000000000000000000e+00 2.300000000000000000e+01 8.945443860312785045e-01
5.000000000000000000e+00 2.400000000000000000e+01 9.051239446010435064e-01
5.000000000000000000e+00 2.500000000000000000e+01 1.018965938244437597e+00
5.000000000000000000e+00 2.600000000000000000e+01 1.062216986973141264e+00
5.000000000000000000e+00 2.700000000000000000e+01 1.096290744775780368e+00
5.000000000000000000e+00 2.800000000000000000e+01 9.999684631776515342e-01
5.000000000000000000e+00 2.900000000000000000e+01 9.938111249945409398e-01
5.000000000000000000e+00 3.000000000000000000e+01 9.998687594435831105e-01
5.000000000000000000e+00 3.100000000000000000e+01 1.037660446181656759e+00
5.000000000000000000e+00 3.200000000000000000e+01 1.140982472528522029e+00
6.000000000000000000e+00 7.000000000000000000e+00 5.318717924418349119e-01
6.000000000000000000e+00 8.000000000000000000e+00 6.006394260581056077e-01
6.000000000000000000e+00 9.000000000000000000e+00 7.210012780693337842e-01
6.000000000000000000e+00 1.000000000000000000e+01 5.467811984427741745e-01
6.000000000000000000e+00 1.100000000000000000e+01 7.079331169909175436e-01
6.000000000000000000e+00 1.200000000000000000e+01 6.774765064166771156e-01
6.000000000000000000e+00 1.300000000000000000e+01 8.293654621712316377e-01
6.000000000000000000e+00 1.400000000000000000e+01 9.805168309746681299e-01
6.000000000000000000e+00 1.500000000000000000e+01 8.556894789196001216e-01
6.000000000000000000e+00 1.600000000000000000e+01 9.246065065720532328e-01
6.000000000000000000e+00 1.700000000000000000e+01 9.530261924509124682e-01
6.000000000000000000e+00 1.800000000000000000e+01 9.405427036891214065e-01
6.000000000000000000e+00 1.900000000000000000e+01 1.001487917046620213e+00
6.000000000000000000e+00 2.000000000000000000e+01 9.656397602173218964e-01
6.000000000000000000e+00 2.100000000000000000e+01 8.651215174279096587e-01
6.000000000000000000e+00 2.200000000000000000e+01 9.630902730234092157e-01
6.000000000000000000e+00 2.300000000000000000e+01 8.817251905371055187e-01
6.000000000000000000e+00 2.400000000000000000e+01 8.920340429073245758e-01
6.000000000000000000e+00 2.500000000000000000e+01 1.002377301995241110e+00
6.000000000000000000e+00 2.600000000000000000e+01 1.045795326133573511e+00
6.000000000000000000e+00 2.700000000000000000e+01 1.079987076371407451e+00
6.000000000000000000e+00 2.800000000000000000e+01 9.855813046389518828e-01
6.000000000000000000e+00 2.900000000000000000e+01 9.799828716917478033e-01
6.000000000000000000e+00 3.000000000000000000e+01 9.871593936556359861e-01
6.000000000000000000e+00 3.100000000000000000e+01 1.023276520615581830e+00
6.000000000000000000e+00 3.200000000000000000e+01 1.125533129675835964e+00
7.000000000000000000e+00 8.000000000000000000e+00 6.464982313966036731e-01
7.000000000000000000e+00 9.000000000000000000e+00 6.869574629715693437e-01
7.000000000000000000e+00 1.000000000000000000e+01 5.811051154990349854e-01
7.000000000000000000e+00 1.100000000000000000e+01 6.662403616724936750e-01
7.000000000000000000e+00 1.200000000000000000e+01 6.338467759105163024e-01
7.000000000000000000e+00 1.300000000000000000e+01 8.107417433666386231e-01
7.000000000000000000e+00 1.400000000000000000e+01 9.818480531539475198e-01
7.000000000000000000e+00 1.500000000000000000e+01 8.403746712124595675e-01
7.000000000000000000e+00 1.600000000000000000e+01 9.241646655932138632e-01
7.000000000000000000e+00 1.700000000000000000e+01 9.530676272744127431e-01
7.000000000000000000e+00 1.800000000000000000e+01 9.398355031428113904e-01
7.000000000000000000e+00 1.900000000000000000e+01 1.000992788663288335e+00
7.000000000000000000e+00 2.000000000000000000e+01 9.647539193024528004e-01
7.000000000000000000e+00 2.100000000000000000e+01 8.528989003120699408e-01
7.000000000000000000e+00 2.200000000000000000e+01 9.610187568801873415e-01
7.000000000000000000e+00 2.300000000000000000e+01 8.704578912233322807e-01
7.000000000000000000e+00 2.400000000000000000e+01 8.815272615903229081e-01
7.000000000000000000e+00 2.500000000000000000e+01 9.977594943272392047e-01
7.000000000000000000e+00 2.600000000000000000e+01 1.041138098275438573e+00
7.000000000000000000e+00 2.700000000000000000e+01 1.075235653686991366e+00
7.000000000000000000e+00 2.800000000000000000e+01 9.783027402410804374e-01
7.000000000000000000e+00 2.900000000000000000e+01 9.721909534427504163e-01
7.000000000000000000e+00 3.000000000000000000e+01 9.786190443083000456e-01
7.000000000000000000e+00 3.100000000000000000e+01 1.016214530404017768e+00
7.000000000000000000e+00 3.200000000000000000e+01 1.119747918499168327e+00
8.000000000000000000e+00 9.000000000000000000e+00 7.638299206844665346e-01
8.000000000000000000e+00 1.000000000000000000e+01 5.333737368420177205e-01
8.000000000000000000e+00 1.100000000000000000e+01 7.391194828535854189e-01
8.000000000000000000e+00 1.200000000000000000e+01 6.996157078387444939e-01
8.000000000000000000e+00 1.300000000000000000e+01 8.442239924922700922e-01
8.000000000000000000e+00 1.400000000000000000e+01 9.540503113406215707e-01
8.000000000000000000e+00 1.500000000000000000e+01 8.624112569736854805e-01
8.000000000000000000e+00 1.600000000000000000e+01 9.003535040558878766e-01
8.000000000000000000e+00 1.700000000000000000e+01 9.283792466781859432e-01
8.000000000000000000e+00 1.800000000000000000e+01 9.169600187412592085e-01
8.000000000000000000e+00 1.900000000000000000e+01 9.779707905595091955e-01
8.000000000000000000e+00 2.000000000000000000e+01 9.426035122312441672e-01
8.000000000000000000e+00 2.100000000000000000e+01 8.632551115366164929e-01
8.000000000000000000e+00 2.200000000000000000e+01 9.420655547640850447e-01
8.000000000000000000e+00 2.300000000000000000e+01 8.788645157887327031e-01
8.000000000000000000e+00 2.400000000000000000e+01 8.878802336438300635e-01
8.000000000000000000e+00 2.500000000000000000e+01 9.864871789236391297e-01
8.000000000000000000e+00 2.600000000000000000e+01 1.030159388644467544e+00
8.000000000000000000e+00 2.700000000000000000e+01 1.064614021392016774e+00
8.000000000000000000e+00 2.800000000000000000e+01 9.757345582178380550e-01
8.000000000000000000e+00 2.900000000000000000e+01 9.714625019944458373e-01
8.000000000000000000e+00 3.000000000000000000e+01 9.809359483511130851e-01
8.000000000000000000e+00 3.100000000000000000e+01 1.013156452569656363e+00
8.000000000000000000e+00 3.200000000000000000e+01 1.112504442120431980e+00
9.000000000000000000e+00 1.000000000000000000e+01 7.363064058814428048e-01
9.000000000000000000e+00 1.100000000000000000e+01 6.290908521934333031e-01
9.000000000000000000e+00 1.200000000000000000e+01 6.867216023335139807e-01
9.000000000000000000e+00 1.300000000000000000e+01 7.627990244840265888e-01
9.000000000000000000e+00 1.400000000000000000e+01 1.015035151027266602e+00
9.000000000000000000e+00 1.500000000000000000e+01 8.155604624851895412e-01
9.000000000000000000e+00 1.600000000000000000e+01 9.540176294673197166e-01
9.000000000000000000e+00 1.700000000000000000e+01 9.834596328908675744e-01
9.000000000000000000e+00 1.800000000000000000e+01 9.686253810572851286e-01
9.000000000000000000e+00 1.900000000000000000e+01 1.029607104845551957e+00
9.000000000000000000e+00 2.000000000000000000e+01 9.926543064144510709e-01
9.000000000000000000e+00 2.100000000000000000e+01 8.468460170251985719e-01
9.000000000000000000e+00 2.200000000000000000e+01 9.858170495186453497e-01
9.000000000000000000e+00 2.300000000000000000e+01 8.657177318716584580e-01
9.000000000000000000e+00 2.400000000000000000e+01 8.789555949644716204e-01
9.000000000000000000e+00 2.500000000000000000e+01 1.014333220851637796e+00
9.000000000000000000e+00 2.600000000000000000e+01 1.057227235755641370e+00
9.000000000000000000e+00 2.700000000000000000e+01 1.090870260569081651e+00
9.000000000000000000e+00 2.800000000000000000e+01 9.848461408009365758e-01
9.000000000000000000e+00 2.900000000000000000e+01 9.764578789550530935e-01
9.000000000000000000e+00 3.000000000000000000e+01 9.788343748230847741e-01
9.000000000000000000e+00 3.100000000000000000e+01 1.023129305450494630e+00
9.000000000000000000e+00 3.200000000000000000e+01 1.131495356619887316e+00
1.000000000000000000e+01 1.100000000000000000e+01 7.053979462286978919e-01
1.000000000000000000e+01 1.200000000000000000e+01 6.568660152294202303e-01
1.000000000000000000e+01 1.300000000000000000e+01 8.267421757026267581e-01
1.000000000000000000e+01 1.400000000000000000e+01 9.604467241346246187e-01
1.000000000000000000e+01 1.500000000000000000e+01 8.481120601012377413e-01
1.000000000000000000e+01 1.600000000000000000e+01 9.044542879198529395e-01
1.000000000000000000e+01 1.700000000000000000e+01 9.331020429914014258e-01
1.000000000000000000e+01 1.800000000000000000e+01 9.207060265479865002e-01
1.000000000000000000e+01 1.900000000000000000e+01 9.819825084788316172e-01
1.000000000000000000e+01 2.000000000000000000e+01 9.461089432279257139e-01
1.000000000000000000e+01 2.100000000000000000e+01 8.524083996541631514e-01
1.000000000000000000e+01 2.200000000000000000e+01 9.440167756855235570e-01
1.000000000000000000e+01 2.300000000000000000e+01 8.690880501591793372e-01
1.000000000000000000e+01 2.400000000000000000e+01 8.789965959896426373e-01
1.000000000000000000e+01 2.500000000000000000e+01 9.850951462627681732e-01
1.000000000000000000e+01 2.600000000000000000e+01 1.028712396405789153e+00
1.000000000000000000e+01 2.700000000000000000e+01 1.063041851296821161e+00
1.000000000000000000e+01 2.800000000000000000e+01 9.708465555676546455e-01
1.000000000000000000e+01 2.900000000000000000e+01 9.658955762673060441e-01
1.000000000000000000e+01 3.000000000000000000e+01 9.743522284647678777e-01
1.000000000000000000e+01 3.100000000000000000e+01 1.008539852843818085e+00
1.000000000000000000e+01 3.200000000000000000e+01 1.109568902782407163e+00
1.100000000000000000e+01 1.200000000000000000e+01 5.759739082527796095e-01
1.100000000000000000e+01 1.300000000000000000e+01 7.477896324820558771e-01
1.100000000000000000e+01 1.400000000000000000e+01 9.847447958206407836e-01
1.100000000000000000e+01 1.500000000000000000e+01 7.907013382516774325e-01
1.100000000000000000e+01 1.600000000000000000e+01 9.226795012234842996e-01
1.100000000000000000e+01 1.700000000000000000e+01 9.526679326691227523e-01
1.100000000000000000e+01 1.800000000000000000e+01 9.375160537695008678e-01
1.100000000000000000e+01 1.900000000000000000e+01 9.990326022138613649e-01
1.100000000000000000e+01 2.000000000000000000e+01 9.618277372874075581e-01
1.100000000000000000e+01 2.100000000000000000e+01 8.151892052538816102e-01
1.100000000000000000e+01 2.200000000000000000e+01 9.548804090636113795e-01
1.100000000000000000e+01 2.300000000000000000e+01 8.362562167954299408e-01
1.100000000000000000e+01 2.400000000000000000e+01 8.499954660525264050e-01
1.100000000000000000e+01 2.500000000000000000e+01 9.843495675583537885e-01
1.100000000000000000e+01 2.600000000000000000e+01 1.027567151332110296e+00
1.100000000000000000e+01 2.700000000000000000e+01 1.061377512104429766e+00
1.100000000000000000e+01 2.800000000000000000e+01 9.570789673018655908e-01
1.100000000000000000e+01 2.900000000000000000e+01 9.494341855820449538e-01
1.100000000000000000e+01 3.000000000000000000e+01 9.536599218411530021e-01
1.100000000000000000e+01 3.100000000000000000e+01 9.956279776069592025e-01
1.100000000000000000e+01 3.200000000000000000e+01 1.102888830708397050e+00
1.200000000000000000e+01 1.300000000000000000e+01 7.743687556597840249e-01
1.200000000000000000e+01 1.400000000000000000e+01 9.646966549162183657e-01
1.200000000000000000e+01 1.500000000000000000e+01 8.021186763785741469e-01
1.200000000000000000e+01 1.600000000000000000e+01 9.035226581189765849e-01
1.200000000000000000e+01 1.700000000000000000e+01 9.335540268927826624e-01
1.200000000000000000e+01 1.800000000000000000e+01 9.189305807696279693e-01
1.200000000000000000e+01 1.900000000000000000e+01 9.807824345493714180e-01
1.200000000000000000e+01 2.000000000000000000e+01 9.437596076132592771e-01
1.200000000000000000e+01 2.100000000000000000e+01 8.141361778604774280e-01
1.200000000000000000e+01 2.200000000000000000e+01 9.380871018299787867e-01
1.200000000000000000e+01 2.300000000000000000e+01 8.344680938004638282e-01
1.200000000000000000e+01 2.400000000000000000e+01 8.469516345707168714e-01
1.200000000000000000e+01 2.500000000000000000e+01 9.714809157434720621e-01
1.200000000000000000e+01 2.600000000000000000e+01 1.015017044529567425e+00
1.200000000000000000e+01 2.700000000000000000e+01 1.049080125916789452e+00
1.200000000000000000e+01 2.800000000000000000e+01 9.493630844062017626e-01
1.200000000000000000e+01 2.900000000000000000e+01 9.429507684141813506e-01
1.200000000000000000e+01 3.000000000000000000e+01 9.494404646406786608e-01
1.200000000000000000e+01 3.100000000000000000e+01 9.877855955636980489e-01
1.200000000000000000e+01 3.200000000000000000e+01 1.092570726261222314e+00
1.300000000000000000e+01 1.400000000000000000e+01 1.017230950625932495e+00
1.300000000000000000e+01 1.500000000000000000e+01 6.830195032326413784e-01
1.300000000000000000e+01 1.600000000000000000e+01 9.504903201700740656e-01
1.300000000000000000e+01 1.700000000000000000e+01 9.809632743676441891e-01
1.300000000000000000e+01 1.800000000000000000e+01 9.634500381315067585e-01
1.300000000000000000e+01 1.900000000000000000e+01 1.024305567567955100e+00
1.300000000000000000e+01 2.000000000000000000e+01 9.861216990350714084e-01
1.300000000000000000e+01 2.100000000000000000e+01 7.768694366181501110e-01
1.300000000000000000e+01 2.200000000000000000e+01 9.742351868441485596e-01
1.300000000000000000e+01 2.300000000000000000e+01 8.003335674984328740e-01
1.300000000000000000e+01 2.400000000000000000e+01 8.191157578558920793e-01
1.300000000000000000e+01 2.500000000000000000e+01 9.896479428466375960e-01
1.300000000000000000e+01 2.600000000000000000e+01 1.031867677035254172e+00
1.300000000000000000e+01 2.700000000000000000e+01 1.064831577769378868e+00
1.300000000000000000e+01 2.800000000000000000e+01 9.443939603484057255e-01
1.300000000000000000e+01 2.900000000000000000e+01 9.325212977379648827e-01
1.300000000000000000e+01 3.000000000000000000e+01 9.292618057425385825e-01
1.300000000000000000e+01 3.100000000000000000e+01 9.835573844742997451e-01
1.300000000000000000e+01 3.200000000000000000e+01 1.099450316364181779e+00
1.400000000000000000e+01 1.500000000000000000e+01 9.973137893737176185e-01
1.400000000000000000e+01 1.600000000000000000e+01 6.556384556358436644e-01
1.400000000000000000e+01 1.700000000000000000e+01 5.732024550744272418e-01
1.400000000000000000e+01 1.800000000000000000e+01 6.457083917774015802e-01
1.400000000000000000e+01 1.900000000000000000e+01 6.082487947757202473e-01
1.400000000000000000e+01 2.000000000000000000e+01 6.376122151042329378e-01
1.400000000000000000e+01 2.100000000000000000e+01 9.523331942237609482e-01
1.400000000000000000e+01 2.200000000000000000e+01 7.165965340811604189e-01
1.400000000000000000e+01 2.300000000000000000e+01 9.516998894820491994e-01
1.400000000000000000e+01 2.400000000000000000e+01 9.460914220097735861e-01
1.400000000000000000e+01 2.500000000000000000e+01 8.634063493461041627e-01
1.400000000000000000e+01 2.600000000000000000e+01 9.021694591332543034e-01
1.400000000000000000e+01 2.700000000000000000e+01 9.382347323495223712e-01
1.400000000000000000e+01 2.800000000000000000e+01 9.452677992800977425e-01
1.400000000000000000e+01 2.900000000000000000e+01 9.565129241340817323e-01
1.400000000000000000e+01 3.000000000000000000e+01 9.876083672698350302e-01
1.400000000000000000e+01 3.100000000000000000e+01 9.732791796173829724e-01
1.400000000000000000e+01 3.200000000000000000e+01 1.025593342732946445e+00
1.500000000000000000e+01 1.600000000000000000e+01 9.273357762867677767e-01
1.500000000000000000e+01 1.700000000000000000e+01 9.583762401840001388e-01
1.500000000000000000e+01 1.800000000000000000e+01 9.393265228849756454e-01
1.500000000000000000e+01 1.900000000000000000e+01 1.000101007295619793e+00
1.500000000000000000e+01 2.000000000000000000e+01 9.612095510233515938e-01
1.500000000000000000e+01 2.100000000000000000e+01 6.939850642144129722e-01
1.500000000000000000e+01 2.200000000000000000e+01 9.463983835240596942e-01
1.500000000000000000e+01 2.300000000000000000e+01 7.260843691586680304e-01
1.500000000000000000e+01 2.400000000000000000e+01 7.532686734219617986e-01
1.500000000000000000e+01 2.500000000000000000e+01 9.543182240947667427e-01
1.500000000000000000e+01 2.600000000000000000e+01 9.963014075845832984e-01
1.500000000000000000e+01 2.700000000000000000e+01 1.028950138471609765e+00
1.500000000000000000e+01 2.800000000000000000e+01 9.003400277481217184e-01
1.500000000000000000e+01 2.900000000000000000e+01 8.867244494755528450e-01
1.500000000000000000e+01 3.000000000000000000e+01 8.817873105726639071e-01
1.500000000000000000e+01 3.100000000000000000e+01 9.405568444495053804e-01
1.500000000000000000e+01 3.200000000000000000e+01 1.060463833311466209e+00
1.600000000000000000e+01 1.700000000000000000e+01 5.482682201065545158e-01
1.600000000000000000e+01 1.800000000000000000e+01 4.619405179305569042e-01
1.600000000000000000e+01 1.900000000000000000e+01 6.516217678617877151e-01
1.600000000000000000e+01 2.000000000000000000e+01 5.790717972286230086e-01
1.600000000000000000e+01 2.100000000000000000e+01 8.779799000017753929e-01
1.600000000000000000e+01 2.200000000000000000e+01 6.192962145493148274e-01
1.600000000000000000e+01 2.300000000000000000e+01 8.760210735887876687e-01
1.600000000000000000e+01 2.400000000000000000e+01 8.691567507447974794e-01
1.600000000000000000e+01 2.500000000000000000e+01 7.818867046908100082e-01
1.600000000000000000e+01 2.600000000000000000e+01 8.263270878460473590e-01
1.600000000000000000e+01 2.700000000000000000e+01 8.640990883751960006e-01
1.600000000000000000e+01 2.800000000000000000e+01 8.646350318049862427e-01
1.600000000000000000e+01 2.900000000000000000e+01 8.766743109183572358e-01
1.600000000000000000e+01 3.000000000000000000e+01 9.094253600326036580e-01
1.600000000000000000e+01 3.100000000000000000e+01 8.936977366366236630e-01
1.600000000000000000e+01 3.200000000000000000e+01 9.485158507770348191e-01
1.700000000000000000e+01 1.800000000000000000e+01 5.052957734545480140e-01
1.700000000000000000e+01 1.900000000000000000e+01 5.626844285426446657e-01
1.700000000000000000e+01 2.000000000000000000e+01 5.101636426918694234e-01
1.700000000000000000e+01 2.100000000000000000e+01 9.101465721431916123e-01
1.700000000000000000e+01 2.200000000000000000e+01 6.281067660602779323e-01
1.700000000000000000e+01 2.300000000000000000e+01 9.079900353038552474e-01
1.700000000000000000e+01 2.400000000000000000e+01 9.010536109832838481e-01
1.700000000000000000e+01 2.500000000000000000e+01 8.003975434946830614e-01
1.700000000000000000e+01 2.600000000000000000e+01 8.401557584177217208e-01
1.700000000000000000e+01 2.700000000000000000e+01 8.769015431942657202e-01
1.700000000000000000e+01 2.800000000000000000e+01 8.915729376562604447e-01
1.700000000000000000e+01 2.900000000000000000e+01 9.042946954535073800e-01
1.700000000000000000e+01 3.000000000000000000e+01 9.373807354575933726e-01
1.700000000000000000e+01 3.100000000000000000e+01 9.187977084493850199e-01
1.700000000000000000e+01 3.200000000000000000e+01 9.673042871678154686e-01
1.800000000000000000e+01 1.900000000000000000e+01 6.121256065651874412e-01
1.800000000000000000e+01 2.000000000000000000e+01 5.052767614991797718e-01
1.800000000000000000e+01 2.100000000000000000e+01 8.891038088540468287e-01
1.800000000000000000e+01 2.200000000000000000e+01 5.790471078162851004e-01
1.800000000000000000e+01 2.300000000000000000e+01 8.861402746815456588e-01
1.800000000000000000e+01 2.400000000000000000e+01 8.784789369190257879e-01
1.800000000000000000e+01 2.500000000000000000e+01 7.716022993803193231e-01
1.800000000000000000e+01 2.600000000000000000e+01 8.142400181179842988e-01
1.800000000000000000e+01 2.700000000000000000e+01 8.519641908443298384e-01
1.800000000000000000e+01 2.800000000000000000e+01 8.655883066644560753e-01
1.800000000000000000e+01 2.900000000000000000e+01 8.789406885435355754e-01
1.800000000000000000e+01 3.000000000000000000e+01 9.130526560583962503e-01
1.800000000000000000e+01 3.100000000000000000e+01 8.930321981800202202e-01
1.800000000000000000e+01 3.200000000000000000e+01 9.417705052197378190e-01
1.900000000000000000e+01 2.000000000000000000e+01 5.345917872447452091e-01
1.900000000000000000e+01 2.100000000000000000e+01 9.503872730249058876e-01
1.900000000000000000e+01 2.200000000000000000e+01 6.388120521646063477e-01
1.900000000000000000e+01 2.300000000000000000e+01 9.467309883451415775e-01
1.900000000000000000e+01 2.400000000000000000e+01 9.386033695186666304e-01
1.900000000000000000e+01 2.500000000000000000e+01 8.087415036108633881e-01
1.900000000000000000e+01 2.600000000000000000e+01 8.421206076931961881e-01
1.900000000000000000e+01 2.700000000000000000e+01 8.775007495635294141e-01
1.900000000000000000e+01 2.800000000000000000e+01 9.163064813692918253e-01
1.900000000000000000e+01 2.900000000000000000e+01 9.310051651550095286e-01
1.900000000000000000e+01 3.000000000000000000e+01 9.660883244556355276e-01
1.900000000000000000e+01 3.100000000000000000e+01 9.406271912155537152e-01
1.900000000000000000e+01 3.200000000000000000e+01 9.780270762374712046e-01
2.000000000000000000e+01 2.100000000000000000e+01 9.104507358579909670e-01
2.000000000000000000e+01 2.200000000000000000e+01 5.585927779382233727e-01
2.000000000000000000e+01 2.300000000000000000e+01 9.065405058923252657e-01
2.000000000000000000e+01 2.400000000000000000e+01 8.981523654440939364e-01
2.000000000000000000e+01 2.500000000000000000e+01 7.692574977831785343e-01
2.000000000000000000e+01 2.600000000000000000e+01 8.072809390621071834e-01
2.000000000000000000e+01 2.700000000000000000e+01 8.442029143629183885e-01
2.000000000000000000e+01 2.800000000000000000e+01 8.761137734034811775e-01
2.000000000000000000e+01 2.900000000000000000e+01 8.908611710482845503e-01
2.000000000000000000e+01 3.000000000000000000e+01 9.262739687643828379e-01
2.000000000000000000e+01 3.100000000000000000e+01 9.012985835423443781e-01
2.000000000000000000e+01 3.200000000000000000e+01 9.416892988650473750e-01
2.100000000000000000e+01 2.200000000000000000e+01 8.923058637132623705e-01
2.100000000000000000e+01 2.300000000000000000e+01 5.498224529471655853e-01
2.100000000000000000e+01 2.400000000000000000e+01 6.232653873731848204e-01
2.100000000000000000e+01 2.500000000000000000e+01 8.938045683207247460e-01
2.100000000000000000e+01 2.600000000000000000e+01 9.365985014800943809e-01
2.100000000000000000e+01 2.700000000000000000e+01 9.694432286067238280e-01
2.100000000000000000e+01 2.800000000000000000e+01 8.359107249485926427e-01
2.100000000000000000e+01 2.900000000000000000e+01 8.230085038670036379e-01
2.100000000000000000e+01 3.000000000000000000e+01 8.246004336897259090e-01
2.100000000000000000e+01 3.100000000000000000e+01 8.791814816664333954e-01
2.100000000000000000e+01 3.200000000000000000e+01 1.000273614991105786e+00
2.200000000000000000e+01 2.300000000000000000e+01 8.862637112583899857e-01
2.200000000000000000e+01 2.400000000000000000e+01 8.760807420877039231e-01
2.200000000000000000e+01 2.500000000000000000e+01 7.145565175679073899e-01
2.200000000000000000e+01 2.600000000000000000e+01 7.575134282877997727e-01
2.200000000000000000e+01 2.700000000000000000e+01 7.970021513995257934e-01
2.200000000000000000e+01 2.800000000000000000e+01 8.401218015782878634e-01
2.200000000000000000e+01 2.900000000000000000e+01 8.572129851646610454e-01
2.200000000000000000e+01 3.000000000000000000e+01 8.955144675876092197e-01
2.200000000000000000e+01 3.100000000000000000e+01 8.639244558271319541e-01
2.200000000000000000e+01 3.200000000000000000e+01 8.987495852386915285e-01
2.300000000000000000e+01 2.400000000000000000e+01 5.161841835563085734e-01
2.300000000000000000e+01 2.500000000000000000e+01 8.805939676654508386e-01
2.300000000000000000e+01 2.600000000000000000e+01 9.229027742152022817e-01
2.300000000000000000e+01 2.700000000000000000e+01 9.553497210710206744e-01
2.300000000000000000e+01 2.800000000000000000e+01 8.125403824044408196e-01
2.300000000000000000e+01 2.900000000000000000e+01 7.974486744846074338e-01
2.300000000000000000e+01 3.000000000000000000e+01 7.979361783538887476e-01
2.300000000000000000e+01 3.100000000000000000e+01 8.573297985977021973e-01
2.300000000000000000e+01 3.200000000000000000e+01 9.828985417793620893e-01
2.400000000000000000e+01 2.500000000000000000e+01 8.647350591407521048e-01
2.400000000000000000e+01 2.600000000000000000e+01 9.068835311879124284e-01
2.400000000000000000e+01 2.700000000000000000e+01 9.391244223678718583e-01
2.400000000000000000e+01 2.800000000000000000e+01 7.891117320536096269e-01
2.400000000000000000e+01 2.900000000000000000e+01 7.728203458116380542e-01
2.400000000000000000e+01 3.000000000000000000e+01 7.751315649302896738e-01
2.400000000000000000e+01 3.100000000000000000e+01 8.359131732521993818e-01
2.400000000000000000e+01 3.200000000000000000e+01 9.645554642266864764e-01
2.500000000000000000e+01 2.600000000000000000e+01 5.866619399914649868e-01
2.500000000000000000e+01 2.700000000000000000e+01 6.622672649769687503e-01
2.500000000000000000e+01 2.800000000000000000e+01 7.606593716115515047e-01
2.500000000000000000e+01 2.900000000000000000e+01 7.895451813924809770e-01
2.500000000000000000e+01 3.000000000000000000e+01 8.393203461860394565e-01
2.500000000000000000e+01 3.100000000000000000e+01 7.722354750219606601e-01
2.500000000000000000e+01 3.200000000000000000e+01 7.761520255386977762e-01
2.600000000000000000e+01 2.700000000000000000e+01 5.315531179888264290e-01
2.600000000000000000e+01 2.800000000000000000e+01 7.912730840008992406e-01
2.600000000000000000e+01 2.900000000000000000e+01 8.203507756974866005e-01
2.600000000000000000e+01 3.000000000000000000e+01 8.690056180654270879e-01
2.600000000000000000e+01 3.100000000000000000e+01 7.903669709016734046e-01
2.600000000000000000e+01 3.200000000000000000e+01 7.406682044361103667e-01
2.700000000000000000e+01 2.800000000000000000e+01 8.175144866801649091e-01
2.700000000000000000e+01 2.900000000000000000e+01 8.463879471339299521e-01
2.700000000000000000e+01 3.000000000000000000e+01 8.942945569243321291e-01
2.700000000000000000e+01 3.100000000000000000e+01 8.100279455854786370e-01
2.700000000000000000e+01 3.200000000000000000e+01 7.224544683883677987e-01
2.800000000000000000e+01 2.900000000000000000e+01 5.302246718576015816e-01
2.800000000000000000e+01 3.000000000000000000e+01 6.692245179062035199e-01
2.800000000000000000e+01 3.100000000000000000e+01 5.877556496132716468e-01
2.800000000000000000e+01 3.200000000000000000e+01 8.044948614348996774e-01
2.900000000000000000e+01 3.000000000000000000e+01 6.079654033737751373e-01
2.900000000000000000e+01 3.100000000000000000e+01 6.270934741722395955e-01
2.900000000000000000e+01 3.200000000000000000e+01 8.337211424503963020e-01
3.000000000000000000e+01 3.100000000000000000e+01 6.955620172480210250e-01
3.000000000000000000e+01 3.200000000000000000e+01 8.797134334782634735e-01
3.100000000000000000e+01 3.200000000000000000e+01 7.650655341762420125e-01
