1.000000000000000000e+00 2.000000000000000000e+00 8.691771476950579389e-01
1.000000000000000000e+00 3.000000000000000000e+00 9.851860648922080577e-01
1.000000000000000000e+00 4.000000000000000000e+00 9.656791405145465079e-01
1.000000000000000000e+00 5.000000000000000000e+00 9.819431611061816279e-01
1.000000000000000000e+00 6.000000000000000000e+00 9.928421609959189320e-01
1.000000000000000000e+00 7.000000000000000000e+00 9.860142707358341418e-01
1.000000000000000000e+00 8.000000000000000000e+00 1.014697473744601508e+00
1.000000000000000000e+00 9.000000000000000000e+00 9.535584011431874618e-01
1.000000000000000000e+00 1.000000000000000000e+01 1.004152009856098093e+00
1.000000000000000000e+00 1.100000000000000000e+01 9.769223924338065190e-01
1.000000000000000000e+00 1.200000000000000000e+01 9.919996602309331113e-01
1.000000000000000000e+00 1.300000000000000000e+01 9.698312476384129965e-01
1.000000000000000000e+00 1.400000000000000000e+01 1.245300715405783354e+00
1.000000000000000000e+00 1.500000000000000000e+01 1.004109853327855406e+00
1.000000000000000000e+00 1.600000000000000000e+01 1.168781672450019293e+00
1.000000000000000000e+00 1.700000000000000000e+01 1.202089790784635515e+00
1.000000000000000000e+00 1.800000000000000000e+01 1.183540801121760522e+00
1.000000000000000000e+00 1.900000000000000000e+01 1.258781606982773305e+00
1.000000000000000000e+00 2.000000000000000000e+01 1.209828291308162829e+00
1.000000000000000000e+00 2.100000000000000000e+01 1.042106901412361841e+00
1.000000000000000000e+00 2.200000000000000000e+01 1.197750627347492269e+00
1.000000000000000000e+00 2.300000000000000000e+01 1.054905587910911269e+00
1.000000000000000000e+00 2.400000000000000000e+01 1.066816795312265587e+00
1.000000000000000000e+00 2.500000000000000000e+01 1.217261872073211126e+00
1.000000000000000000e+00 2.600000000000000000e+01 1.263235712807134314e+00
1.000000000000000000e+00 2.700000000000000000e+01 1.301655037882987642e+00
1.000000000000000000e+00 2.800000000000000000e+01 1.174105237112698985e+00
1.000000000000000000e+00 2.900000000000000000e+01 1.162300177421998315e+00
1.000000000000000000e+00 3.000000000000000000e+01 1.157477260126076768e+00
1.000000000000000000e+00 3.100000000000000000e+01 1.213027846998209425e+00
1.000000000000000000e+00 3.200000000000000000e+01 1.337348745025427554e+00
2.000000000000000000e+00 3.000000000000000000e+00 8.382445300638955432e-01
2.000000000000000000e+00 4.000000000000000000e+00 8.078769411206011553e-01
2.000000000000000000e+00 5.000000000000000000e+00 8.327654756391110746e-01
2.000000000000000000e+00 6.000000000000000000e+00 8.473944116770985024e-01
2.000000000000000000e+00 7.000000000000000000e+00 8.376000834096095637e-01
2.000000000000000000e+00 8.000000000000000000e+00 8.757854910653584124e-01
2.000000000000000000e+00 9.000000000000000000e+00 7.872033850298392199e-01
2.000000000000000000e+00 1.000000000000000000e+01 8.623586639291995759e-01
2.000000000000000000e+00 1.100000000000000000e+01 8.276923066570301968e-01
2.000000000000000000e+00 1.200000000000000000e+01 8.480812693564812044e-01
2.000000000000000000e+00 1.300000000000000000e+01 8.418891794618041935e-01
2.000000000000000000e+00 1.400000000000000000e+01 1.123192341945798312e+00
2.000000000000000000e+00 1.500000000000000000e+01 8.892923915335753104e-01
2.000000000000000000e+00 1.600000000000000000e+01 1.047586569847398952e+00
2.000000000000000000e+00 1.700000000000000000e+01 1.080897125710625239e+00
2.000000000000000000e+00 1.800000000000000000e+01 1.062841696158651539e+00
2.000000000000000000e+00 1.900000000000000000e+01 1.138355308290401435e+00
2.000000000000000000e+00 2.000000000000000000e+01 1.089590100061191613e+00
2.000000000000000000e+00 2.100000000000000000e+01 9.277953051588181399e-01
2.000000000000000000e+00 2.200000000000000000e+01 1.078680035077999033e+00
2.000000000000000000e+00 2.300000000000000000e+01 9.432449047322042368e-01
2.000000000000000000e+00 2.400000000000000000e+01 9.559616863252982100e-01
2.000000000000000000e+00 2.500000000000000000e+01 1.101975878948374454e+00
2.000000000000000000e+00 2.600000000000000000e+01 1.148432754279674173e+00
2.000000000000000000e+00 2.700000000000000000e+01 1.187190624971405484e+00
2.000000000000000000e+00 2.800000000000000000e+01 1.063986716473792393e+00
2.000000000000000000e+00 2.900000000000000000e+01 1.053553935009940323e+00
2.000000000000000000e+00 3.000000000000000000e+01 1.051893255188992349e+00
2.000000000000000000e+00 3.100000000000000000e+01 1.103170424345994549e+00
2.000000000000000000e+00 3.200000000000000000e+01 1.225097511818140195e+00
3.000000000000000000e+00 4.000000000000000000e+00 5.995997753410730047e-01
3.000000000000000000e+00 5.000000000000000000e+00 4.613975737227390406e-01
3.000000000000000000e+00 6.000000000000000000e+00 5.762019111411437189e-01
3.000000000000000000e+00 7.000000000000000000e+00 6.282463518458287766e-01
3.000000000000000000e+00 8.000000000000000000e+00 6.633660005677222138e-01
3.000000000000000000e+00 9.000000000000000000e+00 7.328932944818749018e-01
3.000000000000000000e+00 1.000000000000000000e+01 6.522136503580873157e-01
3.000000000000000000e+00 1.100000000000000000e+01 7.400342030366559021e-01
3.000000000000000000e+00 1.200000000000000000e+01 7.254762367518259314e-01
3.000000000000000000e+00 1.300000000000000000e+01 8.451954413167306335e-01
3.000000000000000000e+00 1.400000000000000000e+01 1.023517858250395651e+00
3.000000000000000000e+00 1.500000000000000000e+01 8.747310618382402314e-01
3.000000000000000000e+00 1.600000000000000000e+01 9.538978192691369706e-01
3.000000000000000000e+00 1.700000000000000000e+01 9.862366665868278481e-01
3.000000000000000000e+00 1.800000000000000000e+01 9.710171776016112144e-01
3.000000000000000000e+00 1.900000000000000000e+01 1.046832196639742474e+00
3.000000000000000000e+00 2.000000000000000000e+01 9.993459618291558044e-01
3.000000000000000000e+00 2.100000000000000000e+01 8.880537794179579336e-01
3.000000000000000000e+00 2.200000000000000000e+01 9.939405966768268819e-01
3.000000000000000000e+00 2.300000000000000000e+01 9.045569880244417327e-01
3.000000000000000000e+00 2.400000000000000000e+01 9.152131108248138247e-01
3.000000000000000000e+00 2.500000000000000000e+01 1.032106746240531781e+00
3.000000000000000000e+00 2.600000000000000000e+01 1.079790320569591122e+00
3.000000000000000000e+00 2.700000000000000000e+01 1.119575445722355234e+00
3.000000000000000000e+00 2.800000000000000000e+01 1.011968175749131449e+00
3.000000000000000000e+00 2.900000000000000000e+01 1.005715306319839852e+00
3.000000000000000000e+00 3.000000000000000000e+01 1.012107728678052432e+00
3.000000000000000000e+00 3.100000000000000000e+01 1.050957524358353767e+00
3.000000000000000000e+00 3.200000000000000000e+01 1.164838706365579846e+00
4.000000000000000000e+00 5.000000000000000000e+00 5.683693648265427667e-01
4.000000000000000000e+00 6.000000000000000000e+00 6.414360127046093707e-01
4.000000000000000000e+00 7.000000000000000000e+00 6.351505013943941069e-01
4.000000000000000000e+00 8.000000000000000000e+00 7.164235234441325151e-01
4.000000000000000000e+00 9.000000000000000000e+00 6.842137598330768622e-01
4.000000000000000000e+00 1.000000000000000000e+01 6.935511764433957005e-01
4.000000000000000000e+00 1.100000000000000000e+01 7.178254799068709557e-01
4.000000000000000000e+00 1.200000000000000000e+01 7.197311649898681107e-01
4.000000000000000000e+00 1.300000000000000000e+01 8.270576084198268951e-01
4.000000000000000000e+00 1.400000000000000000e+01 1.037897646178510325e+00
4.000000000000000000e+00 1.500000000000000000e+01 8.634982903786492248e-01
4.000000000000000000e+00 1.600000000000000000e+01 9.661597549211391467e-01
4.000000000000000000e+00 1.700000000000000000e+01 9.989631877359981260e-01
4.000000000000000000e+00 1.800000000000000000e+01 9.827957745446032067e-01
4.000000000000000000e+00 1.900000000000000000e+01 1.058682835337835915e+00
4.000000000000000000e+00 2.000000000000000000e+01 1.010742267038053033e+00
4.000000000000000000e+00 2.100000000000000000e+01 8.834831648506724644e-01
4.000000000000000000e+00 2.200000000000000000e+01 1.003665561060408606e+00
4.000000000000000000e+00 2.300000000000000000e+01 9.006470125398950977e-01
4.000000000000000000e+00 2.400000000000000000e+01 9.122354111523076625e-01
4.000000000000000000e+00 2.500000000000000000e+01 1.037757275271000701e+00
4.000000000000000000e+00 2.600000000000000000e+01 1.085197951291709595e+00
4.000000000000000000e+00 2.700000000000000000e+01 1.124742493944216104e+00
4.000000000000000000e+00 2.800000000000000000e+01 1.013108321795902489e+00
4.000000000000000000e+00 2.900000000000000000e+01 1.005882558172365604e+00
4.000000000000000000e+00 3.000000000000000000e+01 1.010585637447588780e+00
4.000000000000000000e+00 3.100000000000000000e+01 1.052272644616075725e+00
4.000000000000000000e+00 3.200000000000000000e+01 1.168165456366904831e+00
5.000000000000000000e+00 6.000000000000000000e+00 5.467962586153890525e-01
5.000000000000000000e+00 7.000000000000000000e+00 5.902555975391612364e-01
5.000000000000000000e+00 8.000000000000000000e+00 6.632093002130015069e-01
5.000000000000000000e+00 9.000000000000000000e+00 7.141551217753099312e-01
5.000000000000000000e+00 1.000000000000000000e+01 6.393762284265034346e-01
5.000000000000000000e+00 1.100000000000000000e+01 7.216422058059240863e-01
5.000000000000000000e+00 1.200000000000000000e+01 7.074448658342287199e-01
5.000000000000000000e+00 1.300000000000000000e+01 8.348864413675360918e-01
5.000000000000000000e+00 1.400000000000000000e+01 1.020796987389120503e+00
5.000000000000000000e+00 1.500000000000000000e+01 8.656902392432297422e-01
5.000000000000000000e+00 1.600000000000000000e+01 9.503747180761239477e-01
5.000000000000000000e+00 1.700000000000000000e+01 9.829456548985651132e-01
5.000000000000000000e+00 1.800000000000000000e+01 9.673978326660719329e-01
5.000000000000000000e+00 1.900000000000000000e+01 1.043322652359634173e+00
5.000000000000000000e+00 2.000000000000000000e+01 9.956655228400124180e-01
5.000000000000000000e+00 2.100000000000000000e+01 8.800369057849068977e-01
5.000000000000000000e+00 2.200000000000000000e+01 9.897650536709865499e-01
5.000000000000000000e+00 2.300000000000000000e+01 8.969338236501274153e-01
5.000000000000000000e+00 2.400000000000000000e+01 9.078785467221204275e-01
5.000000000000000000e+00 2.500000000000000000e+01 1.026929919141996717e+00
5.000000000000000000e+00 2.600000000000000000e+01 1.074592763938735596e+00
5.000000000000000000e+00 2.700000000000000000e+01 1.114335429669535582e+00
5.000000000000000000e+00 2.800000000000000000e+01 1.005847738357419141e+00
5.000000000000000000e+00 2.900000000000000000e+01 9.994254102962252251e-01
5.000000000000000000e+00 3.000000000000000000e+01 1.005591404380717702e+00
5.000000000000000000e+00 3.100000000000000000e+01 1.044919269530332206e+00
5.000000000000000000e+00 3.200000000000000000e+01 1.159215551066147043e+00
6.000000000000000000e+00 7.000000000000000000e+00 5.318824964313799697e-01
6.000000000000000000e+00 8.000000000000000000e+00 6.007178674192601431e-01
6.000000000000000000e+00 9.000000000000000000e+00 7.211373418751843012e-01
6.000000000000000000e+00 1.000000000000000000e+01 5.468145054439674801e-01
6.000000000000000000e+00 1.100000000000000000e+01 7.080428677362068379e-01
6.000000000000000000e+00 1.200000000000000000e+01 6.775824569020285626e-01
6.000000000000000000e+00 1.300000000000000000e+01 8.297575028667290020e-01
6.000000000000000000e+00 1.400000000000000000e+01 1.001034788585593471e+00
6.000000000000000000e+00 1.500000000000000000e+01 8.566499926661510500e-01
6.000000000000000000e+00 1.600000000000000000e+01 9.307863640209497191e-01
6.000000000000000000e+00 1.700000000000000000e+01 9.634582567515015405e-01
6.000000000000000000e+00 1.800000000000000000e+01 9.480669218204462734e-01
6.000000000000000000e+00 1.900000000000000000e+01 1.024190209888971914e+00
6.000000000000000000e+00 2.000000000000000000e+01 9.765743458535274257e-01
6.000000000000000000e+00 2.100000000000000000e+01 8.667826616238611948e-01
6.000000000000000000e+00 2.200000000000000000e+01 9.711579258167146733e-01
6.000000000000000000e+00 2.300000000000000000e+01 8.838543193821355448e-01
6.000000000000000000e+00 2.400000000000000000e+01 8.945110771456841192e-01
6.000000000000000000e+00 2.500000000000000000e+01 1.009996929885504269e+00
6.000000000000000000e+00 2.600000000000000000e+01 1.057848644666699256e+00
6.000000000000000000e+00 2.700000000000000000e+01 1.097728012749465965e+00
6.000000000000000000e+00 2.800000000000000000e+01 9.911465417001823486e-01
6.000000000000000000e+00 2.900000000000000000e+01 9.852812411098053058e-01
6.000000000000000000e+00 3.000000000000000000e+01 9.925583887275020167e-01
6.000000000000000000e+00 3.100000000000000000e+01 1.030230048856931147e+00
6.000000000000000000e+00 3.200000000000000000e+01 1.143519836807524115e+00
7.000000000000000000e+00 8.000000000000000000e+00 6.466094327313716139e-01
7.000000000000000000e+00 9.000000000000000000e+00 6.870408018865077349e-01
7.000000000000000000e+00 1.000000000000000000e+01 5.811461779495148416e-01
7.000000000000000000e+00 1.100000000000000000e+01 6.662932563524116558e-01
7.000000000000000000e+00 1.200000000000000000e+01 6.339070074210702010e-01
7.000000000000000000e+00 1.300000000000000000e+01 8.110258240627807869e-01
7.000000000000000000e+00 1.400000000000000000e+01 1.002093872210602310e+00
7.000000000000000000e+00 1.500000000000000000e+01 8.411985011786236033e-01
7.000000000000000000e+00 1.600000000000000000e+01 9.300997501576255821e-01
7.000000000000000000e+00 1.700000000000000000e+01 9.632318570215585574e-01
7.000000000000000000e+00 1.800000000000000000e+01 9.470956417257323512e-01
7.000000000000000000e+00 1.900000000000000000e+01 1.023391823022361535e+00
7.000000000000000000e+00 2.000000000000000000e+01 9.754010078332684408e-01
7.000000000000000000e+00 2.100000000000000000e+01 8.543983715407310608e-01
7.000000000000000000e+00 2.200000000000000000e+01 9.687857785981188741e-01
7.000000000000000000e+00 2.300000000000000000e+01 8.724108924849480751e-01
7.000000000000000000e+00 2.400000000000000000e+01 8.838162778889258053e-01
7.000000000000000000e+00 2.500000000000000000e+01 1.005018985637122775e+00
7.000000000000000000e+00 2.600000000000000000e+01 1.052783574426591651e+00
7.000000000000000000e+00 2.700000000000000000e+01 1.092538668738801899e+00
7.000000000000000000e+00 2.800000000000000000e+01 9.835720792047306649e-01
7.000000000000000000e+00 2.900000000000000000e+01 9.772104156154461929e-01
7.000000000000000000e+00 3.000000000000000000e+01 9.837598519093098126e-01
7.000000000000000000e+00 3.100000000000000000e+01 1.022844187963749762e+00
7.000000000000000000e+00 3.200000000000000000e+01 1.137278861789080775e+00
8.000000000000000000e+00 9.000000000000000000e+00 7.642064492548714671e-01
8.000000000000000000e+00 1.000000000000000000e+01 5.333947604921558394e-01
8.000000000000000000e+00 1.100000000000000000e+01 7.393568220740206476e-01
8.000000000000000000e+00 1.200000000000000000e+01 6.997729845397262505e-01
8.000000000000000000e+00 1.300000000000000000e+01 8.448079837776119039e-01
8.000000000000000000e+00 1.400000000000000000e+01 9.741178563744843366e-01
8.000000000000000000e+00 1.500000000000000000e+01 8.634500327695842081e-01
8.000000000000000000e+00 1.600000000000000000e+01 9.062085600531979424e-01
8.000000000000000000e+00 1.700000000000000000e+01 9.384580627532597141e-01
8.000000000000000000e+00 1.800000000000000000e+01 9.241816773399837981e-01
8.000000000000000000e+00 1.900000000000000000e+01 1.000359878267974345e+00
8.000000000000000000e+00 2.000000000000000000e+01 9.532540977903543045e-01
8.000000000000000000e+00 2.100000000000000000e+01 8.648920307366734228e-01
8.000000000000000000e+00 2.200000000000000000e+01 9.499417072652049931e-01
8.000000000000000000e+00 2.300000000000000000e+01 8.809541902983455408e-01
8.000000000000000000e+00 2.400000000000000000e+01 8.903074610341885631e-01
8.000000000000000000e+00 2.500000000000000000e+01 9.941432661223310596e-01
8.000000000000000000e+00 2.600000000000000000e+01 1.042335990947985236e+00
8.000000000000000000e+00 2.700000000000000000e+01 1.082539978996893026e+00
8.000000000000000000e+00 2.800000000000000000e+01 9.813180713302782632e-01
8.000000000000000000e+00 2.900000000000000000e+01 9.767601968841386206e-01
8.000000000000000000e+00 3.000000000000000000e+01 9.863061582392904647e-01
8.000000000000000000e+00 3.100000000000000000e+01 1.020172330975946062e+00
8.000000000000000000e+00 3.200000000000000000e+01 1.130779746558488341e+00
9.000000000000000000e+00 1.000000000000000000e+01 7.365381797720211843e-01
9.000000000000000000e+00 1.100000000000000000e+01 6.291579099707714784e-01
9.000000000000000000e+00 1.200000000000000000e+01 6.868713267418589119e-01
9.000000000000000000e+00 1.300000000000000000e+01 7.629985588004564168e-01
9.000000000000000000e+00 1.400000000000000000e+01 1.035629498137902171e+00
9.000000000000000000e+00 1.500000000000000000e+01 8.164120417267948238e-01
9.000000000000000000e+00 1.600000000000000000e+01 9.602006930520223804e-01
9.000000000000000000e+00 1.700000000000000000e+01 9.938885650314648323e-01
9.000000000000000000e+00 1.800000000000000000e+01 9.761053972888309449e-01
9.000000000000000000e+00 1.900000000000000000e+01 1.052230795887853620e+00
9.000000000000000000e+00 2.000000000000000000e+01 1.003497120314891244e+00
9.000000000000000000e+00 2.100000000000000000e+01 8.484586287921660475e-01
9.000000000000000000e+00 2.200000000000000000e+01 9.936820960424945781e-01
9.000000000000000000e+00 2.300000000000000000e+01 8.677979660808916584e-01
9.000000000000000000e+00 2.400000000000000000e+01 8.813747019766200452e-01
9.000000000000000000e+00 2.500000000000000000e+01 1.021420781776896991e+00
9.000000000000000000e+00 2.600000000000000000e+01 1.068566420203352463e+00
9.000000000000000000e+00 2.700000000000000000e+01 1.107773055328818312e+00
9.000000000000000000e+00 2.800000000000000000e+01 9.900621088820484861e-01
9.000000000000000000e+00 2.900000000000000000e+01 9.814732667375591912e-01
9.000000000000000000e+00 3.000000000000000000e+01 9.840490415910880806e-01
9.000000000000000000e+00 3.100000000000000000e+01 1.029629982015403344e+00
9.000000000000000000e+00 3.200000000000000000e+01 1.148488261645809860e+00
1.000000000000000000e+01 1.100000000000000000e+01 7.055165605675423057e-01
1.000000000000000000e+01 1.200000000000000000e+01 6.569356667934285188e-01
1.000000000000000000e+01 1.300000000000000000e+01 8.271434095735412662e-01
1.000000000000000000e+01 1.400000000000000000e+01 9.803335420009249290e-01
1.000000000000000000e+01 1.500000000000000000e+01 8.489662600926164426e-01
1.000000000000000000e+01 1.600000000000000000e+01 9.101303469098107612e-01
1.000000000000000000e+01 1.700000000000000000e+01 9.429830379470884871e-01
1.000000000000000000e+01 1.800000000000000000e+01 9.277228230316716395e-01
1.000000000000000000e+01 1.900000000000000000e+01 1.004123873589749749e+00
1.000000000000000000e+01 2.000000000000000000e+01 9.565246446648134615e-01
1.000000000000000000e+01 2.100000000000000000e+01 8.538621345132002549e-01
1.000000000000000000e+01 2.200000000000000000e+01 9.516253107562389069e-01
1.000000000000000000e+01 2.300000000000000000e+01 8.709832420537990672e-01
1.000000000000000000e+01 2.400000000000000000e+01 8.812205053261195076e-01
1.000000000000000000e+01 2.500000000000000000e+01 9.923777802645812329e-01
1.000000000000000000e+01 2.600000000000000000e+01 1.040452726371034808e+00
1.000000000000000000e+01 2.700000000000000000e+01 1.080490969116292277e+00
1.000000000000000000e+01 2.800000000000000000e+01 9.761152413893248170e-01
1.000000000000000000e+01 2.900000000000000000e+01 9.708962066562702997e-01
1.000000000000000000e+01 3.000000000000000000e+01 9.794463237743893380e-01
1.000000000000000000e+01 3.100000000000000000e+01 1.015206333247800297e+00
1.000000000000000000e+01 3.200000000000000000e+01 1.127332797515093521e+00
1.100000000000000000e+01 1.200000000000000000e+01 5.759942055081743728e-01
1.100000000000000000e+01 1.300000000000000000e+01 7.478959901574666613e-01
1.100000000000000000e+01 1.400000000000000000e+01 1.004416786465311962e+00
1.100000000000000000e+01 1.500000000000000000e+01 7.912301325663186891e-01
1.100000000000000000e+01 1.600000000000000000e+01 9.280665727698065304e-01
1.100000000000000000e+01 1.700000000000000000e+01 9.622421394699252062e-01
1.100000000000000000e+01 1.800000000000000000e+01 9.441814077431225360e-01
1.100000000000000000e+01 1.900000000000000000e+01 1.020759806775975331e+00
1.100000000000000000e+01 2.000000000000000000e+01 9.718259421092749761e-01
1.100000000000000000e+01 2.100000000000000000e+01 8.163076178247148373e-01
1.100000000000000000e+01 2.200000000000000000e+01 9.619446705525551700e-01
1.100000000000000000e+01 2.300000000000000000e+01 8.377819246851756496e-01
1.100000000000000000e+01 2.400000000000000000e+01 8.518222301655480333e-01
1.100000000000000000e+01 2.500000000000000000e+01 9.907084753826498336e-01
1.100000000000000000e+01 2.600000000000000000e+01 1.038178919499055608e+00
1.100000000000000000e+01 2.700000000000000000e+01 1.077560841396197677e+00
1.100000000000000000e+01 2.800000000000000000e+01 9.615928737374679347e-01
1.100000000000000000e+01 2.900000000000000000e+01 9.537396829398552267e-01
1.100000000000000000e+01 3.000000000000000000e+01 9.581329284630886178e-01
1.100000000000000000e+01 3.100000000000000000e+01 1.001424187651675402e+00
1.100000000000000000e+01 3.200000000000000000e+01 1.119227163652885881e+00
1.200000000000000000e+01 1.300000000000000000e+01 7.745295598540458126e-01
1.200000000000000000e+01 1.400000000000000000e+01 9.839857346495866075e-01
1.200000000000000000e+01 1.500000000000000000e+01 8.026245349398679618e-01
1.200000000000000000e+01 1.600000000000000000e+01 9.086314655328977530e-01
1.200000000000000000e+01 1.700000000000000000e+01 9.428158552409895421e-01
1.200000000000000000e+01 1.800000000000000000e+01 9.253225126833284353e-01
1.200000000000000000e+01 1.900000000000000000e+01 1.002196937318168057e+00
1.200000000000000000e+01 2.000000000000000000e+01 9.534823690087654846e-01
1.200000000000000000e+01 2.100000000000000000e+01 8.151624052177046664e-01
1.200000000000000000e+01 2.200000000000000000e+01 9.449413191180111582e-01
1.200000000000000000e+01 2.300000000000000000e+01 8.358866162544236200e-01
1.200000000000000000e+01 2.400000000000000000e+01 8.486624817008858734e-01
1.200000000000000000e+01 2.500000000000000000e+01 9.777901918975842044e-01
1.200000000000000000e+01 2.600000000000000000e+01 1.025638991779427078e+00
1.200000000000000000e+01 2.700000000000000000e+01 1.065318384858983336e+00
1.200000000000000000e+01 2.800000000000000000e+01 9.538097279711881260e-01
1.200000000000000000e+01 2.900000000000000000e+01 9.471710422593975220e-01
1.200000000000000000e+01 3.000000000000000000e+01 9.537977413992941855e-01
1.200000000000000000e+01 3.100000000000000000e+01 9.935472513680772000e-01
1.200000000000000000e+01 3.200000000000000000e+01 1.109056568797028852e+00
1.300000000000000000e+01 1.400000000000000000e+01 1.036992690076368628e+00
1.300000000000000000e+01 1.500000000000000000e+01 6.832954864187268385e-01
1.300000000000000000e+01 1.600000000000000000e+01 9.557868421099744438e-01
1.300000000000000000e+01 1.700000000000000000e+01 9.904846572354730760e-01
1.300000000000000000e+01 1.800000000000000000e+01 9.699832294029537838e-01
1.300000000000000000e+01 1.900000000000000000e+01 1.045938664602629409e+00
1.300000000000000000e+01 2.000000000000000000e+01 9.959580443950923900e-01
1.300000000000000000e+01 2.100000000000000000e+01 7.777147190828255230e-01
1.300000000000000000e+01 2.200000000000000000e+01 9.809639410875536925e-01
1.300000000000000000e+01 2.300000000000000000e+01 8.015408081362667136e-01
1.300000000000000000e+01 2.400000000000000000e+01 8.205958036394878086e-01
1.300000000000000000e+01 2.500000000000000000e+01 9.951684021909010802e-01
1.300000000000000000e+01 2.600000000000000000e+01 1.041409719928360067e+00
1.300000000000000000e+01 2.700000000000000000e+01 1.079781467609158163e+00
1.300000000000000000e+01 2.800000000000000000e+01 9.481854786475751862e-01
1.300000000000000000e+01 2.900000000000000000e+01 9.361667957239367954e-01
1.300000000000000000e+01 3.000000000000000000e+01 9.331533219472443186e-01
1.300000000000000000e+01 3.100000000000000000e+01 9.884947563425405814e-01
1.300000000000000000e+01 3.200000000000000000e+01 1.114261880612611222e+00
1.400000000000000000e+01 1.500000000000000000e+01 1.016494252782066843e+00
1.400000000000000000e+01 1.600000000000000000e+01 6.639850352690781499e-01
1.400000000000000000e+01 1.700000000000000000e+01 5.787207103462193025e-01
1.400000000000000000e+01 1.800000000000000000e+01 6.543083402722491559e-01
1.400000000000000000e+01 1.900000000000000000e+01 6.242154104735797571e-01
1.400000000000000000e+01 2.000000000000000000e+01 6.479758953162577662e-01
1.400000000000000000e+01 2.100000000000000000e+01 9.709617569859971820e-01
1.400000000000000000e+01 2.200000000000000000e+01 7.312630328198430618e-01
1.400000000000000000e+01 2.300000000000000000e+01 9.706111399413095420e-01
1.400000000000000000e+01 2.400000000000000000e+01 9.651877261211700976e-01
1.400000000000000000e+01 2.500000000000000000e+01 8.877665194953512362e-01
1.400000000000000000e+01 2.600000000000000000e+01 9.335554332278379608e-01
1.400000000000000000e+01 2.700000000000000000e+01 9.770925551632374528e-01
1.400000000000000000e+01 2.800000000000000000e+01 9.685075797115125784e-01
1.400000000000000000e+01 2.900000000000000000e+01 9.793400077226983580e-01
1.400000000000000000e+01 3.000000000000000000e+01 1.010451905272635731e+00
1.400000000000000000e+01 3.100000000000000000e+01 9.988551535971244011e-01
1.400000000000000000e+01 3.200000000000000000e+01 1.066575132071692522e+00
1.500000000000000000e+01 1.600000000000000000e+01 9.319856730337714446e-01
1.500000000000000000e+01 1.700000000000000000e+01 9.672391064329244337e-01
1.500000000000000000e+01 1.800000000000000000e+01 9.451613396996461081e-01
1.500000000000000000e+01 1.900000000000000000e+01 1.020999720995042548e+00
1.500000000000000000e+01 2.000000000000000000e+01 9.702964119247163843e-01
1.500000000000000000e+01 2.100000000000000000e+01 6.941860807902411334e-01
1.500000000000000000e+01 2.200000000000000000e+01 9.522632157160950683e-01
1.500000000000000000e+01 2.300000000000000000e+01 7.264746969358033546e-01
1.500000000000000000e+01 2.400000000000000000e+01 7.538318936344812204e-01
1.500000000000000000e+01 2.500000000000000000e+01 9.586021672065849764e-01
1.500000000000000000e+01 2.600000000000000000e+01 1.004456576565167181e+00
1.500000000000000000e+01 2.700000000000000000e+01 1.042411939415430311e+00
1.500000000000000000e+01 2.800000000000000000e+01 9.027983937101742296e-01
1.500000000000000000e+01 2.900000000000000000e+01 8.890163797197716544e-01
1.500000000000000000e+01 3.000000000000000000e+01 8.842189001320934771e-01
1.500000000000000000e+01 3.100000000000000000e+01 9.440670310264194232e-01
1.500000000000000000e+01 3.200000000000000000e+01 1.073598340400915951e+00
1.600000000000000000e+01 1.700000000000000000e+01 5.492441104745202640e-01
1.600000000000000000e+01 1.800000000000000000e+01 4.621145509462685208e-01
1.600000000000000000e+01 1.900000000000000000e+01 6.606144524936179430e-01
1.600000000000000000e+01 2.000000000000000000e+01 5.805628578825832165e-01
1.600000000000000000e+01 2.100000000000000000e+01 8.820958036607542407e-01
1.600000000000000000e+01 2.200000000000000000e+01 6.209034619793558640e-01
1.600000000000000000e+01 2.300000000000000000e+01 8.802861799026393541e-01
1.600000000000000000e+01 2.400000000000000000e+01 8.735181025129659105e-01
1.600000000000000000e+01 2.500000000000000000e+01 7.891009393456283050e-01
1.600000000000000000e+01 2.600000000000000000e+01 8.392081175367394064e-01
1.600000000000000000e+01 2.700000000000000000e+01 8.838184982666090761e-01
1.600000000000000000e+01 2.800000000000000000e+01 8.718460558779470571e-01
1.600000000000000000e+01 2.900000000000000000e+01 8.836372141531281255e-01
1.600000000000000000e+01 3.000000000000000000e+01 9.165165762606704014e-01
1.600000000000000000e+01 3.100000000000000000e+01 9.028195990052350073e-01
1.600000000000000000e+01 3.200000000000000000e+01 9.713915582919918634e-01
1.700000000000000000e+01 1.800000000000000000e+01 5.059309982447859344e-01
1.700000000000000000e+01 1.900000000000000000e+01 5.680758833317325340e-01
1.700000000000000000e+01 2.000000000000000000e+01 5.111273716451081306e-01
1.700000000000000000e+01 2.100000000000000000e+01 9.184175985246179064e-01
1.700000000000000000e+01 2.200000000000000000e+01 6.313861318123583644e-01
1.700000000000000000e+01 2.300000000000000000e+01 9.164481865474900513e-01
1.700000000000000000e+01 2.400000000000000000e+01 9.096297087487035249e-01
1.700000000000000000e+01 2.500000000000000000e+01 8.123966465204657261e-01
1.700000000000000000e+01 2.600000000000000000e+01 8.586721349189472274e-01
1.700000000000000000e+01 2.700000000000000000e+01 9.027954742648276465e-01
1.700000000000000000e+01 2.800000000000000000e+01 9.035428232365945167e-01
1.700000000000000000e+01 2.900000000000000000e+01 9.159576094643584465e-01
1.700000000000000000e+01 3.000000000000000000e+01 9.491458661737355307e-01
1.700000000000000000e+01 3.100000000000000000e+01 9.329396038718427153e-01
1.700000000000000000e+01 3.200000000000000000e+01 9.963149608970436333e-01
1.800000000000000000e+01 1.900000000000000000e+01 6.191733001276789050e-01
1.800000000000000000e+01 2.000000000000000000e+01 5.059368833179216374e-01
1.800000000000000000e+01 2.100000000000000000e+01 8.943392957490037265e-01
1.800000000000000000e+01 2.200000000000000000e+01 5.802434459055840765e-01
1.800000000000000000e+01 2.300000000000000000e+01 8.915076870945459753e-01
1.800000000000000000e+01 2.400000000000000000e+01 8.839271196998370606e-01
1.800000000000000000e+01 2.500000000000000000e+01 7.795450620174326772e-01
1.800000000000000000e+01 2.600000000000000000e+01 8.280950073199384587e-01
1.800000000000000000e+01 2.700000000000000000e+01 8.728998611985638867e-01
1.800000000000000000e+01 2.800000000000000000e+01 8.739136334101729187e-01
1.800000000000000000e+01 2.900000000000000000e+01 8.870238868712496672e-01
1.800000000000000000e+01 3.000000000000000000e+01 9.212813815399698569e-01
1.800000000000000000e+01 3.100000000000000000e+01 9.033572097724127392e-01
1.800000000000000000e+01 3.200000000000000000e+01 9.662931503872682626e-01
1.900000000000000000e+01 2.000000000000000000e+01 5.385548579896441979e-01
1.900000000000000000e+01 2.100000000000000000e+01 9.705700767554132913e-01
1.900000000000000000e+01 2.200000000000000000e+01 6.483969334615928837e-01
1.900000000000000000e+01 2.300000000000000000e+01 9.670975454748740319e-01
1.900000000000000000e+01 2.400000000000000000e+01 9.590782873219891869e-01
1.900000000000000000e+01 2.500000000000000000e+01 8.325357047686683387e-01
1.900000000000000000e+01 2.600000000000000000e+01 8.736647567923829794e-01
1.900000000000000000e+01 2.700000000000000000e+01 9.172825795862631360e-01
1.900000000000000000e+01 2.800000000000000000e+01 9.406105624210281402e-01
1.900000000000000000e+01 2.900000000000000000e+01 9.549661157955660062e-01
1.900000000000000000e+01 3.000000000000000000e+01 9.901561300120396147e-01
1.900000000000000000e+01 3.100000000000000000e+01 9.674368743941654802e-01
1.900000000000000000e+01 3.200000000000000000e+01 1.021208653676566769e+00
2.000000000000000000e+01 2.100000000000000000e+01 9.188584332870772808e-01
2.000000000000000000e+01 2.200000000000000000e+01 5.601425967258437666e-01
2.000000000000000000e+01 2.300000000000000000e+01 9.150741963054680461e-01
2.000000000000000000e+01 2.400000000000000000e+01 9.067576718061565177e-01
2.000000000000000000e+01 2.500000000000000000e+01 7.800736785248993943e-01
2.000000000000000000e+01 2.600000000000000000e+01 8.246257522598419154e-01
2.000000000000000000e+01 2.700000000000000000e+01 8.691387274411459529e-01
2.000000000000000000e+01 2.800000000000000000e+01 8.878050757737774301e-01
2.000000000000000000e+01 2.900000000000000000e+01 9.022991853335609047e-01
2.000000000000000000e+01 3.000000000000000000e+01 9.378701937226665564e-01
2.000000000000000000e+01 3.100000000000000000e+01 9.151807310207080715e-01
2.000000000000000000e+01 3.200000000000000000e+01 9.706656133569802059e-01
2.100000000000000000e+01 2.200000000000000000e+01 8.974242651723791653e-01
2.100000000000000000e+01 2.300000000000000000e+01 5.498588536328110621e-01
2.100000000000000000e+01 2.400000000000000000e+01 6.233668185961125374e-01
2.100000000000000000e+01 2.500000000000000000e+01 8.971170913507990896e-01
2.100000000000000000e+01 2.600000000000000000e+01 9.436443870430897274e-01
2.100000000000000000e+01 2.700000000000000000e+01 9.817130871671513326e-01
2.100000000000000000e+01 2.800000000000000000e+01 8.374409660603376881e-01
2.100000000000000000e+01 2.900000000000000000e+01 8.243656424288805518e-01
2.100000000000000000e+01 3.000000000000000000e+01 8.260125150390034143e-01
2.100000000000000000e+01 3.100000000000000000e+01 8.816870767687110533e-01
2.100000000000000000e+01 3.200000000000000000e+01 1.012239991152292795e+00
2.200000000000000000e+01 2.300000000000000000e+01 8.913968953646360660e-01
2.200000000000000000e+01 2.400000000000000000e+01 8.812073365475505682e-01
2.200000000000000000e+01 2.500000000000000000e+01 7.199724857382714394e-01
2.200000000000000000e+01 2.600000000000000000e+01 7.682761755968636752e-01
2.200000000000000000e+01 2.700000000000000000e+01 8.148257408976773419e-01
2.200000000000000000e+01 2.800000000000000000e+01 8.473850699341782811e-01
2.200000000000000000e+01 2.900000000000000000e+01 8.643496213695811559e-01
2.200000000000000000e+01 3.000000000000000000e+01 9.029033816187008732e-01
2.200000000000000000e+01 3.100000000000000000e+01 8.731019984707824033e-01
2.200000000000000000e+01 3.200000000000000000e+01 9.220047009277370087e-01
2.300000000000000000e+01 2.400000000000000000e+01 5.162014711606963679e-01
2.300000000000000000e+01 2.500000000000000000e+01 8.836019169316027266e-01
2.300000000000000000e+01 2.600000000000000000e+01 9.295240760819243331e-01
2.300000000000000000e+01 2.700000000000000000e+01 9.671074192022262039e-01
2.300000000000000000e+01 2.800000000000000000e+01 8.137184064170683850e-01
2.300000000000000000e+01 2.900000000000000000e+01 7.984570699466608801e-01
2.300000000000000000e+01 3.000000000000000000e+01 7.989664761229042789e-01
2.300000000000000000e+01 3.100000000000000000e+01 8.594083890455268548e-01
2.300000000000000000e+01 3.200000000000000000e+01 9.941663384215528865e-01
2.400000000000000000e+01 2.500000000000000000e+01 8.675149221525435550e-01
2.400000000000000000e+01 2.600000000000000000e+01 9.131827437906541167e-01
2.400000000000000000e+01 2.700000000000000000e+01 9.504930795345396533e-01
2.400000000000000000e+01 2.800000000000000000e+01 7.900641700220309982e-01
2.400000000000000000e+01 2.900000000000000000e+01 7.736120816285885216e-01
2.400000000000000000e+01 3.000000000000000000e+01 7.759329044262246455e-01
2.400000000000000000e+01 3.100000000000000000e+01 8.377113093676376021e-01
2.400000000000000000e+01 3.200000000000000000e+01 9.753360645789923566e-01
2.500000000000000000e+01 2.600000000000000000e+01 5.878689130297576337e-01
2.500000000000000000e+01 2.700000000000000000e+01 6.671776695602402718e-01
2.500000000000000000e+01 2.800000000000000000e+01 7.627188263732145312e-01
2.500000000000000000e+01 2.900000000000000000e+01 7.917994692785370603e-01
2.500000000000000000e+01 3.000000000000000000e+01 8.420187458463663788e-01
2.500000000000000000e+01 3.100000000000000000e+01 7.750973496081521308e-01
2.500000000000000000e+01 3.200000000000000000e+01 7.883481901112001644e-01
2.600000000000000000e+01 2.700000000000000000e+01 5.329951322758530452e-01
2.600000000000000000e+01 2.800000000000000000e+01 7.957974369978839668e-01
2.600000000000000000e+01 2.900000000000000000e+01 8.252513549763944578e-01
2.600000000000000000e+01 3.000000000000000000e+01 8.745207586503900288e-01
2.600000000000000000e+01 3.100000000000000000e+01 7.954690921146407856e-01
2.600000000000000000e+01 3.200000000000000000e+01 7.544333588109175537e-01
2.700000000000000000e+01 2.800000000000000000e+01 8.262580393898215636e-01
2.700000000000000000e+01 2.900000000000000000e+01 8.556519466556300468e-01
2.700000000000000000e+01 3.000000000000000000e+01 9.043001942970954055e-01
2.700000000000000000e+01 3.100000000000000000e+01 8.191250446340385682e-01
2.700000000000000000e+01 3.200000000000000000e+01 7.394509279114602762e-01
2.800000000000000000e+01 2.900000000000000000e+01 5.302461449195103871e-01
2.800000000000000000e+01 3.000000000000000000e+01 6.693661950890983370e-01
2.800000000000000000e+01 3.100000000000000000e+01 5.879248587947711879e-01
2.800000000000000000e+01 3.200000000000000000e+01 8.105762028183094436e-01
2.900000000000000000e+01 3.000000000000000000e+01 6.080229315425056402e-01
2.900000000000000000e+01 3.100000000000000000e+01 6.273373740955385802e-01
2.900000000000000000e+01 3.200000000000000000e+01 8.401511842306952360e-01
3.000000000000000000e+01 3.100000000000000000e+01 6.959527663838280809e-01
3.000000000000000000e+01 3.200000000000000000e+01 8.864953409009332930e-01
3.100000000000000000e+01 3.200000000000000000e+01 7.693291226112819459e-01
