1.000000000000000000e+00 2.000000000000000000e+00 8.483727737131331326e-01
1.000000000000000000e+00 3.000000000000000000e+00 9.615155352614377371e-01
1.000000000000000000e+00 4.000000000000000000e+00 9.428978675546816346e-01
1.000000000000000000e+00 5.000000000000000000e+00 9.580988171308943979e-01
1.000000000000000000e+00 6.000000000000000000e+00 9.676099964207108828e-01
1.000000000000000000e+00 7.000000000000000000e+00 9.607323080450703712e-01
1.000000000000000000e+00 8.000000000000000000e+00 9.873958612933888546e-01
1.000000000000000000e+00 9.000000000000000000e+00 9.291338953755322594e-01
1.000000000000000000e+00 1.000000000000000000e+01 9.774042722551110618e-01
1.000000000000000000e+00 1.100000000000000000e+01 9.506307622529948098e-01
1.000000000000000000e+00 1.200000000000000000e+01 9.648478578497112768e-01
1.000000000000000000e+00 1.300000000000000000e+01 9.415675339368200225e-01
1.000000000000000000e+00 1.400000000000000000e+01 1.161292038251177328e+00
1.000000000000000000e+00 1.500000000000000000e+01 9.737021659517498540e-01
1.000000000000000000e+00 1.600000000000000000e+01 1.108258219241443854e+00
1.000000000000000000e+00 1.700000000000000000e+01 1.131641559055933444e+00
1.000000000000000000e+00 1.800000000000000000e+01 1.118295604059748927e+00
1.000000000000000000e+00 1.900000000000000000e+01 1.150030329973506182e+00
1.000000000000000000e+00 2.000000000000000000e+01 1.134622910060313794e+00
1.000000000000000000e+00 2.100000000000000000e+01 1.007016691059437807e+00
1.000000000000000000e+00 2.200000000000000000e+01 1.125067469611217064e+00
1.000000000000000000e+00 2.300000000000000000e+01 1.017571796315374311e+00
1.000000000000000000e+00 2.400000000000000000e+01 1.026952604391667467e+00
1.000000000000000000e+00 2.500000000000000000e+01 1.128127255844604271e+00
1.000000000000000000e+00 2.600000000000000000e+01 1.151813821209198174e+00
1.000000000000000000e+00 2.700000000000000000e+01 1.167854982476955295e+00
1.000000000000000000e+00 2.800000000000000000e+01 1.093379257396243975e+00
1.000000000000000000e+00 2.900000000000000000e+01 1.086131375346648831e+00
1.000000000000000000e+00 3.000000000000000000e+01 1.081122249987359618e+00
1.000000000000000000e+00 3.100000000000000000e+01 1.110247964652610220e+00
1.000000000000000000e+00 3.200000000000000000e+01 1.167418788115256012e+00
2.000000000000000000e+00 3.000000000000000000e+00 8.339706477430877118e-01
2.000000000000000000e+00 4.000000000000000000e+00 8.045181765787209338e-01
2.000000000000000000e+00 5.000000000000000000e+00 8.285220951006089241e-01
2.000000000000000000e+00 6.000000000000000000e+00 8.422343436378513237e-01
2.000000000000000000e+00 7.000000000000000000e+00 8.326178537774336919e-01
2.000000000000000000e+00 8.000000000000000000e+00 8.689646067853971090e-01
2.000000000000000000e+00 9.000000000000000000e+00 7.835418195804256802e-01
2.000000000000000000e+00 1.000000000000000000e+01 8.561294559375594027e-01
2.000000000000000000e+00 1.100000000000000000e+01 8.224047681765771500e-01
2.000000000000000000e+00 1.200000000000000000e+01 8.419619895976591106e-01
2.000000000000000000e+00 1.300000000000000000e+01 8.344295103789153289e-01
2.000000000000000000e+00 1.400000000000000000e+01 1.064538920746359807e+00
2.000000000000000000e+00 1.500000000000000000e+01 8.799804427437473153e-01
2.000000000000000000e+00 1.600000000000000000e+01 1.012312136819101482e+00
2.000000000000000000e+00 1.700000000000000000e+01 1.036007741554773931e+00
2.000000000000000000e+00 1.800000000000000000e+01 1.023157922690677291e+00
2.000000000000000000e+00 1.900000000000000000e+01 1.055863646301867353e+00
2.000000000000000000e+00 2.000000000000000000e+01 1.040348339874366035e+00
2.000000000000000000e+00 2.100000000000000000e+01 9.151337177580627369e-01
2.000000000000000000e+00 2.200000000000000000e+01 1.032187252120087440e+00
2.000000000000000000e+00 2.300000000000000000e+01 9.286906211271603873e-01
2.000000000000000000e+00 2.400000000000000000e+01 9.393150566243848587e-01
2.000000000000000000e+00 2.500000000000000000e+01 1.040403665798072641e+00
2.000000000000000000e+00 2.600000000000000000e+01 1.065304134720232998e+00
2.000000000000000000e+00 2.700000000000000000e+01 1.082160551097952839e+00
2.000000000000000000e+00 2.800000000000000000e+01 1.010797484493267451e+00
2.000000000000000000e+00 2.900000000000000000e+01 1.004526213442280547e+00
2.000000000000000000e+00 3.000000000000000000e+01 1.002281468761829997e+00
2.000000000000000000e+00 3.100000000000000000e+01 1.029299887040745931e+00
2.000000000000000000e+00 3.200000000000000000e+01 1.086023128000771942e+00
3.000000000000000000e+00 4.000000000000000000e+00 5.995019705561724921e-01
3.000000000000000000e+00 5.000000000000000000e+00 4.613891425669627289e-01
3.000000000000000000e+00 6.000000000000000000e+00 5.761083313333731359e-01
3.000000000000000000e+00 7.000000000000000000e+00 6.281151393736238431e-01
3.000000000000000000e+00 8.000000000000000000e+00 6.628851862855378307e-01
3.000000000000000000e+00 9.000000000000000000e+00 7.323310534368999702e-01
3.000000000000000000e+00 1.000000000000000000e+01 6.518797534934270832e-01
3.000000000000000000e+00 1.100000000000000000e+01 7.394793344384309464e-01
3.000000000000000000e+00 1.200000000000000000e+01 7.249476148356222005e-01
3.000000000000000000e+00 1.300000000000000000e+01 8.422002288133202397e-01
3.000000000000000000e+00 1.400000000000000000e+01 9.804840511547356918e-01
3.000000000000000000e+00 1.500000000000000000e+01 8.709926074106081328e-01
3.000000000000000000e+00 1.600000000000000000e+01 9.334329858564247573e-01
3.000000000000000000e+00 1.700000000000000000e+01 9.569943619159999582e-01
3.000000000000000000e+00 1.800000000000000000e+01 9.467194092524919835e-01
3.000000000000000000e+00 1.900000000000000000e+01 9.815017201355067389e-01
3.000000000000000000e+00 2.000000000000000000e+01 9.662988529856491038e-01
3.000000000000000000e+00 2.100000000000000000e+01 8.835104548392715973e-01
3.000000000000000000e+00 2.200000000000000000e+01 9.636087019462231673e-01
3.000000000000000000e+00 2.300000000000000000e+01 8.987348506545242977e-01
3.000000000000000000e+00 2.400000000000000000e+01 9.080930855087738784e-01
3.000000000000000000e+00 2.500000000000000000e+01 9.884070538202802680e-01
3.000000000000000000e+00 2.600000000000000000e+01 1.015725844554966173e+00
3.000000000000000000e+00 2.700000000000000000e+01 1.034382717504878313e+00
3.000000000000000000e+00 2.800000000000000000e+01 9.761454639403281952e-01
3.000000000000000000e+00 2.900000000000000000e+01 9.732014650996152483e-01
3.000000000000000000e+00 3.000000000000000000e+01 9.779619733660174230e-01
3.000000000000000000e+00 3.100000000000000000e+01 9.969395930432256581e-01
3.000000000000000000e+00 3.200000000000000000e+01 1.049463903780218255e+00
4.000000000000000000e+00 5.000000000000000000e+00 5.682918296142884795e-01
4.000000000000000000e+00 6.000000000000000000e+00 6.411573856585029985e-01
4.000000000000000000e+00 7.000000000000000000e+00 6.349134139526314558e-01
4.000000000000000000e+00 8.000000000000000000e+00 7.155260281834316949e-01
4.000000000000000000e+00 9.000000000000000000e+00 6.839328991766061572e-01
4.000000000000000000e+00 1.000000000000000000e+01 6.929151948977672060e-01
4.000000000000000000e+00 1.100000000000000000e+01 7.173329866911861696e-01
4.000000000000000000e+00 1.200000000000000000e+01 7.190802795148110160e-01
4.000000000000000000e+00 1.300000000000000000e+01 8.244912575834290047e-01
4.000000000000000000e+00 1.400000000000000000e+01 9.929551685185815657e-01
4.000000000000000000e+00 1.500000000000000000e+01 8.600084208807189379e-01
4.000000000000000000e+00 1.600000000000000000e+01 9.440268244406335718e-01
4.000000000000000000e+00 1.700000000000000000e+01 9.678660025886569596e-01
4.000000000000000000e+00 1.800000000000000000e+01 9.567345785397283198e-01
4.000000000000000000e+00 1.900000000000000000e+01 9.911996570218393199e-01
4.000000000000000000e+00 2.000000000000000000e+01 9.757855099298227142e-01
4.000000000000000000e+00 2.100000000000000000e+01 8.787053325715963314e-01
4.000000000000000000e+00 2.200000000000000000e+01 9.715135118091535738e-01
4.000000000000000000e+00 2.300000000000000000e+01 8.945092476651121949e-01
4.000000000000000000e+00 2.400000000000000000e+01 9.046679768702143853e-01
4.000000000000000000e+00 2.500000000000000000e+01 9.920884384009633905e-01
4.000000000000000000e+00 2.600000000000000000e+01 1.018989285528685063e+00
4.000000000000000000e+00 2.700000000000000000e+01 1.037291112815818872e+00
4.000000000000000000e+00 2.800000000000000000e+01 9.754856585890210319e-01
4.000000000000000000e+00 2.900000000000000000e+01 9.717446546892705150e-01
4.000000000000000000e+00 3.000000000000000000e+01 9.750659244757786670e-01
4.000000000000000000e+00 3.100000000000000000e+01 9.960244096414225812e-01
4.000000000000000000e+00 3.200000000000000000e+01 1.049837974928907736e+00
5.000000000000000000e+00 6.000000000000000000e+00 5.467244854201406268e-01
5.000000000000000000e+00 7.000000000000000000e+00 5.901721936795497614e-01
5.000000000000000000e+00 8.000000000000000000e+00 6.627446467567599253e-01
5.000000000000000000e+00 9.000000000000000000e+00 7.137009059321574034e-01
5.000000000000000000e+00 1.000000000000000000e+01 6.390787871214922422e-01
5.000000000000000000e+00 1.100000000000000000e+01 7.212076279223420539e-01
5.000000000000000000e+00 1.200000000000000000e+01 7.070169356842519459e-01
5.000000000000000000e+00 1.300000000000000000e+01 8.321310266075029327e-01
5.000000000000000000e+00 1.400000000000000000e+01 9.778412974618038156e-01
5.000000000000000000e+00 1.500000000000000000e+01 8.622067829584042498e-01
5.000000000000000000e+00 1.600000000000000000e+01 9.300255539849802133e-01
5.000000000000000000e+00 1.700000000000000000e+01 9.537955514147953284e-01
5.000000000000000000e+00 1.800000000000000000e+01 9.432114471522206056e-01
5.000000000000000000e+00 1.900000000000000000e+01 9.780447135775685030e-01
5.000000000000000000e+00 2.000000000000000000e+01 9.627184965926158799e-01
5.000000000000000000e+00 2.100000000000000000e+01 8.757267643146562364e-01
5.000000000000000000e+00 2.200000000000000000e+01 9.595675923562589915e-01
5.000000000000000000e+00 2.300000000000000000e+01 8.913536155217316459e-01
5.000000000000000000e+00 2.400000000000000000e+01 9.009989853134370286e-01
5.000000000000000000e+00 2.500000000000000000e+01 9.833972383350295665e-01
5.000000000000000000e+00 2.600000000000000000e+01 1.010699991660308328e+00
5.000000000000000000e+00 2.700000000000000000e+01 1.029315620717717872e+00
5.000000000000000000e+00 2.800000000000000000e+01 9.702037836225874123e-01
5.000000000000000000e+00 2.900000000000000000e+01 9.671081514657418055e-01
5.000000000000000000e+00 3.000000000000000000e+01 9.716787968037967627e-01
5.000000000000000000e+00 3.100000000000000000e+01 9.910528367316546738e-01
5.000000000000000000e+00 3.200000000000000000e+01 1.043935942626905033e+00
6.000000000000000000e+00 7.000000000000000000e+00 5.318565910627021109e-01
6.000000000000000000e+00 8.000000000000000000e+00 6.005359420368314716e-01
6.000000000000000000e+00 9.000000000000000000e+00 7.205124908052277233e-01
6.000000000000000000e+00 1.000000000000000000e+01 5.467368844063869027e-01
6.000000000000000000e+00 1.100000000000000000e+01 7.076724182859921441e-01
6.000000000000000000e+00 1.200000000000000000e+01 6.773508550684168572e-01
6.000000000000000000e+00 1.300000000000000000e+01 8.269786212992141783e-01
6.000000000000000000e+00 1.400000000000000000e+01 9.599756595211430543e-01
6.000000000000000000e+00 1.500000000000000000e+01 8.533486587293098724e-01
6.000000000000000000e+00 1.600000000000000000e+01 9.121735492171887394e-01
6.000000000000000000e+00 1.700000000000000000e+01 9.361750587917254673e-01
6.000000000000000000e+00 1.800000000000000000e+01 9.256979861601781767e-01
6.000000000000000000e+00 1.900000000000000000e+01 9.609738087892234493e-01
6.000000000000000000e+00 2.000000000000000000e+01 9.455595044374505154e-01
6.000000000000000000e+00 2.100000000000000000e+01 8.630695398326011514e-01
6.000000000000000000e+00 2.200000000000000000e+01 9.428768108506937473e-01
6.000000000000000000e+00 2.300000000000000000e+01 8.789671204527738091e-01
6.000000000000000000e+00 2.400000000000000000e+01 8.884467565026592517e-01
6.000000000000000000e+00 2.500000000000000000e+01 9.685777901648657817e-01
6.000000000000000000e+00 2.600000000000000000e+01 9.962447422289431032e-01
6.000000000000000000e+00 2.700000000000000000e+01 1.015106997768570496e+00
6.000000000000000000e+00 2.800000000000000000e+01 9.574652961340417434e-01
6.000000000000000000e+00 2.900000000000000000e+01 9.547967870403653023e-01
6.000000000000000000e+00 3.000000000000000000e+01 9.603170095713287058e-01
6.000000000000000000e+00 3.100000000000000000e+01 9.786722566957244407e-01
6.000000000000000000e+00 3.200000000000000000e+01 1.031114427128755340e+00
7.000000000000000000e+00 8.000000000000000000e+00 6.463303800714590430e-01
7.000000000000000000e+00 9.000000000000000000e+00 6.866097984048388225e-01
7.000000000000000000e+00 1.000000000000000000e+01 5.810287376988287900e-01
7.000000000000000000e+00 1.100000000000000000e+01 6.660871574096871583e-01
7.000000000000000000e+00 1.200000000000000000e+01 6.337678587985735579e-01
7.000000000000000000e+00 1.300000000000000000e+01 8.086825813024299814e-01
7.000000000000000000e+00 1.400000000000000000e+01 9.606045966250649215e-01
7.000000000000000000e+00 1.500000000000000000e+01 8.383217605274465578e-01
7.000000000000000000e+00 1.600000000000000000e+01 9.112031824761421817e-01
7.000000000000000000e+00 1.700000000000000000e+01 9.355762405472376475e-01
7.000000000000000000e+00 1.800000000000000000e+01 9.244174701699463537e-01
7.000000000000000000e+00 1.900000000000000000e+01 9.596776133081610372e-01
7.000000000000000000e+00 2.000000000000000000e+01 9.440276772340718825e-01
7.000000000000000000e+00 2.100000000000000000e+01 8.509685709865011383e-01
7.000000000000000000e+00 2.200000000000000000e+01 9.402401821662720316e-01
7.000000000000000000e+00 2.300000000000000000e+01 8.678065647749826361e-01
7.000000000000000000e+00 2.400000000000000000e+01 8.780056738364987456e-01
7.000000000000000000e+00 2.500000000000000000e+01 9.634000164227876084e-01
7.000000000000000000e+00 2.600000000000000000e+01 9.909580444156356194e-01
7.000000000000000000e+00 2.700000000000000000e+01 1.009679669529182311e+00
7.000000000000000000e+00 2.800000000000000000e+01 9.497750994003379965e-01
7.000000000000000000e+00 2.900000000000000000e+01 9.466797004979485841e-01
7.000000000000000000e+00 3.000000000000000000e+01 9.515936391623840418e-01
7.000000000000000000e+00 3.100000000000000000e+01 9.710448217929974479e-01
7.000000000000000000e+00 3.200000000000000000e+01 1.024387343217100232e+00
8.000000000000000000e+00 9.000000000000000000e+00 7.628525329071754735e-01
8.000000000000000000e+00 1.000000000000000000e+01 5.333534594458333444e-01
8.000000000000000000e+00 1.100000000000000000e+01 7.385977144791215920e-01
8.000000000000000000e+00 1.200000000000000000e+01 6.994065216753437841e-01
8.000000000000000000e+00 1.300000000000000000e+01 8.412206205521465252e-01
8.000000000000000000e+00 1.400000000000000000e+01 9.358327264587504857e-01
8.000000000000000000e+00 1.500000000000000000e+01 8.596151733845839304e-01
8.000000000000000000e+00 1.600000000000000000e+01 8.899536931276803564e-01
8.000000000000000000e+00 1.700000000000000000e+01 9.138167360862758937e-01
8.000000000000000000e+00 1.800000000000000000e+01 9.043027670512711058e-01
8.000000000000000000e+00 1.900000000000000000e+01 9.401806107425667580e-01
8.000000000000000000e+00 2.000000000000000000e+01 9.249339812867114485e-01
8.000000000000000000e+00 2.100000000000000000e+01 8.613437557262992872e-01
8.000000000000000000e+00 2.200000000000000000e+01 9.242028668851034467e-01
8.000000000000000000e+00 2.300000000000000000e+01 8.763532834752467693e-01
8.000000000000000000e+00 2.400000000000000000e+01 8.847188853672229847e-01
8.000000000000000000e+00 2.500000000000000000e+01 9.553981323982769780e-01
8.000000000000000000e+00 2.600000000000000000e+01 9.836469103146807669e-01
8.000000000000000000e+00 2.700000000000000000e+01 1.002987008061729801e+00
8.000000000000000000e+00 2.800000000000000000e+01 9.499955829814816788e-01
8.000000000000000000e+00 2.900000000000000000e+01 9.483845277157807452e-01
8.000000000000000000e+00 3.000000000000000000e+01 9.558172524245136525e-01
8.000000000000000000e+00 3.100000000000000000e+01 9.715540052775548663e-01
8.000000000000000000e+00 3.200000000000000000e+01 1.022321145449659907e+00
9.000000000000000000e+00 1.000000000000000000e+01 7.355782648011439662e-01
9.000000000000000000e+00 1.100000000000000000e+01 6.289273204547234375e-01
9.000000000000000000e+00 1.200000000000000000e+01 6.862849011643141761e-01
9.000000000000000000e+00 1.300000000000000000e+01 7.615918834344163058e-01
9.000000000000000000e+00 1.400000000000000000e+01 9.894036794751781549e-01
9.000000000000000000e+00 1.500000000000000000e+01 8.139913708423064387e-01
9.000000000000000000e+00 1.600000000000000000e+01 9.371285785910723476e-01
9.000000000000000000e+00 1.700000000000000000e+01 9.616220994658972732e-01
9.000000000000000000e+00 1.800000000000000000e+01 9.490198278966504031e-01
9.000000000000000000e+00 1.900000000000000000e+01 9.832271009520290317e-01
9.000000000000000000e+00 2.000000000000000000e+01 9.673662955273016895e-01
9.000000000000000000e+00 2.100000000000000000e+01 8.443058471840019230e-01
9.000000000000000000e+00 2.200000000000000000e+01 9.605560867695692728e-01
9.000000000000000000e+00 2.300000000000000000e+01 8.622674712980846756e-01
9.000000000000000000e+00 2.400000000000000000e+01 8.743177007425568803e-01
9.000000000000000000e+00 2.500000000000000000e+01 9.748477913185835675e-01
9.000000000000000000e+00 2.600000000000000000e+01 1.001345967059366071e+00
9.000000000000000000e+00 2.700000000000000000e+01 1.019236614194541035e+00
9.000000000000000000e+00 2.800000000000000000e+01 9.517881501634031238e-01
9.000000000000000000e+00 2.900000000000000000e+01 9.468855290145996584e-01
9.000000000000000000e+00 3.000000000000000000e+01 9.484173062233487439e-01
9.000000000000000000e+00 3.100000000000000000e+01 9.723426576843536839e-01
9.000000000000000000e+00 3.200000000000000000e+01 1.028380062885738466e+00
1.000000000000000000e+01 1.100000000000000000e+01 7.050567623009800222e-01
1.000000000000000000e+01 1.200000000000000000e+01 6.567578505735067740e-01
1.000000000000000000e+01 1.300000000000000000e+01 8.241552865822817653e-01
1.000000000000000000e+01 1.400000000000000000e+01 9.412435334685791410e-01
1.000000000000000000e+01 1.500000000000000000e+01 8.456806546356491205e-01
1.000000000000000000e+01 1.600000000000000000e+01 8.932935222222369021e-01
1.000000000000000000e+01 1.700000000000000000e+01 9.176279963145412832e-01
1.000000000000000000e+01 1.800000000000000000e+01 9.072225264923587940e-01
1.000000000000000000e+01 1.900000000000000000e+01 9.430575738727322577e-01
1.000000000000000000e+01 2.000000000000000000e+01 9.275101767712656819e-01
1.000000000000000000e+01 2.100000000000000000e+01 8.506269935931261017e-01
1.000000000000000000e+01 2.200000000000000000e+01 9.253217774410318341e-01
1.000000000000000000e+01 2.300000000000000000e+01 8.666789801580763175e-01
1.000000000000000000e+01 2.400000000000000000e+01 8.758746574855191813e-01
1.000000000000000000e+01 2.500000000000000000e+01 9.531422457769092027e-01
1.000000000000000000e+01 2.600000000000000000e+01 9.812282359326376380e-01
1.000000000000000000e+01 2.700000000000000000e+01 1.000371244337110221e+00
1.000000000000000000e+01 2.800000000000000000e+01 9.444300587614500309e-01
1.000000000000000000e+01 2.900000000000000000e+01 9.422596065091131123e-01
1.000000000000000000e+01 3.000000000000000000e+01 9.488651074829517196e-01
1.000000000000000000e+01 3.100000000000000000e+01 9.660287254743906704e-01
1.000000000000000000e+01 3.200000000000000000e+01 1.017947332227798318e+00
1.100000000000000000e+01 1.200000000000000000e+01 5.758844071735416126e-01
1.100000000000000000e+01 1.300000000000000000e+01 7.466366606931248429e-01
1.100000000000000000e+01 1.400000000000000000e+01 9.615481132217227334e-01
1.100000000000000000e+01 1.500000000000000000e+01 7.894632188883762280e-01
1.100000000000000000e+01 1.600000000000000000e+01 9.082508151850499090e-01
1.100000000000000000e+01 1.700000000000000000e+01 9.334015090571534667e-01
1.100000000000000000e+01 1.800000000000000000e+01 9.205124879133703697e-01
1.100000000000000000e+01 1.900000000000000000e+01 9.555058211808089563e-01
1.100000000000000000e+01 2.000000000000000000e+01 9.393191000432368210e-01
1.100000000000000000e+01 2.100000000000000000e+01 8.136215192587727962e-01
1.100000000000000000e+01 2.200000000000000000e+01 9.325564745287664437e-01
1.100000000000000000e+01 2.300000000000000000e+01 8.339427564294132900e-01
1.100000000000000000e+01 2.400000000000000000e+01 8.467093841455075598e-01
1.100000000000000000e+01 2.500000000000000000e+01 9.485205651727475207e-01
1.100000000000000000e+01 2.600000000000000000e+01 9.757380626947522728e-01
1.100000000000000000e+01 2.700000000000000000e+01 9.940536645596351750e-01
1.100000000000000000e+01 2.800000000000000000e+01 9.275548688796102503e-01
1.100000000000000000e+01 2.900000000000000000e+01 9.231731239311553594e-01
1.100000000000000000e+01 3.000000000000000000e+01 9.263051884195483421e-01
1.100000000000000000e+01 3.100000000000000000e+01 9.490648983471345890e-01
1.100000000000000000e+01 3.200000000000000000e+01 1.005081523280087152e+00
1.200000000000000000e+01 1.300000000000000000e+01 7.726602707252624436e-01
1.200000000000000000e+01 1.400000000000000000e+01 9.437026194448230321e-01
1.200000000000000000e+01 1.500000000000000000e+01 8.005109736532806108e-01
1.200000000000000000e+01 1.600000000000000000e+01 8.911001106415894490e-01
1.200000000000000000e+01 1.700000000000000000e+01 9.164985831485263912e-01
1.200000000000000000e+01 1.800000000000000000e+01 9.040736113375469341e-01
1.200000000000000000e+01 1.900000000000000000e+01 9.398354250353049277e-01
1.200000000000000000e+01 2.000000000000000000e+01 9.235963442033578996e-01
1.200000000000000000e+01 2.100000000000000000e+01 8.127989371928532325e-01
1.200000000000000000e+01 2.200000000000000000e+01 9.181008335126978892e-01
1.200000000000000000e+01 2.300000000000000000e+01 8.324900649494599847e-01
1.200000000000000000e+01 2.400000000000000000e+01 8.441769812168911091e-01
1.200000000000000000e+01 2.500000000000000000e+01 9.383882196590569436e-01
1.200000000000000000e+01 2.600000000000000000e+01 9.662527913651643985e-01
1.200000000000000000e+01 2.700000000000000000e+01 9.850350743660907238e-01
1.200000000000000000e+01 2.800000000000000000e+01 9.222486049451510404e-01
1.200000000000000000e+01 2.900000000000000000e+01 9.188415444794229003e-01
1.200000000000000000e+01 3.000000000000000000e+01 9.238730940510764267e-01
1.200000000000000000e+01 3.100000000000000000e+01 9.442363466074488176e-01
1.200000000000000000e+01 3.200000000000000000e+01 9.989528422745499459e-01
1.300000000000000000e+01 1.400000000000000000e+01 9.867944817017293424e-01
1.300000000000000000e+01 1.500000000000000000e+01 6.826993921011937916e-01
1.300000000000000000e+01 1.600000000000000000e+01 9.296340490055032824e-01
1.300000000000000000e+01 1.700000000000000000e+01 9.545921274324775663e-01
1.300000000000000000e+01 1.800000000000000000e+01 9.396360218611283788e-01
1.300000000000000000e+01 1.900000000000000000e+01 9.725691333260633176e-01
1.300000000000000000e+01 2.000000000000000000e+01 9.562305901948671139e-01
1.300000000000000000e+01 2.100000000000000000e+01 7.745070548660430987e-01
1.300000000000000000e+01 2.200000000000000000e+01 9.447497430151350351e-01
1.300000000000000000e+01 2.300000000000000000e+01 7.970443395578774570e-01
1.300000000000000000e+01 2.400000000000000000e+01 8.144073598366290412e-01
1.300000000000000000e+01 2.500000000000000000e+01 9.459561287263849039e-01
1.300000000000000000e+01 2.600000000000000000e+01 9.713117737406649077e-01
1.300000000000000000e+01 2.700000000000000000e+01 9.882193082149723917e-01
1.300000000000000000e+01 2.800000000000000000e+01 9.083334097566244658e-01
1.300000000000000000e+01 2.900000000000000000e+01 9.005432660798700084e-01
1.300000000000000000e+01 3.000000000000000000e+01 8.974598107172073735e-01
1.300000000000000000e+01 3.100000000000000000e+01 9.288265549021368361e-01
1.300000000000000000e+01 3.200000000000000000e+01 9.899204342967811154e-01
1.400000000000000000e+01 1.500000000000000000e+01 9.677771262640305627e-01
1.400000000000000000e+01 1.600000000000000000e+01 6.496555261269265635e-01
1.400000000000000000e+01 1.700000000000000000e+01 5.698690279160452121e-01
1.400000000000000000e+01 1.800000000000000000e+01 6.391425320666181964e-01
1.400000000000000000e+01 1.900000000000000000e+01 5.890142182460877951e-01
1.400000000000000000e+01 2.000000000000000000e+01 6.288046372828801633e-01
1.400000000000000000e+01 2.100000000000000000e+01 9.289265879173060902e-01
1.400000000000000000e+01 2.200000000000000000e+01 7.009683702691282825e-01
1.400000000000000000e+01 2.300000000000000000e+01 9.281602634714150035e-01
1.400000000000000000e+01 2.400000000000000000e+01 9.232487873192720684e-01
1.400000000000000000e+01 2.500000000000000000e+01 8.314791513273087631e-01
1.400000000000000000e+01 2.600000000000000000e+01 8.561672688770909367e-01
1.400000000000000000e+01 2.700000000000000000e+01 8.782370108110384432e-01
1.400000000000000000e+01 2.800000000000000000e+01 9.154812909829366241e-01
1.400000000000000000e+01 2.900000000000000000e+01 9.266761036610371427e-01
1.400000000000000000e+01 3.000000000000000000e+01 9.512565100638081805e-01
1.400000000000000000e+01 3.100000000000000000e+01 9.327552180413694050e-01
1.400000000000000000e+01 3.200000000000000000e+01 9.481228835720207915e-01
1.500000000000000000e+01 1.600000000000000000e+01 9.078642264398775197e-01
1.500000000000000000e+01 1.700000000000000000e+01 9.332157649272254663e-01
1.500000000000000000e+01 1.800000000000000000e+01 9.169427077994740660e-01
1.500000000000000000e+01 1.900000000000000000e+01 9.494478341358727480e-01
1.500000000000000000e+01 2.000000000000000000e+01 9.327480888815673499e-01
1.500000000000000000e+01 2.100000000000000000e+01 6.926909711705482309e-01
1.500000000000000000e+01 2.200000000000000000e+01 9.187718341809993916e-01
1.500000000000000000e+01 2.300000000000000000e+01 7.241300541986945838e-01
1.500000000000000000e+01 2.400000000000000000e+01 7.501451790941415787e-01
1.500000000000000000e+01 2.500000000000000000e+01 9.135473493136778700e-01
1.500000000000000000e+01 2.600000000000000000e+01 9.389720606510967293e-01
1.500000000000000000e+01 2.700000000000000000e+01 9.557644747846956168e-01
1.500000000000000000e+01 2.800000000000000000e+01 8.677760894378154788e-01
1.500000000000000000e+01 2.900000000000000000e+01 8.582662670862226673e-01
1.500000000000000000e+01 3.000000000000000000e+01 8.537929561046373461e-01
1.500000000000000000e+01 3.100000000000000000e+01 8.898551871244373412e-01
1.500000000000000000e+01 3.200000000000000000e+01 9.550133363958657196e-01
1.600000000000000000e+01 1.700000000000000000e+01 5.471275430938182804e-01
1.600000000000000000e+01 1.800000000000000000e+01 4.617612958068944007e-01
1.600000000000000000e+01 1.900000000000000000e+01 6.341767068455712586e-01
1.600000000000000000e+01 2.000000000000000000e+01 5.772797284358970327e-01
1.600000000000000000e+01 2.100000000000000000e+01 8.651372141643043356e-01
1.600000000000000000e+01 2.200000000000000000e+01 6.161876196580595710e-01
1.600000000000000000e+01 2.300000000000000000e+01 8.634326537881289454e-01
1.600000000000000000e+01 2.400000000000000000e+01 8.575793275691903084e-01
1.600000000000000000e+01 2.500000000000000000e+01 7.665758024796027748e-01
1.600000000000000000e+01 2.600000000000000000e+01 7.985903317171203497e-01
1.600000000000000000e+01 2.700000000000000000e+01 8.230872857490887373e-01
1.600000000000000000e+01 2.800000000000000000e+01 8.492178182039897827e-01
1.600000000000000000e+01 2.900000000000000000e+01 8.608595343197542604e-01
1.600000000000000000e+01 3.000000000000000000e+01 8.868333071085354735e-01
1.600000000000000000e+01 3.100000000000000000e+01 8.683549457977790542e-01
1.600000000000000000e+01 3.200000000000000000e+01 8.884051053959669542e-01
1.700000000000000000e+01 1.800000000000000000e+01 5.043566571098720974e-01
1.700000000000000000e+01 1.900000000000000000e+01 5.507206058997653475e-01
1.700000000000000000e+01 2.000000000000000000e+01 5.086266457685588716e-01
1.700000000000000000e+01 2.100000000000000000e+01 8.917516982547786242e-01
1.700000000000000000e+01 2.200000000000000000e+01 6.218244556483278895e-01
1.700000000000000000e+01 2.300000000000000000e+01 8.897001919051343855e-01
1.700000000000000000e+01 2.400000000000000000e+01 8.837216061948636181e-01
1.700000000000000000e+01 2.500000000000000000e+01 7.785598919642402471e-01
1.700000000000000000e+01 2.600000000000000000e+01 8.050654063766673474e-01
1.700000000000000000e+01 2.700000000000000000e+01 8.281343888908490047e-01
1.700000000000000000e+01 2.800000000000000000e+01 8.699815502948731183e-01
1.700000000000000000e+01 2.900000000000000000e+01 8.822325372375181551e-01
1.700000000000000000e+01 3.000000000000000000e+01 9.082538280825021015e-01
1.700000000000000000e+01 3.100000000000000000e+01 8.871801779342101124e-01
1.700000000000000000e+01 3.200000000000000000e+01 9.008016554123738917e-01
1.800000000000000000e+01 1.900000000000000000e+01 5.965041566649686988e-01
1.800000000000000000e+01 2.000000000000000000e+01 5.044028873929360390e-01
1.800000000000000000e+01 2.100000000000000000e+01 8.737674773383949933e-01
1.800000000000000000e+01 2.200000000000000000e+01 5.764837510219322780e-01
1.800000000000000000e+01 2.300000000000000000e+01 8.710874564105166584e-01
1.800000000000000000e+01 2.400000000000000000e+01 8.645408123170823522e-01
1.800000000000000000e+01 2.500000000000000000e+01 7.558795308190868756e-01
1.800000000000000000e+01 2.600000000000000000e+01 7.861188476190217322e-01
1.800000000000000000e+01 2.700000000000000000e+01 8.105510227679675328e-01
1.800000000000000000e+01 2.800000000000000000e+01 8.490160186906996476e-01
1.800000000000000000e+01 2.900000000000000000e+01 8.616972048058075817e-01
1.800000000000000000e+01 3.000000000000000000e+01 8.885554668823281155e-01
1.800000000000000000e+01 3.100000000000000000e+01 8.668837505542341670e-01
1.800000000000000000e+01 3.200000000000000000e+01 8.819707962170266757e-01
1.900000000000000000e+01 2.000000000000000000e+01 5.226680528585461172e-01
1.900000000000000000e+01 2.100000000000000000e+01 9.070949878550331746e-01
1.900000000000000000e+01 2.200000000000000000e+01 6.143982090464867873e-01
1.900000000000000000e+01 2.300000000000000000e+01 9.034131819265827090e-01
1.900000000000000000e+01 2.400000000000000000e+01 8.962923870081553890e-01
1.900000000000000000e+01 2.500000000000000000e+01 7.624928909144590428e-01
1.900000000000000000e+01 2.600000000000000000e+01 7.815020804171743940e-01
1.900000000000000000e+01 2.700000000000000000e+01 8.026989820273551235e-01
1.900000000000000000e+01 2.800000000000000000e+01 8.703925122236291223e-01
1.900000000000000000e+01 2.900000000000000000e+01 8.843203097826690673e-01
1.900000000000000000e+01 3.000000000000000000e+01 9.116331857846469156e-01
1.900000000000000000e+01 3.100000000000000000e+01 8.848998754515462473e-01
1.900000000000000000e+01 3.200000000000000000e+01 8.880227333761439024e-01
2.000000000000000000e+01 2.100000000000000000e+01 8.895065424773185292e-01
2.000000000000000000e+01 2.200000000000000000e+01 5.552475638282445836e-01
2.000000000000000000e+01 2.300000000000000000e+01 8.858639641043191126e-01
2.000000000000000000e+01 2.400000000000000000e+01 8.786787007697334229e-01
2.000000000000000000e+01 2.500000000000000000e+01 7.497954627863836485e-01
2.000000000000000000e+01 2.600000000000000000e+01 7.750369265851655420e-01
2.000000000000000000e+01 2.700000000000000000e+01 7.984133904954739958e-01
2.000000000000000000e+01 2.800000000000000000e+01 8.550283280756754145e-01
2.000000000000000000e+01 2.900000000000000000e+01 8.688035081306306751e-01
2.000000000000000000e+01 3.000000000000000000e+01 8.963815608372851518e-01
2.000000000000000000e+01 3.100000000000000000e+01 8.709059533052438962e-01
2.000000000000000000e+01 3.200000000000000000e+01 8.786370758381780721e-01
2.100000000000000000e+01 2.200000000000000000e+01 8.730318790176720967e-01
2.100000000000000000e+01 2.300000000000000000e+01 5.497306827614565350e-01
2.100000000000000000e+01 2.400000000000000000e+01 6.228299700566861663e-01
2.100000000000000000e+01 2.500000000000000000e+01 8.643907492913616153e-01
2.100000000000000000e+01 2.600000000000000000e+01 8.921163567588137333e-01
2.100000000000000000e+01 2.700000000000000000e+01 9.100775090124078037e-01
2.100000000000000000e+01 2.800000000000000000e+01 8.144694853963332370e-01
2.100000000000000000e+01 2.900000000000000000e+01 8.048885199496227383e-01
2.100000000000000000e+01 3.000000000000000000e+01 8.061499416090465164e-01
2.100000000000000000e+01 3.100000000000000000e+01 8.422339035068435731e-01
2.100000000000000000e+01 3.200000000000000000e+01 9.121432399964517490e-01
2.200000000000000000e+01 2.300000000000000000e+01 8.676108785365101994e-01
2.200000000000000000e+01 2.400000000000000000e+01 8.590033475810829877e-01
2.200000000000000000e+01 2.500000000000000000e+01 7.043813091738007071e-01
2.200000000000000000e+01 2.600000000000000000e+01 7.365199511173186053e-01
2.200000000000000000e+01 2.700000000000000000e+01 7.633382896972160658e-01
2.200000000000000000e+01 2.800000000000000000e+01 8.255369555482547916e-01
2.200000000000000000e+01 2.900000000000000000e+01 8.410313412131396049e-01
2.200000000000000000e+01 3.000000000000000000e+01 8.707215403078998328e-01
2.200000000000000000e+01 3.100000000000000000e+01 8.412161639512871769e-01
2.200000000000000000e+01 3.200000000000000000e+01 8.469436164876242845e-01
2.300000000000000000e+01 2.400000000000000000e+01 5.160447706146835678e-01
2.300000000000000000e+01 2.500000000000000000e+01 8.527323800499979622e-01
2.300000000000000000e+01 2.600000000000000000e+01 8.802351656144393743e-01
2.300000000000000000e+01 2.700000000000000000e+01 8.979733667386697871e-01
2.300000000000000000e+01 2.800000000000000000e+01 7.931780191470596542e-01
2.300000000000000000e+01 2.900000000000000000e+01 7.814082928076331314e-01
2.300000000000000000e+01 3.000000000000000000e+01 7.817772671616325386e-01
2.300000000000000000e+01 3.100000000000000000e+01 8.229807066589056586e-01
2.300000000000000000e+01 3.200000000000000000e+01 8.973709574825872171e-01
2.400000000000000000e+01 2.500000000000000000e+01 8.396194622374686389e-01
2.400000000000000000e+01 2.600000000000000000e+01 8.674371175786950161e-01
2.400000000000000000e+01 2.700000000000000000e+01 8.852832080915675750e-01
2.400000000000000000e+01 2.800000000000000000e+01 7.727002884189251297e-01
2.400000000000000000e+01 2.900000000000000000e+01 7.595391912900348874e-01
2.400000000000000000e+01 3.000000000000000000e+01 7.616187301538841492e-01
2.400000000000000000e+01 3.100000000000000000e+01 8.053936256152993689e-01
2.400000000000000000e+01 3.200000000000000000e+01 8.836800717470369992e-01
2.500000000000000000e+01 2.600000000000000000e+01 5.840410662166464206e-01
2.500000000000000000e+01 2.700000000000000000e+01 6.528510742211237616e-01
2.500000000000000000e+01 2.800000000000000000e+01 7.523399342005268053e-01
2.500000000000000000e+01 2.900000000000000000e+01 7.774191558618506193e-01
2.500000000000000000e+01 3.000000000000000000e+01 8.155606206997958463e-01
2.500000000000000000e+01 3.100000000000000000e+01 7.607878243739651936e-01
2.500000000000000000e+01 3.200000000000000000e+01 7.503486855235619313e-01
2.600000000000000000e+01 2.700000000000000000e+01 5.290661087495736048e-01
2.600000000000000000e+01 2.800000000000000000e+01 7.749271350231039523e-01
2.600000000000000000e+01 2.900000000000000000e+01 7.985574544423257315e-01
2.600000000000000000e+01 3.000000000000000000e+01 8.329716012736942954e-01
2.600000000000000000e+01 3.100000000000000000e+01 7.727627782221870856e-01
2.600000000000000000e+01 3.200000000000000000e+01 7.198996630927956275e-01
2.700000000000000000e+01 2.800000000000000000e+01 7.910722910085716819e-01
2.700000000000000000e+01 2.900000000000000000e+01 8.133314425084297028e-01
2.700000000000000000e+01 3.000000000000000000e+01 8.451778334244641755e-01
2.700000000000000000e+01 3.100000000000000000e+01 7.835955247930808110e-01
2.700000000000000000e+01 3.200000000000000000e+01 7.020211037987762470e-01
2.800000000000000000e+01 2.900000000000000000e+01 5.295228139155443436e-01
2.800000000000000000e+01 3.000000000000000000e+01 6.629135046570002743e-01
2.800000000000000000e+01 3.100000000000000000e+01 5.853026183580871677e-01
2.800000000000000000e+01 3.200000000000000000e+01 7.667270370410774749e-01
2.900000000000000000e+01 3.000000000000000000e+01 6.050859148171354729e-01
2.900000000000000000e+01 3.100000000000000000e+01 6.222318003177107482e-01
2.900000000000000000e+01 3.200000000000000000e+01 7.865376156217307457e-01
3.000000000000000000e+01 3.100000000000000000e+01 6.821190999307160663e-01
3.000000000000000000e+01 3.200000000000000000e+01 8.116716974406308349e-01
3.100000000000000000e+01 3.200000000000000000e+01 7.347010305089802795e-01
