1.000000000000000000e+00 2.000000000000000000e+00 8.683417156598507436e-01
1.000000000000000000e+00 3.000000000000000000e+00 9.805234941886805666e-01
1.000000000000000000e+00 4.000000000000000000e+00 9.618967114408468744e-01
1.000000000000000000e+00 5.000000000000000000e+00 9.773264797628410383e-01
1.000000000000000000e+00 6.000000000000000000e+00 9.874127107170938000e-01
1.000000000000000000e+00 7.000000000000000000e+00 9.808445421214249116e-01
1.000000000000000000e+00 8.000000000000000000e+00 1.007770490511691319e+00
1.000000000000000000e+00 9.000000000000000000e+00 9.502061486385310340e-01
1.000000000000000000e+00 1.000000000000000000e+01 9.977757809901443009e-01
1.000000000000000000e+00 1.100000000000000000e+01 9.721693620060127827e-01
1.000000000000000000e+00 1.200000000000000000e+01 9.861323087934168452e-01
1.000000000000000000e+00 1.300000000000000000e+01 9.662739373595037318e-01
1.000000000000000000e+00 1.400000000000000000e+01 1.213985607480760232e+00
1.000000000000000000e+00 1.500000000000000000e+01 9.982496288073018365e-01
1.000000000000000000e+00 1.600000000000000000e+01 1.140363666807882925e+00
1.000000000000000000e+00 1.700000000000000000e+01 1.171098161605155230e+00
1.000000000000000000e+00 1.800000000000000000e+01 1.152680444293535222e+00
1.000000000000000000e+00 1.900000000000000000e+01 1.218829311479137090e+00
1.000000000000000000e+00 2.000000000000000000e+01 1.175183957054226846e+00
1.000000000000000000e+00 2.100000000000000000e+01 1.031513179999196783e+00
1.000000000000000000e+00 2.200000000000000000e+01 1.160754836086274944e+00
1.000000000000000000e+00 2.300000000000000000e+01 1.042490430493154818e+00
1.000000000000000000e+00 2.400000000000000000e+01 1.052155212563406161e+00
1.000000000000000000e+00 2.500000000000000000e+01 1.161905272054760685e+00
1.000000000000000000e+00 2.600000000000000000e+01 1.192486750921669447e+00
1.000000000000000000e+00 2.700000000000000000e+01 1.216500970262103687e+00
1.000000000000000000e+00 2.800000000000000000e+01 1.122365351576341874e+00
1.000000000000000000e+00 2.900000000000000000e+01 1.114686997223794940e+00
1.000000000000000000e+00 3.000000000000000000e+01 1.109801119467883845e+00
1.000000000000000000e+00 3.100000000000000000e+01 1.141105968921490188e+00
1.000000000000000000e+00 3.200000000000000000e+01 1.214725841912695836e+00
2.000000000000000000e+00 3.000000000000000000e+00 8.365519380907343594e-01
2.000000000000000000e+00 4.000000000000000000e+00 8.067288794871078084e-01
2.000000000000000000e+00 5.000000000000000000e+00 8.311106985376534029e-01
2.000000000000000000e+00 6.000000000000000000e+00 8.452222309671035827e-01
2.000000000000000000e+00 7.000000000000000000e+00 8.356136418986350733e-01
2.000000000000000000e+00 8.000000000000000000e+00 8.725713303205064886e-01
2.000000000000000000e+00 9.000000000000000000e+00 7.863216622583099058e-01
2.000000000000000000e+00 1.000000000000000000e+01 8.595517839149292572e-01
2.000000000000000000e+00 1.100000000000000000e+01 8.260082743113543735e-01
2.000000000000000000e+00 1.200000000000000000e+01 8.456705593969522372e-01
2.000000000000000000e+00 1.300000000000000000e+01 8.408126278360390504e-01
2.000000000000000000e+00 1.400000000000000000e+01 1.099357422263807171e+00
2.000000000000000000e+00 1.500000000000000000e+01 8.867924280990174823e-01
2.000000000000000000e+00 1.600000000000000000e+01 1.026769712256309308e+00
2.000000000000000000e+00 1.700000000000000000e+01 1.057666103858745377e+00
2.000000000000000000e+00 1.800000000000000000e+01 1.039837523350509718e+00
2.000000000000000000e+00 1.900000000000000000e+01 1.106613359843267475e+00
2.000000000000000000e+00 2.000000000000000000e+01 1.063099186480042091e+00
2.000000000000000000e+00 2.100000000000000000e+01 9.220792050019668284e-01
2.000000000000000000e+00 2.200000000000000000e+01 1.050209772900142502e+00
2.000000000000000000e+00 2.300000000000000000e+01 9.361165177398038661e-01
2.000000000000000000e+00 2.400000000000000000e+01 9.470600959422135201e-01
2.000000000000000000e+00 2.500000000000000000e+01 1.056811656322161452e+00
2.000000000000000000e+00 2.600000000000000000e+01 1.088692410071732564e+00
2.000000000000000000e+00 2.700000000000000000e+01 1.113615820876128426e+00
2.000000000000000000e+00 2.800000000000000000e+01 1.022470406732814530e+00
2.000000000000000000e+00 2.900000000000000000e+01 1.015771957646692591e+00
2.000000000000000000e+00 3.000000000000000000e+01 1.013678247387729270e+00
2.000000000000000000e+00 3.100000000000000000e+01 1.042879851390976054e+00
2.000000000000000000e+00 3.200000000000000000e+01 1.116111189783265401e+00
3.000000000000000000e+00 4.000000000000000000e+00 5.995416946427277738e-01
3.000000000000000000e+00 5.000000000000000000e+00 4.613955900122365117e-01
3.000000000000000000e+00 6.000000000000000000e+00 5.761587807399159988e-01
3.000000000000000000e+00 7.000000000000000000e+00 6.282106991649925032e-01
3.000000000000000000e+00 8.000000000000000000e+00 6.630810019714898917e-01
3.000000000000000000e+00 9.000000000000000000e+00 7.326907717923395458e-01
3.000000000000000000e+00 1.000000000000000000e+01 6.520372273568583177e-01
3.000000000000000000e+00 1.100000000000000000e+01 7.399334886194692817e-01
3.000000000000000000e+00 1.200000000000000000e+01 7.253340877272960174e-01
3.000000000000000000e+00 1.300000000000000000e+01 8.442663704972106498e-01
3.000000000000000000e+00 1.400000000000000000e+01 1.009298752214753625e+00
3.000000000000000000e+00 1.500000000000000000e+01 8.734552811578509823e-01
3.000000000000000000e+00 1.600000000000000000e+01 9.426910933494281331e-01
3.000000000000000000e+00 1.700000000000000000e+01 9.730061166891483815e-01
3.000000000000000000e+00 1.800000000000000000e+01 9.580925105430855293e-01
3.000000000000000000e+00 1.900000000000000000e+01 1.025971734231310606e+00
3.000000000000000000e+00 2.000000000000000000e+01 9.835090943962618848e-01
3.000000000000000000e+00 2.100000000000000000e+01 8.861954685171875568e-01
3.000000000000000000e+00 2.200000000000000000e+01 9.766475330545978384e-01
3.000000000000000000e+00 2.300000000000000000e+01 9.018880429912157215e-01
3.000000000000000000e+00 2.400000000000000000e+01 9.115751740132589376e-01
3.000000000000000000e+00 2.500000000000000000e+01 1.000829123869437565e+00
3.000000000000000000e+00 2.600000000000000000e+01 1.035456421944239036e+00
3.000000000000000000e+00 2.700000000000000000e+01 1.062488642403485395e+00
3.000000000000000000e+00 2.800000000000000000e+01 9.837864547045220842e-01
3.000000000000000000e+00 2.900000000000000000e+01 9.803828483719772002e-01
3.000000000000000000e+00 3.000000000000000000e+01 9.852698067375318391e-01
3.000000000000000000e+00 3.100000000000000000e+01 1.006579038363558887e+00
3.000000000000000000e+00 3.200000000000000000e+01 1.075976131937258495e+00
4.000000000000000000e+00 5.000000000000000000e+00 5.683197505871416810e-01
4.000000000000000000e+00 6.000000000000000000e+00 6.412599230094027103e-01
4.000000000000000000e+00 7.000000000000000000e+00 6.350208503732071019e-01
4.000000000000000000e+00 8.000000000000000000e+00 7.158550352218744361e-01
4.000000000000000000e+00 9.000000000000000000e+00 6.841548840534378284e-01
4.000000000000000000e+00 1.000000000000000000e+01 6.931534029545131093e-01
4.000000000000000000e+00 1.100000000000000000e+01 7.177145216506872760e-01
4.000000000000000000e+00 1.200000000000000000e+01 7.194526674730588045e-01
4.000000000000000000e+00 1.300000000000000000e+01 8.264085112334031979e-01
4.000000000000000000e+00 1.400000000000000000e+01 1.022163252814003664e+00
4.000000000000000000e+00 1.500000000000000000e+01 8.623510187916644254e-01
4.000000000000000000e+00 1.600000000000000000e+01 9.534763216871580127e-01
4.000000000000000000e+00 1.700000000000000000e+01 9.841676951309223931e-01
4.000000000000000000e+00 1.800000000000000000e+01 9.683070554772681415e-01
4.000000000000000000e+00 1.900000000000000000e+01 1.036084979763768121e+00
4.000000000000000000e+00 2.000000000000000000e+01 9.932304539566196855e-01
4.000000000000000000e+00 2.100000000000000000e+01 8.812920017292391606e-01
4.000000000000000000e+00 2.200000000000000000e+01 9.846263530463590374e-01
4.000000000000000000e+00 2.300000000000000000e+01 8.975516094504287778e-01
4.000000000000000000e+00 2.400000000000000000e+01 9.080323331720212554e-01
4.000000000000000000e+00 2.500000000000000000e+01 1.004286696598614581e+00
4.000000000000000000e+00 2.600000000000000000e+01 1.038391541042601673e+00
4.000000000000000000e+00 2.700000000000000000e+01 1.064980940454012037e+00
4.000000000000000000e+00 2.800000000000000000e+01 9.829091494504440529e-01
4.000000000000000000e+00 2.900000000000000000e+01 9.787142458581521431e-01
4.000000000000000000e+00 3.000000000000000000e+01 9.821559515210769309e-01
4.000000000000000000e+00 3.100000000000000000e+01 1.005408341840685171e+00
4.000000000000000000e+00 3.200000000000000000e+01 1.075978128040326220e+00
5.000000000000000000e+00 6.000000000000000000e+00 5.467551196920352741e-01
5.000000000000000000e+00 7.000000000000000000e+00 5.902282508896723456e-01
5.000000000000000000e+00 8.000000000000000000e+00 6.629214495230077997e-01
5.000000000000000000e+00 9.000000000000000000e+00 7.139790714825146045e-01
5.000000000000000000e+00 1.000000000000000000e+01 6.392022718481117360e-01
5.000000000000000000e+00 1.100000000000000000e+01 7.215657388941179029e-01
5.000000000000000000e+00 1.200000000000000000e+01 7.073193814970639703e-01
5.000000000000000000e+00 1.300000000000000000e+01 8.340180044317906383e-01
5.000000000000000000e+00 1.400000000000000000e+01 1.006488174539885483e+00
5.000000000000000000e+00 1.500000000000000000e+01 8.644834498591554839e-01
5.000000000000000000e+00 1.600000000000000000e+01 9.390947487074319255e-01
5.000000000000000000e+00 1.700000000000000000e+01 9.696272402950101288e-01
5.000000000000000000e+00 1.800000000000000000e+01 9.543905745882297342e-01
5.000000000000000000e+00 1.900000000000000000e+01 1.022351875212665462e+00
5.000000000000000000e+00 2.000000000000000000e+01 9.797328619756815460e-01
5.000000000000000000e+00 2.100000000000000000e+01 8.782206752211134670e-01
5.000000000000000000e+00 2.200000000000000000e+01 9.723780305647105049e-01
5.000000000000000000e+00 2.300000000000000000e+01 8.943057580350963764e-01
5.000000000000000000e+00 2.400000000000000000e+01 9.042735528585634786e-01
5.000000000000000000e+00 2.500000000000000000e+01 9.955328884442871118e-01
5.000000000000000000e+00 2.600000000000000000e+01 1.030113912270434806e+00
5.000000000000000000e+00 2.700000000000000000e+01 1.057083429581997303e+00
5.000000000000000000e+00 2.800000000000000000e+01 9.775849642025022934e-01
5.000000000000000000e+00 2.900000000000000000e+01 9.740346050387271859e-01
5.000000000000000000e+00 3.000000000000000000e+01 9.787337536450764208e-01
5.000000000000000000e+00 3.100000000000000000e+01 1.000419520462165757e+00
5.000000000000000000e+00 3.200000000000000000e+01 1.070131682878326940e+00
6.000000000000000000e+00 7.000000000000000000e+00 5.318743152102078930e-01
6.000000000000000000e+00 8.000000000000000000e+00 6.006049676616933564e-01
6.000000000000000000e+00 9.000000000000000000e+00 7.207967367724500418e-01
6.000000000000000000e+00 1.000000000000000000e+01 5.467684011101928698e-01
6.000000000000000000e+00 1.100000000000000000e+01 7.079435281527761692e-01
6.000000000000000000e+00 1.200000000000000000e+01 6.775370668466351720e-01
6.000000000000000000e+00 1.300000000000000000e+01 8.286728428460761187e-01
6.000000000000000000e+00 1.400000000000000000e+01 9.878875491139240683e-01
6.000000000000000000e+00 1.500000000000000000e+01 8.553877731877462809e-01
6.000000000000000000e+00 1.600000000000000000e+01 9.206657287720152461e-01
6.000000000000000000e+00 1.700000000000000000e+01 9.513510196780829986e-01
6.000000000000000000e+00 1.800000000000000000e+01 9.362807080319390796e-01
6.000000000000000000e+00 1.900000000000000000e+01 1.004543839781630865e+00
6.000000000000000000e+00 2.000000000000000000e+01 9.619383999492938653e-01
6.000000000000000000e+00 2.100000000000000000e+01 8.652880977051320421e-01
6.000000000000000000e+00 2.200000000000000000e+01 9.551374276979014422e-01
6.000000000000000000e+00 2.300000000000000000e+01 8.816332117010483582e-01
6.000000000000000000e+00 2.400000000000000000e+01 8.914264818034363103e-01
6.000000000000000000e+00 2.500000000000000000e+01 9.803287529533888378e-01
6.000000000000000000e+00 2.600000000000000000e+01 1.015306654609713366e+00
6.000000000000000000e+00 2.700000000000000000e+01 1.042559448037563063e+00
6.000000000000000000e+00 2.800000000000000000e+01 9.645254237979974388e-01
6.000000000000000000e+00 2.900000000000000000e+01 9.614092199727810595e-01
6.000000000000000000e+00 3.000000000000000000e+01 9.670710401487949692e-01
6.000000000000000000e+00 3.100000000000000000e+01 9.877257149075240328e-01
6.000000000000000000e+00 3.200000000000000000e+01 1.057007642722748164e+00
7.000000000000000000e+00 8.000000000000000000e+00 6.464438641168672728e-01
7.000000000000000000e+00 9.000000000000000000e+00 6.867858016154441136e-01
7.000000000000000000e+00 1.000000000000000000e+01 5.810694610234451440e-01
7.000000000000000000e+00 1.100000000000000000e+01 6.662414361242490202e-01
7.000000000000000000e+00 1.200000000000000000e+01 6.338697443777590035e-01
7.000000000000000000e+00 1.300000000000000000e+01 8.101043277760748840e-01
7.000000000000000000e+00 1.400000000000000000e+01 9.884710085466930085e-01
7.000000000000000000e+00 1.500000000000000000e+01 8.400835109537915235e-01
7.000000000000000000e+00 1.600000000000000000e+01 9.195461948380252437e-01
7.000000000000000000e+00 1.700000000000000000e+01 9.506473903762784339e-01
7.000000000000000000e+00 1.800000000000000000e+01 9.348444033920484397e-01
7.000000000000000000e+00 1.900000000000000000e+01 1.003197397874784791e+00
7.000000000000000000e+00 2.000000000000000000e+01 9.602562762607826929e-01
7.000000000000000000e+00 2.100000000000000000e+01 8.529145161567710520e-01
7.000000000000000000e+00 2.200000000000000000e+01 9.522508831909670679e-01
7.000000000000000000e+00 2.300000000000000000e+01 8.701812396490091750e-01
7.000000000000000000e+00 2.400000000000000000e+01 8.806831530561363142e-01
7.000000000000000000e+00 2.500000000000000000e+01 9.747186734280302023e-01
7.000000000000000000e+00 2.600000000000000000e+01 1.009512836080975084e+00
7.000000000000000000e+00 2.700000000000000000e+01 1.036568373142291444e+00
7.000000000000000000e+00 2.800000000000000000e+01 9.564310207846109524e-01
7.000000000000000000e+00 2.900000000000000000e+01 9.528945704061602129e-01
7.000000000000000000e+00 3.000000000000000000e+01 9.579472393882830783e-01
7.000000000000000000e+00 3.100000000000000000e+01 9.796629664656961722e-01
7.000000000000000000e+00 3.200000000000000000e+01 1.049750949050130222e+00
8.000000000000000000e+00 9.000000000000000000e+00 7.633876931370332519e-01
8.000000000000000000e+00 1.000000000000000000e+01 5.333762288223172776e-01
8.000000000000000000e+00 1.100000000000000000e+01 7.390061598233010898e-01
8.000000000000000000e+00 1.200000000000000000e+01 6.996538161597338767e-01
8.000000000000000000e+00 1.300000000000000000e+01 8.430955212051098879e-01
8.000000000000000000e+00 1.400000000000000000e+01 9.628705329800923973e-01
8.000000000000000000e+00 1.500000000000000000e+01 8.617829367593085044e-01
8.000000000000000000e+00 1.600000000000000000e+01 8.979261380782532775e-01
8.000000000000000000e+00 1.700000000000000000e+01 9.283098646580554281e-01
8.000000000000000000e+00 1.800000000000000000e+01 9.143490571803074562e-01
8.000000000000000000e+00 1.900000000000000000e+01 9.828991960456940902e-01
8.000000000000000000e+00 2.000000000000000000e+01 9.407191654306343853e-01
8.000000000000000000e+00 2.100000000000000000e+01 8.636305004729853962e-01
8.000000000000000000e+00 2.200000000000000000e+01 9.361113607668973824e-01
8.000000000000000000e+00 2.300000000000000000e+01 8.790958033223588153e-01
8.000000000000000000e+00 2.400000000000000000e+01 8.877755784292205021e-01
8.000000000000000000e+00 2.500000000000000000e+01 9.672493134679822635e-01
8.000000000000000000e+00 2.600000000000000000e+01 1.002943666247391619e+00
8.000000000000000000e+00 2.700000000000000000e+01 1.030791664285490183e+00
8.000000000000000000e+00 2.800000000000000000e+01 9.572169818722959800e-01
8.000000000000000000e+00 2.900000000000000000e+01 9.551612473183181962e-01
8.000000000000000000e+00 3.000000000000000000e+01 9.627595329884888198e-01
8.000000000000000000e+00 3.100000000000000000e+01 9.808175484998886695e-01
8.000000000000000000e+00 3.200000000000000000e+01 1.048550301513572647e+00
9.000000000000000000e+00 1.000000000000000000e+01 7.359341129725166519e-01
9.000000000000000000e+00 1.100000000000000000e+01 6.290266523223013717e-01
9.000000000000000000e+00 1.200000000000000000e+01 6.864780091256938999e-01
9.000000000000000000e+00 1.300000000000000000e+01 7.626559037154014842e-01
9.000000000000000000e+00 1.400000000000000000e+01 1.018545032761784208e+00
9.000000000000000000e+00 1.500000000000000000e+01 8.155479622074620627e-01
9.000000000000000000e+00 1.600000000000000000e+01 9.462444419610291924e-01
9.000000000000000000e+00 1.700000000000000000e+01 9.777109176455174300e-01
9.000000000000000000e+00 1.800000000000000000e+01 9.602516815597839095e-01
9.000000000000000000e+00 1.900000000000000000e+01 1.028053144901495575e+00
9.000000000000000000e+00 2.000000000000000000e+01 9.844980589816081373e-01
9.000000000000000000e+00 2.100000000000000000e+01 8.461710043986467866e-01
9.000000000000000000e+00 2.200000000000000000e+01 9.731118775584557401e-01
9.000000000000000000e+00 2.300000000000000000e+01 8.645499872246598105e-01
9.000000000000000000e+00 2.400000000000000000e+01 8.769036374900551767e-01
9.000000000000000000e+00 2.500000000000000000e+01 9.860285624900335666e-01
9.000000000000000000e+00 2.600000000000000000e+01 1.019554585176756234e+00
9.000000000000000000e+00 2.700000000000000000e+01 1.045594420545327141e+00
9.000000000000000000e+00 2.800000000000000000e+01 9.582237293777160492e-01
9.000000000000000000e+00 2.900000000000000000e+01 9.528773625677282588e-01
9.000000000000000000e+00 3.000000000000000000e+01 9.545148800082243756e-01
9.000000000000000000e+00 3.100000000000000000e+01 9.806666820781950733e-01
9.000000000000000000e+00 3.200000000000000000e+01 1.053252408998240019e+00
1.000000000000000000e+01 1.100000000000000000e+01 7.053040650754622831e-01
1.000000000000000000e+01 1.200000000000000000e+01 6.568875060565610990e-01
1.000000000000000000e+01 1.300000000000000000e+01 8.257315849330308932e-01
1.000000000000000000e+01 1.400000000000000000e+01 9.683686497616539324e-01
1.000000000000000000e+01 1.500000000000000000e+01 8.475459769636927154e-01
1.000000000000000000e+01 1.600000000000000000e+01 9.011915922334008400e-01
1.000000000000000000e+01 1.700000000000000000e+01 9.321149400002335383e-01
1.000000000000000000e+01 1.800000000000000000e+01 9.171873225116142780e-01
1.000000000000000000e+01 1.900000000000000000e+01 9.858436396949223912e-01
1.000000000000000000e+01 2.000000000000000000e+01 9.432239794505432595e-01
1.000000000000000000e+01 2.100000000000000000e+01 8.526219656723621476e-01
1.000000000000000000e+01 2.200000000000000000e+01 9.370183406729328812e-01
1.000000000000000000e+01 2.300000000000000000e+01 8.691089322869571809e-01
1.000000000000000000e+01 2.400000000000000000e+01 8.786072441693302260e-01
1.000000000000000000e+01 2.500000000000000000e+01 9.645260187094086834e-01
1.000000000000000000e+01 2.600000000000000000e+01 9.999595221106081233e-01
1.000000000000000000e+01 2.700000000000000000e+01 1.027535067288908310e+00
1.000000000000000000e+01 2.800000000000000000e+01 9.512074270512063112e-01
1.000000000000000000e+01 2.900000000000000000e+01 9.485990548514107168e-01
1.000000000000000000e+01 3.000000000000000000e+01 9.553639717583626290e-01
1.000000000000000000e+01 3.100000000000000000e+01 9.748085231455703159e-01
1.000000000000000000e+01 3.200000000000000000e+01 1.043574816215979473e+00
1.100000000000000000e+01 1.200000000000000000e+01 5.759180457234645001e-01
1.100000000000000000e+01 1.300000000000000000e+01 7.473388248091370478e-01
1.100000000000000000e+01 1.400000000000000000e+01 9.895342309510428702e-01
1.100000000000000000e+01 1.500000000000000000e+01 7.904913604121163173e-01
1.100000000000000000e+01 1.600000000000000000e+01 9.163721042155086316e-01
1.100000000000000000e+01 1.700000000000000000e+01 9.483959677148026124e-01
1.100000000000000000e+01 1.800000000000000000e+01 9.307040651298648104e-01
1.100000000000000000e+01 1.900000000000000000e+01 9.991108249263791485e-01
1.100000000000000000e+01 2.000000000000000000e+01 9.553370271384353796e-01
1.100000000000000000e+01 2.100000000000000000e+01 8.148742954321610554e-01
1.100000000000000000e+01 2.200000000000000000e+01 9.440578443958436150e-01
1.100000000000000000e+01 2.300000000000000000e+01 8.355682473874490590e-01
1.100000000000000000e+01 2.400000000000000000e+01 8.486094290520187489e-01
1.100000000000000000e+01 2.500000000000000000e+01 9.587667130567461005e-01
1.100000000000000000e+01 2.600000000000000000e+01 9.930080158126655121e-01
1.100000000000000000e+01 2.700000000000000000e+01 1.019493630123706973e+00
1.100000000000000000e+01 2.800000000000000000e+01 9.331605767167474585e-01
1.100000000000000000e+01 2.900000000000000000e+01 9.283478356981262891e-01
1.100000000000000000e+01 3.000000000000000000e+01 9.315941949714436898e-01
1.100000000000000000e+01 3.100000000000000000e+01 9.565410164209486865e-01
1.100000000000000000e+01 3.200000000000000000e+01 1.029052902797382041e+00
1.200000000000000000e+01 1.300000000000000000e+01 7.735370229271985032e-01
1.200000000000000000e+01 1.400000000000000000e+01 9.708824934242252791e-01
1.200000000000000000e+01 1.500000000000000000e+01 8.016331247438847063e-01
1.200000000000000000e+01 1.600000000000000000e+01 8.987006905300822801e-01
1.200000000000000000e+01 1.700000000000000000e+01 9.308310932398842219e-01
1.200000000000000000e+01 1.800000000000000000e+01 9.137181924785828802e-01
1.200000000000000000e+01 1.900000000000000000e+01 9.826194082758021864e-01
1.200000000000000000e+01 2.000000000000000000e+01 9.390031735929855738e-01
1.200000000000000000e+01 2.100000000000000000e+01 8.140636663105582649e-01
1.200000000000000000e+01 2.200000000000000000e+01 9.291742468119632559e-01
1.200000000000000000e+01 2.300000000000000000e+01 8.341279383603670272e-01
1.200000000000000000e+01 2.400000000000000000e+01 8.460832744878883371e-01
1.200000000000000000e+01 2.500000000000000000e+01 9.485687267600415584e-01
1.200000000000000000e+01 2.600000000000000000e+01 9.835509059013207711e-01
1.200000000000000000e+01 2.700000000000000000e+01 1.010593191212330266e+00
1.200000000000000000e+01 2.800000000000000000e+01 9.278850939904985662e-01
1.200000000000000000e+01 2.900000000000000000e+01 9.240567090230813463e-01
1.200000000000000000e+01 3.000000000000000000e+01 9.292308695013595798e-01
1.200000000000000000e+01 3.100000000000000000e+01 9.517763460390491481e-01
1.200000000000000000e+01 3.200000000000000000e+01 1.023055565797845956e+00
1.300000000000000000e+01 1.400000000000000000e+01 1.016836947109154954e+00
1.300000000000000000e+01 1.500000000000000000e+01 6.829556322419522152e-01
1.300000000000000000e+01 1.600000000000000000e+01 9.389336139651440760e-01
1.300000000000000000e+01 1.700000000000000000e+01 9.711768523276931298e-01
1.300000000000000000e+01 1.800000000000000000e+01 9.510432260379901859e-01
1.300000000000000000e+01 1.900000000000000000e+01 1.018219983458665379e+00
1.300000000000000000e+01 2.000000000000000000e+01 9.736163131277837390e-01
1.300000000000000000e+01 2.100000000000000000e+01 7.752352680242662331e-01
1.300000000000000000e+01 2.200000000000000000e+01 9.569748996845561795e-01
1.300000000000000000e+01 2.300000000000000000e+01 7.980440519436933222e-01
1.300000000000000000e+01 2.400000000000000000e+01 8.156573163504099444e-01
1.300000000000000000e+01 2.500000000000000000e+01 9.555928192339890881e-01
1.300000000000000000e+01 2.600000000000000000e+01 9.875911708600515482e-01
1.300000000000000000e+01 2.700000000000000000e+01 1.012332234710397350e+00
1.300000000000000000e+01 2.800000000000000000e+01 9.129751145258955258e-01
1.300000000000000000e+01 2.900000000000000000e+01 9.047107169503432189e-01
1.300000000000000000e+01 3.000000000000000000e+01 9.015904867412520840e-01
1.300000000000000000e+01 3.100000000000000000e+01 9.351675845358702333e-01
1.300000000000000000e+01 3.200000000000000000e+01 1.012462699370128894e+00
1.400000000000000000e+01 1.500000000000000000e+01 9.977242251675707552e-01
1.400000000000000000e+01 1.600000000000000000e+01 6.612886345227502183e-01
1.400000000000000000e+01 1.700000000000000000e+01 5.770305680978005114e-01
1.400000000000000000e+01 1.800000000000000000e+01 6.514780528795298675e-01
1.400000000000000000e+01 1.900000000000000000e+01 6.186834598903221405e-01
1.400000000000000000e+01 2.000000000000000000e+01 6.444365625006653886e-01
1.400000000000000000e+01 2.100000000000000000e+01 9.579689903287973429e-01
1.400000000000000000e+01 2.200000000000000000e+01 7.253064223129637167e-01
1.400000000000000000e+01 2.300000000000000000e+01 9.578975292779348116e-01
1.400000000000000000e+01 2.400000000000000000e+01 9.533446048477738355e-01
1.400000000000000000e+01 2.500000000000000000e+01 8.717861056219666782e-01
1.400000000000000000e+01 2.600000000000000000e+01 9.081217832917776178e-01
1.400000000000000000e+01 2.700000000000000000e+01 9.417759500153477514e-01
1.400000000000000000e+01 2.800000000000000000e+01 9.522000846419398368e-01
1.400000000000000000e+01 2.900000000000000000e+01 9.629696877379645414e-01
1.400000000000000000e+01 3.000000000000000000e+01 9.882617361726409033e-01
1.400000000000000000e+01 3.100000000000000000e+01 9.729168055782153601e-01
1.400000000000000000e+01 3.200000000000000000e+01 1.009294386859237447e+00
1.500000000000000000e+01 1.600000000000000000e+01 9.167520347224318300e-01
1.500000000000000000e+01 1.700000000000000000e+01 9.495055101729197311e-01
1.500000000000000000e+01 1.800000000000000000e+01 9.279096796037038519e-01
1.500000000000000000e+01 1.900000000000000000e+01 9.949121306232404649e-01
1.500000000000000000e+01 2.000000000000000000e+01 9.496946892903277426e-01
1.500000000000000000e+01 2.100000000000000000e+01 6.928817174772494702e-01
1.500000000000000000e+01 2.200000000000000000e+01 9.302722234266804779e-01
1.500000000000000000e+01 2.300000000000000000e+01 7.244520151757338766e-01
1.500000000000000000e+01 2.400000000000000000e+01 7.506277128288545430e-01
1.500000000000000000e+01 2.500000000000000000e+01 9.218675772890112530e-01
1.500000000000000000e+01 2.600000000000000000e+01 9.536978105100382130e-01
1.500000000000000000e+01 2.700000000000000000e+01 9.781506713883854065e-01
1.500000000000000000e+01 2.800000000000000000e+01 8.711053479651975628e-01
1.500000000000000000e+01 2.900000000000000000e+01 8.611340398591957879e-01
1.500000000000000000e+01 3.000000000000000000e+01 8.565745071072992101e-01
1.500000000000000000e+01 3.100000000000000000e+01 8.947375468542175803e-01
1.500000000000000000e+01 3.200000000000000000e+01 9.757816310614944033e-01
1.600000000000000000e+01 1.700000000000000000e+01 5.488296923777489233e-01
1.600000000000000000e+01 1.800000000000000000e+01 4.620144773155627771e-01
1.600000000000000000e+01 1.900000000000000000e+01 6.564652620517068549e-01
1.600000000000000000e+01 2.000000000000000000e+01 5.797900328718861296e-01
1.600000000000000000e+01 2.100000000000000000e+01 8.730344205887692333e-01
1.600000000000000000e+01 2.200000000000000000e+01 6.196258241552465851e-01
1.600000000000000000e+01 2.300000000000000000e+01 8.716846143629397581e-01
1.600000000000000000e+01 2.400000000000000000e+01 8.659640245002842018e-01
1.600000000000000000e+01 2.500000000000000000e+01 7.799849338421667166e-01
1.600000000000000000e+01 2.600000000000000000e+01 8.214654058536638992e-01
1.600000000000000000e+01 2.700000000000000000e+01 8.565532754394433734e-01
1.600000000000000000e+01 2.800000000000000000e+01 8.616482327706900257e-01
1.600000000000000000e+01 2.900000000000000000e+01 8.731778723251046870e-01
1.600000000000000000e+01 3.000000000000000000e+01 9.000511165791429402e-01
1.600000000000000000e+01 3.100000000000000000e+01 8.835335689259729008e-01
1.600000000000000000e+01 3.200000000000000000e+01 9.219229223237894733e-01
1.700000000000000000e+01 1.800000000000000000e+01 5.056478369264001405e-01
1.700000000000000000e+01 1.900000000000000000e+01 5.656756614563049901e-01
1.700000000000000000e+01 2.000000000000000000e+01 5.106549401236184504e-01
1.700000000000000000e+01 2.100000000000000000e+01 9.070078712432800838e-01
1.700000000000000000e+01 2.200000000000000000e+01 6.293915639736280543e-01
1.700000000000000000e+01 2.300000000000000000e+01 9.054601577629046716e-01
1.700000000000000000e+01 2.400000000000000000e+01 8.997011359128930241e-01
1.700000000000000000e+01 2.500000000000000000e+01 8.012832420373798836e-01
1.700000000000000000e+01 2.600000000000000000e+01 8.386926223546922188e-01
1.700000000000000000e+01 2.700000000000000000e+01 8.732452814751059389e-01
1.700000000000000000e+01 2.800000000000000000e+01 8.911994373453875351e-01
1.700000000000000000e+01 2.900000000000000000e+01 9.032376713359511200e-01
1.700000000000000000e+01 3.000000000000000000e+01 9.301663285516414970e-01
1.700000000000000000e+01 3.100000000000000000e+01 9.115862445332045816e-01
1.700000000000000000e+01 3.200000000000000000e+01 9.451135961302477018e-01
1.800000000000000000e+01 1.900000000000000000e+01 6.158598347079768942e-01
1.800000000000000000e+01 2.000000000000000000e+01 5.056054025918486072e-01
1.800000000000000000e+01 2.100000000000000000e+01 8.836484913892013182e-01
1.800000000000000000e+01 2.200000000000000000e+01 5.793402716856390633e-01
1.800000000000000000e+01 2.300000000000000000e+01 8.813282608905739224e-01
1.800000000000000000e+01 2.400000000000000000e+01 8.749042926823344946e-01
1.800000000000000000e+01 2.500000000000000000e+01 7.707812495809498454e-01
1.800000000000000000e+01 2.600000000000000000e+01 8.109324574231946414e-01
1.800000000000000000e+01 2.700000000000000000e+01 8.463916185489537281e-01
1.800000000000000000e+01 2.800000000000000000e+01 8.635199576513055142e-01
1.800000000000000000e+01 2.900000000000000000e+01 8.761246221244134436e-01
1.800000000000000000e+01 3.000000000000000000e+01 9.039763298427370142e-01
1.800000000000000000e+01 3.100000000000000000e+01 8.842777291788035399e-01
1.800000000000000000e+01 3.200000000000000000e+01 9.180968982734507566e-01
1.900000000000000000e+01 2.000000000000000000e+01 5.365872215568963099e-01
1.900000000000000000e+01 2.100000000000000000e+01 9.514055570299015940e-01
1.900000000000000000e+01 2.200000000000000000e+01 6.431443256589903790e-01
1.900000000000000000e+01 2.300000000000000000e+01 9.483855422798503909e-01
1.900000000000000000e+01 2.400000000000000000e+01 9.415648112475933917e-01
1.900000000000000000e+01 2.500000000000000000e+01 8.159774694598060929e-01
1.900000000000000000e+01 2.600000000000000000e+01 8.480544797245408439e-01
1.900000000000000000e+01 2.700000000000000000e+01 8.821605445459097528e-01
1.900000000000000000e+01 2.800000000000000000e+01 9.222773030963471452e-01
1.900000000000000000e+01 2.900000000000000000e+01 9.359121638779601682e-01
1.900000000000000000e+01 3.000000000000000000e+01 9.642231465676023294e-01
1.900000000000000000e+01 3.100000000000000000e+01 9.405931254135428965e-01
1.900000000000000000e+01 3.200000000000000000e+01 9.657584209016543131e-01
2.000000000000000000e+01 2.100000000000000000e+01 9.052436642462722283e-01
2.000000000000000000e+01 2.200000000000000000e+01 5.591467656508559703e-01
2.000000000000000000e+01 2.300000000000000000e+01 9.020059578445698278e-01
2.000000000000000000e+01 2.400000000000000000e+01 8.949538016252869266e-01
2.000000000000000000e+01 2.500000000000000000e+01 7.704373649968125903e-01
2.000000000000000000e+01 2.600000000000000000e+01 8.066508025938219362e-01
2.000000000000000000e+01 2.700000000000000000e+01 8.419193123602999318e-01
2.000000000000000000e+01 2.800000000000000000e+01 8.758939934660190385e-01
2.000000000000000000e+01 2.900000000000000000e+01 8.896075083129502126e-01
2.000000000000000000e+01 3.000000000000000000e+01 9.182957369751185706e-01
2.000000000000000000e+01 3.100000000000000000e+01 8.949708386534829252e-01
2.000000000000000000e+01 3.200000000000000000e+01 9.224304756976728914e-01
2.100000000000000000e+01 2.200000000000000000e+01 8.831654659246515049e-01
2.100000000000000000e+01 2.300000000000000000e+01 5.497622691717702903e-01
2.100000000000000000e+01 2.400000000000000000e+01 6.229235162372821488e-01
2.100000000000000000e+01 2.500000000000000000e+01 8.711452577392846397e-01
2.100000000000000000e+01 2.600000000000000000e+01 9.050494277471408111e-01
2.100000000000000000e+01 2.700000000000000000e+01 9.305621946487117047e-01
2.100000000000000000e+01 2.800000000000000000e+01 8.167254700132959844e-01
2.100000000000000000e+01 2.900000000000000000e+01 8.067795931910470841e-01
2.100000000000000000e+01 3.000000000000000000e+01 8.080666342912017353e-01
2.100000000000000000e+01 3.100000000000000000e+01 8.459115529967644598e-01
2.100000000000000000e+01 3.200000000000000000e+01 9.311554732821656355e-01
2.200000000000000000e+01 2.300000000000000000e+01 8.778919408924288348e-01
2.200000000000000000e+01 2.400000000000000000e+01 8.692356623982619990e-01
2.200000000000000000e+01 2.500000000000000000e+01 7.145405941245244197e-01
2.200000000000000000e+01 2.600000000000000000e+01 7.558093159861338783e-01
2.200000000000000000e+01 2.700000000000000000e+01 7.938102809502181056e-01
2.200000000000000000e+01 2.800000000000000000e+01 8.383627086163538689e-01
2.200000000000000000e+01 2.900000000000000000e+01 8.540770027029771505e-01
2.200000000000000000e+01 3.000000000000000000e+01 8.851011412968026182e-01
2.200000000000000000e+01 3.100000000000000000e+01 8.567501205921894680e-01
2.200000000000000000e+01 3.200000000000000000e+01 8.801216208120046236e-01
2.300000000000000000e+01 2.400000000000000000e+01 5.160631828796822251e-01
2.300000000000000000e+01 2.500000000000000000e+01 8.590904762948323725e-01
2.300000000000000000e+01 2.600000000000000000e+01 8.925761623306240899e-01
2.300000000000000000e+01 2.700000000000000000e+01 9.177095588790409320e-01
2.300000000000000000e+01 2.800000000000000000e+01 7.950155618509164857e-01
2.300000000000000000e+01 2.900000000000000000e+01 7.828957346544764828e-01
2.300000000000000000e+01 3.000000000000000000e+01 7.832726715471702850e-01
2.300000000000000000e+01 3.100000000000000000e+01 8.261301679911117191e-01
2.300000000000000000e+01 3.200000000000000000e+01 9.155756996363038080e-01
2.400000000000000000e+01 2.500000000000000000e+01 8.455685269265689197e-01
2.400000000000000000e+01 2.600000000000000000e+01 8.792104175069823668e-01
2.400000000000000000e+01 2.700000000000000000e+01 9.043368124562343180e-01
2.400000000000000000e+01 2.800000000000000000e+01 7.742190806897837341e-01
2.400000000000000000e+01 2.900000000000000000e+01 7.607381803625314909e-01
2.400000000000000000e+01 3.000000000000000000e+01 7.628472732709103976e-01
2.400000000000000000e+01 3.100000000000000000e+01 8.081400515964123343e-01
2.400000000000000000e+01 3.200000000000000000e+01 9.011970026586844096e-01
2.500000000000000000e+01 2.600000000000000000e+01 5.859837007383363883e-01
2.500000000000000000e+01 2.700000000000000000e+01 6.604489628563530168e-01
2.500000000000000000e+01 2.800000000000000000e+01 7.561350112739571028e-01
2.500000000000000000e+01 2.900000000000000000e+01 7.819786795144882952e-01
2.500000000000000000e+01 3.000000000000000000e+01 8.217433087045280526e-01
2.500000000000000000e+01 3.100000000000000000e+01 7.655158286464791573e-01
2.500000000000000000e+01 3.200000000000000000e+01 7.646351460295623959e-01
2.600000000000000000e+01 2.700000000000000000e+01 5.313500905508405925e-01
2.600000000000000000e+01 2.800000000000000000e+01 7.825905300695346067e-01
2.600000000000000000e+01 2.900000000000000000e+01 8.073736541770060171e-01
2.600000000000000000e+01 3.000000000000000000e+01 8.438350938415253299e-01
2.600000000000000000e+01 3.100000000000000000e+01 7.808521691664880304e-01
2.600000000000000000e+01 3.200000000000000000e+01 7.341066012638741700e-01
2.700000000000000000e+01 2.800000000000000000e+01 8.043922652872035339e-01
2.700000000000000000e+01 2.900000000000000000e+01 8.280740541511666386e-01
2.700000000000000000e+01 3.000000000000000000e+01 8.622152890041594464e-01
2.700000000000000000e+01 3.100000000000000000e+01 7.967570798060428228e-01
2.700000000000000000e+01 3.200000000000000000e+01 7.177157723161087244e-01
2.800000000000000000e+01 2.900000000000000000e+01 5.295931635126660542e-01
2.800000000000000000e+01 3.000000000000000000e+01 6.634027711623835533e-01
2.800000000000000000e+01 3.100000000000000000e+01 5.855349681571744291e-01
2.800000000000000000e+01 3.200000000000000000e+01 7.775784683696806976e-01
2.900000000000000000e+01 3.000000000000000000e+01 6.052816945927035341e-01
2.900000000000000000e+01 3.100000000000000000e+01 6.226049217668283564e-01
2.900000000000000000e+01 3.200000000000000000e+01 7.985904664737055736e-01
3.000000000000000000e+01 3.100000000000000000e+01 6.829391826164006307e-01
3.000000000000000000e+01 3.200000000000000000e+01 8.256134770719858462e-01
3.100000000000000000e+01 3.200000000000000000e+01 7.438501061231315159e-01
