1.000000000000000000e+00 2.000000000000000000e+00 8.215821111012066025e-01
1.000000000000000000e+00 3.000000000000000000e+00 9.022000906689127131e-01
1.000000000000000000e+00 4.000000000000000000e+00 8.726776420356913144e-01
1.000000000000000000e+00 5.000000000000000000e+00 9.001724166417576223e-01
1.000000000000000000e+00 6.000000000000000000e+00 9.158704188908969313e-01
1.000000000000000000e+00 7.000000000000000000e+00 9.105146986831981204e-01
1.000000000000000000e+00 8.000000000000000000e+00 9.388511984802829780e-01
1.000000000000000000e+00 9.000000000000000000e+00 8.766387584495266561e-01
1.000000000000000000e+00 1.000000000000000000e+01 9.295260601973504011e-01
1.000000000000000000e+00 1.100000000000000000e+01 9.094120967937437960e-01
1.000000000000000000e+00 1.200000000000000000e+01 9.225388627732740154e-01
1.000000000000000000e+00 1.300000000000000000e+01 9.133271551907561348e-01
1.000000000000000000e+00 1.400000000000000000e+01 1.130671117457807684e+00
1.000000000000000000e+00 1.500000000000000000e+01 9.416691838063653286e-01
1.000000000000000000e+00 1.600000000000000000e+01 1.068371753418317915e+00
1.000000000000000000e+00 1.700000000000000000e+01 1.095478471130882037e+00
1.000000000000000000e+00 1.800000000000000000e+01 1.079215068028591684e+00
1.000000000000000000e+00 1.900000000000000000e+01 1.135199690154192087e+00
1.000000000000000000e+00 2.000000000000000000e+01 1.098805108529653962e+00
1.000000000000000000e+00 2.100000000000000000e+01 9.709934872820706886e-01
1.000000000000000000e+00 2.200000000000000000e+01 1.085747648823919498e+00
1.000000000000000000e+00 2.300000000000000000e+01 9.806250575523589585e-01
1.000000000000000000e+00 2.400000000000000000e+01 9.890578910564727932e-01
1.000000000000000000e+00 2.500000000000000000e+01 1.084673739518082103e+00
1.000000000000000000e+00 2.600000000000000000e+01 1.109906482477703404e+00
1.000000000000000000e+00 2.700000000000000000e+01 1.128665095916421723e+00
1.000000000000000000e+00 2.800000000000000000e+01 1.048602043623151348e+00
1.000000000000000000e+00 2.900000000000000000e+01 1.041797055835564034e+00
1.000000000000000000e+00 3.000000000000000000e+01 1.036686254074171698e+00
1.000000000000000000e+00 3.100000000000000000e+01 1.063345114609242970e+00
1.000000000000000000e+00 3.200000000000000000e+01 1.122342032419195057e+00
2.000000000000000000e+00 3.000000000000000000e+00 7.873540237472893555e-01
2.000000000000000000e+00 4.000000000000000000e+00 7.477052885696665596e-01
2.000000000000000000e+00 5.000000000000000000e+00 7.835707348683124129e-01
2.000000000000000000e+00 6.000000000000000000e+00 8.035247312325327629e-01
2.000000000000000000e+00 7.000000000000000000e+00 7.957953116303370100e-01
2.000000000000000000e+00 8.000000000000000000e+00 8.332468855740970959e-01
2.000000000000000000e+00 9.000000000000000000e+00 7.466317231872038329e-01
2.000000000000000000e+00 1.000000000000000000e+01 8.213305111500098787e-01
2.000000000000000000e+00 1.100000000000000000e+01 7.954118070878892777e-01
2.000000000000000000e+00 1.200000000000000000e+01 8.134027057554420459e-01
2.000000000000000000e+00 1.300000000000000000e+01 8.195976572298232510e-01
2.000000000000000000e+00 1.400000000000000000e+01 1.046816454559850174e+00
2.000000000000000000e+00 1.500000000000000000e+01 8.613183040026588522e-01
2.000000000000000000e+00 1.600000000000000000e+01 9.857020901140458591e-01
2.000000000000000000e+00 1.700000000000000000e+01 1.012962810814391323e+00
2.000000000000000000e+00 1.800000000000000000e+01 9.973622777314306020e-01
2.000000000000000000e+00 1.900000000000000000e+01 1.054007431080980162e+00
2.000000000000000000e+00 2.000000000000000000e+01 1.017779552343763383e+00
2.000000000000000000e+00 2.100000000000000000e+01 8.926295467636040648e-01
2.000000000000000000e+00 2.200000000000000000e+01 1.006424988629033734e+00
2.000000000000000000e+00 2.300000000000000000e+01 9.052968654954296479e-01
2.000000000000000000e+00 2.400000000000000000e+01 9.150325726374167745e-01
2.000000000000000000e+00 2.500000000000000000e+01 1.011266419450696175e+00
2.000000000000000000e+00 2.600000000000000000e+01 1.038010404613477045e+00
2.000000000000000000e+00 2.700000000000000000e+01 1.057828735489041883e+00
2.000000000000000000e+00 2.800000000000000000e+01 9.803211927646378054e-01
2.000000000000000000e+00 2.900000000000000000e+01 9.744226752607310083e-01
2.000000000000000000e+00 3.000000000000000000e+01 9.720147876625115924e-01
2.000000000000000000e+00 3.100000000000000000e+01 9.969339223652520232e-01
2.000000000000000000e+00 3.200000000000000000e+01 1.056022462098617165e+00
3.000000000000000000e+00 4.000000000000000000e+00 5.931290614699050723e-01
3.000000000000000000e+00 5.000000000000000000e+00 4.609655725484392841e-01
3.000000000000000000e+00 6.000000000000000000e+00 5.748370127875911395e-01
3.000000000000000000e+00 7.000000000000000000e+00 6.249836203746180763e-01
3.000000000000000000e+00 8.000000000000000000e+00 6.605490786966616845e-01
3.000000000000000000e+00 9.000000000000000000e+00 7.088482443885985029e-01
3.000000000000000000e+00 1.000000000000000000e+01 6.493666578405786760e-01
3.000000000000000000e+00 1.100000000000000000e+01 7.289402209028428281e-01
3.000000000000000000e+00 1.200000000000000000e+01 7.178469531302043016e-01
3.000000000000000000e+00 1.300000000000000000e+01 8.250858342365895437e-01
3.000000000000000000e+00 1.400000000000000000e+01 9.798791712757919381e-01
3.000000000000000000e+00 1.500000000000000000e+01 8.544040614258188171e-01
3.000000000000000000e+00 1.600000000000000000e+01 9.236887001186222523e-01
3.000000000000000000e+00 1.700000000000000000e+01 9.505261178770931796e-01
3.000000000000000000e+00 1.800000000000000000e+01 9.373512204803189363e-01
3.000000000000000000e+00 1.900000000000000000e+01 9.949360427731233081e-01
3.000000000000000000e+00 2.000000000000000000e+01 9.596316539664180301e-01
3.000000000000000000e+00 2.100000000000000000e+01 8.683986910790555402e-01
3.000000000000000000e+00 2.200000000000000000e+01 9.533964550337379329e-01
3.000000000000000000e+00 2.300000000000000000e+01 8.828168759103280916e-01
3.000000000000000000e+00 2.400000000000000000e+01 8.918378119992925734e-01
3.000000000000000000e+00 2.500000000000000000e+01 9.733675025977814865e-01
3.000000000000000000e+00 2.600000000000000000e+01 1.002789062680865095e+00
3.000000000000000000e+00 2.700000000000000000e+01 1.024623732616614102e+00
3.000000000000000000e+00 2.800000000000000000e+01 9.564537919827900136e-01
3.000000000000000000e+00 2.900000000000000000e+01 9.531379252376559474e-01
3.000000000000000000e+00 3.000000000000000000e+01 9.564384621104531359e-01
3.000000000000000000e+00 3.100000000000000000e+01 9.755074103799898921e-01
3.000000000000000000e+00 3.200000000000000000e+01 1.032355382250639053e+00
4.000000000000000000e+00 5.000000000000000000e+00 5.641110750119938677e-01
4.000000000000000000e+00 6.000000000000000000e+00 6.341088431496612055e-01
4.000000000000000000e+00 7.000000000000000000e+00 6.277873821010063748e-01
4.000000000000000000e+00 8.000000000000000000e+00 7.044647384363686982e-01
4.000000000000000000e+00 9.000000000000000000e+00 6.553560853225163241e-01
4.000000000000000000e+00 1.000000000000000000e+01 6.832390329404617324e-01
4.000000000000000000e+00 1.100000000000000000e+01 7.009384121955073432e-01
4.000000000000000000e+00 1.200000000000000000e+01 7.057424272511223506e-01
4.000000000000000000e+00 1.300000000000000000e+01 7.987845464849542276e-01
4.000000000000000000e+00 1.400000000000000000e+01 9.823796690373878260e-01
4.000000000000000000e+00 1.500000000000000000e+01 8.343634609482120101e-01
4.000000000000000000e+00 1.600000000000000000e+01 9.241942952908273057e-01
4.000000000000000000e+00 1.700000000000000000e+01 9.513772663028612353e-01
4.000000000000000000e+00 1.800000000000000000e+01 9.372858066582385739e-01
4.000000000000000000e+00 1.900000000000000000e+01 9.947777245194902029e-01
4.000000000000000000e+00 2.000000000000000000e+01 9.590701355061617139e-01
4.000000000000000000e+00 2.100000000000000000e+01 8.542216334339807204e-01
4.000000000000000000e+00 2.200000000000000000e+01 9.511100618982837318e-01
4.000000000000000000e+00 2.300000000000000000e+01 8.690254911245907099e-01
4.000000000000000000e+00 2.400000000000000000e+01 8.787191656142226970e-01
4.000000000000000000e+00 2.500000000000000000e+01 9.665070584580794932e-01
4.000000000000000000e+00 2.600000000000000000e+01 9.953094857597457601e-01
4.000000000000000000e+00 2.700000000000000000e+01 1.016640320762379979e+00
4.000000000000000000e+00 2.800000000000000000e+01 9.453759511446719888e-01
4.000000000000000000e+00 2.900000000000000000e+01 9.413057301058485038e-01
4.000000000000000000e+00 3.000000000000000000e+01 9.431641312393479470e-01
4.000000000000000000e+00 3.100000000000000000e+01 9.640112154293758451e-01
4.000000000000000000e+00 3.200000000000000000e+01 1.021797468516299823e+00
5.000000000000000000e+00 6.000000000000000000e+00 5.459827773896773762e-01
5.000000000000000000e+00 7.000000000000000000e+00 5.884228338339066999e-01
5.000000000000000000e+00 8.000000000000000000e+00 6.604345861165807907e-01
5.000000000000000000e+00 9.000000000000000000e+00 6.933870467692587747e-01
5.000000000000000000e+00 1.000000000000000000e+01 6.371011072166478106e-01
5.000000000000000000e+00 1.100000000000000000e+01 7.127264719973709362e-01
5.000000000000000000e+00 1.200000000000000000e+01 7.014758355285937164e-01
5.000000000000000000e+00 1.300000000000000000e+01 8.166922690642509641e-01
5.000000000000000000e+00 1.400000000000000000e+01 9.778400131877813539e-01
5.000000000000000000e+00 1.500000000000000000e+01 8.470871484970481369e-01
5.000000000000000000e+00 1.600000000000000000e+01 9.209236954723767354e-01
5.000000000000000000e+00 1.700000000000000000e+01 9.479774962531821725e-01
5.000000000000000000e+00 1.800000000000000000e+01 9.345113035609502461e-01
5.000000000000000000e+00 1.900000000000000000e+01 9.922106262629308837e-01
5.000000000000000000e+00 2.000000000000000000e+01 9.567481533316242182e-01
5.000000000000000000e+00 2.100000000000000000e+01 8.618708257244875881e-01
5.000000000000000000e+00 2.200000000000000000e+01 9.500835350280221192e-01
5.000000000000000000e+00 2.300000000000000000e+01 8.766613422771309949e-01
5.000000000000000000e+00 2.400000000000000000e+01 8.859344015712676823e-01
5.000000000000000000e+00 2.500000000000000000e+01 9.692021123179801467e-01
5.000000000000000000e+00 2.600000000000000000e+01 9.985979332803742725e-01
5.000000000000000000e+00 2.700000000000000000e+01 1.020386858100358118e+00
5.000000000000000000e+00 2.800000000000000000e+01 9.515531972802839800e-01
5.000000000000000000e+00 2.900000000000000000e+01 9.481219289872382383e-01
5.000000000000000000e+00 3.000000000000000000e+01 9.512928947072569752e-01
5.000000000000000000e+00 3.100000000000000000e+01 9.706609769745262462e-01
5.000000000000000000e+00 3.200000000000000000e+01 1.027777436346346995e+00
6.000000000000000000e+00 7.000000000000000000e+00 5.313226911754497239e-01
6.000000000000000000e+00 8.000000000000000000e+00 5.999423812288433577e-01
6.000000000000000000e+00 9.000000000000000000e+00 7.050018201238034132e-01
6.000000000000000000e+00 1.000000000000000000e+01 5.464223275923435486e-01
6.000000000000000000e+00 1.100000000000000000e+01 7.027763048447357441e-01
6.000000000000000000e+00 1.200000000000000000e+01 6.747800787245497034e-01
6.000000000000000000e+00 1.300000000000000000e+01 8.164546047682715857e-01
6.000000000000000000e+00 1.400000000000000000e+01 9.637530881876068545e-01
6.000000000000000000e+00 1.500000000000000000e+01 8.431317071949986364e-01
6.000000000000000000e+00 1.600000000000000000e+01 9.070673168926397523e-01
6.000000000000000000e+00 1.700000000000000000e+01 9.342972410403811434e-01
6.000000000000000000e+00 1.800000000000000000e+01 9.210412835165193712e-01
6.000000000000000000e+00 1.900000000000000000e+01 9.791042076945486450e-01
6.000000000000000000e+00 2.000000000000000000e+01 9.436629259978210893e-01
6.000000000000000000e+00 2.100000000000000000e+01 8.539535682404246764e-01
6.000000000000000000e+00 2.200000000000000000e+01 9.376777168559389253e-01
6.000000000000000000e+00 2.300000000000000000e+01 8.691160998582265762e-01
6.000000000000000000e+00 2.400000000000000000e+01 8.782596779096906170e-01
6.000000000000000000e+00 2.500000000000000000e+01 9.592599118385789492e-01
6.000000000000000000e+00 2.600000000000000000e+01 9.891843476614636810e-01
6.000000000000000000e+00 2.700000000000000000e+01 1.011348586479797973e+00
6.000000000000000000e+00 2.800000000000000000e+01 9.440110761980913257e-01
6.000000000000000000e+00 2.900000000000000000e+01 9.410461670393699407e-01
6.000000000000000000e+00 3.000000000000000000e+01 9.452968106882193577e-01
6.000000000000000000e+00 3.100000000000000000e+01 9.636222312390154698e-01
6.000000000000000000e+00 3.200000000000000000e+01 1.020423723050794873e+00
7.000000000000000000e+00 8.000000000000000000e+00 6.448295259699321491e-01
7.000000000000000000e+00 9.000000000000000000e+00 6.750606513996398883e-01
7.000000000000000000e+00 1.000000000000000000e+01 5.803876915532065750e-01
7.000000000000000000e+00 1.100000000000000000e+01 6.631945273960540010e-01
7.000000000000000000e+00 1.200000000000000000e+01 6.323946800641206956e-01
7.000000000000000000e+00 1.300000000000000000e+01 7.998696631104210697e-01
7.000000000000000000e+00 1.400000000000000000e+01 9.645813943979797411e-01
7.000000000000000000e+00 1.500000000000000000e+01 8.294710679920509477e-01
7.000000000000000000e+00 1.600000000000000000e+01 9.062667995892259576e-01
7.000000000000000000e+00 1.700000000000000000e+01 9.339189449367066853e-01
7.000000000000000000e+00 1.800000000000000000e+01 9.199715949159199546e-01
7.000000000000000000e+00 1.900000000000000000e+01 9.781881529936042874e-01
7.000000000000000000e+00 2.000000000000000000e+01 9.423967895337195255e-01
7.000000000000000000e+00 2.100000000000000000e+01 8.428620924267380410e-01
7.000000000000000000e+00 2.200000000000000000e+01 9.352927823928847140e-01
7.000000000000000000e+00 2.300000000000000000e+01 8.589158400524901094e-01
7.000000000000000000e+00 2.400000000000000000e+01 8.687198597981918846e-01
7.000000000000000000e+00 2.500000000000000000e+01 9.543925051759736267e-01
7.000000000000000000e+00 2.600000000000000000e+01 9.841526661402200116e-01
7.000000000000000000e+00 2.700000000000000000e+01 1.006136985740952561e+00
7.000000000000000000e+00 2.800000000000000000e+01 9.369321378419803725e-01
7.000000000000000000e+00 2.900000000000000000e+01 9.336014355021715616e-01
7.000000000000000000e+00 3.000000000000000000e+01 9.373415274169907274e-01
7.000000000000000000e+00 3.100000000000000000e+01 9.565825556206868363e-01
7.000000000000000000e+00 3.200000000000000000e+01 1.014087609254702649e+00
8.000000000000000000e+00 9.000000000000000000e+00 7.469644307019968066e-01
8.000000000000000000e+00 1.000000000000000000e+01 5.331510802099755919e-01
8.000000000000000000e+00 1.100000000000000000e+01 7.338326016971685739e-01
8.000000000000000000e+00 1.200000000000000000e+01 6.970291420430303475e-01
8.000000000000000000e+00 1.300000000000000000e+01 8.324639457365402562e-01
8.000000000000000000e+00 1.400000000000000000e+01 9.413242399925072501e-01
8.000000000000000000e+00 1.500000000000000000e+01 8.514841855534356352e-01
8.000000000000000000e+00 1.600000000000000000e+01 8.869208784479203356e-01
8.000000000000000000e+00 1.700000000000000000e+01 9.138656021911575333e-01
8.000000000000000000e+00 1.800000000000000000e+01 9.017347504541319836e-01
8.000000000000000000e+00 1.900000000000000000e+01 9.600844042033460646e-01
8.000000000000000000e+00 2.000000000000000000e+01 9.251000622967444631e-01
8.000000000000000000e+00 2.100000000000000000e+01 8.544748266126251934e-01
8.000000000000000000e+00 2.200000000000000000e+01 9.213797482951120443e-01
8.000000000000000000e+00 2.300000000000000000e+01 8.689144651219466997e-01
8.000000000000000000e+00 2.400000000000000000e+01 8.770446603744855851e-01
8.000000000000000000e+00 2.500000000000000000e+01 9.491914145177655637e-01
8.000000000000000000e+00 2.600000000000000000e+01 9.799746721748257006e-01
8.000000000000000000e+00 2.700000000000000000e+01 1.002830165978097821e+00
8.000000000000000000e+00 2.800000000000000000e+01 9.397409623503059084e-01
8.000000000000000000e+00 2.900000000000000000e+01 9.378175061810640756e-01
8.000000000000000000e+00 3.000000000000000000e+01 9.440393730093032953e-01
8.000000000000000000e+00 3.100000000000000000e+01 9.599118959118211336e-01
8.000000000000000000e+00 3.200000000000000000e+01 1.015416708824908198e+00
9.000000000000000000e+00 1.000000000000000000e+01 7.220781908838490581e-01
9.000000000000000000e+00 1.100000000000000000e+01 6.246038112794520814e-01
9.000000000000000000e+00 1.200000000000000000e+01 6.790787531652990872e-01
9.000000000000000000e+00 1.300000000000000000e+01 7.517032152589077088e-01
9.000000000000000000e+00 1.400000000000000000e+01 9.842495341004233733e-01
9.000000000000000000e+00 1.500000000000000000e+01 8.017747557854415508e-01
9.000000000000000000e+00 1.600000000000000000e+01 9.230719349692422249e-01
9.000000000000000000e+00 1.700000000000000000e+01 9.509770382050686255e-01
9.000000000000000000e+00 1.800000000000000000e+01 9.355924816502998453e-01
9.000000000000000000e+00 1.900000000000000000e+01 9.932860246811290317e-01
9.000000000000000000e+00 2.000000000000000000e+01 9.569392550143043241e-01
9.000000000000000000e+00 2.100000000000000000e+01 8.308711416585741194e-01
9.000000000000000000e+00 2.200000000000000000e+01 9.468078565734456831e-01
9.000000000000000000e+00 2.300000000000000000e+01 8.477339036046867005e-01
9.000000000000000000e+00 2.400000000000000000e+01 8.590595892033722203e-01
9.000000000000000000e+00 2.500000000000000000e+01 9.571726922138472649e-01
9.000000000000000000e+00 2.600000000000000000e+01 9.856088789276464812e-01
9.000000000000000000e+00 2.700000000000000000e+01 1.006562628519079627e+00
9.000000000000000000e+00 2.800000000000000000e+01 9.313616234258519366e-01
9.000000000000000000e+00 2.900000000000000000e+01 9.264736523278425118e-01
9.000000000000000000e+00 3.000000000000000000e+01 9.271772422587682971e-01
9.000000000000000000e+00 3.100000000000000000e+01 9.500917721110866410e-01
9.000000000000000000e+00 3.200000000000000000e+01 1.009403098117807929e+00
1.000000000000000000e+01 1.100000000000000000e+01 7.016413470082283332e-01
1.000000000000000000e+01 1.200000000000000000e+01 6.553184888215239923e-01
1.000000000000000000e+01 1.300000000000000000e+01 8.163509696761489520e-01
1.000000000000000000e+01 1.400000000000000000e+01 9.469858503460690802e-01
1.000000000000000000e+01 1.500000000000000000e+01 8.382615721423363198e-01
1.000000000000000000e+01 1.600000000000000000e+01 8.903531369555235386e-01
1.000000000000000000e+01 1.700000000000000000e+01 9.178595058184464417e-01
1.000000000000000000e+01 1.800000000000000000e+01 9.047711942950829034e-01
1.000000000000000000e+01 1.900000000000000000e+01 9.633008669254166101e-01
1.000000000000000000e+01 2.000000000000000000e+01 9.278398425854070819e-01
1.000000000000000000e+01 2.100000000000000000e+01 8.442368076469612959e-01
1.000000000000000000e+01 2.200000000000000000e+01 9.225466783111806457e-01
1.000000000000000000e+01 2.300000000000000000e+01 8.596602657663423575e-01
1.000000000000000000e+01 2.400000000000000000e+01 8.685668219950791746e-01
1.000000000000000000e+01 2.500000000000000000e+01 9.468055126193009041e-01
1.000000000000000000e+01 2.600000000000000000e+01 9.773146711652629381e-01
1.000000000000000000e+01 2.700000000000000000e+01 9.998901002024722651e-01
1.000000000000000000e+01 2.800000000000000000e+01 9.342198452053211977e-01
1.000000000000000000e+01 2.900000000000000000e+01 9.317799421912713598e-01
1.000000000000000000e+01 3.000000000000000000e+01 9.372243342582560199e-01
1.000000000000000000e+01 3.100000000000000000e+01 9.543690980309791350e-01
1.000000000000000000e+01 3.200000000000000000e+01 1.010802360746335893e+00
1.100000000000000000e+01 1.200000000000000000e+01 5.754206528995520209e-01
1.100000000000000000e+01 1.300000000000000000e+01 7.435546402276681510e-01
1.100000000000000000e+01 1.400000000000000000e+01 9.673041200916772109e-01
1.100000000000000000e+01 1.500000000000000000e+01 7.855950855185525050e-01
1.100000000000000000e+01 1.600000000000000000e+01 9.049820415889451297e-01
1.100000000000000000e+01 1.700000000000000000e+01 9.335892339825651032e-01
1.100000000000000000e+01 1.800000000000000000e+01 9.178829155491443625e-01
1.100000000000000000e+01 1.900000000000000000e+01 9.763522875027192960e-01
1.100000000000000000e+01 2.000000000000000000e+01 9.396970404353706119e-01
1.100000000000000000e+01 2.100000000000000000e+01 8.094359517027740480e-01
1.100000000000000000e+01 2.200000000000000000e+01 9.296147924495228310e-01
1.100000000000000000e+01 2.300000000000000000e+01 8.289957523990780786e-01
1.100000000000000000e+01 2.400000000000000000e+01 8.412694317001775390e-01
1.100000000000000000e+01 2.500000000000000000e+01 9.418710166408621465e-01
1.100000000000000000e+01 2.600000000000000000e+01 9.712065697175542578e-01
1.100000000000000000e+01 2.700000000000000000e+01 9.927200002113534261e-01
1.100000000000000000e+01 2.800000000000000000e+01 9.180732361535044461e-01
1.100000000000000000e+01 2.900000000000000000e+01 9.136585381063708766e-01
1.100000000000000000e+01 3.000000000000000000e+01 9.159959865542726121e-01
1.100000000000000000e+01 3.100000000000000000e+01 9.379895931310091584e-01
1.100000000000000000e+01 3.200000000000000000e+01 9.976521393043027430e-01
1.200000000000000000e+01 1.300000000000000000e+01 7.689459179704422054e-01
1.200000000000000000e+01 1.400000000000000000e+01 9.507434725636840778e-01
1.200000000000000000e+01 1.500000000000000000e+01 7.966037972469979245e-01
1.200000000000000000e+01 1.600000000000000000e+01 8.892343716031640977e-01
1.200000000000000000e+01 1.700000000000000000e+01 9.180021581839363787e-01
1.200000000000000000e+01 1.800000000000000000e+01 9.028133875471371361e-01
1.200000000000000000e+01 1.900000000000000000e+01 9.618035586097306577e-01
1.200000000000000000e+01 2.000000000000000000e+01 9.252813540416691129e-01
1.200000000000000000e+01 2.100000000000000000e+01 8.091394303771597407e-01
1.200000000000000000e+01 2.200000000000000000e+01 9.165727922526816229e-01
1.200000000000000000e+01 2.300000000000000000e+01 8.281789772304970487e-01
1.200000000000000000e+01 2.400000000000000000e+01 8.394832256731216136e-01
1.200000000000000000e+01 2.500000000000000000e+01 9.333819531720835005e-01
1.200000000000000000e+01 2.600000000000000000e+01 9.635314609663907515e-01
1.200000000000000000e+01 2.700000000000000000e+01 9.856438837048115964e-01
1.200000000000000000e+01 2.800000000000000000e+01 9.141511820824825829e-01
1.200000000000000000e+01 2.900000000000000000e+01 9.106333429497566190e-01
1.200000000000000000e+01 3.000000000000000000e+01 9.147821378433349526e-01
1.200000000000000000e+01 3.100000000000000000e+01 9.346716323794383996e-01
1.200000000000000000e+01 3.200000000000000000e+01 9.934169509862087466e-01
1.300000000000000000e+01 1.400000000000000000e+01 9.940854329131061373e-01
1.300000000000000000e+01 1.500000000000000000e+01 6.821743369680557390e-01
1.300000000000000000e+01 1.600000000000000000e+01 9.272878262592429977e-01
1.300000000000000000e+01 1.700000000000000000e+01 9.561265254146713577e-01
1.300000000000000000e+01 1.800000000000000000e+01 9.381117568594823375e-01
1.300000000000000000e+01 1.900000000000000000e+01 9.955189064087646145e-01
1.300000000000000000e+01 2.000000000000000000e+01 9.580088358470668641e-01
1.300000000000000000e+01 2.100000000000000000e+01 7.727018127072851073e-01
1.300000000000000000e+01 2.200000000000000000e+01 9.428508536448458877e-01
1.300000000000000000e+01 2.300000000000000000e+01 7.946612044976528733e-01
1.300000000000000000e+01 2.400000000000000000e+01 8.114753117554284190e-01
1.300000000000000000e+01 2.500000000000000000e+01 9.399549511402935931e-01
1.300000000000000000e+01 2.600000000000000000e+01 9.670710163691269567e-01
1.300000000000000000e+01 2.700000000000000000e+01 9.868694276220977279e-01
1.300000000000000000e+01 2.800000000000000000e+01 9.006306345549688341e-01
1.300000000000000000e+01 2.900000000000000000e+01 8.930974118848276078e-01
1.300000000000000000e+01 3.000000000000000000e+01 8.897497742780775543e-01
1.300000000000000000e+01 3.100000000000000000e+01 9.194189417511076101e-01
1.300000000000000000e+01 3.200000000000000000e+01 9.831241251404612136e-01
1.400000000000000000e+01 1.500000000000000000e+01 9.776188186592267293e-01
1.400000000000000000e+01 1.600000000000000000e+01 6.554638379445165697e-01
1.400000000000000000e+01 1.700000000000000000e+01 5.730667757141743035e-01
1.400000000000000000e+01 1.800000000000000000e+01 6.454390524271786944e-01
1.400000000000000000e+01 1.900000000000000000e+01 6.076799037560496330e-01
1.400000000000000000e+01 2.000000000000000000e+01 6.370709546860353623e-01
1.400000000000000000e+01 2.100000000000000000e+01 9.411952903045213148e-01
1.400000000000000000e+01 2.200000000000000000e+01 7.152856668477363122e-01
1.400000000000000000e+01 2.300000000000000000e+01 9.411437499691572839e-01
1.400000000000000000e+01 2.400000000000000000e+01 9.368541402831619402e-01
1.400000000000000000e+01 2.500000000000000000e+01 8.556618351489218011e-01
1.400000000000000000e+01 2.600000000000000000e+01 8.876985194144833002e-01
1.400000000000000000e+01 2.700000000000000000e+01 9.166224171255019648e-01
1.400000000000000000e+01 2.800000000000000000e+01 9.340888941983884752e-01
1.400000000000000000e+01 2.900000000000000000e+01 9.444551422173850241e-01
1.400000000000000000e+01 3.000000000000000000e+01 9.678811695970781503e-01
1.400000000000000000e+01 3.100000000000000000e+01 9.523555790473796634e-01
1.400000000000000000e+01 3.200000000000000000e+01 9.787635710795976607e-01
1.500000000000000000e+01 1.600000000000000000e+01 9.077126427881225812e-01
1.500000000000000000e+01 1.700000000000000000e+01 9.371790273199447352e-01
1.500000000000000000e+01 1.800000000000000000e+01 9.177149604040149011e-01
1.500000000000000000e+01 1.900000000000000000e+01 9.751847511574944782e-01
1.500000000000000000e+01 2.000000000000000000e+01 9.369789852967473909e-01
1.500000000000000000e+01 2.100000000000000000e+01 6.921624610422405510e-01
1.500000000000000000e+01 2.200000000000000000e+01 9.191691078885746435e-01
1.500000000000000000e+01 2.300000000000000000e+01 7.233055314883511944e-01
1.500000000000000000e+01 2.400000000000000000e+01 7.489664425627465816e-01
1.500000000000000000e+01 2.500000000000000000e+01 9.098958941279051693e-01
1.500000000000000000e+01 2.600000000000000000e+01 9.371083452637887223e-01
1.500000000000000000e+01 2.700000000000000000e+01 9.567996192658512200e-01
1.500000000000000000e+01 2.800000000000000000e+01 8.627759300731134839e-01
1.500000000000000000e+01 2.900000000000000000e+01 8.535541416531609027e-01
1.500000000000000000e+01 3.000000000000000000e+01 8.489912918819455534e-01
1.500000000000000000e+01 3.100000000000000000e+01 8.833832948347404290e-01
1.500000000000000000e+01 3.200000000000000000e+01 9.511967679009454280e-01
1.600000000000000000e+01 1.700000000000000000e+01 5.482116500157703243e-01
1.600000000000000000e+01 1.800000000000000000e+01 4.618741395206267253e-01
1.600000000000000000e+01 1.900000000000000000e+01 6.511425307135256801e-01
1.600000000000000000e+01 2.000000000000000000e+01 5.787406957254932482e-01
1.600000000000000000e+01 2.100000000000000000e+01 8.671286860685945008e-01
1.600000000000000000e+01 2.200000000000000000e+01 6.184189650863585186e-01
1.600000000000000000e+01 2.300000000000000000e+01 8.658602927410006256e-01
1.600000000000000000e+01 2.400000000000000000e+01 8.604178873547990714e-01
1.600000000000000000e+01 2.500000000000000000e+01 7.752302358440974483e-01
1.600000000000000000e+01 2.600000000000000000e+01 8.130917139461371068e-01
1.600000000000000000e+01 2.700000000000000000e+01 8.438156823327114253e-01
1.600000000000000000e+01 2.800000000000000000e+01 8.549811923303871630e-01
1.600000000000000000e+01 2.900000000000000000e+01 8.661166730711349349e-01
1.600000000000000000e+01 3.000000000000000000e+01 8.912421159698769024e-01
1.600000000000000000e+01 3.100000000000000000e+01 8.746818820087136626e-01
1.600000000000000000e+01 3.200000000000000000e+01 9.037535351851992971e-01
1.700000000000000000e+01 1.800000000000000000e+01 5.052690106951118754e-01
1.700000000000000000e+01 1.900000000000000000e+01 5.624557997498254025e-01
1.700000000000000000e+01 2.000000000000000000e+01 5.100031037265637668e-01
1.700000000000000000e+01 2.100000000000000000e+01 8.980266671166712289e-01
1.700000000000000000e+01 2.200000000000000000e+01 6.274521786915883137e-01
1.700000000000000000e+01 2.300000000000000000e+01 8.965916654485246440e-01
1.700000000000000000e+01 2.400000000000000000e+01 8.911554480519839894e-01
1.700000000000000000e+01 2.500000000000000000e+01 7.942922900738227376e-01
1.700000000000000000e+01 2.600000000000000000e+01 8.278560875643448114e-01
1.700000000000000000e+01 2.700000000000000000e+01 8.578459063163563769e-01
1.700000000000000000e+01 2.800000000000000000e+01 8.817057834207138178e-01
1.700000000000000000e+01 2.900000000000000000e+01 8.932782668812933036e-01
1.700000000000000000e+01 3.000000000000000000e+01 9.183244110786443759e-01
1.700000000000000000e+01 3.100000000000000000e+01 8.998431820883403542e-01
1.700000000000000000e+01 3.200000000000000000e+01 9.239616634071468049e-01
1.800000000000000000e+01 1.900000000000000000e+01 6.119121793934043652e-01
1.800000000000000000e+01 2.000000000000000000e+01 5.051745048132878502e-01
1.800000000000000000e+01 2.100000000000000000e+01 8.767563481416442706e-01
1.800000000000000000e+01 2.200000000000000000e+01 5.785731561291809211e-01
1.800000000000000000e+01 2.300000000000000000e+01 8.745811704330439529e-01
1.800000000000000000e+01 2.400000000000000000e+01 8.684937318030278020e-01
1.800000000000000000e+01 2.500000000000000000e+01 7.660884166417309959e-01
1.800000000000000000e+01 2.600000000000000000e+01 8.026854258813338472e-01
1.800000000000000000e+01 2.700000000000000000e+01 8.337588308529801928e-01
1.800000000000000000e+01 2.800000000000000000e+01 8.563974906694482581e-01
1.800000000000000000e+01 2.900000000000000000e+01 8.685363119891218453e-01
1.800000000000000000e+01 3.000000000000000000e+01 8.945466596708870899e-01
1.800000000000000000e+01 3.100000000000000000e+01 8.750221721320050605e-01
1.800000000000000000e+01 3.200000000000000000e+01 8.997266261191163572e-01
1.900000000000000000e+01 2.000000000000000000e+01 5.345454677193657300e-01
1.900000000000000000e+01 2.100000000000000000e+01 9.353565268066588168e-01
1.900000000000000000e+01 2.200000000000000000e+01 6.385250822822940986e-01
1.900000000000000000e+01 2.300000000000000000e+01 9.325753292308092135e-01
1.900000000000000000e+01 2.400000000000000000e+01 9.261941101002494348e-01
1.900000000000000000e+01 2.500000000000000000e+01 8.041548035837582376e-01
1.900000000000000000e+01 2.600000000000000000e+01 8.322474498235006291e-01
1.900000000000000000e+01 2.700000000000000000e+01 8.615487266589823001e-01
1.900000000000000000e+01 2.800000000000000000e+01 9.067117995498992222e-01
1.900000000000000000e+01 2.900000000000000000e+01 9.197333705019292704e-01
1.900000000000000000e+01 3.000000000000000000e+01 9.459560264357673720e-01
1.900000000000000000e+01 3.100000000000000000e+01 9.228155639618447204e-01
1.900000000000000000e+01 3.200000000000000000e+01 9.387636071456806341e-01
2.000000000000000000e+01 2.100000000000000000e+01 8.960522811964715117e-01
2.000000000000000000e+01 2.200000000000000000e+01 5.584083248301219271e-01
2.000000000000000000e+01 2.300000000000000000e+01 8.930319541672007144e-01
2.000000000000000000e+01 2.400000000000000000e+01 8.863873622674934838e-01
2.000000000000000000e+01 2.500000000000000000e+01 7.648514475595151740e-01
2.000000000000000000e+01 2.600000000000000000e+01 7.974912675025407349e-01
2.000000000000000000e+01 2.700000000000000000e+01 8.282515953624753902e-01
2.000000000000000000e+01 2.800000000000000000e+01 8.670808619852070631e-01
2.000000000000000000e+01 2.900000000000000000e+01 8.802308876628428536e-01
2.000000000000000000e+01 3.000000000000000000e+01 9.069373510994753751e-01
2.000000000000000000e+01 3.100000000000000000e+01 8.840488857421178182e-01
2.000000000000000000e+01 3.200000000000000000e+01 9.025428161808486394e-01
2.100000000000000000e+01 2.200000000000000000e+01 8.756695608136357833e-01
2.100000000000000000e+01 2.300000000000000000e+01 5.496820456563058510e-01
2.100000000000000000e+01 2.400000000000000000e+01 6.226769077012589415e-01
2.100000000000000000e+01 2.500000000000000000e+01 8.633696419454552906e-01
2.100000000000000000e+01 2.600000000000000000e+01 8.931359950897335143e-01
2.100000000000000000e+01 2.700000000000000000e+01 9.142114638754774703e-01
2.100000000000000000e+01 2.800000000000000000e+01 8.121339427909159969e-01
2.100000000000000000e+01 2.900000000000000000e+01 8.027302843475911942e-01
2.100000000000000000e+01 3.000000000000000000e+01 8.038532697330886823e-01
2.100000000000000000e+01 3.100000000000000000e+01 8.388575638461039929e-01
2.100000000000000000e+01 3.200000000000000000e+01 9.121070109695104122e-01
2.200000000000000000e+01 2.300000000000000000e+01 8.707106153046824115e-01
2.200000000000000000e+01 2.400000000000000000e+01 8.625288617040015593e-01
2.200000000000000000e+01 2.500000000000000000e+01 7.117022090294471415e-01
2.200000000000000000e+01 2.600000000000000000e+01 7.500322458425336958e-01
2.200000000000000000e+01 2.700000000000000000e+01 7.839043217032777289e-01
2.200000000000000000e+01 2.800000000000000000e+01 8.321163592311990875e-01
2.200000000000000000e+01 2.900000000000000000e+01 8.472087441551034992e-01
2.200000000000000000e+01 3.000000000000000000e+01 8.762392149534183883e-01
2.200000000000000000e+01 3.100000000000000000e+01 8.486411173900796356e-01
2.200000000000000000e+01 3.200000000000000000e+01 8.637816001521927411e-01
2.300000000000000000e+01 2.400000000000000000e+01 5.160119902642544831e-01
2.300000000000000000e+01 2.500000000000000000e+01 8.520255980652469141e-01
2.300000000000000000e+01 2.600000000000000000e+01 8.815179216991242406e-01
2.300000000000000000e+01 2.700000000000000000e+01 9.023194666699057009e-01
2.300000000000000000e+01 2.800000000000000000e+01 7.913367257936891885e-01
2.300000000000000000e+01 2.900000000000000000e+01 7.797590306069741573e-01
2.300000000000000000e+01 3.000000000000000000e+01 7.800593858832967076e-01
2.300000000000000000e+01 3.100000000000000000e+01 8.201963403112202400e-01
2.300000000000000000e+01 3.200000000000000000e+01 8.978856910262495994e-01
2.400000000000000000e+01 2.500000000000000000e+01 8.392783865354871420e-01
2.400000000000000000e+01 2.600000000000000000e+01 8.690861225728834238e-01
2.400000000000000000e+01 2.700000000000000000e+01 8.899944163135171671e-01
2.400000000000000000e+01 2.800000000000000000e+01 7.713041302556244982e-01
2.400000000000000000e+01 2.900000000000000000e+01 7.583197304198541211e-01
2.400000000000000000e+01 3.000000000000000000e+01 7.603414039710980621e-01
2.400000000000000000e+01 3.100000000000000000e+01 8.031657480434202245e-01
2.400000000000000000e+01 3.200000000000000000e+01 8.848392489805800842e-01
2.500000000000000000e+01 2.600000000000000000e+01 5.852180031222207202e-01
2.500000000000000000e+01 2.700000000000000000e+01 6.575345241566483701e-01
2.500000000000000000e+01 2.800000000000000000e+01 7.532593854742886119e-01
2.500000000000000000e+01 2.900000000000000000e+01 7.782307154383056869e-01
2.500000000000000000e+01 3.000000000000000000e+01 8.158915321612489890e-01
2.500000000000000000e+01 3.100000000000000000e+01 7.618757969824789811e-01
2.500000000000000000e+01 3.200000000000000000e+01 7.564993513774682654e-01
2.600000000000000000e+01 2.700000000000000000e+01 5.305788714886405799e-01
2.600000000000000000e+01 2.800000000000000000e+01 7.774355180387739761e-01
2.600000000000000000e+01 2.900000000000000000e+01 8.010061090264635197e-01
2.600000000000000000e+01 3.000000000000000000e+01 8.349006955859443746e-01
2.600000000000000000e+01 3.100000000000000000e+01 7.752816493160314959e-01
2.600000000000000000e+01 3.200000000000000000e+01 7.262945780507550353e-01
2.700000000000000000e+01 2.800000000000000000e+01 7.962187316598503539e-01
2.700000000000000000e+01 2.900000000000000000e+01 8.184258546783653721e-01
2.700000000000000000e+01 3.000000000000000000e+01 8.496521709872877359e-01
2.700000000000000000e+01 3.100000000000000000e+01 7.884739497305235378e-01
2.700000000000000000e+01 3.200000000000000000e+01 7.093067400210033568e-01
2.800000000000000000e+01 2.900000000000000000e+01 5.294923726140656761e-01
2.800000000000000000e+01 3.000000000000000000e+01 6.626434953720756749e-01
2.800000000000000000e+01 3.100000000000000000e+01 5.852196982332147357e-01
2.800000000000000000e+01 3.200000000000000000e+01 7.704190294559536412e-01
2.900000000000000000e+01 3.000000000000000000e+01 6.049644302729753065e-01
2.900000000000000000e+01 3.100000000000000000e+01 6.220465327993141003e-01
2.900000000000000000e+01 3.200000000000000000e+01 7.900185272578581497e-01
3.000000000000000000e+01 3.100000000000000000e+01 6.816106208381005338e-01
3.000000000000000000e+01 3.200000000000000000e+01 8.144775080917256993e-01
3.100000000000000000e+01 3.200000000000000000e+01 7.384681112847353290e-01
