1.000000000000000000e+00 2.000000000000000000e+00 9.329667789246354204e-01
1.000000000000000000e+00 3.000000000000000000e+00 1.039823422285541366e+00
1.000000000000000000e+00 4.000000000000000000e+00 1.021749471712983581e+00
1.000000000000000000e+00 5.000000000000000000e+00 1.037481220143062099e+00
1.000000000000000000e+00 6.000000000000000000e+00 1.049074962006493195e+00
1.000000000000000000e+00 7.000000000000000000e+00 1.043815136629348883e+00
1.000000000000000000e+00 8.000000000000000000e+00 1.070083752288959911e+00
1.000000000000000000e+00 9.000000000000000000e+00 1.016362084838620117e+00
1.000000000000000000e+00 1.000000000000000000e+01 1.060859469504334962e+00
1.000000000000000000e+00 1.100000000000000000e+01 1.040000960305289546e+00
1.000000000000000000e+00 1.200000000000000000e+01 1.053030983853859182e+00
1.000000000000000000e+00 1.300000000000000000e+01 1.045572161621606710e+00
1.000000000000000000e+00 1.400000000000000000e+01 1.291294154530431948e+00
1.000000000000000000e+00 1.500000000000000000e+01 1.080254184682095664e+00
1.000000000000000000e+00 1.600000000000000000e+01 1.213907405487253177e+00
1.000000000000000000e+00 1.700000000000000000e+01 1.248579833316229237e+00
1.000000000000000000e+00 1.800000000000000000e+01 1.228193753973391145e+00
1.000000000000000000e+00 1.900000000000000000e+01 1.348589332026644882e+00
1.000000000000000000e+00 2.000000000000000000e+01 1.257783659651102726e+00
1.000000000000000000e+00 2.100000000000000000e+01 1.111830938771453114e+00
1.000000000000000000e+00 2.200000000000000000e+01 1.240294665008415453e+00
1.000000000000000000e+00 2.300000000000000000e+01 1.124072567119206667e+00
1.000000000000000000e+00 2.400000000000000000e+01 1.134008355674273716e+00
1.000000000000000000e+00 2.500000000000000000e+01 1.244084096320531740e+00
1.000000000000000000e+00 2.600000000000000000e+01 1.282129578603893760e+00
1.000000000000000000e+00 2.700000000000000000e+01 1.314234914316962710e+00
1.000000000000000000e+00 2.800000000000000000e+01 1.205568983781756698e+00
1.000000000000000000e+00 2.900000000000000000e+01 1.198778572515287077e+00
1.000000000000000000e+00 3.000000000000000000e+01 1.196147750805553800e+00
1.000000000000000000e+00 3.100000000000000000e+01 1.225352210598632308e+00
1.000000000000000000e+00 3.200000000000000000e+01 1.311663834397995165e+00
2.000000000000000000e+00 3.000000000000000000e+00 8.443986264273835030e-01
2.000000000000000000e+00 4.000000000000000000e+00 8.137106821458526262e-01
2.000000000000000000e+00 5.000000000000000000e+00 8.391262297052746177e-01
2.000000000000000000e+00 6.000000000000000000e+00 8.543951825941187295e-01
2.000000000000000000e+00 7.000000000000000000e+00 8.450910034241989610e-01
2.000000000000000000e+00 8.000000000000000000e+00 8.828489817980418319e-01
2.000000000000000000e+00 9.000000000000000000e+00 7.949313240404283221e-01
2.000000000000000000e+00 1.000000000000000000e+01 8.699032354356688312e-01
2.000000000000000000e+00 1.100000000000000000e+01 8.378732996099460539e-01
2.000000000000000000e+00 1.200000000000000000e+01 8.578137701743810961e-01
2.000000000000000000e+00 1.300000000000000000e+01 8.641410887982776678e-01
2.000000000000000000e+00 1.400000000000000000e+01 1.122524678286959121e+00
2.000000000000000000e+00 1.500000000000000000e+01 9.135573440497981590e-01
2.000000000000000000e+00 1.600000000000000000e+01 1.046289056520054439e+00
2.000000000000000000e+00 1.700000000000000000e+01 1.080947262304842393e+00
2.000000000000000000e+00 1.800000000000000000e+01 1.061199561621098519e+00
2.000000000000000000e+00 1.900000000000000000e+01 1.181709639045877225e+00
2.000000000000000000e+00 2.000000000000000000e+01 1.091351297345168669e+00
2.000000000000000000e+00 2.100000000000000000e+01 9.472638172880178953e-01
2.000000000000000000e+00 2.200000000000000000e+01 1.075484960184018401e+00
2.000000000000000000e+00 2.300000000000000000e+01 9.625377348610797412e-01
2.000000000000000000e+00 2.400000000000000000e+01 9.737811673296574710e-01
2.000000000000000000e+00 2.500000000000000000e+01 1.084870826584177772e+00
2.000000000000000000e+00 2.600000000000000000e+01 1.124350012477593141e+00
2.000000000000000000e+00 2.700000000000000000e+01 1.157444565263879843e+00
2.000000000000000000e+00 2.800000000000000000e+01 1.050914924630454772e+00
2.000000000000000000e+00 2.900000000000000000e+01 1.044957574142698409e+00
2.000000000000000000e+00 3.000000000000000000e+01 1.044849507771447472e+00
2.000000000000000000e+00 3.100000000000000000e+01 1.072417672943473121e+00
2.000000000000000000e+00 3.200000000000000000e+01 1.158725927481885742e+00
3.000000000000000000e+00 4.000000000000000000e+00 5.995755515384462164e-01
3.000000000000000000e+00 5.000000000000000000e+00 4.613978457859098103e-01
3.000000000000000000e+00 6.000000000000000000e+00 5.762102197554319627e-01
3.000000000000000000e+00 7.000000000000000000e+00 6.283026563839111400e-01
3.000000000000000000e+00 8.000000000000000000e+00 6.632107726908376133e-01
3.000000000000000000e+00 9.000000000000000000e+00 7.330322581450610109e-01
3.000000000000000000e+00 1.000000000000000000e+01 6.521969473453668176e-01
3.000000000000000000e+00 1.100000000000000000e+01 7.405107621480089275e-01
3.000000000000000000e+00 1.200000000000000000e+01 7.258585451649015585e-01
3.000000000000000000e+00 1.300000000000000000e+01 8.490578523312684034e-01
3.000000000000000000e+00 1.400000000000000000e+01 1.013228096079134444e+00
3.000000000000000000e+00 1.500000000000000000e+01 8.798880525998586943e-01
3.000000000000000000e+00 1.600000000000000000e+01 9.441676054861194434e-01
3.000000000000000000e+00 1.700000000000000000e+01 9.773802003125200422e-01
3.000000000000000000e+00 1.800000000000000000e+01 9.609806638240507848e-01
3.000000000000000000e+00 1.900000000000000000e+01 1.080631343075552309e+00
3.000000000000000000e+00 2.000000000000000000e+01 9.926138556095291943e-01
3.000000000000000000e+00 2.100000000000000000e+01 8.918644769626105084e-01
3.000000000000000000e+00 2.200000000000000000e+01 9.833523243338215813e-01
3.000000000000000000e+00 2.300000000000000000e+01 9.082952724092452357e-01
3.000000000000000000e+00 2.400000000000000000e+01 9.182093934110167055e-01
3.000000000000000000e+00 2.500000000000000000e+01 1.010934631649958115e+00
3.000000000000000000e+00 2.600000000000000000e+01 1.053473427856579159e+00
3.000000000000000000e+00 2.700000000000000000e+01 1.088833200641225352e+00
3.000000000000000000e+00 2.800000000000000000e+01 9.923626451675897631e-01
3.000000000000000000e+00 2.900000000000000000e+01 9.892875194586570053e-01
3.000000000000000000e+00 3.000000000000000000e+01 9.953043179816931652e-01
3.000000000000000000e+00 3.100000000000000000e+01 1.016182628058282855e+00
3.000000000000000000e+00 3.200000000000000000e+01 1.099649203258985297e+00
4.000000000000000000e+00 5.000000000000000000e+00 5.683599061655943974e-01
4.000000000000000000e+00 6.000000000000000000e+00 6.414160921678861982e-01
4.000000000000000000e+00 7.000000000000000000e+00 6.352249141374930463e-01
4.000000000000000000e+00 8.000000000000000000e+00 7.161597207221064298e-01
4.000000000000000000e+00 9.000000000000000000e+00 6.844548252937068256e-01
4.000000000000000000e+00 1.000000000000000000e+01 6.934897820400613977e-01
4.000000000000000000e+00 1.100000000000000000e+01 7.184860041745757542e-01
4.000000000000000000e+00 1.200000000000000000e+01 7.202276076997555787e-01
4.000000000000000000e+00 1.300000000000000000e+01 8.318452733921966047e-01
4.000000000000000000e+00 1.400000000000000000e+01 1.027809575373807016e+00
4.000000000000000000e+00 1.500000000000000000e+01 8.696453813457374338e-01
4.000000000000000000e+00 1.600000000000000000e+01 9.561483823665020143e-01
4.000000000000000000e+00 1.700000000000000000e+01 9.900147787350017659e-01
4.000000000000000000e+00 1.800000000000000000e+01 9.724710991913985136e-01
4.000000000000000000e+00 1.900000000000000000e+01 1.092578706166525748e+00
4.000000000000000000e+00 2.000000000000000000e+01 1.003761421995663428e+00
4.000000000000000000e+00 2.100000000000000000e+01 8.878089792590795337e-01
4.000000000000000000e+00 2.200000000000000000e+01 9.924605351386230900e-01
4.000000000000000000e+00 2.300000000000000000e+01 9.048495307972217461e-01
4.000000000000000000e+00 2.400000000000000000e+01 9.155661706376232445e-01
4.000000000000000000e+00 2.500000000000000000e+01 1.015012948312193908e+00
4.000000000000000000e+00 2.600000000000000000e+01 1.056890086076627933e+00
4.000000000000000000e+00 2.700000000000000000e+01 1.091728373170584243e+00
4.000000000000000000e+00 2.800000000000000000e+01 9.923040743087130355e-01
4.000000000000000000e+00 2.900000000000000000e+01 9.884829099663936525e-01
4.000000000000000000e+00 3.000000000000000000e+01 9.931361736067063628e-01
4.000000000000000000e+00 3.100000000000000000e+01 1.015800925491470164e+00
4.000000000000000000e+00 3.200000000000000000e+01 1.100244562224496070e+00
5.000000000000000000e+00 6.000000000000000000e+00 5.467932191421422949e-01
5.000000000000000000e+00 7.000000000000000000e+00 5.902978991517719987e-01
5.000000000000000000e+00 8.000000000000000000e+00 6.630367220730497557e-01
5.000000000000000000e+00 9.000000000000000000e+00 7.142651223511840008e-01
5.000000000000000000e+00 1.000000000000000000e+01 6.393423332470276055e-01
5.000000000000000000e+00 1.100000000000000000e+01 7.220748407119743639e-01
5.000000000000000000e+00 1.200000000000000000e+01 7.077925842759389408e-01
5.000000000000000000e+00 1.300000000000000000e+01 8.386330188257082874e-01
5.000000000000000000e+00 1.400000000000000000e+01 1.010780214117865006e+00
5.000000000000000000e+00 1.500000000000000000e+01 8.707505641928479090e-01
5.000000000000000000e+00 1.600000000000000000e+01 9.407231120807211244e-01
5.000000000000000000e+00 1.700000000000000000e+01 9.742448400363747929e-01
5.000000000000000000e+00 1.800000000000000000e+01 9.574448196094851316e-01
5.000000000000000000e+00 1.900000000000000000e+01 1.077335059989131150e+00
5.000000000000000000e+00 2.000000000000000000e+01 9.890363724044497484e-01
5.000000000000000000e+00 2.100000000000000000e+01 8.837595498183290488e-01
5.000000000000000000e+00 2.200000000000000000e+01 9.791665395324753440e-01
5.000000000000000000e+00 2.300000000000000000e+01 9.005788602539075427e-01
5.000000000000000000e+00 2.400000000000000000e+01 9.107757437227950170e-01
5.000000000000000000e+00 2.500000000000000000e+01 1.005518062009290725e+00
5.000000000000000000e+00 2.600000000000000000e+01 1.047966888078094572e+00
5.000000000000000000e+00 2.700000000000000000e+01 1.083238789524859191e+00
5.000000000000000000e+00 2.800000000000000000e+01 9.860181957365206085e-01
5.000000000000000000e+00 2.900000000000000000e+01 9.827925360975737767e-01
5.000000000000000000e+00 3.000000000000000000e+01 9.886098616014054041e-01
5.000000000000000000e+00 3.100000000000000000e+01 1.009865820262946912e+00
5.000000000000000000e+00 3.200000000000000000e+01 1.093619690446323789e+00
6.000000000000000000e+00 7.000000000000000000e+00 5.318814752878420204e-01
6.000000000000000000e+00 8.000000000000000000e+00 6.006255868094170225e-01
6.000000000000000000e+00 9.000000000000000000e+00 7.210786340217905099e-01
6.000000000000000000e+00 1.000000000000000000e+01 5.468002166764198702e-01
6.000000000000000000e+00 1.100000000000000000e+01 7.082259856378239071e-01
6.000000000000000000e+00 1.200000000000000000e+01 6.777735398721671523e-01
6.000000000000000000e+00 1.300000000000000000e+01 8.324529511035840823e-01
6.000000000000000000e+00 1.400000000000000000e+01 9.915615167279481224e-01
6.000000000000000000e+00 1.500000000000000000e+01 8.606585835891500391e-01
6.000000000000000000e+00 1.600000000000000000e+01 9.216890778667108375e-01
6.000000000000000000e+00 1.700000000000000000e+01 9.553088654135994950e-01
6.000000000000000000e+00 1.800000000000000000e+01 9.386869517636757809e-01
6.000000000000000000e+00 1.900000000000000000e+01 1.058703256910025647e+00
6.000000000000000000e+00 2.000000000000000000e+01 9.705253019457684704e-01
6.000000000000000000e+00 2.100000000000000000e+01 8.699207909865320776e-01
6.000000000000000000e+00 2.200000000000000000e+01 9.612337674363433671e-01
6.000000000000000000e+00 2.300000000000000000e+01 8.869558381095163924e-01
6.000000000000000000e+00 2.400000000000000000e+01 8.969762502437954588e-01
6.000000000000000000e+00 2.500000000000000000e+01 9.896561011881093162e-01
6.000000000000000000e+00 2.600000000000000000e+01 1.032539210018781128e+00
6.000000000000000000e+00 2.700000000000000000e+01 1.068114644960048265e+00
6.000000000000000000e+00 2.800000000000000000e+01 9.720669248955593478e-01
6.000000000000000000e+00 2.900000000000000000e+01 9.692251487158105583e-01
6.000000000000000000e+00 3.000000000000000000e+01 9.759052019066005723e-01
6.000000000000000000e+00 3.100000000000000000e+01 9.962789916000676094e-01
6.000000000000000000e+00 3.200000000000000000e+01 1.079727555895850566e+00
7.000000000000000000e+00 8.000000000000000000e+00 6.464592634565251572e-01
7.000000000000000000e+00 9.000000000000000000e+00 6.870094523900962535e-01
7.000000000000000000e+00 1.000000000000000000e+01 5.810921309105585575e-01
7.000000000000000000e+00 1.100000000000000000e+01 6.664418337595252595e-01
7.000000000000000000e+00 1.200000000000000000e+01 6.340488447238847858e-01
7.000000000000000000e+00 1.300000000000000000e+01 8.136312303017256831e-01
7.000000000000000000e+00 1.400000000000000000e+01 9.929218579840479730e-01
7.000000000000000000e+00 1.500000000000000000e+01 8.451226918988001824e-01
7.000000000000000000e+00 1.600000000000000000e+01 9.209067071692980111e-01
7.000000000000000000e+00 1.700000000000000000e+01 9.551462937064640890e-01
7.000000000000000000e+00 1.800000000000000000e+01 9.376266532982271418e-01
7.000000000000000000e+00 1.900000000000000000e+01 1.058109095847928671e+00
7.000000000000000000e+00 2.000000000000000000e+01 9.693037101173496151e-01
7.000000000000000000e+00 2.100000000000000000e+01 8.573674442294161313e-01
7.000000000000000000e+00 2.200000000000000000e+01 9.585567757522732713e-01
7.000000000000000000e+00 2.300000000000000000e+01 8.753171845779874616e-01
7.000000000000000000e+00 2.400000000000000000e+01 8.860474964661539943e-01
7.000000000000000000e+00 2.500000000000000000e+01 9.838046903181505431e-01
7.000000000000000000e+00 2.600000000000000000e+01 1.026398290458501394e+00
7.000000000000000000e+00 2.700000000000000000e+01 1.061716157362032176e+00
7.000000000000000000e+00 2.800000000000000000e+01 9.637344247418384580e-01
7.000000000000000000e+00 2.900000000000000000e+01 9.604747585191062420e-01
7.000000000000000000e+00 3.000000000000000000e+01 9.665391033981867164e-01
7.000000000000000000e+00 3.100000000000000000e+01 9.879445419831820452e-01
7.000000000000000000e+00 3.200000000000000000e+01 1.072108450600408824e+00
8.000000000000000000e+00 9.000000000000000000e+00 7.637903043380795953e-01
8.000000000000000000e+00 1.000000000000000000e+01 5.333725451289013098e-01
8.000000000000000000e+00 1.100000000000000000e+01 7.391839879532036139e-01
8.000000000000000000e+00 1.200000000000000000e+01 6.997542349903922432e-01
8.000000000000000000e+00 1.300000000000000000e+01 8.462382097182645779e-01
8.000000000000000000e+00 1.400000000000000000e+01 9.650467395170208018e-01
8.000000000000000000e+00 1.500000000000000000e+01 8.662139815992684344e-01
8.000000000000000000e+00 1.600000000000000000e+01 8.979774279032179951e-01
8.000000000000000000e+00 1.700000000000000000e+01 9.309863474731661093e-01
8.000000000000000000e+00 1.800000000000000000e+01 9.156821051525494415e-01
8.000000000000000000e+00 1.900000000000000000e+01 1.035308588267726204e+00
8.000000000000000000e+00 2.000000000000000000e+01 9.480438040746614892e-01
8.000000000000000000e+00 2.100000000000000000e+01 8.674861556322390754e-01
8.000000000000000000e+00 2.200000000000000000e+01 9.412742888162513033e-01
8.000000000000000000e+00 2.300000000000000000e+01 8.835993271183433251e-01
8.000000000000000000e+00 2.400000000000000000e+01 8.925058449762359736e-01
8.000000000000000000e+00 2.500000000000000000e+01 9.762250404376875412e-01
8.000000000000000000e+00 2.600000000000000000e+01 1.020001705656657487e+00
8.000000000000000000e+00 2.700000000000000000e+01 1.056271112587156003e+00
8.000000000000000000e+00 2.800000000000000000e+01 9.640953804807701477e-01
8.000000000000000000e+00 2.900000000000000000e+01 9.622461826834225462e-01
8.000000000000000000e+00 3.000000000000000000e+01 9.707432550003074478e-01
8.000000000000000000e+00 3.100000000000000000e+01 9.887481666436390704e-01
8.000000000000000000e+00 3.200000000000000000e+01 1.070921008026698429e+00
9.000000000000000000e+00 1.000000000000000000e+01 7.363061649579247803e-01
9.000000000000000000e+00 1.100000000000000000e+01 6.293752965863919080e-01
9.000000000000000000e+00 1.200000000000000000e+01 6.869670473563820323e-01
9.000000000000000000e+00 1.300000000000000000e+01 7.667770238910627256e-01
9.000000000000000000e+00 1.400000000000000000e+01 1.025839319104189906e+00
9.000000000000000000e+00 1.500000000000000000e+01 8.216519744828503224e-01
9.000000000000000000e+00 1.600000000000000000e+01 9.495033923962303835e-01
9.000000000000000000e+00 1.700000000000000000e+01 9.846331686335276778e-01
9.000000000000000000e+00 1.800000000000000000e+01 9.650833428046772244e-01
9.000000000000000000e+00 1.900000000000000000e+01 1.086113711945052351e+00
9.000000000000000000e+00 2.000000000000000000e+01 9.958924104824882217e-01
9.000000000000000000e+00 2.100000000000000000e+01 8.517379879583144575e-01
9.000000000000000000e+00 2.200000000000000000e+01 9.811730060172814127e-01
9.000000000000000000e+00 2.300000000000000000e+01 8.708716801651055217e-01
9.000000000000000000e+00 2.400000000000000000e+01 8.834715245489821456e-01
9.000000000000000000e+00 2.500000000000000000e+01 9.957674219204302180e-01
9.000000000000000000e+00 2.600000000000000000e+01 1.036786460733535309e+00
9.000000000000000000e+00 2.700000000000000000e+01 1.070909177060984652e+00
9.000000000000000000e+00 2.800000000000000000e+01 9.665418120029392046e-01
9.000000000000000000e+00 2.900000000000000000e+01 9.615585284441641178e-01
9.000000000000000000e+00 3.000000000000000000e+01 9.643571495263036919e-01
9.000000000000000000e+00 3.100000000000000000e+01 9.898846892780630569e-01
9.000000000000000000e+00 3.200000000000000000e+01 1.076134617653403014e+00
1.000000000000000000e+01 1.100000000000000000e+01 7.054623427342463504e-01
1.000000000000000000e+01 1.200000000000000000e+01 6.569846089781428145e-01
1.000000000000000000e+01 1.300000000000000000e+01 8.288204143644433142e-01
1.000000000000000000e+01 1.400000000000000000e+01 9.715823368956904016e-01
1.000000000000000000e+01 1.500000000000000000e+01 8.519621594961599431e-01
1.000000000000000000e+01 1.600000000000000000e+01 9.017510025040043065e-01
1.000000000000000000e+01 1.700000000000000000e+01 9.355551395121017855e-01
1.000000000000000000e+01 1.800000000000000000e+01 9.190856751129914404e-01
1.000000000000000000e+01 1.900000000000000000e+01 1.039306876345063912e+00
1.000000000000000000e+01 2.000000000000000000e+01 9.512298749871062054e-01
1.000000000000000000e+01 2.100000000000000000e+01 8.564865918277948520e-01
1.000000000000000000e+01 2.200000000000000000e+01 9.425621382182209906e-01
1.000000000000000000e+01 2.300000000000000000e+01 8.736213148156504182e-01
1.000000000000000000e+01 2.400000000000000000e+01 8.833459493144215635e-01
1.000000000000000000e+01 2.500000000000000000e+01 9.733594485604835089e-01
1.000000000000000000e+01 2.600000000000000000e+01 1.016745114633886837e+00
1.000000000000000000e+01 2.700000000000000000e+01 1.052669774137319658e+00
1.000000000000000000e+01 2.800000000000000000e+01 9.580121886363752726e-01
1.000000000000000000e+01 2.900000000000000000e+01 9.556258237254859900e-01
1.000000000000000000e+01 3.000000000000000000e+01 9.633065711087940297e-01
1.000000000000000000e+01 3.100000000000000000e+01 9.826280086158329929e-01
1.000000000000000000e+01 3.200000000000000000e+01 1.065699240464838882e+00
1.100000000000000000e+01 1.200000000000000000e+01 5.759469184721164314e-01
1.100000000000000000e+01 1.300000000000000000e+01 7.495142775093110998e-01
1.100000000000000000e+01 1.400000000000000000e+01 9.956237054197931702e-01
1.100000000000000000e+01 1.500000000000000000e+01 7.940786561096790930e-01
1.100000000000000000e+01 1.600000000000000000e+01 9.181772644438626063e-01
1.100000000000000000e+01 1.700000000000000000e+01 9.538891956999138166e-01
1.100000000000000000e+01 1.800000000000000000e+01 9.340188769504600419e-01
1.100000000000000000e+01 1.900000000000000000e+01 1.055581441970592227e+00
1.100000000000000000e+01 2.000000000000000000e+01 9.651357918958340942e-01
1.100000000000000000e+01 2.100000000000000000e+01 8.180958299476130957e-01
1.100000000000000000e+01 2.200000000000000000e+01 9.503859262368052896e-01
1.100000000000000000e+01 2.300000000000000000e+01 8.394050902757714816e-01
1.100000000000000000e+01 2.400000000000000000e+01 8.526683912771990670e-01
1.100000000000000000e+01 2.500000000000000000e+01 9.664760008713673134e-01
1.100000000000000000e+01 2.600000000000000000e+01 1.008190325426119527e+00
1.100000000000000000e+01 2.700000000000000000e+01 1.042747067703409192e+00
1.100000000000000000e+01 2.800000000000000000e+01 9.389716728284100977e-01
1.100000000000000000e+01 2.900000000000000000e+01 9.344173055365696534e-01
1.100000000000000000e+01 3.000000000000000000e+01 9.385962152703954953e-01
1.100000000000000000e+01 3.100000000000000000e+01 9.632093359177824610e-01
1.100000000000000000e+01 3.200000000000000000e+01 1.049557489035045643e+00
1.200000000000000000e+01 1.300000000000000000e+01 7.756444443285306356e-01
1.200000000000000000e+01 1.400000000000000000e+01 9.760692469298735130e-01
1.200000000000000000e+01 1.500000000000000000e+01 8.049738348238018038e-01
1.200000000000000000e+01 1.600000000000000000e+01 8.999457686120966304e-01
1.200000000000000000e+01 1.700000000000000000e+01 9.355507930844244591e-01
1.200000000000000000e+01 1.800000000000000000e+01 9.164060880458093639e-01
1.200000000000000000e+01 1.900000000000000000e+01 1.037978916351566028e+00
1.200000000000000000e+01 2.000000000000000000e+01 9.480382761748564757e-01
1.200000000000000000e+01 2.100000000000000000e+01 8.170152969540904753e-01
1.200000000000000000e+01 2.200000000000000000e+01 9.349882299022729271e-01
1.200000000000000000e+01 2.300000000000000000e+01 8.376702664516664232e-01
1.200000000000000000e+01 2.400000000000000000e+01 8.498438690040033272e-01
1.200000000000000000e+01 2.500000000000000000e+01 9.562781027249973587e-01
1.200000000000000000e+01 2.600000000000000000e+01 9.988850829706168444e-01
1.200000000000000000e+01 2.700000000000000000e+01 1.034090483426525209e+00
1.200000000000000000e+01 2.800000000000000000e+01 9.335171145433662776e-01
1.200000000000000000e+01 2.900000000000000000e+01 9.299032163618252689e-01
1.200000000000000000e+01 3.000000000000000000e+01 9.359364902734250702e-01
1.200000000000000000e+01 3.100000000000000000e+01 9.583102137210590676e-01
1.200000000000000000e+01 3.200000000000000000e+01 1.043635868111661980e+00
1.300000000000000000e+01 1.400000000000000000e+01 1.026122591544370577e+00
1.300000000000000000e+01 1.500000000000000000e+01 6.835027350451079453e-01
1.300000000000000000e+01 1.600000000000000000e+01 9.419959940977504775e-01
1.300000000000000000e+01 1.700000000000000000e+01 9.788519027621114255e-01
1.300000000000000000e+01 1.800000000000000000e+01 9.557281117093532341e-01
1.300000000000000000e+01 1.900000000000000000e+01 1.077890992607047238e+00
1.300000000000000000e+01 2.000000000000000000e+01 9.851680767063546451e-01
1.300000000000000000e+01 2.100000000000000000e+01 7.760729901364131766e-01
1.300000000000000000e+01 2.200000000000000000e+01 9.636562031594722022e-01
1.300000000000000000e+01 2.300000000000000000e+01 7.992165776545390177e-01
1.300000000000000000e+01 2.400000000000000000e+01 8.170051801830990890e-01
1.300000000000000000e+01 2.500000000000000000e+01 9.605305032455235814e-01
1.300000000000000000e+01 2.600000000000000000e+01 9.992436966672053611e-01
1.300000000000000000e+01 2.700000000000000000e+01 1.031574929822889564e+00
1.300000000000000000e+01 2.800000000000000000e+01 9.154899002462724145e-01
1.300000000000000000e+01 2.900000000000000000e+01 9.074066208622348917e-01
1.300000000000000000e+01 3.000000000000000000e+01 9.049447178517724399e-01
1.300000000000000000e+01 3.100000000000000000e+01 9.381881927761366313e-01
1.300000000000000000e+01 3.200000000000000000e+01 1.028803451186419915e+00
1.400000000000000000e+01 1.500000000000000000e+01 1.008844612435430443e+00
1.400000000000000000e+01 1.600000000000000000e+01 6.677314749106428859e-01
1.400000000000000000e+01 1.700000000000000000e+01 5.816279436552318494e-01
1.400000000000000000e+01 1.800000000000000000e+01 6.597369752599180348e-01
1.400000000000000000e+01 1.900000000000000000e+01 6.670529450090940671e-01
1.400000000000000000e+01 2.000000000000000000e+01 6.585958180259436912e-01
1.400000000000000000e+01 2.100000000000000000e+01 9.702555695079577713e-01
1.400000000000000000e+01 2.200000000000000000e+01 7.459973604323337781e-01
1.400000000000000000e+01 2.300000000000000000e+01 9.715991320604020487e-01
1.400000000000000000e+01 2.400000000000000000e+01 9.680429103645056266e-01
1.400000000000000000e+01 2.500000000000000000e+01 9.079449132910022424e-01
1.400000000000000000e+01 2.600000000000000000e+01 9.571615792344496665e-01
1.400000000000000000e+01 2.700000000000000000e+01 1.001051612333905938e+00
1.400000000000000000e+01 2.800000000000000000e+01 9.764524483385932374e-01
1.400000000000000000e+01 2.900000000000000000e+01 9.860122099693535702e-01
1.400000000000000000e+01 3.000000000000000000e+01 1.010436780449113892e+00
1.400000000000000000e+01 3.100000000000000000e+01 9.996523520106950222e-01
1.400000000000000000e+01 3.200000000000000000e+01 1.057340097843873616e+00
1.500000000000000000e+01 1.600000000000000000e+01 9.206391242487674820e-01
1.500000000000000000e+01 1.700000000000000000e+01 9.584574091501560922e-01
1.500000000000000000e+01 1.800000000000000000e+01 9.334648445938034111e-01
1.500000000000000000e+01 1.900000000000000000e+01 1.056309992671707221e+00
1.500000000000000000e+01 2.000000000000000000e+01 9.622776471859697534e-01
1.500000000000000000e+01 2.100000000000000000e+01 6.930105510847741623e-01
1.500000000000000000e+01 2.200000000000000000e+01 9.373066907002391979e-01
1.500000000000000000e+01 2.300000000000000000e+01 7.246786787628263227e-01
1.500000000000000000e+01 2.400000000000000000e+01 7.509440945152823232e-01
1.500000000000000000e+01 2.500000000000000000e+01 9.257527834338732386e-01
1.500000000000000000e+01 2.600000000000000000e+01 9.639755827661782295e-01
1.500000000000000000e+01 2.700000000000000000e+01 9.958317132934062510e-01
1.500000000000000000e+01 2.800000000000000000e+01 8.722405250239735341e-01
1.500000000000000000e+01 2.900000000000000000e+01 8.623730339567372560e-01
1.500000000000000000e+01 3.000000000000000000e+01 8.582447866965059458e-01
1.500000000000000000e+01 3.100000000000000000e+01 8.962392268956329566e-01
1.500000000000000000e+01 3.200000000000000000e+01 9.904384541266282316e-01
1.600000000000000000e+01 1.700000000000000000e+01 5.503122826507345078e-01
1.600000000000000000e+01 1.800000000000000000e+01 4.622404875943459945e-01
1.600000000000000000e+01 1.900000000000000000e+01 6.993720286326721158e-01
1.600000000000000000e+01 2.000000000000000000e+01 5.829853535610136639e-01
1.600000000000000000e+01 2.100000000000000000e+01 8.773079110698891458e-01
1.600000000000000000e+01 2.200000000000000000e+01 6.237653307870147934e-01
1.600000000000000000e+01 2.300000000000000000e+01 8.767820830616339656e-01
1.600000000000000000e+01 2.400000000000000000e+01 8.716181407248528856e-01
1.600000000000000000e+01 2.500000000000000000e+01 7.985335020716941568e-01
1.600000000000000000e+01 2.600000000000000000e+01 8.515692442709850152e-01
1.600000000000000000e+01 2.700000000000000000e+01 8.969359764919564437e-01
1.600000000000000000e+01 2.800000000000000000e+01 8.734200824535485186e-01
1.600000000000000000e+01 2.900000000000000000e+01 8.842671334406912997e-01
1.600000000000000000e+01 3.000000000000000000e+01 9.107982005721171337e-01
1.600000000000000000e+01 3.100000000000000000e+01 8.973242413429400877e-01
1.600000000000000000e+01 3.200000000000000000e+01 9.548598214940982043e-01
1.700000000000000000e+01 1.800000000000000000e+01 5.070238307065053629e-01
1.700000000000000000e+01 1.900000000000000000e+01 5.981256730076101036e-01
1.700000000000000000e+01 2.000000000000000000e+01 5.136032808597998933e-01
1.700000000000000000e+01 2.100000000000000000e+01 9.166730590671490209e-01
1.700000000000000000e+01 2.200000000000000000e+01 6.388109014982781275e-01
1.700000000000000000e+01 2.300000000000000000e+01 9.162675990559279171e-01
1.700000000000000000e+01 2.400000000000000000e+01 9.112988385097957611e-01
1.700000000000000000e+01 2.500000000000000000e+01 8.309479583825407634e-01
1.700000000000000000e+01 2.600000000000000000e+01 8.816187111608442262e-01
1.700000000000000000e+01 2.700000000000000000e+01 9.269031959845281943e-01
1.700000000000000000e+01 2.800000000000000000e+01 9.111178411691935874e-01
1.700000000000000000e+01 2.900000000000000000e+01 9.221449652612681014e-01
1.700000000000000000e+01 3.000000000000000000e+01 9.484331804871704019e-01
1.700000000000000000e+01 3.100000000000000000e+01 9.339735427493010000e-01
1.700000000000000000e+01 3.200000000000000000e+01 9.885690133817697234e-01
1.800000000000000000e+01 1.900000000000000000e+01 6.558978747536912124e-01
1.800000000000000000e+01 2.000000000000000000e+01 5.073339443185178599e-01
1.800000000000000000e+01 2.100000000000000000e+01 8.896396706811497967e-01
1.800000000000000000e+01 2.200000000000000000e+01 5.830090268287353439e-01
1.800000000000000000e+01 2.300000000000000000e+01 8.882101431466993269e-01
1.800000000000000000e+01 2.400000000000000000e+01 8.823947501268163407e-01
1.800000000000000000e+01 2.500000000000000000e+01 7.924761373712494450e-01
1.800000000000000000e+01 2.600000000000000000e+01 8.450705230328698914e-01
1.800000000000000000e+01 2.700000000000000000e+01 8.912321353525129997e-01
1.800000000000000000e+01 2.800000000000000000e+01 8.777982503771035727e-01
1.800000000000000000e+01 2.900000000000000000e+01 8.896179108657000789e-01
1.800000000000000000e+01 3.000000000000000000e+01 9.170335572276295810e-01
1.800000000000000000e+01 3.100000000000000000e+01 9.007825738180534891e-01
1.800000000000000000e+01 3.200000000000000000e+01 9.546116034727083477e-01
1.900000000000000000e+01 2.000000000000000000e+01 5.699686539271902053e-01
1.900000000000000000e+01 2.100000000000000000e+01 1.013815234387596353e+00
1.900000000000000000e+01 2.200000000000000000e+01 7.006697115619424654e-01
1.900000000000000000e+01 2.300000000000000000e+01 1.012364785590051053e+00
1.900000000000000000e+01 2.400000000000000000e+01 1.006645142478072685e+00
1.900000000000000000e+01 2.500000000000000000e+01 9.072719279571976880e-01
1.900000000000000000e+01 2.600000000000000000e+01 9.558252250474137401e-01
1.900000000000000000e+01 2.700000000000000000e+01 1.001546810257291531e+00
1.900000000000000000e+01 2.800000000000000000e+01 9.991145410435418039e-01
1.900000000000000000e+01 2.900000000000000000e+01 1.011229036209231769e+00
1.900000000000000000e+01 3.000000000000000000e+01 1.038466333657160012e+00
1.900000000000000000e+01 3.100000000000000000e+01 1.020718769333460951e+00
1.900000000000000000e+01 3.200000000000000000e+01 1.070295255613361585e+00
2.000000000000000000e+01 2.100000000000000000e+01 9.183591671049853300e-01
2.000000000000000000e+01 2.200000000000000000e+01 5.647137784908311531e-01
2.000000000000000000e+01 2.300000000000000000e+01 9.161782008250312082e-01
2.000000000000000000e+01 2.400000000000000000e+01 9.098538657790373740e-01
2.000000000000000000e+01 2.500000000000000000e+01 8.026838036349308592e-01
2.000000000000000000e+01 2.600000000000000000e+01 8.532695951931434930e-01
2.000000000000000000e+01 2.700000000000000000e+01 8.999884729538123462e-01
2.000000000000000000e+01 2.800000000000000000e+01 8.990538787154436218e-01
2.000000000000000000e+01 2.900000000000000000e+01 9.117705969384037878e-01
2.000000000000000000e+01 3.000000000000000000e+01 9.398533569314249103e-01
2.000000000000000000e+01 3.100000000000000000e+01 9.207850861140647325e-01
2.000000000000000000e+01 3.200000000000000000e+01 9.700035540844578197e-01
2.100000000000000000e+01 2.200000000000000000e+01 8.903408235357730405e-01
2.100000000000000000e+01 2.300000000000000000e+01 5.498010391490455451e-01
2.100000000000000000e+01 2.400000000000000000e+01 6.230089651185271027e-01
2.100000000000000000e+01 2.500000000000000000e+01 8.747427466837469634e-01
2.100000000000000000e+01 2.600000000000000000e+01 9.149743339166198641e-01
2.100000000000000000e+01 2.700000000000000000e+01 9.479087207383727343e-01
2.100000000000000000e+01 2.800000000000000000e+01 8.175714229898416452e-01
2.100000000000000000e+01 2.900000000000000000e+01 8.076825432620520218e-01
2.100000000000000000e+01 3.000000000000000000e+01 8.092797373283919793e-01
2.100000000000000000e+01 3.100000000000000000e+01 8.471549086038199228e-01
2.100000000000000000e+01 3.200000000000000000e+01 9.455549590161742568e-01
2.200000000000000000e+01 2.300000000000000000e+01 8.856886855488057542e-01
2.200000000000000000e+01 2.400000000000000000e+01 8.774566744058351908e-01
2.200000000000000000e+01 2.500000000000000000e+01 7.328737311770761043e-01
2.200000000000000000e+01 2.600000000000000000e+01 7.866909365861551873e-01
2.200000000000000000e+01 2.700000000000000000e+01 8.362294698626471234e-01
2.200000000000000000e+01 2.800000000000000000e+01 8.521271115140252039e-01
2.200000000000000000e+01 2.900000000000000000e+01 8.672301652214855494e-01
2.200000000000000000e+01 3.000000000000000000e+01 8.979558809434802225e-01
2.200000000000000000e+01 3.100000000000000000e+01 8.727158901214027154e-01
2.200000000000000000e+01 3.200000000000000000e+01 9.159794090547215273e-01
2.300000000000000000e+01 2.400000000000000000e+01 5.160729583462075887e-01
2.300000000000000000e+01 2.500000000000000000e+01 8.623818290791651631e-01
2.300000000000000000e+01 2.600000000000000000e+01 9.019587833388695852e-01
2.300000000000000000e+01 2.700000000000000000e+01 9.343781095580567797e-01
2.300000000000000000e+01 2.800000000000000000e+01 7.955508911791409066e-01
2.300000000000000000e+01 2.900000000000000000e+01 7.834816335437815304e-01
2.300000000000000000e+01 3.000000000000000000e+01 7.841114608021617638e-01
2.300000000000000000e+01 3.100000000000000000e+01 8.269841210525656905e-01
2.300000000000000000e+01 3.200000000000000000e+01 9.293608482913484625e-01
2.400000000000000000e+01 2.500000000000000000e+01 8.487042609529795723e-01
2.400000000000000000e+01 2.600000000000000000e+01 8.882955142131245818e-01
2.400000000000000000e+01 2.700000000000000000e+01 9.206379815385916654e-01
2.400000000000000000e+01 2.800000000000000000e+01 7.746301462552640515e-01
2.400000000000000000e+01 2.900000000000000000e+01 7.611929187699759680e-01
2.400000000000000000e+01 3.000000000000000000e+01 7.635150898641749340e-01
2.400000000000000000e+01 3.100000000000000000e+01 8.088406511260504139e-01
2.400000000000000000e+01 3.200000000000000000e+01 9.146951465498431855e-01
2.500000000000000000e+01 2.600000000000000000e+01 5.883520330813152288e-01
2.500000000000000000e+01 2.700000000000000000e+01 6.696805284046389861e-01
2.500000000000000000e+01 2.800000000000000000e+01 7.585584657922983531e-01
2.500000000000000000e+01 2.900000000000000000e+01 7.845130961299329186e-01
2.500000000000000000e+01 3.000000000000000000e+01 8.242540428885785087e-01
2.500000000000000000e+01 3.100000000000000000e+01 7.684619552630955752e-01
2.500000000000000000e+01 3.200000000000000000e+01 7.800444347201878070e-01
2.600000000000000000e+01 2.700000000000000000e+01 5.344804084163661262e-01
2.600000000000000000e+01 2.800000000000000000e+01 7.894044970358857771e-01
2.600000000000000000e+01 2.900000000000000000e+01 8.144677255984396069e-01
2.600000000000000000e+01 3.000000000000000000e+01 8.509081079190126129e-01
2.600000000000000000e+01 3.100000000000000000e+01 7.878527225836071679e-01
2.600000000000000000e+01 3.200000000000000000e+01 7.522398456902819053e-01
2.700000000000000000e+01 2.800000000000000000e+01 8.175179430857386631e-01
2.700000000000000000e+01 2.900000000000000000e+01 8.415332807920887781e-01
2.700000000000000000e+01 3.000000000000000000e+01 8.755551723085746030e-01
2.700000000000000000e+01 3.100000000000000000e+01 8.097534361214053789e-01
2.700000000000000000e+01 3.200000000000000000e+01 7.408016248046995766e-01
2.800000000000000000e+01 2.900000000000000000e+01 5.295776533525278218e-01
2.800000000000000000e+01 3.000000000000000000e+01 6.632521612033284164e-01
2.800000000000000000e+01 3.100000000000000000e+01 5.856002850427197703e-01
2.800000000000000000e+01 3.200000000000000000e+01 7.886647320958759533e-01
2.900000000000000000e+01 3.000000000000000000e+01 6.052195862228322287e-01
2.900000000000000000e+01 3.100000000000000000e+01 6.226048868786513424e-01
2.900000000000000000e+01 3.200000000000000000e+01 8.097843772158259679e-01
3.000000000000000000e+01 3.100000000000000000e+01 6.826418026481921864e-01
3.000000000000000000e+01 3.200000000000000000e+01 8.363952136674004390e-01
3.100000000000000000e+01 3.200000000000000000e+01 7.542734630779837079e-01
