1.000000000000000000e+00 2.000000000000000000e+00 8.676050389020233400e-01
1.000000000000000000e+00 3.000000000000000000e+00 9.716604422133093832e-01
1.000000000000000000e+00 4.000000000000000000e+00 9.560438494813945365e-01
1.000000000000000000e+00 5.000000000000000000e+00 9.694793795819763860e-01
1.000000000000000000e+00 6.000000000000000000e+00 9.787656338573207382e-01
1.000000000000000000e+00 7.000000000000000000e+00 9.739808710688578897e-01
1.000000000000000000e+00 8.000000000000000000e+00 9.953500779900261719e-01
1.000000000000000000e+00 9.000000000000000000e+00 9.471836016382924051e-01
1.000000000000000000e+00 1.000000000000000000e+01 9.881690697996131645e-01
1.000000000000000000e+00 1.100000000000000000e+01 9.681019594219123503e-01
1.000000000000000000e+00 1.200000000000000000e+01 9.804462797938692242e-01
1.000000000000000000e+00 1.300000000000000000e+01 9.632904319640762658e-01
1.000000000000000000e+00 1.400000000000000000e+01 1.037146260569050904e+00
1.000000000000000000e+00 1.500000000000000000e+01 9.928107235225789307e-01
1.000000000000000000e+00 1.600000000000000000e+01 1.066811335035186437e+00
1.000000000000000000e+00 1.700000000000000000e+01 1.060591561622936885e+00
1.000000000000000000e+00 1.800000000000000000e+01 1.066653006251050195e+00
1.000000000000000000e+00 1.900000000000000000e+01 1.041737197293093331e+00
1.000000000000000000e+00 2.000000000000000000e+01 1.062491269800899030e+00
1.000000000000000000e+00 2.100000000000000000e+01 1.022335185428326243e+00
1.000000000000000000e+00 2.200000000000000000e+01 1.070665237957368454e+00
1.000000000000000000e+00 2.300000000000000000e+01 1.031342458135994899e+00
1.000000000000000000e+00 2.400000000000000000e+01 1.039082687438086738e+00
1.000000000000000000e+00 2.500000000000000000e+01 1.087286035821797059e+00
1.000000000000000000e+00 2.600000000000000000e+01 1.088258810271647281e+00
1.000000000000000000e+00 2.700000000000000000e+01 1.085519536621788461e+00
1.000000000000000000e+00 2.800000000000000000e+01 1.085060515735548181e+00
1.000000000000000000e+00 2.900000000000000000e+01 1.081319988572970292e+00
1.000000000000000000e+00 3.000000000000000000e+01 1.078063201579424479e+00
1.000000000000000000e+00 3.100000000000000000e+01 1.093651109692069134e+00
1.000000000000000000e+00 3.200000000000000000e+01 1.105124714122855734e+00
2.000000000000000000e+00 3.000000000000000000e+00 8.318460026482291658e-01
2.000000000000000000e+00 4.000000000000000000e+00 8.041923259743355423e-01
2.000000000000000000e+00 5.000000000000000000e+00 8.271693643546494945e-01
2.000000000000000000e+00 6.000000000000000000e+00 8.406756259805800990e-01
2.000000000000000000e+00 7.000000000000000000e+00 8.323406104438605402e-01
2.000000000000000000e+00 8.000000000000000000e+00 8.650331466107759049e-01
2.000000000000000000e+00 9.000000000000000000e+00 7.854184277143805293e-01
2.000000000000000000e+00 1.000000000000000000e+01 8.542137202386911321e-01
2.000000000000000000e+00 1.100000000000000000e+01 8.242934696134321948e-01
2.000000000000000000e+00 1.200000000000000000e+01 8.429278881134120160e-01
2.000000000000000000e+00 1.300000000000000000e+01 8.381109108667379459e-01
2.000000000000000000e+00 1.400000000000000000e+01 9.291329590986845410e-01
2.000000000000000000e+00 1.500000000000000000e+01 8.810692217672868587e-01
2.000000000000000000e+00 1.600000000000000000e+01 9.580304434150221926e-01
2.000000000000000000e+00 1.700000000000000000e+01 9.525299010122927346e-01
2.000000000000000000e+00 1.800000000000000000e+01 9.585096447868031166e-01
2.000000000000000000e+00 1.900000000000000000e+01 9.347393219546147325e-01
2.000000000000000000e+00 2.000000000000000000e+01 9.550978939171930193e-01
2.000000000000000000e+00 2.100000000000000000e+01 9.127969119200074477e-01
2.000000000000000000e+00 2.200000000000000000e+01 9.637576014587940776e-01
2.000000000000000000e+00 2.300000000000000000e+01 9.244457500475076195e-01
2.000000000000000000e+00 2.400000000000000000e+01 9.332928042402464097e-01
2.000000000000000000e+00 2.500000000000000000e+01 9.829622268341864366e-01
2.000000000000000000e+00 2.600000000000000000e+01 9.848193595932239752e-01
2.000000000000000000e+00 2.700000000000000000e+01 9.825902354820197360e-01
2.000000000000000000e+00 2.800000000000000000e+01 9.832594383094266366e-01
2.000000000000000000e+00 2.900000000000000000e+01 9.801333643813996410e-01
2.000000000000000000e+00 3.000000000000000000e+01 9.787303503538482552e-01
2.000000000000000000e+00 3.100000000000000000e+01 9.928602099300807282e-01
2.000000000000000000e+00 3.200000000000000000e+01 1.004059276326804140e+00
3.000000000000000000e+00 4.000000000000000000e+00 5.991877169287680438e-01
3.000000000000000000e+00 5.000000000000000000e+00 4.613354391403857724e-01
3.000000000000000000e+00 6.000000000000000000e+00 5.759268964773560651e-01
3.000000000000000000e+00 7.000000000000000000e+00 6.275840607582207076e-01
3.000000000000000000e+00 8.000000000000000000e+00 6.621788327388689055e-01
3.000000000000000000e+00 9.000000000000000000e+00 7.300883462993272843e-01
3.000000000000000000e+00 1.000000000000000000e+01 6.513268344182044922e-01
3.000000000000000000e+00 1.100000000000000000e+01 7.367750146052959304e-01
3.000000000000000000e+00 1.200000000000000000e+01 7.227938457776564851e-01
3.000000000000000000e+00 1.300000000000000000e+01 8.336571310498930298e-01
3.000000000000000000e+00 1.400000000000000000e+01 8.419907416380609799e-01
3.000000000000000000e+00 1.500000000000000000e+01 8.574517270038020111e-01
3.000000000000000000e+00 1.600000000000000000e+01 8.731171734786573602e-01
3.000000000000000000e+00 1.700000000000000000e+01 8.675069816131004696e-01
3.000000000000000000e+00 1.800000000000000000e+01 8.748692677248064431e-01
3.000000000000000000e+00 1.900000000000000000e+01 8.514753984995087066e-01
3.000000000000000000e+00 2.000000000000000000e+01 8.725202761669670348e-01
3.000000000000000000e+00 2.100000000000000000e+01 8.661656878973136298e-01
3.000000000000000000e+00 2.200000000000000000e+01 8.843520242327502778e-01
3.000000000000000000e+00 2.300000000000000000e+01 8.779332450719754544e-01
3.000000000000000000e+00 2.400000000000000000e+01 8.847056992592119418e-01
3.000000000000000000e+00 2.500000000000000000e+01 9.129127839031456748e-01
3.000000000000000000e+00 2.600000000000000000e+01 9.153208847608196308e-01
3.000000000000000000e+00 2.700000000000000000e+01 9.134944765574615211e-01
3.000000000000000000e+00 2.800000000000000000e+01 9.254894615664446267e-01
3.000000000000000000e+00 2.900000000000000000e+01 9.250869888766559690e-01
3.000000000000000000e+00 3.000000000000000000e+01 9.286167606294264409e-01
3.000000000000000000e+00 3.100000000000000000e+01 9.351548039584751670e-01
3.000000000000000000e+00 3.200000000000000000e+01 9.404753315311584760e-01
4.000000000000000000e+00 5.000000000000000000e+00 5.681545961158874780e-01
4.000000000000000000e+00 6.000000000000000000e+00 6.408444648767350760e-01
4.000000000000000000e+00 7.000000000000000000e+00 6.347017610212840610e-01
4.000000000000000000e+00 8.000000000000000000e+00 7.141537678951168644e-01
4.000000000000000000e+00 9.000000000000000000e+00 6.830499496707198581e-01
4.000000000000000000e+00 1.000000000000000000e+01 6.922246889738848941e-01
4.000000000000000000e+00 1.100000000000000000e+01 7.160651658263402775e-01
4.000000000000000000e+00 1.200000000000000000e+01 7.179969599454268936e-01
4.000000000000000000e+00 1.300000000000000000e+01 8.191157380402716015e-01
4.000000000000000000e+00 1.400000000000000000e+01 8.570266852364059051e-01
4.000000000000000000e+00 1.500000000000000000e+01 8.504156384690080284e-01
4.000000000000000000e+00 1.600000000000000000e+01 8.866367703331763384e-01
4.000000000000000000e+00 1.700000000000000000e+01 8.815370187011171144e-01
4.000000000000000000e+00 1.800000000000000000e+01 8.882302323150417234e-01
4.000000000000000000e+00 1.900000000000000000e+01 8.653824242527530242e-01
4.000000000000000000e+00 2.000000000000000000e+01 8.858750993620745362e-01
4.000000000000000000e+00 2.100000000000000000e+01 8.656285561535470574e-01
4.000000000000000000e+00 2.200000000000000000e+01 8.966095892689005531e-01
4.000000000000000000e+00 2.300000000000000000e+01 8.784200971431883609e-01
4.000000000000000000e+00 2.400000000000000000e+01 8.862550517095166835e-01
4.000000000000000000e+00 2.500000000000000000e+01 9.226496418878700201e-01
4.000000000000000000e+00 2.600000000000000000e+01 9.252526828605964759e-01
4.000000000000000000e+00 2.700000000000000000e+01 9.234980016110743151e-01
4.000000000000000000e+00 2.800000000000000000e+01 9.316703334630209721e-01
4.000000000000000000e+00 2.900000000000000000e+01 9.305380843119515077e-01
4.000000000000000000e+00 3.000000000000000000e+01 9.330312424754998446e-01
4.000000000000000000e+00 3.100000000000000000e+01 9.416991802388814392e-01
4.000000000000000000e+00 3.200000000000000000e+01 9.491029377170268067e-01
5.000000000000000000e+00 6.000000000000000000e+00 5.466405044205371322e-01
5.000000000000000000e+00 7.000000000000000000e+00 5.899181869588759897e-01
5.000000000000000000e+00 8.000000000000000000e+00 6.620230988763247115e-01
5.000000000000000000e+00 9.000000000000000000e+00 7.120713126985558361e-01
5.000000000000000000e+00 1.000000000000000000e+01 6.386925865280274062e-01
5.000000000000000000e+00 1.100000000000000000e+01 7.192127006040266446e-01
5.000000000000000000e+00 1.200000000000000000e+01 7.054875089620401551e-01
5.000000000000000000e+00 1.300000000000000000e+01 8.248541281101862133e-01
5.000000000000000000e+00 1.400000000000000000e+01 8.418953510161997222e-01
5.000000000000000000e+00 1.500000000000000000e+01 8.502751251270694866e-01
5.000000000000000000e+00 1.600000000000000000e+01 8.719879069289568907e-01
5.000000000000000000e+00 1.700000000000000000e+01 8.668385791852732947e-01
5.000000000000000000e+00 1.800000000000000000e+01 8.738321631241996457e-01
5.000000000000000000e+00 1.900000000000000000e+01 8.510211220430818901e-01
5.000000000000000000e+00 2.000000000000000000e+01 8.716723749464505566e-01
5.000000000000000000e+00 2.100000000000000000e+01 8.602345554880510559e-01
5.000000000000000000e+00 2.200000000000000000e+01 8.830675720364886683e-01
5.000000000000000000e+00 2.300000000000000000e+01 8.725714147866518999e-01
5.000000000000000000e+00 2.400000000000000000e+01 8.797465128330068662e-01
5.000000000000000000e+00 2.500000000000000000e+01 9.109625851988354395e-01
5.000000000000000000e+00 2.600000000000000000e+01 9.135959698000983842e-01
5.000000000000000000e+00 2.700000000000000000e+01 9.118777121874379610e-01
5.000000000000000000e+00 2.800000000000000000e+01 9.224756878779449831e-01
5.000000000000000000e+00 2.900000000000000000e+01 9.218837514331248428e-01
5.000000000000000000e+00 3.000000000000000000e+01 9.252548950173715703e-01
5.000000000000000000e+00 3.100000000000000000e+01 9.323957154454856067e-01
5.000000000000000000e+00 3.200000000000000000e+01 9.385103931522265075e-01
6.000000000000000000e+00 7.000000000000000000e+00 5.316912569926600662e-01
6.000000000000000000e+00 8.000000000000000000e+00 6.001610885717512112e-01
6.000000000000000000e+00 9.000000000000000000e+00 7.187762898124860911e-01
6.000000000000000000e+00 1.000000000000000000e+01 5.466257835071693938e-01
6.000000000000000000e+00 1.100000000000000000e+01 7.057492205877961000e-01
6.000000000000000000e+00 1.200000000000000000e+01 6.760476179374340644e-01
6.000000000000000000e+00 1.300000000000000000e+01 8.194677797726175328e-01
6.000000000000000000e+00 1.400000000000000000e+01 8.276662260552274386e-01
6.000000000000000000e+00 1.500000000000000000e+01 8.412650373438463891e-01
6.000000000000000000e+00 1.600000000000000000e+01 8.567100855888434285e-01
6.000000000000000000e+00 1.700000000000000000e+01 8.521953525725860512e-01
6.000000000000000000e+00 1.800000000000000000e+01 8.589511012568729065e-01
6.000000000000000000e+00 1.900000000000000000e+01 8.370442547108343234e-01
6.000000000000000000e+00 2.000000000000000000e+01 8.572726715125449370e-01
6.000000000000000000e+00 2.100000000000000000e+01 8.477138404017137141e-01
6.000000000000000000e+00 2.200000000000000000e+01 8.687004786182390692e-01
6.000000000000000000e+00 2.300000000000000000e+01 8.602954741154560381e-01
6.000000000000000000e+00 2.400000000000000000e+01 8.673318948941750595e-01
6.000000000000000000e+00 2.500000000000000000e+01 8.974995171908684011e-01
6.000000000000000000e+00 2.600000000000000000e+01 9.004784134560550601e-01
6.000000000000000000e+00 2.700000000000000000e+01 8.989468960500552885e-01
6.000000000000000000e+00 2.800000000000000000e+01 9.099839801108868809e-01
6.000000000000000000e+00 2.900000000000000000e+01 9.096593223949438478e-01
6.000000000000000000e+00 3.000000000000000000e+01 9.136584525841775495e-01
6.000000000000000000e+00 3.100000000000000000e+01 9.201389753385762482e-01
6.000000000000000000e+00 3.200000000000000000e+01 9.260906121088254839e-01
7.000000000000000000e+00 8.000000000000000000e+00 6.454628376019027058e-01
7.000000000000000000e+00 9.000000000000000000e+00 6.857423781288769504e-01
7.000000000000000000e+00 1.000000000000000000e+01 5.807960534758916937e-01
7.000000000000000000e+00 1.100000000000000000e+01 6.651289230174560752e-01
7.000000000000000000e+00 1.200000000000000000e+01 6.332104186551704705e-01
7.000000000000000000e+00 1.300000000000000000e+01 8.032486835310064244e-01
7.000000000000000000e+00 1.400000000000000000e+01 8.314608976503359283e-01
7.000000000000000000e+00 1.500000000000000000e+01 8.289237266808788807e-01
7.000000000000000000e+00 1.600000000000000000e+01 8.587697778191183406e-01
7.000000000000000000e+00 1.700000000000000000e+01 8.549793179829030532e-01
7.000000000000000000e+00 1.800000000000000000e+01 8.610621947232037776e-01
7.000000000000000000e+00 1.900000000000000000e+01 8.400357678798182626e-01
7.000000000000000000e+00 2.000000000000000000e+01 8.596086368267803479e-01
7.000000000000000000e+00 2.100000000000000000e+01 8.386626956583249637e-01
7.000000000000000000e+00 2.200000000000000000e+01 8.701356737838144007e-01
7.000000000000000000e+00 2.300000000000000000e+01 8.525075282853407099e-01
7.000000000000000000e+00 2.400000000000000000e+01 8.604735951929007864e-01
7.000000000000000000e+00 2.500000000000000000e+01 8.973164872453953667e-01
7.000000000000000000e+00 2.600000000000000000e+01 9.006734290080449234e-01
7.000000000000000000e+00 2.700000000000000000e+01 8.993189752712713592e-01
7.000000000000000000e+00 2.800000000000000000e+01 9.073663136455689671e-01
7.000000000000000000e+00 2.900000000000000000e+01 9.065880977858422618e-01
7.000000000000000000e+00 3.000000000000000000e+01 9.101340403506079646e-01
7.000000000000000000e+00 3.100000000000000000e+01 9.180096914000603903e-01
7.000000000000000000e+00 3.200000000000000000e+01 9.256410345584471511e-01
8.000000000000000000e+00 9.000000000000000000e+00 7.593984585137978360e-01
8.000000000000000000e+00 1.000000000000000000e+01 5.331259403323428403e-01
8.000000000000000000e+00 1.100000000000000000e+01 7.351439406274234978e-01
8.000000000000000000e+00 1.200000000000000000e+01 6.970325669942348812e-01
8.000000000000000000e+00 1.300000000000000000e+01 8.306224580464605101e-01
8.000000000000000000e+00 1.400000000000000000e+01 8.050229265022776914e-01
8.000000000000000000e+00 1.500000000000000000e+01 8.439435284236960211e-01
8.000000000000000000e+00 1.600000000000000000e+01 8.345446507419231885e-01
8.000000000000000000e+00 1.700000000000000000e+01 8.301003478305264416e-01
8.000000000000000000e+00 1.800000000000000000e+01 8.372952013722423370e-01
8.000000000000000000e+00 1.900000000000000000e+01 8.156684734614727539e-01
8.000000000000000000e+00 2.000000000000000000e+01 8.360417671884121660e-01
8.000000000000000000e+00 2.100000000000000000e+01 8.424408624154844372e-01
8.000000000000000000e+00 2.200000000000000000e+01 8.485520438297720069e-01
8.000000000000000000e+00 2.300000000000000000e+01 8.537614392848222877e-01
8.000000000000000000e+00 2.400000000000000000e+01 8.595030392367204453e-01
8.000000000000000000e+00 2.500000000000000000e+01 8.804298404590016336e-01
8.000000000000000000e+00 2.600000000000000000e+01 8.834209916357385062e-01
8.000000000000000000e+00 2.700000000000000000e+01 8.819271293011334834e-01
8.000000000000000000e+00 2.800000000000000000e+01 8.969828257238170455e-01
8.000000000000000000e+00 2.900000000000000000e+01 8.975216080504480054e-01
8.000000000000000000e+00 3.000000000000000000e+01 9.028221004576901798e-01
8.000000000000000000e+00 3.100000000000000000e+01 9.068565807102082488e-01
8.000000000000000000e+00 3.200000000000000000e+01 9.106586891418972929e-01
9.000000000000000000e+00 1.000000000000000000e+01 7.336344115387612996e-01
9.000000000000000000e+00 1.100000000000000000e+01 6.288376199484929652e-01
9.000000000000000000e+00 1.200000000000000000e+01 6.859355544464714738e-01
9.000000000000000000e+00 1.300000000000000000e+01 7.598856499214736715e-01
9.000000000000000000e+00 1.400000000000000000e+01 8.599958016859867715e-01
9.000000000000000000e+00 1.500000000000000000e+01 8.096820598786145240e-01
9.000000000000000000e+00 1.600000000000000000e+01 8.860156909151382099e-01
9.000000000000000000e+00 1.700000000000000000e+01 8.823359718888286185e-01
9.000000000000000000e+00 1.800000000000000000e+01 8.875977676362243329e-01
9.000000000000000000e+00 1.900000000000000000e+01 8.664519807573300980e-01
9.000000000000000000e+00 2.000000000000000000e+01 8.855913847462382193e-01
9.000000000000000000e+00 2.100000000000000000e+01 8.374951478733341226e-01
9.000000000000000000e+00 2.200000000000000000e+01 8.942794605573649580e-01
9.000000000000000000e+00 2.300000000000000000e+01 8.532364956104079301e-01
9.000000000000000000e+00 2.400000000000000000e+01 8.634817305920867714e-01
9.000000000000000000e+00 2.500000000000000000e+01 9.162499653981812653e-01
9.000000000000000000e+00 2.600000000000000000e+01 9.195699890641733099e-01
9.000000000000000000e+00 2.700000000000000000e+01 9.181435201930998602e-01
9.000000000000000000e+00 2.800000000000000000e+01 9.191455156228436341e-01
9.000000000000000000e+00 2.900000000000000000e+01 9.168057539017211433e-01
9.000000000000000000e+00 3.000000000000000000e+01 9.179123606327184159e-01
9.000000000000000000e+00 3.100000000000000000e+01 9.302179059167081654e-01
9.000000000000000000e+00 3.200000000000000000e+01 9.416315453084040943e-01
1.000000000000000000e+01 1.100000000000000000e+01 7.031422804537582616e-01
1.000000000000000000e+01 1.200000000000000000e+01 6.556128654912088960e-01
1.000000000000000000e+01 1.300000000000000000e+01 8.164416358904169613e-01
1.000000000000000000e+01 1.400000000000000000e+01 8.134471522827573242e-01
1.000000000000000000e+01 1.500000000000000000e+01 8.335308627918192048e-01
1.000000000000000000e+01 1.600000000000000000e+01 8.410192517281680491e-01
1.000000000000000000e+01 1.700000000000000000e+01 8.373675346570699229e-01
1.000000000000000000e+01 1.800000000000000000e+01 8.437730211723599716e-01
1.000000000000000000e+01 1.900000000000000000e+01 8.230795943453284025e-01
1.000000000000000000e+01 2.000000000000000000e+01 8.427232383977223407e-01
1.000000000000000000e+01 2.100000000000000000e+01 8.355616099857827717e-01
1.000000000000000000e+01 2.200000000000000000e+01 8.541331788483006449e-01
1.000000000000000000e+01 2.300000000000000000e+01 8.482951640885096900e-01
1.000000000000000000e+01 2.400000000000000000e+01 8.550964800744424998e-01
1.000000000000000000e+01 2.500000000000000000e+01 8.839645250053813630e-01
1.000000000000000000e+01 2.600000000000000000e+01 8.873790915303332305e-01
1.000000000000000000e+01 2.700000000000000000e+01 8.860803745623502259e-01
1.000000000000000000e+01 2.800000000000000000e+01 8.975345642205552199e-01
1.000000000000000000e+01 2.900000000000000000e+01 8.975176126506336782e-01
1.000000000000000000e+01 3.000000000000000000e+01 9.022364796826647382e-01
1.000000000000000000e+01 3.100000000000000000e+01 9.079690055233271551e-01
1.000000000000000000e+01 3.200000000000000000e+01 9.137830445607664220e-01
1.100000000000000000e+01 1.200000000000000000e+01 5.757377717547561558e-01
1.100000000000000000e+01 1.300000000000000000e+01 7.447904459004663913e-01
1.100000000000000000e+01 1.400000000000000000e+01 8.378484011305069590e-01
1.100000000000000000e+01 1.500000000000000000e+01 7.851868791117007085e-01
1.100000000000000000e+01 1.600000000000000000e+01 8.612903289812325891e-01
1.100000000000000000e+01 1.700000000000000000e+01 8.590182009897651128e-01
1.100000000000000000e+01 1.800000000000000000e+01 8.635035530975978535e-01
1.100000000000000000e+01 1.900000000000000000e+01 8.442801866826339374e-01
1.100000000000000000e+01 2.000000000000000000e+01 8.623848629679051747e-01
1.100000000000000000e+01 2.100000000000000000e+01 8.073499553476641832e-01
1.100000000000000000e+01 2.200000000000000000e+01 8.705779535550137727e-01
1.100000000000000000e+01 2.300000000000000000e+01 8.254897568909482786e-01
1.100000000000000000e+01 2.400000000000000000e+01 8.365500328595372181e-01
1.100000000000000000e+01 2.500000000000000000e+01 8.931405797528098045e-01
1.100000000000000000e+01 2.600000000000000000e+01 8.973985115641767152e-01
1.100000000000000000e+01 2.700000000000000000e+01 8.964651864891881594e-01
1.100000000000000000e+01 2.800000000000000000e+01 8.962758191662001384e-01
1.100000000000000000e+01 2.900000000000000000e+01 8.941686141887239536e-01
1.100000000000000000e+01 3.000000000000000000e+01 8.963683757070923797e-01
1.100000000000000000e+01 3.100000000000000000e+01 9.082661285124391526e-01
1.100000000000000000e+01 3.200000000000000000e+01 9.205222256150171756e-01
1.200000000000000000e+01 1.300000000000000000e+01 7.696333228859129072e-01
1.200000000000000000e+01 1.400000000000000000e+01 8.226592327312240993e-01
1.200000000000000000e+01 1.500000000000000000e+01 7.946274324549904566e-01
1.200000000000000000e+01 1.600000000000000000e+01 8.455152402692476254e-01
1.200000000000000000e+01 1.700000000000000000e+01 8.438053084713197372e-01
1.200000000000000000e+01 1.800000000000000000e+01 8.483083172763992152e-01
1.200000000000000000e+01 1.900000000000000000e+01 8.299492242208157400e-01
1.200000000000000000e+01 2.000000000000000000e+01 8.478001958160472640e-01
1.200000000000000000e+01 2.100000000000000000e+01 8.049351747006459057e-01
1.200000000000000000e+01 2.200000000000000000e+01 8.565764943076366045e-01
1.200000000000000000e+01 2.300000000000000000e+01 8.221724043486919875e-01
1.200000000000000000e+01 2.400000000000000000e+01 8.320263426069303137e-01
1.200000000000000000e+01 2.500000000000000000e+01 8.816134511286246589e-01
1.200000000000000000e+01 2.600000000000000000e+01 8.861881399554716321e-01
1.200000000000000000e+01 2.700000000000000000e+01 8.854390125784110666e-01
1.200000000000000000e+01 2.800000000000000000e+01 8.880359676032494320e-01
1.200000000000000000e+01 2.900000000000000000e+01 8.867122529613493676e-01
1.200000000000000000e+01 3.000000000000000000e+01 8.902807436721711376e-01
1.200000000000000000e+01 3.100000000000000000e+01 9.000435385821607959e-01
1.200000000000000000e+01 3.200000000000000000e+01 9.108491379315848402e-01
1.300000000000000000e+01 1.400000000000000000e+01 8.593039350792899267e-01
1.300000000000000000e+01 1.500000000000000000e+01 6.823431680971496771e-01
1.300000000000000000e+01 1.600000000000000000e+01 8.814287002195910770e-01
1.300000000000000000e+01 1.700000000000000000e+01 8.788868233098832139e-01
1.300000000000000000e+01 1.800000000000000000e+01 8.822879778135288564e-01
1.300000000000000000e+01 1.900000000000000000e+01 8.623128956953620694e-01
1.300000000000000000e+01 2.000000000000000000e+01 8.799972546924301753e-01
1.300000000000000000e+01 2.100000000000000000e+01 7.730599931292385651e-01
1.300000000000000000e+01 2.200000000000000000e+01 8.853177250642763063e-01
1.300000000000000000e+01 2.300000000000000000e+01 7.946246194371562321e-01
1.300000000000000000e+01 2.400000000000000000e+01 8.109888467774750698e-01
1.300000000000000000e+01 2.500000000000000000e+01 8.988478619201458741e-01
1.300000000000000000e+01 2.600000000000000000e+01 9.028546882732542134e-01
1.300000000000000000e+01 2.700000000000000000e+01 9.017228883945906937e-01
1.300000000000000000e+01 2.800000000000000000e+01 8.888601409688365873e-01
1.300000000000000000e+01 2.900000000000000000e+01 8.836949123777557702e-01
1.300000000000000000e+01 3.000000000000000000e+01 8.811090269914756412e-01
1.300000000000000000e+01 3.100000000000000000e+01 9.016796180981307973e-01
1.300000000000000000e+01 3.200000000000000000e+01 9.208541724020544716e-01
1.400000000000000000e+01 1.500000000000000000e+01 8.415737114525947415e-01
1.400000000000000000e+01 1.600000000000000000e+01 6.192236411753098135e-01
1.400000000000000000e+01 1.700000000000000000e+01 5.530900214697966888e-01
1.400000000000000000e+01 1.800000000000000000e+01 6.096052810319012583e-01
1.400000000000000000e+01 1.900000000000000000e+01 5.607214514100826719e-01
1.400000000000000000e+01 2.000000000000000000e+01 5.969356153143441368e-01
1.400000000000000000e+01 2.100000000000000000e+01 8.111739932402228792e-01
1.400000000000000000e+01 2.200000000000000000e+01 6.488656373982608638e-01
1.400000000000000000e+01 2.300000000000000000e+01 8.082843043173224551e-01
1.400000000000000000e+01 2.400000000000000000e+01 8.032104356128610956e-01
1.400000000000000000e+01 2.500000000000000000e+01 7.214472534185369934e-01
1.400000000000000000e+01 2.600000000000000000e+01 7.173710589571533625e-01
1.400000000000000000e+01 2.700000000000000000e+01 7.128779073066409122e-01
1.400000000000000000e+01 2.800000000000000000e+01 7.791080159595507038e-01
1.400000000000000000e+01 2.900000000000000000e+01 7.864802716873364741e-01
1.400000000000000000e+01 3.000000000000000000e+01 7.980592334114131603e-01
1.400000000000000000e+01 3.100000000000000000e+01 7.804397551651098830e-01
1.400000000000000000e+01 3.200000000000000000e+01 7.558632027540086451e-01
1.500000000000000000e+01 1.600000000000000000e+01 8.609420144616735104e-01
1.500000000000000000e+01 1.700000000000000000e+01 8.594079302908896878e-01
1.500000000000000000e+01 1.800000000000000000e+01 8.615672412321135898e-01
1.500000000000000000e+01 1.900000000000000000e+01 8.428493605894484819e-01
1.500000000000000000e+01 2.000000000000000000e+01 8.594067005480188204e-01
1.500000000000000000e+01 2.100000000000000000e+01 6.921992543965453937e-01
1.500000000000000000e+01 2.200000000000000000e+01 8.626854598273827612e-01
1.500000000000000000e+01 2.300000000000000000e+01 7.231820698653295132e-01
1.500000000000000000e+01 2.400000000000000000e+01 7.485667761917802476e-01
1.500000000000000000e+01 2.500000000000000000e+01 8.715862711560864451e-01
1.500000000000000000e+01 2.600000000000000000e+01 8.767444994804869385e-01
1.500000000000000000e+01 2.700000000000000000e+01 8.762182779573715052e-01
1.500000000000000000e+01 2.800000000000000000e+01 8.530473937808411566e-01
1.500000000000000000e+01 2.900000000000000000e+01 8.459872668908714477e-01
1.500000000000000000e+01 3.000000000000000000e+01 8.420507507746708420e-01
1.500000000000000000e+01 3.100000000000000000e+01 8.682719646857388618e-01
1.500000000000000000e+01 3.200000000000000000e+01 8.935054756073534943e-01
1.600000000000000000e+01 1.700000000000000000e+01 5.431146514315761120e-01
1.600000000000000000e+01 1.800000000000000000e+01 4.608030727624619072e-01
1.600000000000000000e+01 1.900000000000000000e+01 6.180969141216416940e-01
1.600000000000000000e+01 2.000000000000000000e+01 5.710040178759725471e-01
1.600000000000000000e+01 2.100000000000000000e+01 8.247052958840217496e-01
1.600000000000000000e+01 2.200000000000000000e+01 6.087701853018518960e-01
1.600000000000000000e+01 2.300000000000000000e+01 8.216943370422615800e-01
1.600000000000000000e+01 2.400000000000000000e+01 8.159054989626293164e-01
1.600000000000000000e+01 2.500000000000000000e+01 7.327574133582588356e-01
1.600000000000000000e+01 2.600000000000000000e+01 7.438812996550092649e-01
1.600000000000000000e+01 2.700000000000000000e+01 7.475599810078261687e-01
1.600000000000000000e+01 2.800000000000000000e+01 7.969158011577912593e-01
1.600000000000000000e+01 2.900000000000000000e+01 8.053188117757859033e-01
1.600000000000000000e+01 3.000000000000000000e+01 8.204978234748008248e-01
1.600000000000000000e+01 3.100000000000000000e+01 8.037847804487259218e-01
1.600000000000000000e+01 3.200000000000000000e+01 7.916221268269454381e-01
1.700000000000000000e+01 1.800000000000000000e+01 5.021620383752907202e-01
1.700000000000000000e+01 1.900000000000000000e+01 5.459285406318079570e-01
1.700000000000000000e+01 2.000000000000000000e+01 5.056280507962043202e-01
1.700000000000000000e+01 2.100000000000000000e+01 8.259810422559465959e-01
1.700000000000000000e+01 2.200000000000000000e+01 6.114402614578891004e-01
1.700000000000000000e+01 2.300000000000000000e+01 8.226678062403729452e-01
1.700000000000000000e+01 2.400000000000000000e+01 8.169954923334097341e-01
1.700000000000000000e+01 2.500000000000000000e+01 7.284829155900787168e-01
1.700000000000000000e+01 2.600000000000000000e+01 7.321614349023297663e-01
1.700000000000000000e+01 2.700000000000000000e+01 7.322458925904617999e-01
1.700000000000000000e+01 2.800000000000000000e+01 7.929747946349510190e-01
1.700000000000000000e+01 2.900000000000000000e+01 8.011448838269923378e-01
1.700000000000000000e+01 3.000000000000000000e+01 8.146680791893980977e-01
1.700000000000000000e+01 3.100000000000000000e+01 7.966127619712937147e-01
1.700000000000000000e+01 3.200000000000000000e+01 7.770351988715089586e-01
1.800000000000000000e+01 1.900000000000000000e+01 5.884159453009782936e-01
1.800000000000000000e+01 2.000000000000000000e+01 5.020780924062995254e-01
1.800000000000000000e+01 2.100000000000000000e+01 8.258354665773663950e-01
1.800000000000000000e+01 2.200000000000000000e+01 5.722584310868441548e-01
1.800000000000000000e+01 2.300000000000000000e+01 8.221977447071204814e-01
1.800000000000000000e+01 2.400000000000000000e+01 8.160550046828014548e-01
1.800000000000000000e+01 2.500000000000000000e+01 7.230246170703713560e-01
1.800000000000000000e+01 2.600000000000000000e+01 7.332920255085124683e-01
1.800000000000000000e+01 2.700000000000000000e+01 7.369644846264356008e-01
1.800000000000000000e+01 2.800000000000000000e+01 7.923253908341156837e-01
1.800000000000000000e+01 2.900000000000000000e+01 8.011230323012852317e-01
1.800000000000000000e+01 3.000000000000000000e+01 8.162393384074935199e-01
1.800000000000000000e+01 3.100000000000000000e+01 7.979614186449064395e-01
1.800000000000000000e+01 3.200000000000000000e+01 7.827727130068511396e-01
1.900000000000000000e+01 2.000000000000000000e+01 5.233750338949634262e-01
1.900000000000000000e+01 2.100000000000000000e+01 8.110306155560536023e-01
1.900000000000000000e+01 2.200000000000000000e+01 6.078120498058421362e-01
1.900000000000000000e+01 2.300000000000000000e+01 8.069760090255826412e-01
1.900000000000000000e+01 2.400000000000000000e+01 8.010380755095607430e-01
1.900000000000000000e+01 2.500000000000000000e+01 7.051396438234129871e-01
1.900000000000000000e+01 2.600000000000000000e+01 7.020144536144723446e-01
1.900000000000000000e+01 2.700000000000000000e+01 6.987861217037281136e-01
1.900000000000000000e+01 2.800000000000000000e+01 7.706953270594294469e-01
1.900000000000000000e+01 2.900000000000000000e+01 7.788788326636937320e-01
1.900000000000000000e+01 3.000000000000000000e+01 7.911916432230059470e-01
1.900000000000000000e+01 3.100000000000000000e+01 7.713199731144564364e-01
1.900000000000000000e+01 3.200000000000000000e+01 7.445238102340965280e-01
2.000000000000000000e+01 2.100000000000000000e+01 8.250313671840403540e-01
2.000000000000000000e+01 2.200000000000000000e+01 5.521090237740695628e-01
2.000000000000000000e+01 2.300000000000000000e+01 8.208596305107875857e-01
2.000000000000000000e+01 2.400000000000000000e+01 8.145347549015247157e-01
2.000000000000000000e+01 2.500000000000000000e+01 7.130216547386349912e-01
2.000000000000000000e+01 2.600000000000000000e+01 7.190393913277488558e-01
2.000000000000000000e+01 2.700000000000000000e+01 7.211287887244721695e-01
2.000000000000000000e+01 2.800000000000000000e+01 7.857040444302152427e-01
2.000000000000000000e+01 2.900000000000000000e+01 7.946259640464790053e-01
2.000000000000000000e+01 3.000000000000000000e+01 8.089496508913756045e-01
2.000000000000000000e+01 3.100000000000000000e+01 7.890948021951085245e-01
2.000000000000000000e+01 3.200000000000000000e+01 7.685835333841173345e-01
2.100000000000000000e+01 2.200000000000000000e+01 8.254281713201772064e-01
2.100000000000000000e+01 2.300000000000000000e+01 5.495633638637231755e-01
2.100000000000000000e+01 2.400000000000000000e+01 6.223590671941656716e-01
2.100000000000000000e+01 2.500000000000000000e+01 8.305334075628418855e-01
2.100000000000000000e+01 2.600000000000000000e+01 8.393489289308533330e-01
2.100000000000000000e+01 2.700000000000000000e+01 8.407688954151937288e-01
2.100000000000000000e+01 2.800000000000000000e+01 8.036706704191629580e-01
2.100000000000000000e+01 2.900000000000000000e+01 7.957948341578191531e-01
2.100000000000000000e+01 3.000000000000000000e+01 7.964417913498227364e-01
2.100000000000000000e+01 3.100000000000000000e+01 8.249955067668186537e-01
2.100000000000000000e+01 3.200000000000000000e+01 8.584056929440111450e-01
2.200000000000000000e+01 2.300000000000000000e+01 8.200795170940868850e-01
2.200000000000000000e+01 2.400000000000000000e+01 8.126342269999988766e-01
2.200000000000000000e+01 2.500000000000000000e+01 6.868624404310992304e-01
2.200000000000000000e+01 2.600000000000000000e+01 7.050280790128720110e-01
2.200000000000000000e+01 2.700000000000000000e+01 7.146334386432156016e-01
2.200000000000000000e+01 2.800000000000000000e+01 7.782866603046680876e-01
2.200000000000000000e+01 2.900000000000000000e+01 7.888964327208385363e-01
2.200000000000000000e+01 3.000000000000000000e+01 8.059669339884423245e-01
2.200000000000000000e+01 3.100000000000000000e+01 7.835920284352133613e-01
2.200000000000000000e+01 3.200000000000000000e+01 7.670917110793185056e-01
2.300000000000000000e+01 2.400000000000000000e+01 5.159601474455810521e-01
2.300000000000000000e+01 2.500000000000000000e+01 8.207528908838517268e-01
2.300000000000000000e+01 2.600000000000000000e+01 8.300849909536767157e-01
2.300000000000000000e+01 2.700000000000000000e+01 8.318202076297984693e-01
2.300000000000000000e+01 2.800000000000000000e+01 7.845816398043010675e-01
2.300000000000000000e+01 2.900000000000000000e+01 7.744649956988904904e-01
2.300000000000000000e+01 3.000000000000000000e+01 7.743598755342715467e-01
2.300000000000000000e+01 3.100000000000000000e+01 8.085555641572821362e-01
2.300000000000000000e+01 3.200000000000000000e+01 8.477334546915222813e-01
2.400000000000000000e+01 2.500000000000000000e+01 8.097822648288828251e-01
2.400000000000000000e+01 2.600000000000000000e+01 8.200946848766945685e-01
2.400000000000000000e+01 2.700000000000000000e+01 8.223912676599436367e-01
2.400000000000000000e+01 2.800000000000000000e+01 7.656546821110683521e-01
2.400000000000000000e+01 2.900000000000000000e+01 7.539734620753133498e-01
2.400000000000000000e+01 3.000000000000000000e+01 7.554202389189679234e-01
2.400000000000000000e+01 3.100000000000000000e+01 7.929265340282358743e-01
2.400000000000000000e+01 3.200000000000000000e+01 8.373842337451407047e-01
2.500000000000000000e+01 2.600000000000000000e+01 5.807991718547618198e-01
2.500000000000000000e+01 2.700000000000000000e+01 6.426943115793135597e-01
2.500000000000000000e+01 2.800000000000000000e+01 7.340696969467745969e-01
2.500000000000000000e+01 2.900000000000000000e+01 7.542003354027957407e-01
2.500000000000000000e+01 3.000000000000000000e+01 7.814018958133299719e-01
2.500000000000000000e+01 3.100000000000000000e+01 7.383966754661872578e-01
2.500000000000000000e+01 3.200000000000000000e+01 7.234223982232894645e-01
2.600000000000000000e+01 2.700000000000000000e+01 5.271801514988796455e-01
2.600000000000000000e+01 2.800000000000000000e+01 7.461054700391336336e-01
2.600000000000000000e+01 2.900000000000000000e+01 7.632868736604767612e-01
2.600000000000000000e+01 3.000000000000000000e+01 7.848225156584283102e-01
2.600000000000000000e+01 3.100000000000000000e+01 7.414254041588650423e-01
2.600000000000000000e+01 3.200000000000000000e+01 6.958565033713866033e-01
2.700000000000000000e+01 2.800000000000000000e+01 7.518286508823339709e-01
2.700000000000000000e+01 2.900000000000000000e+01 7.666555160563333082e-01
2.700000000000000000e+01 3.000000000000000000e+01 7.844493523017008751e-01
2.700000000000000000e+01 3.100000000000000000e+01 7.433057018370634594e-01
2.700000000000000000e+01 3.200000000000000000e+01 6.789761897593427076e-01
2.800000000000000000e+01 2.900000000000000000e+01 5.291164088734019444e-01
2.800000000000000000e+01 3.000000000000000000e+01 6.598296406663162195e-01
2.800000000000000000e+01 3.100000000000000000e+01 5.842840793614860750e-01
2.800000000000000000e+01 3.200000000000000000e+01 7.477195461101289187e-01
2.900000000000000000e+01 3.000000000000000000e+01 6.038027503689891162e-01
2.900000000000000000e+01 3.100000000000000000e+01 6.206416889131523007e-01
2.900000000000000000e+01 3.200000000000000000e+01 7.630748628138126488e-01
3.000000000000000000e+01 3.100000000000000000e+01 6.780049307378179790e-01
3.000000000000000000e+01 3.200000000000000000e+01 7.799922885260923699e-01
3.100000000000000000e+01 3.200000000000000000e+01 7.211593984234092591e-01
