1.000000000000000000e+00 2.000000000000000000e+00 8.683658602832068363e-01
1.000000000000000000e+00 3.000000000000000000e+00 9.807230661944121852e-01
1.000000000000000000e+00 4.000000000000000000e+00 9.620444532730658693e-01
1.000000000000000000e+00 5.000000000000000000e+00 9.775165457299389571e-01
1.000000000000000000e+00 6.000000000000000000e+00 9.876369630131586197e-01
1.000000000000000000e+00 7.000000000000000000e+00 9.810456932869536795e-01
1.000000000000000000e+00 8.000000000000000000e+00 1.008081690196904523e+00
1.000000000000000000e+00 9.000000000000000000e+00 9.503177613126471135e-01
1.000000000000000000e+00 1.000000000000000000e+01 9.980419876274426727e-01
1.000000000000000000e+00 1.100000000000000000e+01 9.723322617339609231e-01
1.000000000000000000e+00 1.200000000000000000e+01 9.863462731388431548e-01
1.000000000000000000e+00 1.300000000000000000e+01 9.663665794076874427e-01
1.000000000000000000e+00 1.400000000000000000e+01 1.217718335886103675e+00
1.000000000000000000e+00 1.500000000000000000e+01 9.983970446869904203e-01
1.000000000000000000e+00 1.600000000000000000e+01 1.142109278891715984e+00
1.000000000000000000e+00 1.700000000000000000e+01 1.173425533630570561e+00
1.000000000000000000e+00 1.800000000000000000e+01 1.154653476989321081e+00
1.000000000000000000e+00 1.900000000000000000e+01 1.222549012552258896e+00
1.000000000000000000e+00 2.000000000000000000e+01 1.177618790383281988e+00
1.000000000000000000e+00 2.100000000000000000e+01 1.031844222407773515e+00
1.000000000000000000e+00 2.200000000000000000e+01 1.162943234163368311e+00
1.000000000000000000e+00 2.300000000000000000e+01 1.042879587548194875e+00
1.000000000000000000e+00 2.400000000000000000e+01 1.052625401607854450e+00
1.000000000000000000e+00 2.500000000000000000e+01 1.164371537404361945e+00
1.000000000000000000e+00 2.600000000000000000e+01 1.195785224756956477e+00
1.000000000000000000e+00 2.700000000000000000e+01 1.220633613963185704e+00
1.000000000000000000e+00 2.800000000000000000e+01 1.124049380394755326e+00
1.000000000000000000e+00 2.900000000000000000e+01 1.116181525574311051e+00
1.000000000000000000e+00 3.000000000000000000e+01 1.111169973910667075e+00
1.000000000000000000e+00 3.100000000000000000e+01 1.143350754815285697e+00
1.000000000000000000e+00 3.200000000000000000e+01 1.219980191198887010e+00
2.000000000000000000e+00 3.000000000000000000e+00 8.366403729377251963e-01
2.000000000000000000e+00 4.000000000000000000e+00 8.067828497334499360e-01
2.000000000000000000e+00 5.000000000000000000e+00 8.311924585456337278e-01
2.000000000000000000e+00 6.000000000000000000e+00 8.453285562895725969e-01
2.000000000000000000e+00 7.000000000000000000e+00 8.357041300069919521e-01
2.000000000000000000e+00 8.000000000000000000e+00 8.727446861290488744e-01
2.000000000000000000e+00 9.000000000000000000e+00 7.863564455533947894e-01
2.000000000000000000e+00 1.000000000000000000e+01 8.596902355578170951e-01
2.000000000000000000e+00 1.100000000000000000e+01 8.260769599149835329e-01
2.000000000000000000e+00 1.200000000000000000e+01 8.457737583100978229e-01
2.000000000000000000e+00 1.300000000000000000e+01 8.408534604183315331e-01
2.000000000000000000e+00 1.400000000000000000e+01 1.102848969776517807e+00
2.000000000000000000e+00 1.500000000000000000e+01 8.868753088922994854e-01
2.000000000000000000e+00 1.600000000000000000e+01 1.028272127627396504e+00
2.000000000000000000e+00 1.700000000000000000e+01 1.059746043020233897e+00
2.000000000000000000e+00 1.800000000000000000e+01 1.041560420309518786e+00
2.000000000000000000e+00 1.900000000000000000e+01 1.110076319864918615e+00
2.000000000000000000e+00 2.000000000000000000e+01 1.065275732607554593e+00
2.000000000000000000e+00 2.100000000000000000e+01 9.222949169716456730e-01
2.000000000000000000e+00 2.200000000000000000e+01 1.052128147914220380e+00
2.000000000000000000e+00 2.300000000000000000e+01 9.363818219611765858e-01
2.000000000000000000e+00 2.400000000000000000e+01 9.473922623736816817e-01
2.000000000000000000e+00 2.500000000000000000e+01 1.058960411738321117e+00
2.000000000000000000e+00 2.600000000000000000e+01 1.091640990655876831e+00
2.000000000000000000e+00 2.700000000000000000e+01 1.117377235585717221e+00
2.000000000000000000e+00 2.800000000000000000e+01 1.023875425900411917e+00
2.000000000000000000e+00 2.900000000000000000e+01 1.017008025800628213e+00
2.000000000000000000e+00 3.000000000000000000e+01 1.014816987948153226e+00
2.000000000000000000e+00 3.100000000000000000e+01 1.044803858323786194e+00
2.000000000000000000e+00 3.200000000000000000e+01 1.120933191536393370e+00
3.000000000000000000e+00 4.000000000000000000e+00 5.995464291278835844e-01
3.000000000000000000e+00 5.000000000000000000e+00 4.613962229551910044e-01
3.000000000000000000e+00 6.000000000000000000e+00 5.761640870566143713e-01
3.000000000000000000e+00 7.000000000000000000e+00 6.282189194468358329e-01
3.000000000000000000e+00 8.000000000000000000e+00 6.631075420389103137e-01
3.000000000000000000e+00 9.000000000000000000e+00 7.327160463171181748e-01
3.000000000000000000e+00 1.000000000000000000e+01 6.520554455574956165e-01
3.000000000000000000e+00 1.100000000000000000e+01 7.399622041830105079e-01
3.000000000000000000e+00 1.200000000000000000e+01 7.253636222806555400e-01
3.000000000000000000e+00 1.300000000000000000e+01 8.443584103381969186e-01
3.000000000000000000e+00 1.400000000000000000e+01 1.012579607746322052e+00
3.000000000000000000e+00 1.500000000000000000e+01 8.735771860099162955e-01
3.000000000000000000e+00 1.600000000000000000e+01 9.439534259750148593e-01
3.000000000000000000e+00 1.700000000000000000e+01 9.748547946306518330e-01
3.000000000000000000e+00 1.800000000000000000e+01 9.595711877434442982e-01
3.000000000000000000e+00 1.900000000000000000e+01 1.029208393900576057e+00
3.000000000000000000e+00 2.000000000000000000e+01 9.854384717194533128e-01
3.000000000000000000e+00 2.100000000000000000e+01 8.863712423210365898e-01
3.000000000000000000e+00 2.200000000000000000e+01 9.782907216067984191e-01
3.000000000000000000e+00 2.300000000000000000e+01 9.021052184865923085e-01
3.000000000000000000e+00 2.400000000000000000e+01 9.118394172887818172e-01
3.000000000000000000e+00 2.500000000000000000e+01 1.002617266441022004e+00
3.000000000000000000e+00 2.600000000000000000e+01 1.037989252612332880e+00
3.000000000000000000e+00 2.700000000000000000e+01 1.065797733712219530e+00
3.000000000000000000e+00 2.800000000000000000e+01 9.849098737307311335e-01
3.000000000000000000e+00 2.900000000000000000e+01 9.813756842956007365e-01
3.000000000000000000e+00 3.000000000000000000e+01 9.862234715721314160e-01
3.000000000000000000e+00 3.100000000000000000e+01 1.008157025091626746e+00
3.000000000000000000e+00 3.200000000000000000e+01 1.080234149979688585e+00
4.000000000000000000e+00 5.000000000000000000e+00 5.683230231326733550e-01
4.000000000000000000e+00 6.000000000000000000e+00 6.412718831505731520e-01
4.000000000000000000e+00 7.000000000000000000e+00 6.350306724466295849e-01
4.000000000000000000e+00 8.000000000000000000e+00 7.158988031996138535e-01
4.000000000000000000e+00 9.000000000000000000e+00 6.841651413961550299e-01
4.000000000000000000e+00 1.000000000000000000e+01 6.931818509075733381e-01
4.000000000000000000e+00 1.100000000000000000e+01 7.177335211172906071e-01
4.000000000000000000e+00 1.200000000000000000e+01 7.194796241325572828e-01
4.000000000000000000e+00 1.300000000000000000e+01 8.264700965072901973e-01
4.000000000000000000e+00 1.400000000000000000e+01 1.025436911261506490e+00
4.000000000000000000e+00 1.500000000000000000e+01 8.624424202115300586e-01
4.000000000000000000e+00 1.600000000000000000e+01 9.547455844519068258e-01
4.000000000000000000e+00 1.700000000000000000e+01 9.860169718418976270e-01
4.000000000000000000e+00 1.800000000000000000e+01 9.697914152306919000e-01
4.000000000000000000e+00 1.900000000000000000e+01 1.039316375027525607e+00
4.000000000000000000e+00 2.000000000000000000e+01 9.951631656357664557e-01
4.000000000000000000e+00 2.100000000000000000e+01 8.814493236282749944e-01
4.000000000000000000e+00 2.200000000000000000e+01 9.862806160881889550e-01
4.000000000000000000e+00 2.300000000000000000e+01 8.977504856865234917e-01
4.000000000000000000e+00 2.400000000000000000e+01 9.082808350501929695e-01
4.000000000000000000e+00 2.500000000000000000e+01 1.006103841297443680e+00
4.000000000000000000e+00 2.600000000000000000e+01 1.040962620867322386e+00
4.000000000000000000e+00 2.700000000000000000e+01 1.068334581422218710e+00
4.000000000000000000e+00 2.800000000000000000e+01 9.840487532374473378e-01
4.000000000000000000e+00 2.900000000000000000e+01 9.797164889721272640e-01
4.000000000000000000e+00 3.000000000000000000e+01 9.831080426297331698e-01
4.000000000000000000e+00 3.100000000000000000e+01 1.007012776094168061e+00
4.000000000000000000e+00 3.200000000000000000e+01 1.080302873626691973e+00
5.000000000000000000e+00 6.000000000000000000e+00 5.467586351281680246e-01
5.000000000000000000e+00 7.000000000000000000e+00 5.902329177388393466e-01
5.000000000000000000e+00 8.000000000000000000e+00 6.629460762537251473e-01
5.000000000000000000e+00 9.000000000000000000e+00 7.139980208160424668e-01
5.000000000000000000e+00 1.000000000000000000e+01 6.392172206337960461e-01
5.000000000000000000e+00 1.100000000000000000e+01 7.215866869560971786e-01
5.000000000000000000e+00 1.200000000000000000e+01 7.073415258845524578e-01
5.000000000000000000e+00 1.300000000000000000e+01 8.340974204288404970e-01
5.000000000000000000e+00 1.400000000000000000e+01 1.009729722611018898e+00
5.000000000000000000e+00 1.500000000000000000e+01 8.645900771713236344e-01
5.000000000000000000e+00 1.600000000000000000e+01 9.403273946096328828e-01
5.000000000000000000e+00 1.700000000000000000e+01 9.714418923124059635e-01
5.000000000000000000e+00 1.800000000000000000e+01 9.558383508102354931e-01
5.000000000000000000e+00 1.900000000000000000e+01 1.025551471804404757e+00
5.000000000000000000e+00 2.000000000000000000e+01 9.816294161916772065e-01
5.000000000000000000e+00 2.100000000000000000e+01 8.783793457628323864e-01
5.000000000000000000e+00 2.200000000000000000e+01 9.739920353483919602e-01
5.000000000000000000e+00 2.300000000000000000e+01 8.945048551288852234e-01
5.000000000000000000e+00 2.400000000000000000e+01 9.045190769517410523e-01
5.000000000000000000e+00 2.500000000000000000e+01 9.972976319195185901e-01
5.000000000000000000e+00 2.600000000000000000e+01 1.032623865178050604e+00
5.000000000000000000e+00 2.700000000000000000e+01 1.060370207270408871e+00
5.000000000000000000e+00 2.800000000000000000e+01 9.786874741788491594e-01
5.000000000000000000e+00 2.900000000000000000e+01 9.750064792251114110e-01
5.000000000000000000e+00 3.000000000000000000e+01 9.796660306343984992e-01
5.000000000000000000e+00 3.100000000000000000e+01 1.001976879203963833e+00
5.000000000000000000e+00 3.200000000000000000e+01 1.074371814689215832e+00
6.000000000000000000e+00 7.000000000000000000e+00 5.318759697208247372e-01
6.000000000000000000e+00 8.000000000000000000e+00 6.006150778036862814e-01
6.000000000000000000e+00 9.000000000000000000e+00 7.208220905898891084e-01
6.000000000000000000e+00 1.000000000000000000e+01 5.467724096024473290e-01
6.000000000000000000e+00 1.100000000000000000e+01 7.079619753271466642e-01
6.000000000000000000e+00 1.200000000000000000e+01 6.775505765576880224e-01
6.000000000000000000e+00 1.300000000000000000e+01 8.287579438715775293e-01
6.000000000000000000e+00 1.400000000000000000e+01 9.910454539913404748e-01
6.000000000000000000e+00 1.500000000000000000e+01 8.554935789852863293e-01
6.000000000000000000e+00 1.600000000000000000e+01 9.218249263061526477e-01
6.000000000000000000e+00 1.700000000000000000e+01 9.530878011199110933e-01
6.000000000000000000e+00 1.800000000000000000e+01 9.376534436169894349e-01
6.000000000000000000e+00 1.900000000000000000e+01 1.007664340732319141e+00
6.000000000000000000e+00 2.000000000000000000e+01 9.637577072203435957e-01
6.000000000000000000e+00 2.100000000000000000e+01 8.654297593071833550e-01
6.000000000000000000e+00 2.200000000000000000e+01 9.566757861935759610e-01
6.000000000000000000e+00 2.300000000000000000e+01 8.818128322761931148e-01
6.000000000000000000e+00 2.400000000000000000e+01 8.916485281515016403e-01
6.000000000000000000e+00 2.500000000000000000e+01 9.820152235325005918e-01
6.000000000000000000e+00 2.600000000000000000e+01 1.017730791155187386e+00
6.000000000000000000e+00 2.700000000000000000e+01 1.045755797697334399e+00
6.000000000000000000e+00 2.800000000000000000e+01 9.655686854945144670e-01
6.000000000000000000e+00 2.900000000000000000e+01 9.623283468507108918e-01
6.000000000000000000e+00 3.000000000000000000e+01 9.679603540780670201e-01
6.000000000000000000e+00 3.100000000000000000e+01 9.892147966794682112e-01
6.000000000000000000e+00 3.200000000000000000e+01 1.061146936886148140e+00
7.000000000000000000e+00 8.000000000000000000e+00 6.464596034419287651e-01
7.000000000000000000e+00 9.000000000000000000e+00 6.868014706218500409e-01
7.000000000000000000e+00 1.000000000000000000e+01 5.810752253268789413e-01
7.000000000000000000e+00 1.100000000000000000e+01 6.662505413833508250e-01
7.000000000000000000e+00 1.200000000000000000e+01 6.338766353520616237e-01
7.000000000000000000e+00 1.300000000000000000e+01 8.101689785468451088e-01
7.000000000000000000e+00 1.400000000000000000e+01 9.915844026985312087e-01
7.000000000000000000e+00 1.500000000000000000e+01 8.401658581475820453e-01
7.000000000000000000e+00 1.600000000000000000e+01 9.206758642591248432e-01
7.000000000000000000e+00 1.700000000000000000e+01 9.523473641869231177e-01
7.000000000000000000e+00 1.800000000000000000e+01 9.361852829999577352e-01
7.000000000000000000e+00 1.900000000000000000e+01 1.006274420396452873e+00
7.000000000000000000e+00 2.000000000000000000e+01 9.620400965553230765e-01
7.000000000000000000e+00 2.100000000000000000e+01 8.530336369487567794e-01
7.000000000000000000e+00 2.200000000000000000e+01 9.537597384853027105e-01
7.000000000000000000e+00 2.300000000000000000e+01 8.703369992350526996e-01
7.000000000000000000e+00 2.400000000000000000e+01 8.808810729463600886e-01
7.000000000000000000e+00 2.500000000000000000e+01 9.763857440686600775e-01
7.000000000000000000e+00 2.600000000000000000e+01 1.011920026804120187e+00
7.000000000000000000e+00 2.700000000000000000e+01 1.039749686692472919e+00
7.000000000000000000e+00 2.800000000000000000e+01 9.574539093382521404e-01
7.000000000000000000e+00 2.900000000000000000e+01 9.537915163940862140e-01
7.000000000000000000e+00 3.000000000000000000e+01 9.588108265752408599e-01
7.000000000000000000e+00 3.100000000000000000e+01 9.811339572755772842e-01
7.000000000000000000e+00 3.200000000000000000e+01 1.053885463332227879e+00
8.000000000000000000e+00 9.000000000000000000e+00 7.634484424353934484e-01
8.000000000000000000e+00 1.000000000000000000e+01 5.333792635357519352e-01
8.000000000000000000e+00 1.100000000000000000e+01 7.390468204224847071e-01
8.000000000000000000e+00 1.200000000000000000e+01 6.996779971151970701e-01
8.000000000000000000e+00 1.300000000000000000e+01 8.432252201684657944e-01
8.000000000000000000e+00 1.400000000000000000e+01 9.659733981346583231e-01
8.000000000000000000e+00 1.500000000000000000e+01 8.619273564368760132e-01
8.000000000000000000e+00 1.600000000000000000e+01 8.990292206283183596e-01
8.000000000000000000e+00 1.700000000000000000e+01 9.299924737060705215e-01
8.000000000000000000e+00 1.800000000000000000e+01 9.156665610206871087e-01
8.000000000000000000e+00 1.900000000000000000e+01 9.859726140489477597e-01
8.000000000000000000e+00 2.000000000000000000e+01 9.424848454458099045e-01
8.000000000000000000e+00 2.100000000000000000e+01 8.637877603329935372e-01
8.000000000000000000e+00 2.200000000000000000e+01 9.375925987230562253e-01
8.000000000000000000e+00 2.300000000000000000e+01 8.792892057379697590e-01
8.000000000000000000e+00 2.400000000000000000e+01 8.880063864145104624e-01
8.000000000000000000e+00 2.500000000000000000e+01 9.688663770934891062e-01
8.000000000000000000e+00 2.600000000000000000e+01 1.005286251722623980e+00
8.000000000000000000e+00 2.700000000000000000e+01 1.033898675933850653e+00
8.000000000000000000e+00 2.800000000000000000e+01 9.582183796746075455e-01
8.000000000000000000e+00 2.900000000000000000e+01 9.560492073610398212e-01
8.000000000000000000e+00 3.000000000000000000e+01 9.636348461137020927e-01
8.000000000000000000e+00 3.100000000000000000e+01 9.822508735707584648e-01
8.000000000000000000e+00 3.200000000000000000e+01 1.052576341987288888e+00
9.000000000000000000e+00 1.000000000000000000e+01 7.359727758931424724e-01
9.000000000000000000e+00 1.100000000000000000e+01 6.290331295650442023e-01
9.000000000000000000e+00 1.200000000000000000e+01 6.864970393095634060e-01
9.000000000000000000e+00 1.300000000000000000e+01 7.626783277885555989e-01
9.000000000000000000e+00 1.400000000000000000e+01 1.021723905629826179e+00
9.000000000000000000e+00 1.500000000000000000e+01 8.155915226790416694e-01
9.000000000000000000e+00 1.600000000000000000e+01 9.474521814042984325e-01
9.000000000000000000e+00 1.700000000000000000e+01 9.794834143655053449e-01
9.000000000000000000e+00 1.800000000000000000e+01 9.616707047904253791e-01
9.000000000000000000e+00 1.900000000000000000e+01 1.031195621984528854e+00
9.000000000000000000e+00 2.000000000000000000e+01 9.863589833344093005e-01
9.000000000000000000e+00 2.100000000000000000e+01 8.462824318001365143e-01
9.000000000000000000e+00 2.200000000000000000e+01 9.747092971167841124e-01
9.000000000000000000e+00 2.300000000000000000e+01 8.647001144987800370e-01
9.000000000000000000e+00 2.400000000000000000e+01 8.771031472794523776e-01
9.000000000000000000e+00 2.500000000000000000e+01 9.878168678516412449e-01
9.000000000000000000e+00 2.600000000000000000e+01 1.022105294045549950e+00
9.000000000000000000e+00 2.700000000000000000e+01 1.048933896481157868e+00
9.000000000000000000e+00 2.800000000000000000e+01 9.593296325623177356e-01
9.000000000000000000e+00 2.900000000000000000e+01 9.538405161372669472e-01
9.000000000000000000e+00 3.000000000000000000e+01 9.554179793397370446e-01
9.000000000000000000e+00 3.100000000000000000e+01 9.822450730493357263e-01
9.000000000000000000e+00 3.200000000000000000e+01 1.057590925097711132e+00
1.000000000000000000e+01 1.100000000000000000e+01 7.053262243588780400e-01
1.000000000000000000e+01 1.200000000000000000e+01 6.568983713135360114e-01
1.000000000000000000e+01 1.300000000000000000e+01 8.258284265600468466e-01
1.000000000000000000e+01 1.400000000000000000e+01 9.714324666106797235e-01
1.000000000000000000e+01 1.500000000000000000e+01 8.476561484430197302e-01
1.000000000000000000e+01 1.600000000000000000e+01 9.022711179822771044e-01
1.000000000000000000e+01 1.700000000000000000e+01 9.337658707606177888e-01
1.000000000000000000e+01 1.800000000000000000e+01 9.184782419743080517e-01
1.000000000000000000e+01 1.900000000000000000e+01 9.888762635604846363e-01
1.000000000000000000e+01 2.000000000000000000e+01 9.449584837093942813e-01
1.000000000000000000e+01 2.100000000000000000e+01 8.527499405456890891e-01
1.000000000000000000e+01 2.200000000000000000e+01 9.384745806556578085e-01
1.000000000000000000e+01 2.300000000000000000e+01 8.692719912507802515e-01
1.000000000000000000e+01 2.400000000000000000e+01 8.788081983885784876e-01
1.000000000000000000e+01 2.500000000000000000e+01 9.661287165378298347e-01
1.000000000000000000e+01 2.600000000000000000e+01 1.002291411884745909e+00
1.000000000000000000e+01 2.700000000000000000e+01 1.030634072191203066e+00
1.000000000000000000e+01 2.800000000000000000e+01 9.521893706176964844e-01
1.000000000000000000e+01 2.900000000000000000e+01 9.494642543268485557e-01
1.000000000000000000e+01 3.000000000000000000e+01 9.562104851695552021e-01
1.000000000000000000e+01 3.100000000000000000e+01 9.762262982409031231e-01
1.000000000000000000e+01 3.200000000000000000e+01 1.047605876026183491e+00
1.100000000000000000e+01 1.200000000000000000e+01 5.759219874830491248e-01
1.100000000000000000e+01 1.300000000000000000e+01 7.473673757332193190e-01
1.100000000000000000e+01 1.400000000000000000e+01 9.925621219187836797e-01
1.100000000000000000e+01 1.500000000000000000e+01 7.905295357065219575e-01
1.100000000000000000e+01 1.600000000000000000e+01 9.174484900040202895e-01
1.100000000000000000e+01 1.700000000000000000e+01 9.500262027666777076e-01
1.100000000000000000e+01 1.800000000000000000e+01 9.319861781796952016e-01
1.100000000000000000e+01 1.900000000000000000e+01 1.002101461708159169e+00
1.100000000000000000e+01 2.000000000000000000e+01 9.570534722732040311e-01
1.100000000000000000e+01 2.100000000000000000e+01 8.149511148587476050e-01
1.100000000000000000e+01 2.200000000000000000e+01 9.455128722721626300e-01
1.100000000000000000e+01 2.300000000000000000e+01 8.356781921568325888e-01
1.100000000000000000e+01 2.400000000000000000e+01 8.487607331377629016e-01
1.100000000000000000e+01 2.500000000000000000e+01 9.604028207745529677e-01
1.100000000000000000e+01 2.600000000000000000e+01 9.953907481051311734e-01
1.100000000000000000e+01 2.700000000000000000e+01 1.022655291471287198e+00
1.100000000000000000e+01 2.800000000000000000e+01 9.341455955721735815e-01
1.100000000000000000e+01 2.900000000000000000e+01 9.292016291935463190e-01
1.100000000000000000e+01 3.000000000000000000e+01 9.324042129864311690e-01
1.100000000000000000e+01 3.100000000000000000e+01 9.579793277331862811e-01
1.100000000000000000e+01 3.200000000000000000e+01 1.033192694837369086e+00
1.200000000000000000e+01 1.300000000000000000e+01 7.735873895287910251e-01
1.200000000000000000e+01 1.400000000000000000e+01 9.738382177187545619e-01
1.200000000000000000e+01 1.500000000000000000e+01 8.016885947880133534e-01
1.200000000000000000e+01 1.600000000000000000e+01 8.997094010099062622e-01
1.200000000000000000e+01 1.700000000000000000e+01 9.323914328879541191e-01
1.200000000000000000e+01 1.800000000000000000e+01 9.149308670766820306e-01
1.200000000000000000e+01 1.900000000000000000e+01 9.855401090125452956e-01
1.200000000000000000e+01 2.000000000000000000e+01 9.406481517808089610e-01
1.200000000000000000e+01 2.100000000000000000e+01 8.141378562244676598e-01
1.200000000000000000e+01 2.200000000000000000e+01 9.305552757752939552e-01
1.200000000000000000e+01 2.300000000000000000e+01 8.342330382121525556e-01
1.200000000000000000e+01 2.400000000000000000e+01 8.462248342912246368e-01
1.200000000000000000e+01 2.500000000000000000e+01 9.501180788068399607e-01
1.200000000000000000e+01 2.600000000000000000e+01 9.858339541834264530e-01
1.200000000000000000e+01 2.700000000000000000e+01 1.013646979344151378e+00
1.200000000000000000e+01 2.800000000000000000e+01 9.288099791537012262e-01
1.200000000000000000e+01 2.900000000000000000e+01 9.248604642774382878e-01
1.200000000000000000e+01 3.000000000000000000e+01 9.300065802592745179e-01
1.200000000000000000e+01 3.100000000000000000e+01 9.531404901917799322e-01
1.200000000000000000e+01 3.200000000000000000e+01 1.027065416057504343e+00
1.300000000000000000e+01 1.400000000000000000e+01 1.019974935444294184e+00
1.300000000000000000e+01 1.500000000000000000e+01 6.829644276220973031e-01
1.300000000000000000e+01 1.600000000000000000e+01 9.401369216706565446e-01
1.300000000000000000e+01 1.700000000000000000e+01 9.729270400809209018e-01
1.300000000000000000e+01 1.800000000000000000e+01 9.524535338371236115e-01
1.300000000000000000e+01 1.900000000000000000e+01 1.021322558917057810e+00
1.300000000000000000e+01 2.000000000000000000e+01 9.754609165462706510e-01
1.300000000000000000e+01 2.100000000000000000e+01 7.753211692385773013e-01
1.300000000000000000e+01 2.200000000000000000e+01 9.585756606626654186e-01
1.300000000000000000e+01 2.300000000000000000e+01 7.981641870364681868e-01
1.300000000000000000e+01 2.400000000000000000e+01 8.158275977726789918e-01
1.300000000000000000e+01 2.500000000000000000e+01 9.574236149739165924e-01
1.300000000000000000e+01 2.600000000000000000e+01 9.902035116976146689e-01
1.300000000000000000e+01 2.700000000000000000e+01 1.015746224779491280e+00
1.300000000000000000e+01 2.800000000000000000e+01 9.140890962950949383e-01
1.300000000000000000e+01 2.900000000000000000e+01 9.056672146290398739e-01
1.300000000000000000e+01 3.000000000000000000e+01 9.024601197148434117e-01
1.300000000000000000e+01 3.100000000000000000e+01 9.367682309407916463e-01
1.300000000000000000e+01 3.200000000000000000e+01 1.016922134024379254e+00
1.400000000000000000e+01 1.500000000000000000e+01 1.000731171219211291e+00
1.400000000000000000e+01 1.600000000000000000e+01 6.623869682762912880e-01
1.400000000000000000e+01 1.700000000000000000e+01 5.778054601875102225e-01
1.400000000000000000e+01 1.800000000000000000e+01 6.526185440370646518e-01
1.400000000000000000e+01 1.900000000000000000e+01 6.208595834384602608e-01
1.400000000000000000e+01 2.000000000000000000e+01 6.458307896128510084e-01
1.400000000000000000e+01 2.100000000000000000e+01 9.606586477952689940e-01
1.400000000000000000e+01 2.200000000000000000e+01 7.271186677151686428e-01
1.400000000000000000e+01 2.300000000000000000e+01 9.605656142572500666e-01
1.400000000000000000e+01 2.400000000000000000e+01 9.559658316836316949e-01
1.400000000000000000e+01 2.500000000000000000e+01 8.744659566207149126e-01
1.400000000000000000e+01 2.600000000000000000e+01 9.114993650862355246e-01
1.400000000000000000e+01 2.700000000000000000e+01 9.459284366162143964e-01
1.400000000000000000e+01 2.800000000000000000e+01 9.549427644433470252e-01
1.400000000000000000e+01 2.900000000000000000e+01 9.657556347545936948e-01
1.400000000000000000e+01 3.000000000000000000e+01 9.912903492555624752e-01
1.400000000000000000e+01 3.100000000000000000e+01 9.759887783784866322e-01
1.400000000000000000e+01 3.200000000000000000e+01 1.014306938087890853e+00
1.500000000000000000e+01 1.600000000000000000e+01 9.178420618474047998e-01
1.500000000000000000e+01 1.700000000000000000e+01 9.511282675320240632e-01
1.500000000000000000e+01 1.800000000000000000e+01 9.291979417798068575e-01
1.500000000000000000e+01 1.900000000000000000e+01 9.978665632357570647e-01
1.500000000000000000e+01 2.000000000000000000e+01 9.514053537464091104e-01
1.500000000000000000e+01 2.100000000000000000e+01 6.929268837155571070e-01
1.500000000000000000e+01 2.200000000000000000e+01 9.317407677899225416e-01
1.500000000000000000e+01 2.300000000000000000e+01 7.245211873991717066e-01
1.500000000000000000e+01 2.400000000000000000e+01 7.507362800738950348e-01
1.500000000000000000e+01 2.500000000000000000e+01 9.235492357335908231e-01
1.500000000000000000e+01 2.600000000000000000e+01 9.561479728344361995e-01
1.500000000000000000e+01 2.700000000000000000e+01 9.813936620370518060e-01
1.500000000000000000e+01 2.800000000000000000e+01 8.720698380230118563e-01
1.500000000000000000e+01 2.900000000000000000e+01 8.619461833027848296e-01
1.500000000000000000e+01 3.000000000000000000e+01 8.573015977472817628e-01
1.500000000000000000e+01 3.100000000000000000e+01 8.961638639209832391e-01
1.500000000000000000e+01 3.200000000000000000e+01 9.800500912172327439e-01
1.600000000000000000e+01 1.700000000000000000e+01 5.489374721655055911e-01
1.600000000000000000e+01 1.800000000000000000e+01 4.620376415855229624e-01
1.600000000000000000e+01 1.900000000000000000e+01 6.574496970023131492e-01
1.600000000000000000e+01 2.000000000000000000e+01 5.799690431754691566e-01
1.600000000000000000e+01 2.100000000000000000e+01 8.738324229448575231e-01
1.600000000000000000e+01 2.200000000000000000e+01 6.198134616356731907e-01
1.600000000000000000e+01 2.300000000000000000e+01 8.724585733420395783e-01
1.600000000000000000e+01 2.400000000000000000e+01 8.666909038049275260e-01
1.600000000000000000e+01 2.500000000000000000e+01 7.806665696671843957e-01
1.600000000000000000e+01 2.600000000000000000e+01 8.227398821586136002e-01
1.600000000000000000e+01 2.700000000000000000e+01 8.585502467136170157e-01
1.600000000000000000e+01 2.800000000000000000e+01 8.624250549049354841e-01
1.600000000000000000e+01 2.900000000000000000e+01 8.740025826820798649e-01
1.600000000000000000e+01 3.000000000000000000e+01 9.011138583481432818e-01
1.600000000000000000e+01 3.100000000000000000e+01 8.846039017640245916e-01
1.600000000000000000e+01 3.200000000000000000e+01 9.248309213211207691e-01
1.700000000000000000e+01 1.800000000000000000e+01 5.057134731577213049e-01
1.700000000000000000e+01 1.900000000000000000e+01 5.662917156801794416e-01
1.700000000000000000e+01 2.000000000000000000e+01 5.107676783486831962e-01
1.700000000000000000e+01 2.100000000000000000e+01 9.083104084237139109e-01
1.700000000000000000e+01 2.200000000000000000e+01 6.297112243981397572e-01
1.700000000000000000e+01 2.300000000000000000e+01 9.067345237738848596e-01
1.700000000000000000e+01 2.400000000000000000e+01 9.009221651303942480e-01
1.700000000000000000e+01 2.500000000000000000e+01 8.023431446998221528e-01
1.700000000000000000e+01 2.600000000000000000e+01 8.403840272308720216e-01
1.700000000000000000e+01 2.700000000000000000e+01 8.756922678800689308e-01
1.700000000000000000e+01 2.800000000000000000e+01 8.924428149939054311e-01
1.700000000000000000e+01 2.900000000000000000e+01 9.045417708920784339e-01
1.700000000000000000e+01 3.000000000000000000e+01 9.317327421036347701e-01
1.700000000000000000e+01 3.100000000000000000e+01 9.131313103631311101e-01
1.700000000000000000e+01 3.200000000000000000e+01 9.484820875025388176e-01
1.800000000000000000e+01 1.900000000000000000e+01 6.166017663887479738e-01
1.800000000000000000e+01 2.000000000000000000e+01 5.056802703376417352e-01
1.800000000000000000e+01 2.100000000000000000e+01 8.846219550627956174e-01
1.800000000000000000e+01 2.200000000000000000e+01 5.794614131371325083e-01
1.800000000000000000e+01 2.300000000000000000e+01 8.822726146991863860e-01
1.800000000000000000e+01 2.400000000000000000e+01 8.757946417022621777e-01
1.800000000000000000e+01 2.500000000000000000e+01 7.714719942708516687e-01
1.800000000000000000e+01 2.600000000000000000e+01 8.122096750174350177e-01
1.800000000000000000e+01 2.700000000000000000e+01 8.483985257246187128e-01
1.800000000000000000e+01 2.800000000000000000e+01 8.644011264771029879e-01
1.800000000000000000e+01 2.900000000000000000e+01 8.770695860382231590e-01
1.800000000000000000e+01 3.000000000000000000e+01 9.051844872468728376e-01
1.800000000000000000e+01 3.100000000000000000e+01 8.854451945349852693e-01
1.800000000000000000e+01 3.200000000000000000e+01 9.210375225765612406e-01
1.900000000000000000e+01 2.000000000000000000e+01 5.369807101390238202e-01
1.900000000000000000e+01 2.100000000000000000e+01 9.539931110673172121e-01
1.900000000000000000e+01 2.200000000000000000e+01 6.439986720820012334e-01
1.900000000000000000e+01 2.300000000000000000e+01 9.509328651749517913e-01
1.900000000000000000e+01 2.400000000000000000e+01 9.440438853512538309e-01
1.900000000000000000e+01 2.500000000000000000e+01 8.179677102517497467e-01
1.900000000000000000e+01 2.600000000000000000e+01 8.507085311681992223e-01
1.900000000000000000e+01 2.700000000000000000e+01 8.856159348243444196e-01
1.900000000000000000e+01 2.800000000000000000e+01 9.246669003984642199e-01
1.900000000000000000e+01 2.900000000000000000e+01 9.383935265927567659e-01
1.900000000000000000e+01 3.000000000000000000e+01 9.670166170014167228e-01
1.900000000000000000e+01 3.100000000000000000e+01 9.432793948579898391e-01
1.900000000000000000e+01 3.200000000000000000e+01 9.701792414333474390e-01
2.000000000000000000e+01 2.100000000000000000e+01 9.066096685040134773e-01
2.000000000000000000e+01 2.200000000000000000e+01 5.592716578751801837e-01
2.000000000000000000e+01 2.300000000000000000e+01 9.033365330962872530e-01
2.000000000000000000e+01 2.400000000000000000e+01 8.962216116402417221e-01
2.000000000000000000e+01 2.500000000000000000e+01 7.712996328902184118e-01
2.000000000000000000e+01 2.600000000000000000e+01 8.081085351753594104e-01
2.000000000000000000e+01 2.700000000000000000e+01 8.441313460561337134e-01
2.000000000000000000e+01 2.800000000000000000e+01 8.770842908814222572e-01
2.000000000000000000e+01 2.900000000000000000e+01 8.908820286109013775e-01
2.000000000000000000e+01 3.000000000000000000e+01 9.198667876231603202e-01
2.000000000000000000e+01 3.100000000000000000e+01 8.964438093896842652e-01
2.000000000000000000e+01 3.200000000000000000e+01 9.256109770968206085e-01
2.100000000000000000e+01 2.200000000000000000e+01 8.842787623016084009e-01
2.100000000000000000e+01 2.300000000000000000e+01 5.497658014338024923e-01
2.100000000000000000e+01 2.400000000000000000e+01 6.229388070144981082e-01
2.100000000000000000e+01 2.500000000000000000e+01 8.723957572178182573e-01
2.100000000000000000e+01 2.600000000000000000e+01 9.070064755287661207e-01
2.100000000000000000e+01 2.700000000000000000e+01 9.332706683648070989e-01
2.100000000000000000e+01 2.800000000000000000e+01 8.173340733076361886e-01
2.100000000000000000e+01 2.900000000000000000e+01 8.072718670266956220e-01
2.100000000000000000e+01 3.000000000000000000e+01 8.085210902856598825e-01
2.100000000000000000e+01 3.100000000000000000e+01 8.469062395604918247e-01
2.100000000000000000e+01 3.200000000000000000e+01 9.347967659520155514e-01
2.200000000000000000e+01 2.300000000000000000e+01 8.789650402553210728e-01
2.200000000000000000e+01 2.400000000000000000e+01 8.702397880559313847e-01
2.200000000000000000e+01 2.500000000000000000e+01 7.149707766278852183e-01
2.200000000000000000e+01 2.600000000000000000e+01 7.567363763573955460e-01
2.200000000000000000e+01 2.700000000000000000e+01 7.954367000393569587e-01
2.200000000000000000e+01 2.800000000000000000e+01 8.391908940895425051e-01
2.200000000000000000e+01 2.900000000000000000e+01 8.550075536858587899e-01
2.200000000000000000e+01 3.000000000000000000e+01 8.863507873070404219e-01
2.200000000000000000e+01 3.100000000000000000e+01 8.578272080781315090e-01
2.200000000000000000e+01 3.200000000000000000e+01 8.827531824928676052e-01
2.300000000000000000e+01 2.400000000000000000e+01 5.160675355110040385e-01
2.300000000000000000e+01 2.500000000000000000e+01 8.602761799575557866e-01
2.300000000000000000e+01 2.600000000000000000e+01 8.944577447352792809e-01
2.300000000000000000e+01 2.700000000000000000e+01 9.203343635964318370e-01
2.300000000000000000e+01 2.800000000000000000e+01 7.955486824446043048e-01
2.300000000000000000e+01 2.900000000000000000e+01 7.833154234571464425e-01
2.300000000000000000e+01 3.000000000000000000e+01 7.836542781391773183e-01
2.300000000000000000e+01 3.100000000000000000e+01 8.270290162720379534e-01
2.300000000000000000e+01 3.200000000000000000e+01 9.191097970387156479e-01
2.400000000000000000e+01 2.500000000000000000e+01 8.466536020141868235e-01
2.400000000000000000e+01 2.600000000000000000e+01 8.809721213089409808e-01
2.400000000000000000e+01 2.700000000000000000e+01 9.068279162144634586e-01
2.400000000000000000e+01 2.800000000000000000e+01 7.746617955921417664e-01
2.400000000000000000e+01 2.900000000000000000e+01 7.610767540899749939e-01
2.400000000000000000e+01 3.000000000000000000e+01 7.631582945605932533e-01
2.400000000000000000e+01 3.100000000000000000e+01 8.089223573492045904e-01
2.400000000000000000e+01 3.200000000000000000e+01 9.045637705682918472e-01
2.500000000000000000e+01 2.600000000000000000e+01 5.861146394575036389e-01
2.500000000000000000e+01 2.700000000000000000e+01 6.609462633647213980e-01
2.500000000000000000e+01 2.800000000000000000e+01 7.566124545077210772e-01
2.500000000000000000e+01 2.900000000000000000e+01 7.826360926390292239e-01
2.500000000000000000e+01 3.000000000000000000e+01 8.228214370070610073e-01
2.500000000000000000e+01 3.100000000000000000e+01 7.660827098318219175e-01
2.500000000000000000e+01 3.200000000000000000e+01 7.659813418189855838e-01
2.600000000000000000e+01 2.700000000000000000e+01 5.314825812028247665e-01
2.600000000000000000e+01 2.800000000000000000e+01 7.834970857797660670e-01
2.600000000000000000e+01 2.900000000000000000e+01 8.085369832672506529e-01
2.600000000000000000e+01 3.000000000000000000e+01 8.455372773134930409e-01
2.600000000000000000e+01 3.100000000000000000e+01 7.817883179740880983e-01
2.600000000000000000e+01 3.200000000000000000e+01 7.352274784505703487e-01
2.700000000000000000e+01 2.800000000000000000e+01 8.058346611518436564e-01
2.700000000000000000e+01 2.900000000000000000e+01 8.298320190137771224e-01
2.700000000000000000e+01 3.000000000000000000e+01 8.646003615024777655e-01
2.700000000000000000e+01 3.100000000000000000e+01 7.981749639222441850e-01
2.700000000000000000e+01 3.200000000000000000e+01 7.187818930854186217e-01
2.800000000000000000e+01 2.900000000000000000e+01 5.296160152058364545e-01
2.800000000000000000e+01 3.000000000000000000e+01 6.635693486358706927e-01
2.800000000000000000e+01 3.100000000000000000e+01 5.855887390652156910e-01
2.800000000000000000e+01 3.200000000000000000e+01 7.794060015266430774e-01
2.900000000000000000e+01 3.000000000000000000e+01 6.053484456582056694e-01
2.900000000000000000e+01 3.100000000000000000e+01 6.227157566642285147e-01
2.900000000000000000e+01 3.200000000000000000e+01 8.008090487096786170e-01
3.000000000000000000e+01 3.100000000000000000e+01 6.832387517957418943e-01
3.000000000000000000e+01 3.200000000000000000e+01 8.285712103597662193e-01
3.100000000000000000e+01 3.200000000000000000e+01 7.453946644446229897e-01
