1.000000000000000000e+00 2.000000000000000000e+00 8.717719917151431908e-01
1.000000000000000000e+00 3.000000000000000000e+00 1.659403522035265865e+00
1.000000000000000000e+00 4.000000000000000000e+00 1.588601726325758801e+00
1.000000000000000000e+00 5.000000000000000000e+00 1.671152614644612289e+00
1.000000000000000000e+00 6.000000000000000000e+00 1.714928042903856475e+00
1.000000000000000000e+00 7.000000000000000000e+00 1.701922158882861025e+00
1.000000000000000000e+00 8.000000000000000000e+00 1.744542373559926807e+00
1.000000000000000000e+00 9.000000000000000000e+00 1.584792658676646537e+00
1.000000000000000000e+00 1.000000000000000000e+01 1.701263237036467979e+00
1.000000000000000000e+00 1.100000000000000000e+01 1.687338045299602074e+00
1.000000000000000000e+00 1.200000000000000000e+01 1.706025616354609920e+00
1.000000000000000000e+00 1.300000000000000000e+01 1.025154963420264798e+00
1.000000000000000000e+00 1.400000000000000000e+01 1.344533933552807259e+00
1.000000000000000000e+00 1.500000000000000000e+01 1.062093295532752668e+00
1.000000000000000000e+00 1.600000000000000000e+01 1.298450416863492496e+00
1.000000000000000000e+00 1.700000000000000000e+01 1.310588150660322526e+00
1.000000000000000000e+00 1.800000000000000000e+01 1.295878916478490295e+00
1.000000000000000000e+00 1.900000000000000000e+01 1.340826767333412217e+00
1.000000000000000000e+00 2.000000000000000000e+01 1.307086744542999890e+00
1.000000000000000000e+00 2.100000000000000000e+01 1.717057302220178050e+00
1.000000000000000000e+00 2.200000000000000000e+01 1.290506593851830086e+00
1.000000000000000000e+00 2.300000000000000000e+01 1.739383550317117555e+00
1.000000000000000000e+00 2.400000000000000000e+01 1.766281400420890657e+00
1.000000000000000000e+00 2.500000000000000000e+01 1.295856758971485334e+00
1.000000000000000000e+00 2.600000000000000000e+01 1.340145788062709231e+00
1.000000000000000000e+00 2.700000000000000000e+01 1.389069173340350183e+00
1.000000000000000000e+00 2.800000000000000000e+01 1.852178330532244788e+00
1.000000000000000000e+00 2.900000000000000000e+01 1.841859808333799142e+00
1.000000000000000000e+00 3.000000000000000000e+01 1.673663595929417935e+00
1.000000000000000000e+00 3.100000000000000000e+01 1.783137392379606334e+00
1.000000000000000000e+00 3.200000000000000000e+01 1.388993744479122938e+00
2.000000000000000000e+00 3.000000000000000000e+00 1.512522517177539161e+00
2.000000000000000000e+00 4.000000000000000000e+00 1.423847209079342591e+00
2.000000000000000000e+00 5.000000000000000000e+00 1.521249976037507334e+00
2.000000000000000000e+00 6.000000000000000000e+00 1.572489807290999408e+00
2.000000000000000000e+00 7.000000000000000000e+00 1.555601968652689626e+00
2.000000000000000000e+00 8.000000000000000000e+00 1.613205813914157405e+00
2.000000000000000000e+00 9.000000000000000000e+00 1.409756767651328291e+00
2.000000000000000000e+00 1.000000000000000000e+01 1.566453510047204345e+00
2.000000000000000000e+00 1.100000000000000000e+01 1.542037570213055764e+00
2.000000000000000000e+00 1.200000000000000000e+01 1.569108540491904957e+00
2.000000000000000000e+00 1.300000000000000000e+01 9.103726969956706938e-01
2.000000000000000000e+00 1.400000000000000000e+01 1.242855622458790776e+00
2.000000000000000000e+00 1.500000000000000000e+01 9.618011740033260981e-01
2.000000000000000000e+00 1.600000000000000000e+01 1.198412622190238697e+00
2.000000000000000000e+00 1.700000000000000000e+01 1.210328167261013110e+00
2.000000000000000000e+00 1.800000000000000000e+01 1.196335522050655298e+00
2.000000000000000000e+00 1.900000000000000000e+01 1.241527759932678165e+00
2.000000000000000000e+00 2.000000000000000000e+01 1.208052968762242108e+00
2.000000000000000000e+00 2.100000000000000000e+01 1.619048631774596236e+00
2.000000000000000000e+00 2.200000000000000000e+01 1.192872569602517974e+00
2.000000000000000000e+00 2.300000000000000000e+01 1.645026694086348273e+00
2.000000000000000000e+00 2.400000000000000000e+01 1.673198860851167202e+00
2.000000000000000000e+00 2.500000000000000000e+01 1.202465611575579629e+00
2.000000000000000000e+00 2.600000000000000000e+01 1.248005768732103560e+00
2.000000000000000000e+00 2.700000000000000000e+01 1.297908873844574984e+00
2.000000000000000000e+00 2.800000000000000000e+01 1.765763345698157183e+00
2.000000000000000000e+00 2.900000000000000000e+01 1.757083383160221279e+00
2.000000000000000000e+00 3.000000000000000000e+01 1.593294042513726305e+00
2.000000000000000000e+00 3.100000000000000000e+01 1.700123274291518660e+00
2.000000000000000000e+00 3.200000000000000000e+01 1.305926160961406346e+00
3.000000000000000000e+00 4.000000000000000000e+00 1.741663045339558291e+00
3.000000000000000000e+00 5.000000000000000000e+00 1.378129273794819643e+00
3.000000000000000000e+00 6.000000000000000000e+00 1.705669624215589320e+00
3.000000000000000000e+00 7.000000000000000000e+00 1.839632061119236939e+00
3.000000000000000000e+00 8.000000000000000000e+00 1.920193698058388465e+00
3.000000000000000000e+00 9.000000000000000000e+00 2.017251786535413594e+00
3.000000000000000000e+00 1.000000000000000000e+01 1.875439541479900774e+00
3.000000000000000000e+00 1.100000000000000000e+01 2.086221348060811387e+00
3.000000000000000000e+00 1.200000000000000000e+01 2.039950782118177486e+00
3.000000000000000000e+00 1.300000000000000000e+01 1.610820262599650166e+00
3.000000000000000000e+00 1.400000000000000000e+01 1.805892001514306067e+00
3.000000000000000000e+00 1.500000000000000000e+01 1.645259847943448372e+00
3.000000000000000000e+00 1.600000000000000000e+01 1.773201415878301379e+00
3.000000000000000000e+00 1.700000000000000000e+01 1.782277834951364603e+00
3.000000000000000000e+00 1.800000000000000000e+01 1.773213992655347626e+00
3.000000000000000000e+00 1.900000000000000000e+01 1.817898685233826583e+00
3.000000000000000000e+00 2.000000000000000000e+01 1.786735752584573289e+00
3.000000000000000000e+00 2.100000000000000000e+01 2.261663555532411607e+00
3.000000000000000000e+00 2.200000000000000000e+01 1.779704893666951282e+00
3.000000000000000000e+00 2.300000000000000000e+01 2.291110611933238950e+00
3.000000000000000000e+00 2.400000000000000000e+01 2.315738693524000524e+00
3.000000000000000000e+00 2.500000000000000000e+01 1.809164869263385711e+00
3.000000000000000000e+00 2.600000000000000000e+01 1.857983578784689671e+00
3.000000000000000000e+00 2.700000000000000000e+01 1.910890883461319856e+00
3.000000000000000000e+00 2.800000000000000000e+01 2.402902376910009075e+00
3.000000000000000000e+00 2.900000000000000000e+01 2.401435859460956834e+00
3.000000000000000000e+00 3.000000000000000000e+01 2.253617868294914395e+00
3.000000000000000000e+00 3.100000000000000000e+01 2.345853811592428784e+00
3.000000000000000000e+00 3.200000000000000000e+01 1.947766836368641563e+00
4.000000000000000000e+00 5.000000000000000000e+00 1.672759402361625458e+00
4.000000000000000000e+00 6.000000000000000000e+00 1.862579945295685047e+00
4.000000000000000000e+00 7.000000000000000000e+00 1.846826238420361976e+00
4.000000000000000000e+00 8.000000000000000000e+00 2.013910323543132819e+00
4.000000000000000000e+00 9.000000000000000000e+00 1.892296424029563218e+00
4.000000000000000000e+00 1.000000000000000000e+01 1.947803367132555641e+00
4.000000000000000000e+00 1.100000000000000000e+01 2.019374412001277541e+00
4.000000000000000000e+00 1.200000000000000000e+01 2.013525604036723315e+00
4.000000000000000000e+00 1.300000000000000000e+01 1.544740708895326664e+00
4.000000000000000000e+00 1.400000000000000000e+01 1.791981412520539330e+00
4.000000000000000000e+00 1.500000000000000000e+01 1.587048623461295938e+00
4.000000000000000000e+00 1.600000000000000000e+01 1.754739621811526096e+00
4.000000000000000000e+00 1.700000000000000000e+01 1.765034664193528613e+00
4.000000000000000000e+00 1.800000000000000000e+01 1.754091125270169416e+00
4.000000000000000000e+00 1.900000000000000000e+01 1.799180393537795464e+00
4.000000000000000000e+00 2.000000000000000000e+01 1.767090431242351434e+00
4.000000000000000000e+00 2.100000000000000000e+01 2.216712185725449480e+00
4.000000000000000000e+00 2.200000000000000000e+01 1.757105824589523468e+00
4.000000000000000000e+00 2.300000000000000000e+01 2.246294373679672773e+00
4.000000000000000000e+00 2.400000000000000000e+01 2.272581360880401746e+00
4.000000000000000000e+00 2.500000000000000000e+01 1.779893266734343449e+00
4.000000000000000000e+00 2.600000000000000000e+01 1.827876283985319317e+00
4.000000000000000000e+00 2.700000000000000000e+01 1.879933071097044106e+00
4.000000000000000000e+00 2.800000000000000000e+01 2.363931503138335444e+00
4.000000000000000000e+00 2.900000000000000000e+01 2.360251333732884760e+00
4.000000000000000000e+00 3.000000000000000000e+01 2.207813809605089439e+00
4.000000000000000000e+00 3.100000000000000000e+01 2.304655180880821774e+00
4.000000000000000000e+00 3.200000000000000000e+01 1.908038321932491677e+00
5.000000000000000000e+00 6.000000000000000000e+00 1.627972965381887516e+00
5.000000000000000000e+00 7.000000000000000000e+00 1.746883415252917127e+00
5.000000000000000000e+00 8.000000000000000000e+00 1.925743966811501950e+00
5.000000000000000000e+00 9.000000000000000000e+00 1.998435895032636411e+00
5.000000000000000000e+00 1.000000000000000000e+01 1.851021846938607718e+00
5.000000000000000000e+00 1.100000000000000000e+01 2.062254043917056912e+00
5.000000000000000000e+00 1.200000000000000000e+01 2.012907596618354944e+00
5.000000000000000000e+00 1.300000000000000000e+01 1.610831669732672333e+00
5.000000000000000000e+00 1.400000000000000000e+01 1.815137014633922963e+00
5.000000000000000000e+00 1.500000000000000000e+01 1.646135090500842724e+00
5.000000000000000000e+00 1.600000000000000000e+01 1.780886588018736116e+00
5.000000000000000000e+00 1.700000000000000000e+01 1.790508251506124360e+00
5.000000000000000000e+00 1.800000000000000000e+01 1.780847501189564364e+00
5.000000000000000000e+00 1.900000000000000000e+01 1.825888466436380586e+00
5.000000000000000000e+00 2.000000000000000000e+01 1.794382430199146006e+00
5.000000000000000000e+00 2.100000000000000000e+01 2.262852829934752563e+00
5.000000000000000000e+00 2.200000000000000000e+01 1.786589958848209037e+00
5.000000000000000000e+00 2.300000000000000000e+01 2.293075208288903433e+00
5.000000000000000000e+00 2.400000000000000000e+01 2.318146741726860860e+00
5.000000000000000000e+00 2.500000000000000000e+01 1.814861641988134267e+00
5.000000000000000000e+00 2.600000000000000000e+01 1.863760406197921826e+00
5.000000000000000000e+00 2.700000000000000000e+01 1.916650507575579532e+00
5.000000000000000000e+00 2.800000000000000000e+01 2.407401501747115979e+00
5.000000000000000000e+00 2.900000000000000000e+01 2.405754351184954842e+00
5.000000000000000000e+00 3.000000000000000000e+01 2.257776069537998254e+00
5.000000000000000000e+00 3.100000000000000000e+01 2.350473189977296151e+00
5.000000000000000000e+00 3.200000000000000000e+01 1.952736460396992335e+00
6.000000000000000000e+00 7.000000000000000000e+00 1.585041712323018048e+00
6.000000000000000000e+00 8.000000000000000000e+00 1.767800349375246105e+00
6.000000000000000000e+00 9.000000000000000000e+00 2.033007682620515233e+00
6.000000000000000000e+00 1.000000000000000000e+01 1.612116799541521983e+00
6.000000000000000000e+00 1.100000000000000000e+01 2.039894557099490413e+00
6.000000000000000000e+00 1.200000000000000000e+01 1.938819247228099396e+00
6.000000000000000000e+00 1.300000000000000000e+01 1.624194439135096646e+00
6.000000000000000000e+00 1.400000000000000000e+01 1.798995487369098978e+00
6.000000000000000000e+00 1.500000000000000000e+01 1.653768640169868798e+00
6.000000000000000000e+00 1.600000000000000000e+01 1.765385592936075998e+00
6.000000000000000000e+00 1.700000000000000000e+01 1.775151168947043168e+00
6.000000000000000000e+00 1.800000000000000000e+01 1.765877475064960622e+00
6.000000000000000000e+00 1.900000000000000000e+01 1.811397677549143825e+00
6.000000000000000000e+00 2.000000000000000000e+01 1.779962297956786399e+00
6.000000000000000000e+00 2.100000000000000000e+01 2.258224070837509423e+00
6.000000000000000000e+00 2.200000000000000000e+01 1.773216905150450717e+00
6.000000000000000000e+00 2.300000000000000000e+01 2.289968444998733865e+00
6.000000000000000000e+00 2.400000000000000000e+01 2.314396112337558264e+00
6.000000000000000000e+00 2.500000000000000000e+01 1.805143903900685576e+00
6.000000000000000000e+00 2.600000000000000000e+01 1.855034062125731742e+00
6.000000000000000000e+00 2.700000000000000000e+01 1.908702150356525351e+00
6.000000000000000000e+00 2.800000000000000000e+01 2.404252612828488012e+00
6.000000000000000000e+00 2.900000000000000000e+01 2.404322631767239926e+00
6.000000000000000000e+00 3.000000000000000000e+01 2.260413888217405187e+00
6.000000000000000000e+00 3.100000000000000000e+01 2.349731038494024205e+00
6.000000000000000000e+00 3.200000000000000000e+01 1.951381331847715117e+00
7.000000000000000000e+00 8.000000000000000000e+00 1.872084515912657787e+00
7.000000000000000000e+00 9.000000000000000000e+00 1.965565434597176031e+00
7.000000000000000000e+00 1.000000000000000000e+01 1.693223761246581693e+00
7.000000000000000000e+00 1.100000000000000000e+01 1.944386984792877415e+00
7.000000000000000000e+00 1.200000000000000000e+01 1.836086738809812768e+00
7.000000000000000000e+00 1.300000000000000000e+01 1.593497574470239764e+00
7.000000000000000000e+00 1.400000000000000000e+01 1.795344758367794391e+00
7.000000000000000000e+00 1.500000000000000000e+01 1.625964261780507458e+00
7.000000000000000000e+00 1.600000000000000000e+01 1.758322674946894981e+00
7.000000000000000000e+00 1.700000000000000000e+01 1.769181670653476424e+00
7.000000000000000000e+00 1.800000000000000000e+01 1.758554117673808870e+00
7.000000000000000000e+00 1.900000000000000000e+01 1.804686868192639349e+00
7.000000000000000000e+00 2.000000000000000000e+01 1.772515254558000519e+00
7.000000000000000000e+00 2.100000000000000000e+01 2.233794806093046148e+00
7.000000000000000000e+00 2.200000000000000000e+01 1.763885518184357348e+00
7.000000000000000000e+00 2.300000000000000000e+01 2.267085194804499437e+00
7.000000000000000000e+00 2.400000000000000000e+01 2.292712466370324442e+00
7.000000000000000000e+00 2.500000000000000000e+01 1.792355889736199082e+00
7.000000000000000000e+00 2.600000000000000000e+01 1.842193631933520814e+00
7.000000000000000000e+00 2.700000000000000000e+01 1.895645851145200567e+00
7.000000000000000000e+00 2.800000000000000000e+01 2.387300466466968807e+00
7.000000000000000000e+00 2.900000000000000000e+01 2.386575973547926388e+00
7.000000000000000000e+00 3.000000000000000000e+01 2.241397980364371989e+00
7.000000000000000000e+00 3.100000000000000000e+01 2.332512735704350249e+00
7.000000000000000000e+00 3.200000000000000000e+01 1.935085335879480617e+00
8.000000000000000000e+00 9.000000000000000000e+00 2.101359762806903397e+00
8.000000000000000000e+00 1.000000000000000000e+01 1.562922560781958348e+00
8.000000000000000000e+00 1.100000000000000000e+01 2.081369889244918170e+00
8.000000000000000000e+00 1.200000000000000000e+01 1.951431159327739362e+00
8.000000000000000000e+00 1.300000000000000000e+01 1.636621804964786486e+00
8.000000000000000000e+00 1.400000000000000000e+01 1.744664379820044520e+00
8.000000000000000000e+00 1.500000000000000000e+01 1.656604591513334279e+00
8.000000000000000000e+00 1.600000000000000000e+01 1.715909772962856739e+00
8.000000000000000000e+00 1.700000000000000000e+01 1.724543346067930027e+00
8.000000000000000000e+00 1.800000000000000000e+01 1.717368494779335508e+00
8.000000000000000000e+00 1.900000000000000000e+01 1.762738052368967523e+00
8.000000000000000000e+00 2.000000000000000000e+01 1.732272552289615630e+00
8.000000000000000000e+00 2.100000000000000000e+01 2.243169021527215534e+00
8.000000000000000000e+00 2.200000000000000000e+01 1.729072094808286497e+00
8.000000000000000000e+00 2.300000000000000000e+01 2.274723392267530286e+00
8.000000000000000000e+00 2.400000000000000000e+01 2.296918048532113232e+00
8.000000000000000000e+00 2.500000000000000000e+01 1.769572932251965547e+00
8.000000000000000000e+00 2.600000000000000000e+01 1.820687604693506989e+00
8.000000000000000000e+00 2.700000000000000000e+01 1.875533132836696204e+00
8.000000000000000000e+00 2.800000000000000000e+01 2.381534546922375206e+00
8.000000000000000000e+00 2.900000000000000000e+01 2.384592083606246860e+00
8.000000000000000000e+00 3.000000000000000000e+01 2.246992138995861588e+00
8.000000000000000000e+00 3.100000000000000000e+01 2.330146920383796783e+00
8.000000000000000000e+00 3.200000000000000000e+01 1.929937231417388155e+00
9.000000000000000000e+00 1.000000000000000000e+01 2.027845930531500862e+00
9.000000000000000000e+00 1.100000000000000000e+01 1.838093186373024990e+00
9.000000000000000000e+00 1.200000000000000000e+01 1.960965505439575818e+00
9.000000000000000000e+00 1.300000000000000000e+01 1.467192374079415940e+00
9.000000000000000000e+00 1.400000000000000000e+01 1.794178191353361207e+00
9.000000000000000000e+00 1.500000000000000000e+01 1.525236517138559345e+00
9.000000000000000000e+00 1.600000000000000000e+01 1.749873296889155050e+00
9.000000000000000000e+00 1.700000000000000000e+01 1.762330499422742669e+00
9.000000000000000000e+00 1.800000000000000000e+01 1.748553010675266473e+00
9.000000000000000000e+00 1.900000000000000000e+01 1.794743209356965519e+00
9.000000000000000000e+00 2.000000000000000000e+01 1.761148782264623014e+00
9.000000000000000000e+00 2.100000000000000000e+01 2.171081850279475312e+00
9.000000000000000000e+00 2.200000000000000000e+01 1.747074337524842313e+00
9.000000000000000000e+00 2.300000000000000000e+01 2.203890013530532599e+00
9.000000000000000000e+00 2.400000000000000000e+01 2.233350289984867842e+00
9.000000000000000000e+00 2.500000000000000000e+01 1.761840340565235863e+00
9.000000000000000000e+00 2.600000000000000000e+01 1.809449845818110303e+00
9.000000000000000000e+00 2.700000000000000000e+01 1.860860346978599367e+00
9.000000000000000000e+00 2.800000000000000000e+01 2.335428885749853301e+00
9.000000000000000000e+00 2.900000000000000000e+01 2.329559690586792797e+00
9.000000000000000000e+00 3.000000000000000000e+01 2.173280659697786277e+00
9.000000000000000000e+00 3.100000000000000000e+01 2.275032706967286877e+00
9.000000000000000000e+00 3.200000000000000000e+01 1.880595850576066042e+00
1.000000000000000000e+01 1.100000000000000000e+01 1.983765521050581127e+00
1.000000000000000000e+01 1.200000000000000000e+01 1.820883157801429508e+00
1.000000000000000000e+01 1.300000000000000000e+01 1.581170091062520155e+00
1.000000000000000000e+01 1.400000000000000000e+01 1.722110226125104671e+00
1.000000000000000000e+01 1.500000000000000000e+01 1.603556061052257897e+00
1.000000000000000000e+01 1.600000000000000000e+01 1.688614804493423716e+00
1.000000000000000000e+01 1.700000000000000000e+01 1.698776548743100356e+00
1.000000000000000000e+01 1.800000000000000000e+01 1.689723273313678886e+00
1.000000000000000000e+01 1.900000000000000000e+01 1.735954234815919595e+00
1.000000000000000000e+01 2.000000000000000000e+01 1.704466204570348919e+00
1.000000000000000000e+01 2.100000000000000000e+01 2.193290472029869598e+00
1.000000000000000000e+01 2.200000000000000000e+01 1.698665372158319364e+00
1.000000000000000000e+01 2.300000000000000000e+01 2.226629422908788847e+00
1.000000000000000000e+01 2.400000000000000000e+01 2.250240810813510350e+00
1.000000000000000000e+01 2.500000000000000000e+01 1.734431395959723066e+00
1.000000000000000000e+01 2.600000000000000000e+01 1.785468055636739271e+00
1.000000000000000000e+01 2.700000000000000000e+01 1.840012847879377134e+00
1.000000000000000000e+01 2.800000000000000000e+01 2.340744943364985176e+00
1.000000000000000000e+01 2.900000000000000000e+01 2.342740565809048547e+00
1.000000000000000000e+01 3.000000000000000000e+01 2.203415748023432208e+00
1.000000000000000000e+01 3.100000000000000000e+01 2.288943902777891282e+00
1.000000000000000000e+01 3.200000000000000000e+01 1.889949602183072841e+00
1.100000000000000000e+01 1.200000000000000000e+01 1.704958064903631776e+00
1.100000000000000000e+01 1.300000000000000000e+01 1.489670208202994450e+00
1.100000000000000000e+01 1.400000000000000000e+01 1.797423694879187295e+00
1.100000000000000000e+01 1.500000000000000000e+01 1.537348387688581619e+00
1.100000000000000000e+01 1.600000000000000000e+01 1.750789617507403140e+00
1.100000000000000000e+01 1.700000000000000000e+01 1.764555877257806049e+00
1.100000000000000000e+01 1.800000000000000000e+01 1.750012684439993693e+00
1.100000000000000000e+01 1.900000000000000000e+01 1.797599135168193918e+00
1.100000000000000000e+01 2.000000000000000000e+01 1.763362599049352886e+00
1.100000000000000000e+01 2.100000000000000000e+01 2.164423292060366322e+00
1.100000000000000000e+01 2.200000000000000000e+01 1.749002497704886583e+00
1.100000000000000000e+01 2.300000000000000000e+01 2.204187929128089252e+00
1.100000000000000000e+01 2.400000000000000000e+01 2.234828072411308320e+00
1.100000000000000000e+01 2.500000000000000000e+01 1.766259464698414661e+00
1.100000000000000000e+01 2.600000000000000000e+01 1.815752772273077964e+00
1.100000000000000000e+01 2.700000000000000000e+01 1.868412190941885598e+00
1.100000000000000000e+01 2.800000000000000000e+01 2.346954291691988104e+00
1.100000000000000000e+01 2.900000000000000000e+01 2.343349993564574518e+00
1.100000000000000000e+01 3.000000000000000000e+01 2.193481011859896412e+00
1.100000000000000000e+01 3.100000000000000000e+01 2.291126859956309936e+00
1.100000000000000000e+01 3.200000000000000000e+01 1.896845304228728324e+00
1.200000000000000000e+01 1.300000000000000000e+01 1.528100985263175948e+00
1.200000000000000000e+01 1.400000000000000000e+01 1.754954006515739628e+00
1.200000000000000000e+01 1.500000000000000000e+01 1.557553352899704757e+00
1.200000000000000000e+01 1.600000000000000000e+01 1.711547456351703023e+00
1.200000000000000000e+01 1.700000000000000000e+01 1.724773636017364886e+00
1.200000000000000000e+01 1.800000000000000000e+01 1.711694087421365085e+00
1.200000000000000000e+01 1.900000000000000000e+01 1.759533793361349741e+00
1.200000000000000000e+01 2.000000000000000000e+01 1.725900480649311008e+00
1.200000000000000000e+01 2.100000000000000000e+01 2.157185260892283019e+00
1.200000000000000000e+01 2.200000000000000000e+01 1.714297843220128126e+00
1.200000000000000000e+01 2.300000000000000000e+01 2.196697882376849265e+00
1.200000000000000000e+01 2.400000000000000000e+01 2.224644944074664288e+00
1.200000000000000000e+01 2.500000000000000000e+01 1.739074296810653841e+00
1.200000000000000000e+01 2.600000000000000000e+01 1.789951946870280919e+00
1.200000000000000000e+01 2.700000000000000000e+01 1.843822915106556160e+00
1.200000000000000000e+01 2.800000000000000000e+01 2.332041884997061665e+00
1.200000000000000000e+01 2.900000000000000000e+01 2.331496256565332104e+00
1.200000000000000000e+01 3.000000000000000000e+01 2.188267691892130884e+00
1.200000000000000000e+01 3.100000000000000000e+01 2.279566585171266979e+00
1.200000000000000000e+01 3.200000000000000000e+01 1.883589868326505101e+00
1.300000000000000000e+01 1.400000000000000000e+01 1.184329836389982571e+00
1.300000000000000000e+01 1.500000000000000000e+01 7.084215727024532061e-01
1.300000000000000000e+01 1.600000000000000000e+01 1.128007230453903720e+00
1.300000000000000000e+01 1.700000000000000000e+01 1.143786351603824691e+00
1.300000000000000000e+01 1.800000000000000000e+01 1.125062479536103277e+00
1.300000000000000000e+01 1.900000000000000000e+01 1.172532398089574546e+00
1.300000000000000000e+01 2.000000000000000000e+01 1.136443336671789650e+00
1.300000000000000000e+01 2.100000000000000000e+01 1.453904656483889335e+00
1.300000000000000000e+01 2.200000000000000000e+01 1.114712723259588589e+00
1.300000000000000000e+01 2.300000000000000000e+01 1.493101439043473588e+00
1.300000000000000000e+01 2.400000000000000000e+01 1.532609542068532837e+00
1.300000000000000000e+01 2.500000000000000000e+01 1.112701598971604255e+00
1.300000000000000000e+01 2.600000000000000000e+01 1.158816805139693207e+00
1.300000000000000000e+01 2.700000000000000000e+01 1.208474288082532766e+00
1.300000000000000000e+01 2.800000000000000000e+01 1.661413824751732937e+00
1.300000000000000000e+01 2.900000000000000000e+01 1.649533975515323769e+00
1.300000000000000000e+01 3.000000000000000000e+01 1.481988889080418703e+00
1.300000000000000000e+01 3.100000000000000000e+01 1.597520393572379183e+00
1.300000000000000000e+01 3.200000000000000000e+01 1.208299123825147703e+00
1.400000000000000000e+01 1.500000000000000000e+01 1.163118822327546154e+00
1.400000000000000000e+01 1.600000000000000000e+01 6.738809339879694438e-01
1.400000000000000000e+01 1.700000000000000000e+01 5.775353472613007355e-01
1.400000000000000000e+01 1.800000000000000000e+01 6.573018832934864886e-01
1.400000000000000000e+01 1.900000000000000000e+01 6.127356769636103095e-01
1.400000000000000000e+01 2.000000000000000000e+01 6.457829105666863523e-01
1.400000000000000000e+01 2.100000000000000000e+01 1.683501394826624642e+00
1.400000000000000000e+01 2.200000000000000000e+01 7.332428398408339376e-01
1.400000000000000000e+01 2.300000000000000000e+01 1.691245686024244188e+00
1.400000000000000000e+01 2.400000000000000000e+01 1.688810880031957007e+00
1.400000000000000000e+01 2.500000000000000000e+01 9.022362279204076962e-01
1.400000000000000000e+01 2.600000000000000000e+01 9.516741379215762908e-01
1.400000000000000000e+01 2.700000000000000000e+01 1.013275625323279527e+00
1.400000000000000000e+01 2.800000000000000000e+01 1.660288001959012716e+00
1.400000000000000000e+01 2.900000000000000000e+01 1.689264404717241375e+00
1.400000000000000000e+01 3.000000000000000000e+01 1.595632403605741656e+00
1.400000000000000000e+01 3.100000000000000000e+01 1.620667221535839309e+00
1.400000000000000000e+01 3.200000000000000000e+01 1.188887005626955151e+00
1.500000000000000000e+01 1.600000000000000000e+01 1.102520243982329173e+00
1.500000000000000000e+01 1.700000000000000000e+01 1.119555855777472964e+00
1.500000000000000000e+01 1.800000000000000000e+01 1.099074171406488221e+00
1.500000000000000000e+01 1.900000000000000000e+01 1.147152439322722373e+00
1.500000000000000000e+01 2.000000000000000000e+01 1.110137410244236067e+00
1.500000000000000000e+01 2.100000000000000000e+01 1.362988185560454868e+00
1.500000000000000000e+01 2.200000000000000000e+01 1.085762708306758917e+00
1.500000000000000000e+01 2.300000000000000000e+01 1.411704287420443071e+00
1.500000000000000000e+01 2.400000000000000000e+01 1.462587299794674278e+00
1.500000000000000000e+01 2.500000000000000000e+01 1.078360470310776975e+00
1.500000000000000000e+01 2.600000000000000000e+01 1.124530697061419060e+00
1.500000000000000000e+01 2.700000000000000000e+01 1.173964281049695746e+00
1.500000000000000000e+01 2.800000000000000000e+01 1.618676183272473201e+00
1.500000000000000000e+01 2.900000000000000000e+01 1.604499429956790957e+00
1.500000000000000000e+01 3.000000000000000000e+01 1.433943665377478860e+00
1.500000000000000000e+01 3.100000000000000000e+01 1.555603664193337066e+00
1.500000000000000000e+01 3.200000000000000000e+01 1.169306792942276019e+00
1.600000000000000000e+01 1.700000000000000000e+01 5.538275054161028166e-01
1.600000000000000000e+01 1.800000000000000000e+01 4.637012027345066567e-01
1.600000000000000000e+01 1.900000000000000000e+01 6.596850284610624726e-01
1.600000000000000000e+01 2.000000000000000000e+01 5.841648134658619096e-01
1.600000000000000000e+01 2.100000000000000000e+01 1.613996838478702900e+00
1.600000000000000000e+01 2.200000000000000000e+01 6.280386643304507466e-01
1.600000000000000000e+01 2.300000000000000000e+01 1.619524304989852892e+00
1.600000000000000000e+01 2.400000000000000000e+01 1.614254473953708358e+00
1.600000000000000000e+01 2.500000000000000000e+01 8.147021981696611626e-01
1.600000000000000000e+01 2.600000000000000000e+01 8.724177896101827923e-01
1.600000000000000000e+01 2.700000000000000000e+01 9.373817672029289838e-01
1.600000000000000000e+01 2.800000000000000000e+01 1.578414451800586926e+00
1.600000000000000000e+01 2.900000000000000000e+01 1.610084362569384586e+00
1.600000000000000000e+01 3.000000000000000000e+01 1.522306529037558365e+00
1.600000000000000000e+01 3.100000000000000000e+01 1.543366929129893039e+00
1.600000000000000000e+01 3.200000000000000000e+01 1.114053696707820507e+00
1.700000000000000000e+01 1.800000000000000000e+01 5.073986179308447309e-01
1.700000000000000000e+01 1.900000000000000000e+01 5.637127215819988102e-01
1.700000000000000000e+01 2.000000000000000000e+01 5.116344708345368364e-01
1.700000000000000000e+01 2.100000000000000000e+01 1.634966034720070072e+00
1.700000000000000000e+01 2.200000000000000000e+01 6.351009318194837938e-01
1.700000000000000000e+01 2.300000000000000000e+01 1.640787068957303640e+00
1.700000000000000000e+01 2.400000000000000000e+01 1.636321971684450149e+00
1.700000000000000000e+01 2.500000000000000000e+01 8.288181770872715681e-01
1.700000000000000000e+01 2.600000000000000000e+01 8.801943945809533876e-01
1.700000000000000000e+01 2.700000000000000000e+01 9.431603961278032244e-01
1.700000000000000000e+01 2.800000000000000000e+01 1.598592886519192957e+00
1.700000000000000000e+01 2.900000000000000000e+01 1.629785121117728108e+00
1.700000000000000000e+01 3.000000000000000000e+01 1.539997063313177650e+00
1.700000000000000000e+01 3.100000000000000000e+01 1.560449890913800486e+00
1.700000000000000000e+01 3.200000000000000000e+01 1.127004445997846105e+00
1.800000000000000000e+01 1.900000000000000000e+01 6.147725686089924313e-01
1.800000000000000000e+01 2.000000000000000000e+01 5.061917817437131539e-01
1.800000000000000000e+01 2.100000000000000000e+01 1.610981944929657184e+00
1.800000000000000000e+01 2.200000000000000000e+01 5.824934155907641742e-01
1.800000000000000000e+01 2.300000000000000000e+01 1.615768788653805244e+00
1.800000000000000000e+01 2.400000000000000000e+01 1.610062002229200706e+00
1.800000000000000000e+01 2.500000000000000000e+01 7.951461928242111732e-01
1.800000000000000000e+01 2.600000000000000000e+01 8.505748454483483822e-01
1.800000000000000000e+01 2.700000000000000000e+01 9.152407297231004435e-01
1.800000000000000000e+01 2.800000000000000000e+01 1.568527648248657647e+00
1.800000000000000000e+01 2.900000000000000000e+01 1.600969693240284153e+00
1.800000000000000000e+01 3.000000000000000000e+01 1.513746723381570236e+00
1.800000000000000000e+01 3.100000000000000000e+01 1.532302512491224844e+00
1.800000000000000000e+01 3.200000000000000000e+01 1.099832462624440232e+00
1.900000000000000000e+01 2.000000000000000000e+01 5.352175557886293955e-01
1.900000000000000000e+01 2.100000000000000000e+01 1.662764015826395214e+00
1.900000000000000000e+01 2.200000000000000000e+01 6.427582585654640912e-01
1.900000000000000000e+01 2.300000000000000000e+01 1.667316987601803691e+00
1.900000000000000000e+01 2.400000000000000000e+01 1.662072763978302836e+00
1.900000000000000000e+01 2.500000000000000000e+01 8.298574621170473620e-01
1.900000000000000000e+01 2.600000000000000000e+01 8.737599109373508366e-01
1.900000000000000000e+01 2.700000000000000000e+01 9.346699909855580302e-01
1.900000000000000000e+01 2.800000000000000000e+01 1.614815046056835124e+00
1.900000000000000000e+01 2.900000000000000000e+01 1.647194922754518176e+00
1.900000000000000000e+01 3.000000000000000000e+01 1.558181547877792950e+00
1.900000000000000000e+01 3.100000000000000000e+01 1.574168402615848228e+00
1.900000000000000000e+01 3.200000000000000000e+01 1.134179122785412108e+00
2.000000000000000000e+01 2.100000000000000000e+01 1.623339040480827444e+00
2.000000000000000000e+01 2.200000000000000000e+01 5.606718837910011910e-01
2.000000000000000000e+01 2.300000000000000000e+01 1.627449960482709512e+00
2.000000000000000000e+01 2.400000000000000000e+01 1.621511735661904430e+00
2.000000000000000000e+01 2.500000000000000000e+01 7.884469698378060443e-01
2.000000000000000000e+01 2.600000000000000000e+01 8.381319232308264144e-01
2.000000000000000000e+01 2.700000000000000000e+01 9.013622845026554309e-01
2.000000000000000000e+01 2.800000000000000000e+01 1.573567004185921325e+00
2.000000000000000000e+01 2.900000000000000000e+01 1.606626271313269294e+00
2.000000000000000000e+01 3.000000000000000000e+01 1.519324297834446780e+00
2.000000000000000000e+01 3.100000000000000000e+01 1.534969836829124246e+00
2.000000000000000000e+01 3.200000000000000000e+01 1.097450228464066146e+00
2.100000000000000000e+01 2.200000000000000000e+01 1.595310462162488285e+00
2.100000000000000000e+01 2.300000000000000000e+01 1.626095735284297072e+00
2.100000000000000000e+01 2.400000000000000000e+01 1.812831018055753196e+00
2.100000000000000000e+01 2.500000000000000000e+01 1.588138967988181438e+00
2.100000000000000000e+01 2.600000000000000000e+01 1.640886735697974830e+00
2.100000000000000000e+01 2.700000000000000000e+01 1.694307204665474131e+00
2.100000000000000000e+01 2.800000000000000000e+01 2.141051868695734939e+00
2.100000000000000000e+01 2.900000000000000000e+01 2.132792177906829068e+00
2.100000000000000000e+01 3.000000000000000000e+01 1.986572426232910304e+00
2.100000000000000000e+01 3.100000000000000000e+01 2.096465580714818699e+00
2.100000000000000000e+01 3.200000000000000000e+01 1.713607058892212986e+00
2.200000000000000000e+01 2.300000000000000000e+01 1.597310297266891999e+00
2.200000000000000000e+01 2.400000000000000000e+01 1.589351962112217409e+00
2.200000000000000000e+01 2.500000000000000000e+01 7.260914824320043870e-01
2.200000000000000000e+01 2.600000000000000000e+01 7.818008122278474747e-01
2.200000000000000000e+01 2.700000000000000000e+01 8.485396235416802213e-01
2.200000000000000000e+01 2.800000000000000000e+01 1.529780386416746962e+00
2.200000000000000000e+01 2.900000000000000000e+01 1.565458744492708609e+00
2.200000000000000000e+01 3.000000000000000000e+01 1.482190353116578541e+00
2.200000000000000000e+01 3.100000000000000000e+01 1.492564938636959715e+00
2.200000000000000000e+01 3.200000000000000000e+01 1.053447835173769498e+00
2.300000000000000000e+01 2.400000000000000000e+01 1.536421950685416205e+00
2.300000000000000000e+01 2.500000000000000000e+01 1.583963717715679120e+00
2.300000000000000000e+01 2.600000000000000000e+01 1.636596968049889744e+00
2.300000000000000000e+01 2.700000000000000000e+01 1.689696888143979336e+00
2.300000000000000000e+01 2.800000000000000000e+01 2.123613204546111355e+00
2.300000000000000000e+01 2.900000000000000000e+01 2.111323693090596976e+00
2.300000000000000000e+01 3.000000000000000000e+01 1.964225830446366894e+00
2.300000000000000000e+01 3.100000000000000000e+01 2.082086871952346208e+00
2.300000000000000000e+01 3.200000000000000000e+01 1.703613485251013415e+00
2.400000000000000000e+01 2.500000000000000000e+01 1.571845144733753585e+00
2.400000000000000000e+01 2.600000000000000000e+01 1.626036351791232848e+00
2.400000000000000000e+01 2.700000000000000000e+01 1.679927617865654810e+00
2.400000000000000000e+01 2.800000000000000000e+01 2.103734258477411245e+00
2.400000000000000000e+01 2.900000000000000000e+01 2.089567330946808354e+00
2.400000000000000000e+01 3.000000000000000000e+01 1.950794319350737327e+00
2.400000000000000000e+01 3.100000000000000000e+01 2.070482926345964536e+00
2.400000000000000000e+01 3.200000000000000000e+01 1.696309751304333258e+00
2.500000000000000000e+01 2.600000000000000000e+01 6.038986392265621728e-01
2.500000000000000000e+01 2.700000000000000000e+01 7.175019053015896375e-01
2.500000000000000000e+01 2.800000000000000000e+01 1.455636246112578247e+00
2.500000000000000000e+01 2.900000000000000000e+01 1.502473081651650721e+00
2.500000000000000000e+01 3.000000000000000000e+01 1.429485338079049983e+00
2.500000000000000000e+01 3.100000000000000000e+01 1.413462602001491097e+00
2.500000000000000000e+01 3.200000000000000000e+01 9.614188301122088554e-01
2.600000000000000000e+01 2.700000000000000000e+01 5.596717432840510043e-01
2.600000000000000000e+01 2.800000000000000000e+01 1.506898670746431135e+00
2.600000000000000000e+01 2.900000000000000000e+01 1.548637969532085323e+00
2.600000000000000000e+01 3.000000000000000000e+01 1.465098496133720340e+00
2.600000000000000000e+01 3.100000000000000000e+01 1.444392452916749781e+00
2.600000000000000000e+01 3.200000000000000000e+01 9.526607568556171302e-01
2.700000000000000000e+01 2.800000000000000000e+01 1.558947104535418626e+00
2.700000000000000000e+01 2.900000000000000000e+01 1.597096436542887909e+00
2.700000000000000000e+01 3.000000000000000000e+01 1.506666623591262466e+00
2.700000000000000000e+01 3.100000000000000000e+01 1.484182870506774554e+00
2.700000000000000000e+01 3.200000000000000000e+01 9.642576847895116821e-01
2.800000000000000000e+01 2.900000000000000000e+01 1.574981664290510119e+00
2.800000000000000000e+01 3.000000000000000000e+01 1.802698119722969894e+00
2.800000000000000000e+01 3.100000000000000000e+01 1.689088833602749196e+00
2.800000000000000000e+01 3.200000000000000000e+01 1.526150945883241405e+00
2.900000000000000000e+01 3.000000000000000000e+01 1.692874180750340019e+00
2.900000000000000000e+01 3.100000000000000000e+01 1.766407404568945294e+00
2.900000000000000000e+01 3.200000000000000000e+01 1.548801831879315749e+00
3.000000000000000000e+01 3.100000000000000000e+01 1.734064306260490573e+00
3.000000000000000000e+01 3.200000000000000000e+01 1.423088455658731100e+00
3.100000000000000000e+01 3.200000000000000000e+01 1.360189068629178877e+00
