1.000000000000000000e+00 2.000000000000000000e+00 5.496835757671137301e+00
1.000000000000000000e+00 3.000000000000000000e+00 1.039683824476521146e+01
1.000000000000000000e+00 4.000000000000000000e+00 1.085447789133394103e+01
1.000000000000000000e+00 5.000000000000000000e+00 1.064826215658157693e+01
1.000000000000000000e+00 6.000000000000000000e+00 1.097362447263350838e+01
1.000000000000000000e+00 7.000000000000000000e+00 1.152945542631422526e+01
2.000000000000000000e+00 3.000000000000000000e+00 1.044432145520434041e+01
2.000000000000000000e+00 4.000000000000000000e+00 1.089674335069681099e+01
2.000000000000000000e+00 5.000000000000000000e+00 1.058777472590926649e+01
2.000000000000000000e+00 6.000000000000000000e+00 1.091621073920851792e+01
2.000000000000000000e+00 7.000000000000000000e+00 1.156071665312210328e+01
3.000000000000000000e+00 4.000000000000000000e+00 7.721751729613801629e+00
3.000000000000000000e+00 5.000000000000000000e+00 1.133512059678107065e+01
3.000000000000000000e+00 6.000000000000000000e+00 1.157737002647183466e+01
3.000000000000000000e+00 7.000000000000000000e+00 9.192880465747325758e+00
4.000000000000000000e+00 5.000000000000000000e+00 1.163515486581750835e+01
4.000000000000000000e+00 6.000000000000000000e+00 1.186594962567828482e+01
4.000000000000000000e+00 7.000000000000000000e+00 8.478833928218929117e+00
5.000000000000000000e+00 6.000000000000000000e+00 7.076075330153800635e+00
5.000000000000000000e+00 7.000000000000000000e+00 1.202101834340587772e+01
6.000000000000000000e+00 7.000000000000000000e+00 1.223224504234871901e+01
