1.000000000000000000e+00 2.000000000000000000e+00 7.323949120374769750e-01
1.000000000000000000e+00 3.000000000000000000e+00 1.531226211916954627e+00
1.000000000000000000e+00 4.000000000000000000e+00 4.034306685385115721e+00
1.000000000000000000e+00 5.000000000000000000e+00 1.743387084045258550e+00
1.000000000000000000e+00 6.000000000000000000e+00 1.694752492975341029e+00
1.000000000000000000e+00 7.000000000000000000e+00 1.810302830695947440e+00
2.000000000000000000e+00 3.000000000000000000e+00 1.676732200752275359e+00
2.000000000000000000e+00 4.000000000000000000e+00 4.179273146269816941e+00
2.000000000000000000e+00 5.000000000000000000e+00 1.871166975620619510e+00
2.000000000000000000e+00 6.000000000000000000e+00 1.823026756478691501e+00
2.000000000000000000e+00 7.000000000000000000e+00 1.952829074447974156e+00
3.000000000000000000e+00 4.000000000000000000e+00 3.602333091484895888e+00
3.000000000000000000e+00 5.000000000000000000e+00 1.930303792653434325e+00
3.000000000000000000e+00 6.000000000000000000e+00 1.869672579036445681e+00
3.000000000000000000e+00 7.000000000000000000e+00 1.517860644900650202e+00
4.000000000000000000e+00 5.000000000000000000e+00 4.409693978195498687e+00
4.000000000000000000e+00 6.000000000000000000e+00 4.347584875553380357e+00
4.000000000000000000e+00 7.000000000000000000e+00 3.799225386249215575e+00
5.000000000000000000e+00 6.000000000000000000e+00 1.286503189124027946e+00
5.000000000000000000e+00 7.000000000000000000e+00 2.114568142130564432e+00
6.000000000000000000e+00 7.000000000000000000e+00 2.048678207278515906e+00
