1.000000000000000000e+00 2.000000000000000000e+00 6.655421269482737934e+00
1.000000000000000000e+00 3.000000000000000000e+00 1.275470709728385543e+01
1.000000000000000000e+00 4.000000000000000000e+00 1.578904248937083921e+01
1.000000000000000000e+00 5.000000000000000000e+00 1.359434472595662413e+01
1.000000000000000000e+00 6.000000000000000000e+00 1.357865744252580953e+01
1.000000000000000000e+00 7.000000000000000000e+00 1.443947538043695822e+01
2.000000000000000000e+00 3.000000000000000000e+00 1.319209878759843591e+01
2.000000000000000000e+00 4.000000000000000000e+00 1.621968433257050535e+01
2.000000000000000000e+00 5.000000000000000000e+00 1.388687398915564231e+01
2.000000000000000000e+00 6.000000000000000000e+00 1.387542446161839038e+01
2.000000000000000000e+00 7.000000000000000000e+00 1.485409559195484341e+01
3.000000000000000000e+00 4.000000000000000000e+00 1.184078094213034760e+01
3.000000000000000000e+00 5.000000000000000000e+00 1.454264666033047604e+01
3.000000000000000000e+00 6.000000000000000000e+00 1.441814674799723761e+01
3.000000000000000000e+00 7.000000000000000000e+00 1.154183255600034563e+01
4.000000000000000000e+00 5.000000000000000000e+00 1.737242103494522993e+01
4.000000000000000000e+00 6.000000000000000000e+00 1.723263591670296790e+01
4.000000000000000000e+00 7.000000000000000000e+00 1.303662707921805897e+01
5.000000000000000000e+00 6.000000000000000000e+00 9.188603337074969346e+00
5.000000000000000000e+00 7.000000000000000000e+00 1.561726405673492302e+01
6.000000000000000000e+00 7.000000000000000000e+00 1.544937625840367978e+01
