1.000000000000000000e+00 2.000000000000000000e+00 1.579220666455216290e-02
1.000000000000000000e+00 3.000000000000000000e+00 2.099853469414529439e+00
1.000000000000000000e+00 4.000000000000000000e+00 2.619058340568767740e+00
1.000000000000000000e+00 5.000000000000000000e+00 5.164955089664821641e-02
1.000000000000000000e+00 6.000000000000000000e+00 5.587775871612504081e-02
1.000000000000000000e+00 7.000000000000000000e+00 6.931673655572283266e-02
2.000000000000000000e+00 3.000000000000000000e+00 2.104450842350675810e+00
2.000000000000000000e+00 4.000000000000000000e+00 2.623372775191826989e+00
2.000000000000000000e+00 5.000000000000000000e+00 5.541426918473914276e-02
2.000000000000000000e+00 6.000000000000000000e+00 5.964601028712630121e-02
2.000000000000000000e+00 7.000000000000000000e+00 7.330430081413029375e-02
3.000000000000000000e+00 4.000000000000000000e+00 4.664615349284361834e+00
3.000000000000000000e+00 5.000000000000000000e+00 2.121119727044757930e+00
3.000000000000000000e+00 6.000000000000000000e+00 2.125234850121675567e+00
3.000000000000000000e+00 7.000000000000000000e+00 2.124365737861673153e+00
4.000000000000000000e+00 5.000000000000000000e+00 2.633605970544717678e+00
4.000000000000000000e+00 6.000000000000000000e+00 2.637630291190820042e+00
4.000000000000000000e+00 7.000000000000000000e+00 2.624320192568097010e+00
5.000000000000000000e+00 6.000000000000000000e+00 3.718566979629554098e-02
5.000000000000000000e+00 7.000000000000000000e+00 7.538271923318247414e-02
6.000000000000000000e+00 7.000000000000000000e+00 7.925939675236264026e-02
