1.000000000000000000e+00 2.000000000000000000e+00 7.903002427699441085e-03
1.000000000000000000e+00 3.000000000000000000e+00 1.987953116245088497e-02
1.000000000000000000e+00 4.000000000000000000e+00 2.424001598740894714e+00
1.000000000000000000e+00 5.000000000000000000e+00 2.363964030431235305e-02
1.000000000000000000e+00 6.000000000000000000e+00 2.542852039938781061e-02
1.000000000000000000e+00 7.000000000000000000e+00 2.416810892520107612e-02
2.000000000000000000e+00 3.000000000000000000e+00 2.216575842251985312e-02
2.000000000000000000e+00 4.000000000000000000e+00 2.426295993038592336e+00
2.000000000000000000e+00 5.000000000000000000e+00 2.568117019353333488e-02
2.000000000000000000e+00 6.000000000000000000e+00 2.747424086353696115e-02
2.000000000000000000e+00 7.000000000000000000e+00 2.640899183972217346e-02
3.000000000000000000e+00 4.000000000000000000e+00 2.419223203302144576e+00
3.000000000000000000e+00 5.000000000000000000e+00 2.709077685526799575e-02
3.000000000000000000e+00 6.000000000000000000e+00 2.878854467926969529e-02
3.000000000000000000e+00 7.000000000000000000e+00 2.083521710256606985e-02
4.000000000000000000e+00 5.000000000000000000e+00 2.431219815187760869e+00
4.000000000000000000e+00 6.000000000000000000e+00 2.432911905005981090e+00
4.000000000000000000e+00 7.000000000000000000e+00 2.421428484793102243e+00
5.000000000000000000e+00 6.000000000000000000e+00 1.867254835298717830e-02
5.000000000000000000e+00 7.000000000000000000e+00 2.960046770398028215e-02
6.000000000000000000e+00 7.000000000000000000e+00 3.124656728401596639e-02
