1.000000000000000000e+00 2.000000000000000000e+00 6.090411195764622754e+00
1.000000000000000000e+00 3.000000000000000000e+00 1.169003660287654967e+01
1.000000000000000000e+00 4.000000000000000000e+00 1.467495744995014384e+01
1.000000000000000000e+00 5.000000000000000000e+00 1.247182825115137561e+01
1.000000000000000000e+00 6.000000000000000000e+00 1.243587910430566446e+01
1.000000000000000000e+00 7.000000000000000000e+00 1.325102022269450686e+01
2.000000000000000000e+00 3.000000000000000000e+00 1.211407432034036447e+01
2.000000000000000000e+00 4.000000000000000000e+00 1.509279013025132521e+01
2.000000000000000000e+00 5.000000000000000000e+00 1.276203722408875052e+01
2.000000000000000000e+00 6.000000000000000000e+00 1.272999272062645026e+01
2.000000000000000000e+00 7.000000000000000000e+00 1.365398981163844994e+01
3.000000000000000000e+00 4.000000000000000000e+00 1.105241222202492501e+01
3.000000000000000000e+00 5.000000000000000000e+00 1.336324645425308333e+01
3.000000000000000000e+00 6.000000000000000000e+00 1.322710729672555452e+01
3.000000000000000000e+00 7.000000000000000000e+00 1.059698268691425227e+01
4.000000000000000000e+00 5.000000000000000000e+00 1.616110409836665696e+01
4.000000000000000000e+00 6.000000000000000000e+00 1.601090110351398721e+01
4.000000000000000000e+00 7.000000000000000000e+00 1.216487807875192573e+01
5.000000000000000000e+00 6.000000000000000000e+00 8.457249099537696324e+00
5.000000000000000000e+00 7.000000000000000000e+00 1.436395131329804897e+01
6.000000000000000000e+00 7.000000000000000000e+00 1.418774562803356787e+01
