1.000000000000000000e+00 2.000000000000000000e+00 7.394039241213731239e-01
1.000000000000000000e+00 3.000000000000000000e+00 3.759152062392721927e+00
1.000000000000000000e+00 4.000000000000000000e+00 4.287804795902613542e+00
1.000000000000000000e+00 5.000000000000000000e+00 1.791290130632453126e+00
1.000000000000000000e+00 6.000000000000000000e+00 1.752790039418127499e+00
1.000000000000000000e+00 7.000000000000000000e+00 1.917457967915446204e+00
2.000000000000000000e+00 3.000000000000000000e+00 3.905064636330971783e+00
2.000000000000000000e+00 4.000000000000000000e+00 4.431926957260187372e+00
2.000000000000000000e+00 5.000000000000000000e+00 1.916993138790104689e+00
2.000000000000000000e+00 6.000000000000000000e+00 1.878983794315316924e+00
2.000000000000000000e+00 7.000000000000000000e+00 2.058867748042417123e+00
3.000000000000000000e+00 4.000000000000000000e+00 6.004547952128370447e+00
3.000000000000000000e+00 5.000000000000000000e+00 4.183316849432418216e+00
3.000000000000000000e+00 6.000000000000000000e+00 4.132370273235632219e+00
3.000000000000000000e+00 7.000000000000000000e+00 3.795139499066706890e+00
4.000000000000000000e+00 5.000000000000000000e+00 4.665520416979497931e+00
4.000000000000000000e+00 6.000000000000000000e+00 4.612324055973084036e+00
4.000000000000000000e+00 7.000000000000000000e+00 4.090993873774314338e+00
5.000000000000000000e+00 6.000000000000000000e+00 1.300858687830602101e+00
5.000000000000000000e+00 7.000000000000000000e+00 2.219930945015254231e+00
6.000000000000000000e+00 7.000000000000000000e+00 2.162552565924460879e+00
