1.000000000000000000e+00 2.000000000000000000e+00 5.492197298308225673e-01
1.000000000000000000e+00 3.000000000000000000e+00 1.004479893112110167e+00
1.000000000000000000e+00 4.000000000000000000e+00 1.048848830421263534e+00
1.000000000000000000e+00 5.000000000000000000e+00 1.021267831570753959e+00
1.000000000000000000e+00 6.000000000000000000e+00 1.039404947850496752e+00
1.000000000000000000e+00 7.000000000000000000e+00 1.119061611125059752e+00
2.000000000000000000e+00 3.000000000000000000e+00 1.012313780712644773e+00
2.000000000000000000e+00 4.000000000000000000e+00 1.056306196275296427e+00
2.000000000000000000e+00 5.000000000000000000e+00 1.020146199872486115e+00
2.000000000000000000e+00 6.000000000000000000e+00 1.038600289649419084e+00
2.000000000000000000e+00 7.000000000000000000e+00 1.125614733311584903e+00
3.000000000000000000e+00 4.000000000000000000e+00 7.716910216892498564e-01
3.000000000000000000e+00 5.000000000000000000e+00 1.086731727839982842e+00
3.000000000000000000e+00 6.000000000000000000e+00 1.097666195925861787e+00
3.000000000000000000e+00 7.000000000000000000e+00 9.176328899563030994e-01
4.000000000000000000e+00 5.000000000000000000e+00 1.118303231082553584e+00
4.000000000000000000e+00 6.000000000000000000e+00 1.128306362536792617e+00
4.000000000000000000e+00 7.000000000000000000e+00 8.471517288864416351e-01
5.000000000000000000e+00 6.000000000000000000e+00 7.004168451974110976e-01
5.000000000000000000e+00 7.000000000000000000e+00 1.162973760503369203e+00
6.000000000000000000e+00 7.000000000000000000e+00 1.171297740176739932e+00
