1.000000000000000000e+00 2.000000000000000000e+00 5.548926724676457312e-01
1.000000000000000000e+00 3.000000000000000000e+00 3.190625491997010066e+00
1.000000000000000000e+00 4.000000000000000000e+00 1.188374674795617425e+00
1.000000000000000000e+00 5.000000000000000000e+00 1.071558564586390316e+00
1.000000000000000000e+00 6.000000000000000000e+00 1.098086975761599415e+00
1.000000000000000000e+00 7.000000000000000000e+00 1.196908414117844321e+00
2.000000000000000000e+00 3.000000000000000000e+00 3.197876779673158865e+00
2.000000000000000000e+00 4.000000000000000000e+00 1.194304085640290891e+00
2.000000000000000000e+00 5.000000000000000000e+00 1.067680017930068503e+00
2.000000000000000000e+00 6.000000000000000000e+00 1.094504118560233774e+00
2.000000000000000000e+00 7.000000000000000000e+00 1.201857583430951282e+00
3.000000000000000000e+00 4.000000000000000000e+00 3.019572751432755275e+00
3.000000000000000000e+00 5.000000000000000000e+00 3.296824522982904959e+00
3.000000000000000000e+00 6.000000000000000000e+00 3.315552226869051378e+00
3.000000000000000000e+00 7.000000000000000000e+00 3.113141889175746968e+00
4.000000000000000000e+00 5.000000000000000000e+00 1.264162711236959113e+00
4.000000000000000000e+00 6.000000000000000000e+00 1.281332382554010163e+00
4.000000000000000000e+00 7.000000000000000000e+00 9.680415874038990065e-01
5.000000000000000000e+00 6.000000000000000000e+00 7.094195603141173478e-01
5.000000000000000000e+00 7.000000000000000000e+00 1.245906990548740767e+00
6.000000000000000000e+00 7.000000000000000000e+00 1.261253467218712343e+00
