1.000000000000000000e+00 2.000000000000000000e+00 5.496399952388669741e-01
1.000000000000000000e+00 3.000000000000000000e+00 1.038426458411047415e+00
1.000000000000000000e+00 4.000000000000000000e+00 1.084100915198654702e+00
1.000000000000000000e+00 5.000000000000000000e+00 1.071022978086488386e+00
1.000000000000000000e+00 6.000000000000000000e+00 1.103864164062756670e+00
1.000000000000000000e+00 7.000000000000000000e+00 1.151187260372356524e+00
2.000000000000000000e+00 3.000000000000000000e+00 1.043742252597512410e+00
2.000000000000000000e+00 4.000000000000000000e+00 1.088895874436915934e+00
2.000000000000000000e+00 5.000000000000000000e+00 1.065644461223651973e+00
2.000000000000000000e+00 6.000000000000000000e+00 1.098799179560293160e+00
2.000000000000000000e+00 7.000000000000000000e+00 1.154888657326245349e+00
3.000000000000000000e+00 4.000000000000000000e+00 7.721019869116168000e-01
3.000000000000000000e+00 5.000000000000000000e+00 1.135061279653019284e+00
3.000000000000000000e+00 6.000000000000000000e+00 1.159589587610066586e+00
3.000000000000000000e+00 7.000000000000000000e+00 9.186878444148984801e-01
4.000000000000000000e+00 5.000000000000000000e+00 1.164518811206317395e+00
4.000000000000000000e+00 6.000000000000000000e+00 1.187895675604618839e+00
4.000000000000000000e+00 7.000000000000000000e+00 8.475512073815043568e-01
5.000000000000000000e+00 6.000000000000000000e+00 7.060159588584806745e-01
5.000000000000000000e+00 7.000000000000000000e+00 1.201823865928574486e+00
6.000000000000000000e+00 7.000000000000000000e+00 1.223229318117203812e+00
