1.000000000000000000e+00 2.000000000000000000e+00 5.496857353050637052e-01
1.000000000000000000e+00 3.000000000000000000e+00 1.041045923867069067e+00
1.000000000000000000e+00 4.000000000000000000e+00 1.087012203875106442e+00
1.000000000000000000e+00 5.000000000000000000e+00 1.075580800484283506e+00
1.000000000000000000e+00 6.000000000000000000e+00 1.108152006276217350e+00
1.000000000000000000e+00 7.000000000000000000e+00 1.154867006673520047e+00
2.000000000000000000e+00 3.000000000000000000e+00 1.045897803998306674e+00
2.000000000000000000e+00 4.000000000000000000e+00 1.091349435611294938e+00
2.000000000000000000e+00 5.000000000000000000e+00 1.069823246693625274e+00
2.000000000000000000e+00 6.000000000000000000e+00 1.102701724278738027e+00
2.000000000000000000e+00 7.000000000000000000e+00 1.158115152935011993e+00
3.000000000000000000e+00 4.000000000000000000e+00 7.721880538469407806e-01
3.000000000000000000e+00 5.000000000000000000e+00 1.138171083182582644e+00
3.000000000000000000e+00 6.000000000000000000e+00 1.162465322290592518e+00
3.000000000000000000e+00 7.000000000000000000e+00 9.193604233722838526e-01
4.000000000000000000e+00 5.000000000000000000e+00 1.167924906055891165e+00
4.000000000000000000e+00 6.000000000000000000e+00 1.191074855401689447e+00
4.000000000000000000e+00 7.000000000000000000e+00 8.479302618671382685e-01
5.000000000000000000e+00 6.000000000000000000e+00 7.076225908252427033e-01
5.000000000000000000e+00 7.000000000000000000e+00 1.205980720250525939e+00
6.000000000000000000e+00 7.000000000000000000e+00 1.227173812206850956e+00
