1.000000000000000000e+00 2.000000000000000000e+00 5.496243134836636957e-01
1.000000000000000000e+00 3.000000000000000000e+00 1.027771644410016005e+00
1.000000000000000000e+00 4.000000000000000000e+00 1.067499472546932893e+00
1.000000000000000000e+00 5.000000000000000000e+00 1.063660066954355443e+00
1.000000000000000000e+00 6.000000000000000000e+00 1.092781372880855306e+00
1.000000000000000000e+00 7.000000000000000000e+00 1.120490818787325926e+00
2.000000000000000000e+00 3.000000000000000000e+00 1.033646214639087901e+00
2.000000000000000000e+00 4.000000000000000000e+00 1.072853254106238996e+00
2.000000000000000000e+00 5.000000000000000000e+00 1.058990942299662397e+00
2.000000000000000000e+00 6.000000000000000000e+00 1.088500197817958481e+00
2.000000000000000000e+00 7.000000000000000000e+00 1.124722493868700601e+00
3.000000000000000000e+00 4.000000000000000000e+00 7.706393974844263361e-01
3.000000000000000000e+00 5.000000000000000000e+00 1.115605504881182597e+00
3.000000000000000000e+00 6.000000000000000000e+00 1.134910881827750240e+00
3.000000000000000000e+00 7.000000000000000000e+00 9.070052878290397746e-01
4.000000000000000000e+00 5.000000000000000000e+00 1.138291633287692228e+00
4.000000000000000000e+00 6.000000000000000000e+00 1.156132497431504591e+00
4.000000000000000000e+00 7.000000000000000000e+00 8.410632164882236861e-01
5.000000000000000000e+00 6.000000000000000000e+00 7.072486364515955248e-01
5.000000000000000000e+00 7.000000000000000000e+00 1.159821661853315033e+00
6.000000000000000000e+00 7.000000000000000000e+00 1.175139967515099970e+00
