1.000000000000000000e+00 2.000000000000000000e+00 5.496861786306700415e-01
1.000000000000000000e+00 3.000000000000000000e+00 1.042472676246647412e+00
1.000000000000000000e+00 4.000000000000000000e+00 1.089093744449774137e+00
1.000000000000000000e+00 5.000000000000000000e+00 1.074512076451338727e+00
1.000000000000000000e+00 6.000000000000000000e+00 1.107185309182974420e+00
1.000000000000000000e+00 7.000000000000000000e+00 1.156275077732981993e+00
2.000000000000000000e+00 3.000000000000000000e+00 1.047249899292671094e+00
2.000000000000000000e+00 4.000000000000000000e+00 1.093345319011305827e+00
2.000000000000000000e+00 5.000000000000000000e+00 1.068696439248639107e+00
2.000000000000000000e+00 6.000000000000000000e+00 1.101675631440689918e+00
2.000000000000000000e+00 7.000000000000000000e+00 1.159438158260619245e+00
3.000000000000000000e+00 4.000000000000000000e+00 7.722372509210591041e-01
3.000000000000000000e+00 5.000000000000000000e+00 1.138305706221357072e+00
3.000000000000000000e+00 6.000000000000000000e+00 1.162660609097610598e+00
3.000000000000000000e+00 7.000000000000000000e+00 9.192119589694354165e-01
4.000000000000000000e+00 5.000000000000000000e+00 1.168582669273894536e+00
4.000000000000000000e+00 6.000000000000000000e+00 1.191787765310515335e+00
4.000000000000000000e+00 7.000000000000000000e+00 8.479556752876542536e-01
5.000000000000000000e+00 6.000000000000000000e+00 7.076307373241725873e-01
5.000000000000000000e+00 7.000000000000000000e+00 1.206077570103490038e+00
6.000000000000000000e+00 7.000000000000000000e+00 1.227323138480342690e+00
