1.000000000000000000e+00 2.000000000000000000e+00 5.678264527245825422e-01
1.000000000000000000e+00 3.000000000000000000e+00 1.147778678259301799e+00
1.000000000000000000e+00 4.000000000000000000e+00 1.168933729894835460e+00
1.000000000000000000e+00 5.000000000000000000e+00 1.124850199924690264e+00
1.000000000000000000e+00 6.000000000000000000e+00 1.158401963523094214e+00
1.000000000000000000e+00 7.000000000000000000e+00 1.227786771072422622e+00
2.000000000000000000e+00 3.000000000000000000e+00 1.136152196214137433e+00
2.000000000000000000e+00 4.000000000000000000e+00 1.156681350679124476e+00
2.000000000000000000e+00 5.000000000000000000e+00 1.100791215423868818e+00
2.000000000000000000e+00 6.000000000000000000e+00 1.134688141710081144e+00
2.000000000000000000e+00 7.000000000000000000e+00 1.214092448807243541e+00
3.000000000000000000e+00 4.000000000000000000e+00 8.124419662362893924e-01
3.000000000000000000e+00 5.000000000000000000e+00 1.200755213220146222e+00
3.000000000000000000e+00 6.000000000000000000e+00 1.225910219109457522e+00
3.000000000000000000e+00 7.000000000000000000e+00 9.783706176150011036e-01
4.000000000000000000e+00 5.000000000000000000e+00 1.204969654053254624e+00
4.000000000000000000e+00 6.000000000000000000e+00 1.228969601320052174e+00
4.000000000000000000e+00 7.000000000000000000e+00 8.716275655348388884e-01
5.000000000000000000e+00 6.000000000000000000e+00 7.077526398161073651e-01
5.000000000000000000e+00 7.000000000000000000e+00 1.230829151853041870e+00
6.000000000000000000e+00 7.000000000000000000e+00 1.252798665257205846e+00
