1.000000000000000000e+00 2.000000000000000000e+00 5.496301056063720436e-01
1.000000000000000000e+00 3.000000000000000000e+00 5.777024726203827676e-01
1.000000000000000000e+00 4.000000000000000000e+00 8.559484439193284500e-01
1.000000000000000000e+00 5.000000000000000000e+00 1.032036189000643978e+00
1.000000000000000000e+00 6.000000000000000000e+00 1.057305782153703966e+00
1.000000000000000000e+00 7.000000000000000000e+00 9.441978787771464487e-01
2.000000000000000000e+00 3.000000000000000000e+00 5.823937878637870380e-01
2.000000000000000000e+00 4.000000000000000000e+00 8.603870035789605852e-01
2.000000000000000000e+00 5.000000000000000000e+00 1.028281936965715238e+00
2.000000000000000000e+00 6.000000000000000000e+00 1.053883678238189514e+00
2.000000000000000000e+00 7.000000000000000000e+00 9.479393300786177479e-01
3.000000000000000000e+00 4.000000000000000000e+00 3.057489271715175816e-01
3.000000000000000000e+00 5.000000000000000000e+00 6.572880272699983539e-01
3.000000000000000000e+00 6.000000000000000000e+00 6.767137823260898077e-01
3.000000000000000000e+00 7.000000000000000000e+00 4.196361760797696627e-01
4.000000000000000000e+00 5.000000000000000000e+00 9.241310714330446263e-01
4.000000000000000000e+00 6.000000000000000000e+00 9.428589697418092719e-01
4.000000000000000000e+00 7.000000000000000000e+00 6.562376448609194002e-01
5.000000000000000000e+00 6.000000000000000000e+00 7.061374089406853294e-01
5.000000000000000000e+00 7.000000000000000000e+00 9.881428300393945152e-01
6.000000000000000000e+00 7.000000000000000000e+00 1.005466137595138143e+00
