1.000000000000000000e+00 2.000000000000000000e+00 5.473193801624358645e-01
1.000000000000000000e+00 3.000000000000000000e+00 9.681293282932497135e-01
1.000000000000000000e+00 4.000000000000000000e+00 1.015094472518800472e+00
1.000000000000000000e+00 5.000000000000000000e+00 9.680698209352353034e-01
1.000000000000000000e+00 6.000000000000000000e+00 9.887018121702233486e-01
1.000000000000000000e+00 7.000000000000000000e+00 1.082265294626532981e+00
2.000000000000000000e+00 3.000000000000000000e+00 9.810526025241255166e-01
2.000000000000000000e+00 4.000000000000000000e+00 1.027536194184053286e+00
2.000000000000000000e+00 5.000000000000000000e+00 9.719418541204668527e-01
2.000000000000000000e+00 6.000000000000000000e+00 9.927937393005912270e-01
2.000000000000000000e+00 7.000000000000000000e+00 1.093717680237066059e+00
3.000000000000000000e+00 4.000000000000000000e+00 7.705555882052430583e-01
3.000000000000000000e+00 5.000000000000000000e+00 1.032744134471762720e+00
3.000000000000000000e+00 6.000000000000000000e+00 1.048381186020911571e+00
3.000000000000000000e+00 7.000000000000000000e+00 9.135727776846553905e-01
4.000000000000000000e+00 5.000000000000000000e+00 1.064673263494094968e+00
4.000000000000000000e+00 6.000000000000000000e+00 1.079492409237077233e+00
4.000000000000000000e+00 7.000000000000000000e+00 8.460630782852807119e-01
5.000000000000000000e+00 6.000000000000000000e+00 6.675581268870343088e-01
5.000000000000000000e+00 7.000000000000000000e+00 1.104516718394985997e+00
6.000000000000000000e+00 7.000000000000000000e+00 1.117940132224610750e+00
