1.000000000000000000e+00 2.000000000000000000e+00 5.496953528238013309e-01
1.000000000000000000e+00 3.000000000000000000e+00 1.041788177952762684e+00
1.000000000000000000e+00 4.000000000000000000e+00 1.087476911974750715e+00
1.000000000000000000e+00 5.000000000000000000e+00 1.074453006694343848e+00
1.000000000000000000e+00 6.000000000000000000e+00 1.106959416238648686e+00
1.000000000000000000e+00 7.000000000000000000e+00 1.154740587165526300e+00
2.000000000000000000e+00 3.000000000000000000e+00 1.046430585190748275e+00
2.000000000000000000e+00 4.000000000000000000e+00 1.091609247632135071e+00
2.000000000000000000e+00 5.000000000000000000e+00 1.068550809375951260e+00
2.000000000000000000e+00 6.000000000000000000e+00 1.101364792464964548e+00
2.000000000000000000e+00 7.000000000000000000e+00 1.157788610440333876e+00
3.000000000000000000e+00 4.000000000000000000e+00 7.721363487901136136e-01
3.000000000000000000e+00 5.000000000000000000e+00 1.137172716171792608e+00
3.000000000000000000e+00 6.000000000000000000e+00 1.161319166259743518e+00
3.000000000000000000e+00 7.000000000000000000e+00 9.190268022961900485e-01
4.000000000000000000e+00 5.000000000000000000e+00 1.166726627625596535e+00
4.000000000000000000e+00 6.000000000000000000e+00 1.189720102481765185e+00
4.000000000000000000e+00 7.000000000000000000e+00 8.477933190847344314e-01
5.000000000000000000e+00 6.000000000000000000e+00 7.076092777880778062e-01
5.000000000000000000e+00 7.000000000000000000e+00 1.204258358541417273e+00
6.000000000000000000e+00 7.000000000000000000e+00 1.225275927414887445e+00
