1.000000000000000000e+00 2.000000000000000000e+00 5.496858229572800791e-01
1.000000000000000000e+00 3.000000000000000000e+00 1.041135636217563665e+00
1.000000000000000000e+00 4.000000000000000000e+00 1.087115044547068088e+00
1.000000000000000000e+00 5.000000000000000000e+00 1.076213204472321827e+00
1.000000000000000000e+00 6.000000000000000000e+00 1.108776016588042923e+00
1.000000000000000000e+00 7.000000000000000000e+00 1.154992470005161476e+00
2.000000000000000000e+00 3.000000000000000000e+00 1.045992487781209235e+00
2.000000000000000000e+00 4.000000000000000000e+00 1.091457596346733894e+00
2.000000000000000000e+00 5.000000000000000000e+00 1.070468910747800706e+00
2.000000000000000000e+00 6.000000000000000000e+00 1.103338817992050691e+00
2.000000000000000000e+00 7.000000000000000000e+00 1.158246481575232689e+00
3.000000000000000000e+00 4.000000000000000000e+00 7.721891761205414983e-01
3.000000000000000000e+00 5.000000000000000000e+00 1.138429718856469819e+00
3.000000000000000000e+00 6.000000000000000000e+00 1.162720994906342620e+00
3.000000000000000000e+00 7.000000000000000000e+00 9.193640679736470034e-01
4.000000000000000000e+00 5.000000000000000000e+00 1.168170397611550282e+00
4.000000000000000000e+00 6.000000000000000000e+00 1.191317699108639827e+00
4.000000000000000000e+00 7.000000000000000000e+00 8.479315262277822285e-01
5.000000000000000000e+00 6.000000000000000000e+00 7.076232869323246799e-01
5.000000000000000000e+00 7.000000000000000000e+00 1.206196320835162705e+00
6.000000000000000000e+00 7.000000000000000000e+00 1.227387228856688051e+00
