1.000000000000000000e+00 2.000000000000000000e+00 5.496849537395954721e-01
1.000000000000000000e+00 3.000000000000000000e+00 1.039953746414410629e+00
1.000000000000000000e+00 4.000000000000000000e+00 1.085264558579323690e+00
1.000000000000000000e+00 5.000000000000000000e+00 1.073615435979685007e+00
1.000000000000000000e+00 6.000000000000000000e+00 1.105943910824643384e+00
1.000000000000000000e+00 7.000000000000000000e+00 1.152303656123590425e+00
2.000000000000000000e+00 3.000000000000000000e+00 1.044806993815390106e+00
2.000000000000000000e+00 4.000000000000000000e+00 1.089606323062724424e+00
2.000000000000000000e+00 5.000000000000000000e+00 1.067858439305792384e+00
2.000000000000000000e+00 6.000000000000000000e+00 1.100499416615755122e+00
2.000000000000000000e+00 7.000000000000000000e+00 1.155554947656385778e+00
3.000000000000000000e+00 4.000000000000000000e+00 7.720658077772126759e-01
3.000000000000000000e+00 5.000000000000000000e+00 1.136034294563672109e+00
3.000000000000000000e+00 6.000000000000000000e+00 1.159968880722463735e+00
3.000000000000000000e+00 7.000000000000000000e+00 9.185802619220928555e-01
4.000000000000000000e+00 5.000000000000000000e+00 1.165195854987359336e+00
4.000000000000000000e+00 6.000000000000000000e+00 1.187966758901948916e+00
4.000000000000000000e+00 7.000000000000000000e+00 8.474413414695902702e-01
5.000000000000000000e+00 6.000000000000000000e+00 7.075889713360508093e-01
5.000000000000000000e+00 7.000000000000000000e+00 1.202449559214499697e+00
6.000000000000000000e+00 7.000000000000000000e+00 1.223227767586267056e+00
