1.000000000000000000e+00 2.000000000000000000e+00 6.280443138704272510e-01
1.000000000000000000e+00 3.000000000000000000e+00 1.187496663369445704e+00
1.000000000000000000e+00 4.000000000000000000e+00 1.746756424790400386e+00
1.000000000000000000e+00 5.000000000000000000e+00 1.337311312126063800e+00
1.000000000000000000e+00 6.000000000000000000e+00 1.316154718244827215e+00
1.000000000000000000e+00 7.000000000000000000e+00 1.384515157451600809e+00
2.000000000000000000e+00 3.000000000000000000e+00 1.260974981727972954e+00
2.000000000000000000e+00 4.000000000000000000e+00 1.819639273365106336e+00
2.000000000000000000e+00 5.000000000000000000e+00 1.397274473178972354e+00
2.000000000000000000e+00 6.000000000000000000e+00 1.376525424516866991e+00
2.000000000000000000e+00 7.000000000000000000e+00 1.455957289783113451e+00
3.000000000000000000e+00 4.000000000000000000e+00 1.380389153906169009e+00
3.000000000000000000e+00 5.000000000000000000e+00 1.437032584790702394e+00
3.000000000000000000e+00 6.000000000000000000e+00 1.404928678612876958e+00
3.000000000000000000e+00 7.000000000000000000e+00 1.111487894302251922e+00
4.000000000000000000e+00 5.000000000000000000e+00 1.976232873548386504e+00
4.000000000000000000e+00 6.000000000000000000e+00 1.942622652442573816e+00
4.000000000000000000e+00 7.000000000000000000e+00 1.523099646175314126e+00
5.000000000000000000e+00 6.000000000000000000e+00 9.403284433259142538e-01
5.000000000000000000e+00 7.000000000000000000e+00 1.573414617049260888e+00
6.000000000000000000e+00 7.000000000000000000e+00 1.536925117889413661e+00
