1.000000000000000000e+00 2.000000000000000000e+00 5.496782881574395763e-01
1.000000000000000000e+00 3.000000000000000000e+00 1.032860341590226438e+00
1.000000000000000000e+00 4.000000000000000000e+00 1.071161126914861317e+00
1.000000000000000000e+00 5.000000000000000000e+00 1.065448308952667400e+00
1.000000000000000000e+00 6.000000000000000000e+00 1.094329939451487377e+00
1.000000000000000000e+00 7.000000000000000000e+00 1.123083352049463635e+00
2.000000000000000000e+00 3.000000000000000000e+00 1.037623960406008239e+00
2.000000000000000000e+00 4.000000000000000000e+00 1.075435899318939459e+00
2.000000000000000000e+00 5.000000000000000000e+00 1.060123031221444467e+00
2.000000000000000000e+00 6.000000000000000000e+00 1.089385430520239062e+00
2.000000000000000000e+00 7.000000000000000000e+00 1.126305841552933895e+00
3.000000000000000000e+00 4.000000000000000000e+00 7.704450716662072374e-01
3.000000000000000000e+00 5.000000000000000000e+00 1.114268190111690426e+00
3.000000000000000000e+00 6.000000000000000000e+00 1.133079555112044723e+00
3.000000000000000000e+00 7.000000000000000000e+00 9.060170799415483422e-01
4.000000000000000000e+00 5.000000000000000000e+00 1.135754132518543624e+00
4.000000000000000000e+00 6.000000000000000000e+00 1.153085098883094961e+00
4.000000000000000000e+00 7.000000000000000000e+00 8.401890908356652865e-01
5.000000000000000000e+00 6.000000000000000000e+00 7.072103243306395726e-01
5.000000000000000000e+00 7.000000000000000000e+00 1.157037338311245112e+00
6.000000000000000000e+00 7.000000000000000000e+00 1.171864062209838409e+00
