1.000000000000000000e+00 2.000000000000000000e+00 1.638108719832080729e+00
1.000000000000000000e+00 3.000000000000000000e+00 2.193531745240211439e+00
1.000000000000000000e+00 4.000000000000000000e+00 2.804252121178180790e+00
1.000000000000000000e+00 5.000000000000000000e+00 2.703168128766417322e+00
1.000000000000000000e+00 6.000000000000000000e+00 2.746776490169310136e+00
1.000000000000000000e+00 7.000000000000000000e+00 3.036465665645309286e+00
2.000000000000000000e+00 3.000000000000000000e+00 2.247915442172919942e+00
2.000000000000000000e+00 4.000000000000000000e+00 2.857209206746613273e+00
2.000000000000000000e+00 5.000000000000000000e+00 2.734359911074658367e+00
2.000000000000000000e+00 6.000000000000000000e+00 2.778480196236678523e+00
2.000000000000000000e+00 7.000000000000000000e+00 3.086602897998529826e+00
3.000000000000000000e+00 4.000000000000000000e+00 1.680731259562463276e+00
3.000000000000000000e+00 5.000000000000000000e+00 2.328522707724574037e+00
3.000000000000000000e+00 6.000000000000000000e+00 2.362167886633558922e+00
3.000000000000000000e+00 7.000000000000000000e+00 2.121580837567471178e+00
4.000000000000000000e+00 5.000000000000000000e+00 2.893008307816762770e+00
4.000000000000000000e+00 6.000000000000000000e+00 2.924647778649658747e+00
4.000000000000000000e+00 7.000000000000000000e+00 2.406092672040426095e+00
5.000000000000000000e+00 6.000000000000000000e+00 1.939211948109639927e+00
5.000000000000000000e+00 7.000000000000000000e+00 3.043556870717297080e+00
6.000000000000000000e+00 7.000000000000000000e+00 3.071873511666534995e+00
