1.000000000000000000e+00 2.000000000000000000e+00 5.496855172763028818e-01
1.000000000000000000e+00 3.000000000000000000e+00 1.040858750948463252e+00
1.000000000000000000e+00 4.000000000000000000e+00 1.086796539616225798e+00
1.000000000000000000e+00 5.000000000000000000e+00 1.074203646879666074e+00
1.000000000000000000e+00 6.000000000000000000e+00 1.106795191016546998e+00
1.000000000000000000e+00 7.000000000000000000e+00 1.154603274870982021e+00
2.000000000000000000e+00 3.000000000000000000e+00 1.045699115966242543e+00
2.000000000000000000e+00 4.000000000000000000e+00 1.091121419564468953e+00
2.000000000000000000e+00 5.000000000000000000e+00 1.068414421653629098e+00
2.000000000000000000e+00 6.000000000000000000e+00 1.101313655464455810e+00
2.000000000000000000e+00 7.000000000000000000e+00 1.157837744647621347e+00
3.000000000000000000e+00 4.000000000000000000e+00 7.721860071556732041e-01
3.000000000000000000e+00 5.000000000000000000e+00 1.137590821355017656e+00
3.000000000000000000e+00 6.000000000000000000e+00 1.161892098431636988e+00
3.000000000000000000e+00 7.000000000000000000e+00 9.193526616386547001e-01
4.000000000000000000e+00 5.000000000000000000e+00 1.167372954416337372e+00
4.000000000000000000e+00 6.000000000000000000e+00 1.190529182436024680e+00
4.000000000000000000e+00 7.000000000000000000e+00 8.479276769904762201e-01
5.000000000000000000e+00 6.000000000000000000e+00 7.076207227810920042e-01
5.000000000000000000e+00 7.000000000000000000e+00 1.205493772921652385e+00
6.000000000000000000e+00 7.000000000000000000e+00 1.226692017389202194e+00
