1.000000000000000000e+00 2.000000000000000000e+00 2.079434068603849828e-02
1.000000000000000000e+00 3.000000000000000000e+00 4.343846172897777080e+00
1.000000000000000000e+00 4.000000000000000000e+00 1.250598597573622239e-01
1.000000000000000000e+00 5.000000000000000000e+00 7.618207652431245869e-01
1.000000000000000000e+00 6.000000000000000000e+00 7.722244390662733604e-01
1.000000000000000000e+00 7.000000000000000000e+00 1.160901572835548734e-01
2.000000000000000000e+00 3.000000000000000000e+00 4.338080344086558071e+00
2.000000000000000000e+00 4.000000000000000000e+00 1.191477566735747451e-01
2.000000000000000000e+00 5.000000000000000000e+00 7.557059195538986529e-01
2.000000000000000000e+00 6.000000000000000000e+00 7.661100097370148188e-01
2.000000000000000000e+00 7.000000000000000000e+00 1.101747149560562133e-01
3.000000000000000000e+00 4.000000000000000000e+00 4.280343812215260613e+00
3.000000000000000000e+00 5.000000000000000000e+00 4.987519142288372009e+00
3.000000000000000000e+00 6.000000000000000000e+00 4.997775905932255291e+00
3.000000000000000000e+00 7.000000000000000000e+00 4.276937344911770467e+00
4.000000000000000000e+00 5.000000000000000000e+00 7.595632252958277597e-01
4.000000000000000000e+00 6.000000000000000000e+00 7.697999636553942704e-01
4.000000000000000000e+00 7.000000000000000000e+00 4.089171172952901778e-02
5.000000000000000000e+00 6.000000000000000000e+00 3.992979809946017866e-02
5.000000000000000000e+00 7.000000000000000000e+00 7.482787636506276208e-01
6.000000000000000000e+00 7.000000000000000000e+00 7.585082311416477818e-01
