1.000000000000000000e+00 2.000000000000000000e+00 6.595796450949192868e-01
1.000000000000000000e+00 3.000000000000000000e+00 6.154695890540294201e+00
1.000000000000000000e+00 4.000000000000000000e+00 1.989039216436649493e+00
1.000000000000000000e+00 5.000000000000000000e+00 2.461696154040413642e+00
1.000000000000000000e+00 6.000000000000000000e+00 2.616774835885361306e+00
1.000000000000000000e+00 7.000000000000000000e+00 1.938205645985247694e+00
2.000000000000000000e+00 3.000000000000000000e+00 6.034813744544981873e+00
2.000000000000000000e+00 4.000000000000000000e+00 1.867226405812287826e+00
2.000000000000000000e+00 5.000000000000000000e+00 2.324049947430692153e+00
2.000000000000000000e+00 6.000000000000000000e+00 2.479449317085663296e+00
2.000000000000000000e+00 7.000000000000000000e+00 1.815115947885146186e+00
3.000000000000000000e+00 4.000000000000000000e+00 5.404159766963520184e+00
3.000000000000000000e+00 5.000000000000000000e+00 6.751206637282548328e+00
3.000000000000000000e+00 6.000000000000000000e+00 6.890527802985062955e+00
3.000000000000000000e+00 7.000000000000000000e+00 5.499593847035363581e+00
4.000000000000000000e+00 5.000000000000000000e+00 2.523714248586698350e+00
4.000000000000000000e+00 6.000000000000000000e+00 2.660807845065087385e+00
4.000000000000000000e+00 7.000000000000000000e+00 1.129946623998499655e+00
5.000000000000000000e+00 6.000000000000000000e+00 9.953807159905285751e-01
5.000000000000000000e+00 7.000000000000000000e+00 2.416472482869775007e+00
6.000000000000000000e+00 7.000000000000000000e+00 2.550872742815450067e+00
