1.000000000000000000e+00 2.000000000000000000e+00 5.492197298308361120e-01
1.000000000000000000e+00 3.000000000000000000e+00 1.004479893113619626e+00
1.000000000000000000e+00 4.000000000000000000e+00 1.048848830422151046e+00
1.000000000000000000e+00 5.000000000000000000e+00 1.021267831570697338e+00
1.000000000000000000e+00 6.000000000000000000e+00 1.039404947850569139e+00
1.000000000000000000e+00 7.000000000000000000e+00 1.119061611124900546e+00
2.000000000000000000e+00 3.000000000000000000e+00 1.012313780736499025e+00
2.000000000000000000e+00 4.000000000000000000e+00 1.056306196306696421e+00
2.000000000000000000e+00 5.000000000000000000e+00 1.020146199878538384e+00
2.000000000000000000e+00 6.000000000000000000e+00 1.038600289646044450e+00
2.000000000000000000e+00 7.000000000000000000e+00 1.125614733313653693e+00
3.000000000000000000e+00 4.000000000000000000e+00 7.716910210058411934e-01
3.000000000000000000e+00 5.000000000000000000e+00 1.086731727854260976e+00
3.000000000000000000e+00 6.000000000000000000e+00 1.097666195932358812e+00
3.000000000000000000e+00 7.000000000000000000e+00 9.176328898915724341e-01
4.000000000000000000e+00 5.000000000000000000e+00 1.118303231096650974e+00
4.000000000000000000e+00 6.000000000000000000e+00 1.128306362544580166e+00
4.000000000000000000e+00 7.000000000000000000e+00 8.471517288026670922e-01
5.000000000000000000e+00 6.000000000000000000e+00 7.004168451173744536e-01
5.000000000000000000e+00 7.000000000000000000e+00 1.162973760563555059e+00
6.000000000000000000e+00 7.000000000000000000e+00 1.171297740232911222e+00
