1.000000000000000000e+00 2.000000000000000000e+00 5.496879991520460876e-03
1.000000000000000000e+00 3.000000000000000000e+00 1.042630609700883303e-02
1.000000000000000000e+00 4.000000000000000000e+00 1.088909112735322003e-02
1.000000000000000000e+00 5.000000000000000000e+00 1.087897708218526008e-02
1.000000000000000000e+00 6.000000000000000000e+00 1.120650637361283314e-02
1.000000000000000000e+00 7.000000000000000000e+00 1.157005169409370399e-02
2.000000000000000000e+00 3.000000000000000000e+00 1.047594524994586475e-02
2.000000000000000000e+00 4.000000000000000000e+00 1.093368111774718245e-02
2.000000000000000000e+00 5.000000000000000000e+00 1.082443770856055323e-02
2.000000000000000000e+00 6.000000000000000000e+00 1.115505749831207510e-02
2.000000000000000000e+00 7.000000000000000000e+00 1.160380209551292729e-02
3.000000000000000000e+00 4.000000000000000000e+00 7.722225324720674924e-03
3.000000000000000000e+00 5.000000000000000000e+00 1.143722619324984494e-02
3.000000000000000000e+00 6.000000000000000000e+00 1.168181932516756255e-02
3.000000000000000000e+00 7.000000000000000000e+00 9.195040714940698467e-03
4.000000000000000000e+00 5.000000000000000000e+00 1.173335176909149485e-02
4.000000000000000000e+00 6.000000000000000000e+00 1.196652297492263595e-02
4.000000000000000000e+00 7.000000000000000000e+00 8.481580889219131336e-03
5.000000000000000000e+00 6.000000000000000000e+00 7.076333050242088890e-03
5.000000000000000000e+00 7.000000000000000000e+00 1.210430970483847984e-02
6.000000000000000000e+00 7.000000000000000000e+00 1.231773532744154243e-02
