1.000000000000000000e+00 2.000000000000000000e+00 6.657459885871176430e-01
1.000000000000000000e+00 3.000000000000000000e+00 6.171663817144843911e+00
1.000000000000000000e+00 4.000000000000000000e+00 2.006372066958962197e+00
1.000000000000000000e+00 5.000000000000000000e+00 2.487803399381238290e+00
1.000000000000000000e+00 6.000000000000000000e+00 2.643606950314770110e+00
1.000000000000000000e+00 7.000000000000000000e+00 1.956071601591213849e+00
2.000000000000000000e+00 3.000000000000000000e+00 6.051034265893515673e+00
2.000000000000000000e+00 4.000000000000000000e+00 1.883811951944684537e+00
2.000000000000000000e+00 5.000000000000000000e+00 2.349477350417637833e+00
2.000000000000000000e+00 6.000000000000000000e+00 2.505602715422453386e+00
2.000000000000000000e+00 7.000000000000000000e+00 1.832216266880057010e+00
3.000000000000000000e+00 4.000000000000000000e+00 5.414021993739362770e+00
3.000000000000000000e+00 5.000000000000000000e+00 6.772356758651620012e+00
3.000000000000000000e+00 6.000000000000000000e+00 6.912294075889824363e+00
3.000000000000000000e+00 7.000000000000000000e+00 5.511586902700639889e+00
4.000000000000000000e+00 5.000000000000000000e+00 2.544316197731836926e+00
4.000000000000000000e+00 6.000000000000000000e+00 2.682004618762991122e+00
4.000000000000000000e+00 7.000000000000000000e+00 1.140526132843288742e+00
5.000000000000000000e+00 6.000000000000000000e+00 1.003692047975835777e+00
5.000000000000000000e+00 7.000000000000000000e+00 2.436196388633783627e+00
6.000000000000000000e+00 7.000000000000000000e+00 2.571142884644877391e+00
