1.000000000000000000e+00 2.000000000000000000e+00 5.498939710350586076e-03
1.000000000000000000e+00 3.000000000000000000e+00 2.047683745177265813e+00
1.000000000000000000e+00 4.000000000000000000e+00 1.552829031535051321e-02
1.000000000000000000e+00 5.000000000000000000e+00 1.188814818873886077e-02
1.000000000000000000e+00 6.000000000000000000e+00 1.248671234060244953e-02
1.000000000000000000e+00 7.000000000000000000e+00 1.438734476490527263e-02
2.000000000000000000e+00 3.000000000000000000e+00 2.047761635956795168e+00
2.000000000000000000e+00 4.000000000000000000e+00 1.547679659385567397e-02
2.000000000000000000e+00 5.000000000000000000e+00 1.176667582693391272e-02
2.000000000000000000e+00 6.000000000000000000e+00 1.236606781083781498e-02
2.000000000000000000e+00 7.000000000000000000e+00 1.434760118388214191e-02
3.000000000000000000e+00 4.000000000000000000e+00 2.050076375245839966e+00
3.000000000000000000e+00 5.000000000000000000e+00 2.050356947874544034e+00
3.000000000000000000e+00 6.000000000000000000e+00 2.050922557920814793e+00
3.000000000000000000e+00 7.000000000000000000e+00 2.049000446432885703e+00
4.000000000000000000e+00 5.000000000000000000e+00 1.609696533683895037e-02
4.000000000000000000e+00 6.000000000000000000e+00 1.662918833687576300e-02
4.000000000000000000e+00 7.000000000000000000e+00 1.099304932205941339e-02
5.000000000000000000e+00 6.000000000000000000e+00 7.098887256757474562e-03
5.000000000000000000e+00 7.000000000000000000e+00 1.509292581178805527e-02
6.000000000000000000e+00 7.000000000000000000e+00 1.562243437155106697e-02
