1.000000000000000000e+00 2.000000000000000000e+00 1.231542792039198986e+01
1.000000000000000000e+00 3.000000000000000000e+00 2.056875338972697520e+01
1.000000000000000000e+00 4.000000000000000000e+00 2.103485836791780272e+01
1.000000000000000000e+00 5.000000000000000000e+00 2.182851519296404064e+01
1.000000000000000000e+00 6.000000000000000000e+00 1.881754502910027327e+01
1.000000000000000000e+00 7.000000000000000000e+00 1.890425033844185521e+01
1.000000000000000000e+00 8.000000000000000000e+00 2.845904955805828251e+01
1.000000000000000000e+00 9.000000000000000000e+00 2.867768248867722036e+01
1.000000000000000000e+00 1.000000000000000000e+01 2.885351731401789266e+01
2.000000000000000000e+00 3.000000000000000000e+00 2.056624594257243288e+01
2.000000000000000000e+00 4.000000000000000000e+00 2.102689151300743120e+01
2.000000000000000000e+00 5.000000000000000000e+00 2.180930905484562032e+01
2.000000000000000000e+00 6.000000000000000000e+00 1.880462485342748380e+01
2.000000000000000000e+00 7.000000000000000000e+00 1.887767061627664589e+01
2.000000000000000000e+00 8.000000000000000000e+00 2.845460006001952280e+01
2.000000000000000000e+00 9.000000000000000000e+00 2.867310829925553151e+01
2.000000000000000000e+00 1.000000000000000000e+01 2.884896993218627870e+01
3.000000000000000000e+00 4.000000000000000000e+00 1.290168676674419501e+01
3.000000000000000000e+00 5.000000000000000000e+00 1.678297652197893086e+01
3.000000000000000000e+00 6.000000000000000000e+00 1.404484472103499826e+01
3.000000000000000000e+00 7.000000000000000000e+00 1.447745983052325158e+01
3.000000000000000000e+00 8.000000000000000000e+00 2.397961094183945363e+01
3.000000000000000000e+00 9.000000000000000000e+00 2.419904892354654180e+01
3.000000000000000000e+00 1.000000000000000000e+01 2.437478936874515512e+01
4.000000000000000000e+00 5.000000000000000000e+00 1.650227985370289474e+01
4.000000000000000000e+00 6.000000000000000000e+00 1.396006810758652961e+01
4.000000000000000000e+00 7.000000000000000000e+00 1.440265310982930913e+01
4.000000000000000000e+00 8.000000000000000000e+00 2.405179802051138438e+01
4.000000000000000000e+00 9.000000000000000000e+00 2.427065601795115413e+01
4.000000000000000000e+00 1.000000000000000000e+01 2.444653751667358677e+01
5.000000000000000000e+00 6.000000000000000000e+00 1.220663711146210062e+01
5.000000000000000000e+00 7.000000000000000000e+00 1.237809907909977625e+01
5.000000000000000000e+00 8.000000000000000000e+00 2.332480881273104956e+01
5.000000000000000000e+00 9.000000000000000000e+00 2.354028203949523856e+01
5.000000000000000000e+00 1.000000000000000000e+01 2.371694305245689804e+01
6.000000000000000000e+00 7.000000000000000000e+00 9.263288666364154267e+00
6.000000000000000000e+00 8.000000000000000000e+00 1.909016404320729521e+01
6.000000000000000000e+00 9.000000000000000000e+00 1.930488553791182937e+01
6.000000000000000000e+00 1.000000000000000000e+01 1.948180212368701802e+01
7.000000000000000000e+00 8.000000000000000000e+00 2.003496298749075777e+01
7.000000000000000000e+00 9.000000000000000000e+00 2.024731265979130512e+01
7.000000000000000000e+00 1.000000000000000000e+01 2.042460055541258157e+01
8.000000000000000000e+00 9.000000000000000000e+00 1.282540437503664776e+01
8.000000000000000000e+00 1.000000000000000000e+01 1.399821644426450007e+01
9.000000000000000000e+00 1.000000000000000000e+01 1.202179177772652707e+01
