1.000000000000000000e+00 2.000000000000000000e+00 7.342857022378557717e-03
1.000000000000000000e+00 3.000000000000000000e+00 2.244013547188118185e+00
1.000000000000000000e+00 4.000000000000000000e+00 2.515777108102300375e+00
1.000000000000000000e+00 5.000000000000000000e+00 3.551297132893576070e+00
1.000000000000000000e+00 6.000000000000000000e+00 4.843772205530193498e-01
1.000000000000000000e+00 7.000000000000000000e+00 4.884648942127428617e-01
1.000000000000000000e+00 8.000000000000000000e+00 5.594620346062383343e-01
1.000000000000000000e+00 9.000000000000000000e+00 5.612420593017356518e-01
1.000000000000000000e+00 1.000000000000000000e+01 5.602429615024246967e-01
2.000000000000000000e+00 3.000000000000000000e+00 2.246991669914870204e+00
2.000000000000000000e+00 4.000000000000000000e+00 2.518748407685212243e+00
2.000000000000000000e+00 5.000000000000000000e+00 3.554203616569968638e+00
2.000000000000000000e+00 6.000000000000000000e+00 4.872760981306070160e-01
2.000000000000000000e+00 7.000000000000000000e+00 4.913633408137303427e-01
2.000000000000000000e+00 8.000000000000000000e+00 5.623611353118861400e-01
2.000000000000000000e+00 9.000000000000000000e+00 5.641411594853836808e-01
2.000000000000000000e+00 1.000000000000000000e+01 5.631420620076159622e-01
3.000000000000000000e+00 4.000000000000000000e+00 4.639466843608181179e+00
3.000000000000000000e+00 5.000000000000000000e+00 5.728133608117482289e+00
3.000000000000000000e+00 6.000000000000000000e+00 2.663728950775148263e+00
3.000000000000000000e+00 7.000000000000000000e+00 2.667902995250585718e+00
3.000000000000000000e+00 8.000000000000000000e+00 2.738854557552267366e+00
3.000000000000000000e+00 9.000000000000000000e+00 2.740634581083769117e+00
3.000000000000000000e+00 1.000000000000000000e+01 2.739635479375245097e+00
4.000000000000000000e+00 5.000000000000000000e+00 5.908858677557344841e+00
4.000000000000000000e+00 6.000000000000000000e+00 2.862037405898349984e+00
4.000000000000000000e+00 7.000000000000000000e+00 2.866321475270640295e+00
4.000000000000000000e+00 8.000000000000000000e+00 2.937338491182456046e+00
4.000000000000000000e+00 9.000000000000000000e+00 2.939118473180988733e+00
4.000000000000000000e+00 1.000000000000000000e+01 2.938119352332375200e+00
5.000000000000000000e+00 6.000000000000000000e+00 3.205597943624253876e+00
5.000000000000000000e+00 7.000000000000000000e+00 3.206069123120996345e+00
5.000000000000000000e+00 8.000000000000000000e+00 3.284169058027062160e+00
5.000000000000000000e+00 9.000000000000000000e+00 3.285948104946350146e+00
5.000000000000000000e+00 1.000000000000000000e+01 3.284948570892296082e+00
6.000000000000000000e+00 7.000000000000000000e+00 1.429303061112974227e-02
6.000000000000000000e+00 8.000000000000000000e+00 8.687581722992232525e-02
6.000000000000000000e+00 9.000000000000000000e+00 8.865475470405825842e-02
6.000000000000000000e+00 1.000000000000000000e+01 8.765516107257065315e-02
7.000000000000000000e+00 8.000000000000000000e+00 9.364155097012860640e-02
7.000000000000000000e+00 9.000000000000000000e+00 9.542006479221165627e-02
7.000000000000000000e+00 1.000000000000000000e+01 9.442027808956832136e-02
8.000000000000000000e+00 9.000000000000000000e+00 7.638539610259620360e-03
8.000000000000000000e+00 1.000000000000000000e+01 7.169971912607153719e-03
9.000000000000000000e+00 1.000000000000000000e+01 6.658440909834140164e-03
