1.000000000000000000e+00 2.000000000000000000e+00 5.800391707117154461e+00
1.000000000000000000e+00 3.000000000000000000e+00 7.773238357856536496e+00
1.000000000000000000e+00 4.000000000000000000e+00 8.340703139408772060e+00
1.000000000000000000e+00 5.000000000000000000e+00 8.381592195097640641e+00
1.000000000000000000e+00 6.000000000000000000e+00 4.754919859564932239e+00
1.000000000000000000e+00 7.000000000000000000e+00 4.752295220285717825e+00
1.000000000000000000e+00 8.000000000000000000e+00 9.339141927817671274e+00
1.000000000000000000e+00 9.000000000000000000e+00 9.459689271853493509e+00
1.000000000000000000e+00 1.000000000000000000e+01 9.452382865814417556e+00
2.000000000000000000e+00 3.000000000000000000e+00 7.802560869070964245e+00
2.000000000000000000e+00 4.000000000000000000e+00 8.370210000010180451e+00
2.000000000000000000e+00 5.000000000000000000e+00 8.411517752654072311e+00
2.000000000000000000e+00 6.000000000000000000e+00 4.785117740143981280e+00
2.000000000000000000e+00 7.000000000000000000e+00 4.782449497723830767e+00
2.000000000000000000e+00 8.000000000000000000e+00 9.369361832423258818e+00
2.000000000000000000e+00 9.000000000000000000e+00 9.489908718896378659e+00
2.000000000000000000e+00 1.000000000000000000e+01 9.482602317117457602e+00
3.000000000000000000e+00 4.000000000000000000e+00 5.761311600631920271e+00
3.000000000000000000e+00 5.000000000000000000e+00 6.940833242733821962e+00
3.000000000000000000e+00 6.000000000000000000e+00 3.532715479922423185e+00
3.000000000000000000e+00 7.000000000000000000e+00 3.533505271094530720e+00
3.000000000000000000e+00 8.000000000000000000e+00 8.116389580218566380e+00
3.000000000000000000e+00 9.000000000000000000e+00 8.236953433646620581e+00
3.000000000000000000e+00 1.000000000000000000e+01 8.229645850512387284e+00
4.000000000000000000e+00 5.000000000000000000e+00 7.375460569426474322e+00
4.000000000000000000e+00 6.000000000000000000e+00 3.998095078096032040e+00
4.000000000000000000e+00 7.000000000000000000e+00 3.999573906659603217e+00
4.000000000000000000e+00 8.000000000000000000e+00 8.581827267479944510e+00
4.000000000000000000e+00 9.000000000000000000e+00 8.702391551766284650e+00
4.000000000000000000e+00 1.000000000000000000e+01 8.695083949107907273e+00
5.000000000000000000e+00 6.000000000000000000e+00 3.734252487401725773e+00
5.000000000000000000e+00 7.000000000000000000e+00 3.734944839374349179e+00
5.000000000000000000e+00 8.000000000000000000e+00 8.319726969858773913e+00
5.000000000000000000e+00 9.000000000000000000e+00 8.440269394510513834e+00
5.000000000000000000e+00 1.000000000000000000e+01 8.432963379630528777e+00
6.000000000000000000e+00 7.000000000000000000e+00 1.159948844971481208e-02
6.000000000000000000e+00 8.000000000000000000e+00 4.592881278201069506e+00
6.000000000000000000e+00 9.000000000000000000e+00 4.713419694550303518e+00
6.000000000000000000e+00 1.000000000000000000e+01 4.706113993418608032e+00
7.000000000000000000e+00 8.000000000000000000e+00 4.597485619757250674e+00
7.000000000000000000e+00 9.000000000000000000e+00 4.718006605047596835e+00
7.000000000000000000e+00 1.000000000000000000e+01 4.710702100357316624e+00
8.000000000000000000e+00 9.000000000000000000e+00 6.079510726804205234e+00
8.000000000000000000e+00 1.000000000000000000e+01 6.593399258378852323e+00
9.000000000000000000e+00 1.000000000000000000e+01 5.708306534616649941e+00
