1.000000000000000000e+00 2.000000000000000000e+00 5.899295725281186176e-01
1.000000000000000000e+00 3.000000000000000000e+00 1.031826182097725031e+00
1.000000000000000000e+00 4.000000000000000000e+00 1.043488250498376457e+00
1.000000000000000000e+00 5.000000000000000000e+00 1.090842794015621786e+00
1.000000000000000000e+00 6.000000000000000000e+00 1.127021799378212341e+00
1.000000000000000000e+00 7.000000000000000000e+00 1.113429499388489230e+00
1.000000000000000000e+00 8.000000000000000000e+00 1.556524444716523181e+00
1.000000000000000000e+00 9.000000000000000000e+00 1.567249439321391380e+00
1.000000000000000000e+00 1.000000000000000000e+01 1.580966756350295377e+00
2.000000000000000000e+00 3.000000000000000000e+00 1.031288524637580917e+00
2.000000000000000000e+00 4.000000000000000000e+00 1.042398818393097892e+00
2.000000000000000000e+00 5.000000000000000000e+00 1.088484772870357054e+00
2.000000000000000000e+00 6.000000000000000000e+00 1.125033917665186456e+00
2.000000000000000000e+00 7.000000000000000000e+00 1.110263335151087105e+00
2.000000000000000000e+00 8.000000000000000000e+00 1.555360627887256708e+00
2.000000000000000000e+00 9.000000000000000000e+00 1.566074646103990053e+00
2.000000000000000000e+00 1.000000000000000000e+01 1.579793973540929208e+00
3.000000000000000000e+00 4.000000000000000000e+00 6.264405131088370826e-01
3.000000000000000000e+00 5.000000000000000000e+00 8.381746905020153182e-01
3.000000000000000000e+00 6.000000000000000000e+00 8.869897944613935881e-01
3.000000000000000000e+00 7.000000000000000000e+00 8.981532087356449701e-01
3.000000000000000000e+00 8.000000000000000000e+00 1.341023215975523986e+00
3.000000000000000000e+00 9.000000000000000000e+00 1.351803973631446665e+00
3.000000000000000000e+00 1.000000000000000000e+01 1.365517521841291160e+00
4.000000000000000000e+00 5.000000000000000000e+00 8.060720539995711587e-01
4.000000000000000000e+00 6.000000000000000000e+00 8.652130715000039274e-01
4.000000000000000000e+00 7.000000000000000000e+00 8.766359010270052821e-01
4.000000000000000000e+00 8.000000000000000000e+00 1.331969780652378699e+00
4.000000000000000000e+00 9.000000000000000000e+00 1.342711428432107335e+00
4.000000000000000000e+00 1.000000000000000000e+01 1.356433392984270014e+00
5.000000000000000000e+00 6.000000000000000000e+00 7.533756816555532421e-01
5.000000000000000000e+00 7.000000000000000000e+00 7.565310910349156703e-01
5.000000000000000000e+00 8.000000000000000000e+00 1.299601070405711045e+00
5.000000000000000000e+00 9.000000000000000000e+00 1.310143168263257385e+00
5.000000000000000000e+00 1.000000000000000000e+01 1.323905850053984423e+00
6.000000000000000000e+00 7.000000000000000000e+00 7.842659903682798195e-01
6.000000000000000000e+00 8.000000000000000000e+00 1.262538203161278183e+00
6.000000000000000000e+00 9.000000000000000000e+00 1.273047669362527889e+00
6.000000000000000000e+00 1.000000000000000000e+01 1.286825791577775213e+00
7.000000000000000000e+00 8.000000000000000000e+00 1.298171207303268293e+00
7.000000000000000000e+00 9.000000000000000000e+00 1.308506513317905684e+00
7.000000000000000000e+00 1.000000000000000000e+01 1.322302846369227236e+00
8.000000000000000000e+00 9.000000000000000000e+00 6.115709109341593841e-01
8.000000000000000000e+00 1.000000000000000000e+01 6.693422807978550715e-01
9.000000000000000000e+00 1.000000000000000000e+01 5.732290115554938836e-01
