1.000000000000000000e+00 2.000000000000000000e+00 5.899031261611761279e-01
1.000000000000000000e+00 3.000000000000000000e+00 1.031739650640681294e+00
1.000000000000000000e+00 4.000000000000000000e+00 1.043405603911833790e+00
1.000000000000000000e+00 5.000000000000000000e+00 1.090790327224067102e+00
1.000000000000000000e+00 6.000000000000000000e+00 1.127023084481520776e+00
1.000000000000000000e+00 7.000000000000000000e+00 1.113391865932969127e+00
1.000000000000000000e+00 8.000000000000000000e+00 1.516474585798448738e+00
1.000000000000000000e+00 9.000000000000000000e+00 1.526533564658624886e+00
1.000000000000000000e+00 1.000000000000000000e+01 1.534891298860228792e+00
2.000000000000000000e+00 3.000000000000000000e+00 1.031214037775038506e+00
2.000000000000000000e+00 4.000000000000000000e+00 1.042331370788351474e+00
2.000000000000000000e+00 5.000000000000000000e+00 1.088456577718818874e+00
2.000000000000000000e+00 6.000000000000000000e+00 1.125059836495401200e+00
2.000000000000000000e+00 7.000000000000000000e+00 1.110255825238419591e+00
2.000000000000000000e+00 8.000000000000000000e+00 1.515396611486913292e+00
2.000000000000000000e+00 9.000000000000000000e+00 1.525445158646626886e+00
2.000000000000000000e+00 1.000000000000000000e+01 1.533807259025503855e+00
3.000000000000000000e+00 4.000000000000000000e+00 6.264403458774463473e-01
3.000000000000000000e+00 5.000000000000000000e+00 8.381726732030645444e-01
3.000000000000000000e+00 6.000000000000000000e+00 8.870028174957078626e-01
3.000000000000000000e+00 7.000000000000000000e+00 8.981466054448044023e-01
3.000000000000000000e+00 8.000000000000000000e+00 1.300667963697992979e+00
3.000000000000000000e+00 9.000000000000000000e+00 1.310778734757942932e+00
3.000000000000000000e+00 1.000000000000000000e+01 1.319123592128988998e+00
4.000000000000000000e+00 5.000000000000000000e+00 8.060710463240976509e-01
4.000000000000000000e+00 6.000000000000000000e+00 8.652263940396536235e-01
4.000000000000000000e+00 7.000000000000000000e+00 8.766311679777336607e-01
4.000000000000000000e+00 8.000000000000000000e+00 1.291845541079271298e+00
4.000000000000000000e+00 9.000000000000000000e+00 1.301918595455764827e+00
4.000000000000000000e+00 1.000000000000000000e+01 1.310280956946826558e+00
5.000000000000000000e+00 6.000000000000000000e+00 7.533845939190748631e-01
5.000000000000000000e+00 7.000000000000000000e+00 7.565308415081191118e-01
5.000000000000000000e+00 8.000000000000000000e+00 1.260613089972128398e+00
5.000000000000000000e+00 9.000000000000000000e+00 1.270493977824659115e+00
5.000000000000000000e+00 1.000000000000000000e+01 1.278942431090658305e+00
6.000000000000000000e+00 7.000000000000000000e+00 7.842777014791975088e-01
6.000000000000000000e+00 8.000000000000000000e+00 1.223769287481846879e+00
6.000000000000000000e+00 9.000000000000000000e+00 1.233616968021576721e+00
6.000000000000000000e+00 1.000000000000000000e+01 1.242092204468423278e+00
7.000000000000000000e+00 8.000000000000000000e+00 1.260299009606757670e+00
7.000000000000000000e+00 9.000000000000000000e+00 1.269982290159792360e+00
7.000000000000000000e+00 1.000000000000000000e+01 1.278507617002188512e+00
8.000000000000000000e+00 9.000000000000000000e+00 6.108136012222593614e-01
8.000000000000000000e+00 1.000000000000000000e+01 6.673599006239567810e-01
9.000000000000000000e+00 1.000000000000000000e+01 5.727652353993912815e-01
