1.000000000000000000e+00 2.000000000000000000e+00 5.899045898913430896e-01
1.000000000000000000e+00 3.000000000000000000e+00 1.033154007258712870e+00
1.000000000000000000e+00 4.000000000000000000e+00 1.045760850451184387e+00
1.000000000000000000e+00 5.000000000000000000e+00 1.106985990508229545e+00
1.000000000000000000e+00 6.000000000000000000e+00 1.131422261001209240e+00
1.000000000000000000e+00 7.000000000000000000e+00 1.118082200219526978e+00
1.000000000000000000e+00 8.000000000000000000e+00 1.564479158067241915e+00
1.000000000000000000e+00 9.000000000000000000e+00 1.575205777119198736e+00
1.000000000000000000e+00 1.000000000000000000e+01 1.588887019194487937e+00
2.000000000000000000e+00 3.000000000000000000e+00 1.032694570284449664e+00
2.000000000000000000e+00 4.000000000000000000e+00 1.044768104473267956e+00
2.000000000000000000e+00 5.000000000000000000e+00 1.104776363785746174e+00
2.000000000000000000e+00 6.000000000000000000e+00 1.129550155819492030e+00
2.000000000000000000e+00 7.000000000000000000e+00 1.114987682018047543e+00
2.000000000000000000e+00 8.000000000000000000e+00 1.563440983959859309e+00
2.000000000000000000e+00 9.000000000000000000e+00 1.574156783031386730e+00
2.000000000000000000e+00 1.000000000000000000e+01 1.587839991812839191e+00
3.000000000000000000e+00 4.000000000000000000e+00 6.265935598057001954e-01
3.000000000000000000e+00 5.000000000000000000e+00 8.526458252158795048e-01
3.000000000000000000e+00 6.000000000000000000e+00 8.903981244405603235e-01
3.000000000000000000e+00 7.000000000000000000e+00 9.040907732685030673e-01
3.000000000000000000e+00 8.000000000000000000e+00 1.347375481917397089e+00
3.000000000000000000e+00 9.000000000000000000e+00 1.358156643290723942e+00
3.000000000000000000e+00 1.000000000000000000e+01 1.371834037908623127e+00
4.000000000000000000e+00 5.000000000000000000e+00 8.210256991571944774e-01
4.000000000000000000e+00 6.000000000000000000e+00 8.693135453434774895e-01
4.000000000000000000e+00 7.000000000000000000e+00 8.840655598136479831e-01
4.000000000000000000e+00 8.000000000000000000e+00 1.338979467595179162e+00
4.000000000000000000e+00 9.000000000000000000e+00 1.349722067937230374e+00
4.000000000000000000e+00 1.000000000000000000e+01 1.363407693156220457e+00
5.000000000000000000e+00 6.000000000000000000e+00 7.598766998759769464e-01
5.000000000000000000e+00 7.000000000000000000e+00 7.681219696886554260e-01
5.000000000000000000e+00 8.000000000000000000e+00 1.313284140693106838e+00
5.000000000000000000e+00 9.000000000000000000e+00 1.323816784091224719e+00
5.000000000000000000e+00 1.000000000000000000e+01 1.337544852059357581e+00
6.000000000000000000e+00 7.000000000000000000e+00 7.859511874046143376e-01
6.000000000000000000e+00 8.000000000000000000e+00 1.266433997714822013e+00
6.000000000000000000e+00 9.000000000000000000e+00 1.276928152133794736e+00
6.000000000000000000e+00 1.000000000000000000e+01 1.290671888807969570e+00
7.000000000000000000e+00 8.000000000000000000e+00 1.303384454934450432e+00
7.000000000000000000e+00 9.000000000000000000e+00 1.313698110408496156e+00
7.000000000000000000e+00 1.000000000000000000e+01 1.327461431672511960e+00
8.000000000000000000e+00 9.000000000000000000e+00 6.115728766482408929e-01
8.000000000000000000e+00 1.000000000000000000e+01 6.693458725874172899e-01
9.000000000000000000e+00 1.000000000000000000e+01 5.732310490414831428e-01
