1.000000000000000000e+00 2.000000000000000000e+00 5.851777403414498702e-01
1.000000000000000000e+00 3.000000000000000000e+00 9.987585391453365213e-01
1.000000000000000000e+00 4.000000000000000000e+00 1.008222616288434681e+00
1.000000000000000000e+00 5.000000000000000000e+00 1.045537268644646023e+00
1.000000000000000000e+00 6.000000000000000000e+00 1.069084081604241732e+00
1.000000000000000000e+00 7.000000000000000000e+00 1.062712604102862057e+00
1.000000000000000000e+00 8.000000000000000000e+00 1.415145762400895846e+00
1.000000000000000000e+00 9.000000000000000000e+00 1.422865788969386092e+00
1.000000000000000000e+00 1.000000000000000000e+01 1.434364509224816286e+00
2.000000000000000000e+00 3.000000000000000000e+00 1.002863283230650993e+00
2.000000000000000000e+00 4.000000000000000000e+00 1.012058347720329321e+00
2.000000000000000000e+00 5.000000000000000000e+00 1.048809324608223292e+00
2.000000000000000000e+00 6.000000000000000000e+00 1.072637254696127140e+00
2.000000000000000000e+00 7.000000000000000000e+00 1.065606972069668812e+00
2.000000000000000000e+00 8.000000000000000000e+00 1.419109887607591824e+00
2.000000000000000000e+00 9.000000000000000000e+00 1.426822388409073827e+00
2.000000000000000000e+00 1.000000000000000000e+01 1.438321482016237551e+00
3.000000000000000000e+00 4.000000000000000000e+00 6.261171202411537351e-01
3.000000000000000000e+00 5.000000000000000000e+00 8.326520512966062437e-01
3.000000000000000000e+00 6.000000000000000000e+00 8.744551501309834052e-01
3.000000000000000000e+00 7.000000000000000000e+00 8.863168660512648067e-01
3.000000000000000000e+00 8.000000000000000000e+00 1.248708708863372818e+00
3.000000000000000000e+00 9.000000000000000000e+00 1.256457055777663534e+00
3.000000000000000000e+00 1.000000000000000000e+01 1.267957116460270983e+00
4.000000000000000000e+00 5.000000000000000000e+00 8.027852926179903648e-01
4.000000000000000000e+00 6.000000000000000000e+00 8.560031132849399427e-01
4.000000000000000000e+00 7.000000000000000000e+00 8.676742061724238564e-01
4.000000000000000000e+00 8.000000000000000000e+00 1.242700954528206170e+00
4.000000000000000000e+00 9.000000000000000000e+00 1.250399259345774450e+00
4.000000000000000000e+00 1.000000000000000000e+01 1.261902504381552825e+00
5.000000000000000000e+00 6.000000000000000000e+00 7.508878007591790471e-01
5.000000000000000000e+00 7.000000000000000000e+00 7.541625757551202458e-01
5.000000000000000000e+00 8.000000000000000000e+00 1.213585750011701991e+00
5.000000000000000000e+00 9.000000000000000000e+00 1.221049070827333605e+00
5.000000000000000000e+00 1.000000000000000000e+01 1.232567074243045679e+00
6.000000000000000000e+00 7.000000000000000000e+00 7.784552941164113449e-01
6.000000000000000000e+00 8.000000000000000000e+00 1.178024378318727861e+00
6.000000000000000000e+00 9.000000000000000000e+00 1.185385818286386339e+00
6.000000000000000000e+00 1.000000000000000000e+01 1.196913485311871694e+00
7.000000000000000000e+00 8.000000000000000000e+00 1.204060109978530635e+00
7.000000000000000000e+00 9.000000000000000000e+00 1.211346945130439945e+00
7.000000000000000000e+00 1.000000000000000000e+01 1.222873386999377532e+00
8.000000000000000000e+00 9.000000000000000000e+00 6.114641391030386508e-01
8.000000000000000000e+00 1.000000000000000000e+01 6.689764656549253008e-01
9.000000000000000000e+00 1.000000000000000000e+01 5.731140289556744261e-01
