1.000000000000000000e+00 2.000000000000000000e+00 3.105221719997531826e-01
1.000000000000000000e+00 3.000000000000000000e+00 7.474270143103446395e-01
1.000000000000000000e+00 4.000000000000000000e+00 7.760242970637533100e-01
1.000000000000000000e+00 5.000000000000000000e+00 8.333200196265568849e-01
1.000000000000000000e+00 6.000000000000000000e+00 7.424949117673621535e-01
1.000000000000000000e+00 7.000000000000000000e+00 8.370175756753285290e-01
1.000000000000000000e+00 8.000000000000000000e+00 1.140211956656420833e+00
1.000000000000000000e+00 9.000000000000000000e+00 1.103159628686418259e+00
1.000000000000000000e+00 1.000000000000000000e+01 1.087297516956320598e+00
2.000000000000000000e+00 3.000000000000000000e+00 7.598440168530243843e-01
2.000000000000000000e+00 4.000000000000000000e+00 7.880091658901288154e-01
2.000000000000000000e+00 5.000000000000000000e+00 8.443122933507578587e-01
2.000000000000000000e+00 6.000000000000000000e+00 7.537272283746251356e-01
2.000000000000000000e+00 7.000000000000000000e+00 8.473962133925888596e-01
2.000000000000000000e+00 8.000000000000000000e+00 1.152072567357049104e+00
2.000000000000000000e+00 9.000000000000000000e+00 1.115011629292892881e+00
2.000000000000000000e+00 1.000000000000000000e+01 1.099149933080295183e+00
3.000000000000000000e+00 4.000000000000000000e+00 5.918308680717597747e-01
3.000000000000000000e+00 5.000000000000000000e+00 7.749623433298347130e-01
3.000000000000000000e+00 6.000000000000000000e+00 6.945189052453820677e-01
3.000000000000000000e+00 7.000000000000000000e+00 8.068806950284367341e-01
3.000000000000000000e+00 8.000000000000000000e+00 1.112224223569067805e+00
3.000000000000000000e+00 9.000000000000000000e+00 1.075210000414057898e+00
3.000000000000000000e+00 1.000000000000000000e+01 1.059349075764327130e+00
4.000000000000000000e+00 5.000000000000000000e+00 7.639335848047854594e-01
4.000000000000000000e+00 6.000000000000000000e+00 6.919601507301237353e-01
4.000000000000000000e+00 7.000000000000000000e+00 8.053447959947900303e-01
4.000000000000000000e+00 8.000000000000000000e+00 1.121009429976776106e+00
4.000000000000000000e+00 9.000000000000000000e+00 1.083961689419358443e+00
4.000000000000000000e+00 1.000000000000000000e+01 1.068103165168378110e+00
5.000000000000000000e+00 6.000000000000000000e+00 5.963060496287048151e-01
5.000000000000000000e+00 7.000000000000000000e+00 7.029763267504215429e-01
5.000000000000000000e+00 8.000000000000000000e+00 1.096968083062547228e+00
5.000000000000000000e+00 9.000000000000000000e+00 1.059734897362534234e+00
5.000000000000000000e+00 1.000000000000000000e+01 1.043888093482246093e+00
6.000000000000000000e+00 7.000000000000000000e+00 6.057278409461207547e-01
6.000000000000000000e+00 8.000000000000000000e+00 9.436036730091335034e-01
6.000000000000000000e+00 9.000000000000000000e+00 9.063469472600544918e-01
6.000000000000000000e+00 1.000000000000000000e+01 8.905064811050025231e-01
7.000000000000000000e+00 8.000000000000000000e+00 1.078172406228267599e+00
7.000000000000000000e+00 9.000000000000000000e+00 1.040755422814406028e+00
7.000000000000000000e+00 1.000000000000000000e+01 1.024915549332299447e+00
8.000000000000000000e+00 9.000000000000000000e+00 4.609741344122815221e-01
8.000000000000000000e+00 1.000000000000000000e+01 4.704837961583521189e-01
9.000000000000000000e+00 1.000000000000000000e+01 3.295018619667042792e-01
