1.000000000000000000e+00 2.000000000000000000e+00 5.285581904592218105e-01
1.000000000000000000e+00 3.000000000000000000e+00 5.035651989130472961e-01
1.000000000000000000e+00 4.000000000000000000e+00 4.942569528184181382e-01
1.000000000000000000e+00 5.000000000000000000e+00 4.785219514395082641e-01
1.000000000000000000e+00 6.000000000000000000e+00 7.490172954361581370e-01
1.000000000000000000e+00 7.000000000000000000e+00 7.395259277485257687e-01
1.000000000000000000e+00 8.000000000000000000e+00 1.085000638789160643e+00
1.000000000000000000e+00 9.000000000000000000e+00 9.835708018643428696e-01
1.000000000000000000e+00 1.000000000000000000e+01 1.091584197411736623e+00
2.000000000000000000e+00 3.000000000000000000e+00 4.686498157617551286e-01
2.000000000000000000e+00 4.000000000000000000e+00 4.589847383649957036e-01
2.000000000000000000e+00 5.000000000000000000e+00 4.428019163170502370e-01
2.000000000000000000e+00 6.000000000000000000e+00 7.133851501696076847e-01
2.000000000000000000e+00 7.000000000000000000e+00 7.034869300970842954e-01
2.000000000000000000e+00 8.000000000000000000e+00 1.049651280553820509e+00
2.000000000000000000e+00 9.000000000000000000e+00 9.482158269972823517e-01
2.000000000000000000e+00 1.000000000000000000e+01 1.056232075963775552e+00
3.000000000000000000e+00 4.000000000000000000e+00 1.040539949825978749e-01
3.000000000000000000e+00 5.000000000000000000e+00 1.424422976970195487e-01
3.000000000000000000e+00 6.000000000000000000e+00 4.122169957249764982e-01
3.000000000000000000e+00 7.000000000000000000e+00 4.183178254920680850e-01
3.000000000000000000e+00 8.000000000000000000e+00 7.582074655888488834e-01
3.000000000000000000e+00 9.000000000000000000e+00 6.568513106774259702e-01
3.000000000000000000e+00 1.000000000000000000e+01 7.648293907259049451e-01
4.000000000000000000e+00 5.000000000000000000e+00 1.203668567177617055e-01
4.000000000000000000e+00 6.000000000000000000e+00 3.924626011695381278e-01
4.000000000000000000e+00 7.000000000000000000e+00 3.986611213993735969e-01
4.000000000000000000e+00 8.000000000000000000e+00 7.465308078739971709e-01
4.000000000000000000e+00 9.000000000000000000e+00 6.451348140084017801e-01
4.000000000000000000e+00 1.000000000000000000e+01 7.531331476481066822e-01
5.000000000000000000e+00 6.000000000000000000e+00 3.480067359733459709e-01
5.000000000000000000e+00 7.000000000000000000e+00 3.568345344194210345e-01
5.000000000000000000e+00 8.000000000000000000e+00 7.235246471175182936e-01
5.000000000000000000e+00 9.000000000000000000e+00 6.220623199033205042e-01
5.000000000000000000e+00 1.000000000000000000e+01 7.300945191238557008e-01
6.000000000000000000e+00 7.000000000000000000e+00 6.237258374882972412e-01
6.000000000000000000e+00 8.000000000000000000e+00 9.728908890910163976e-01
6.000000000000000000e+00 9.000000000000000000e+00 8.714271560428800134e-01
6.000000000000000000e+00 1.000000000000000000e+01 9.794635157773623479e-01
7.000000000000000000e+00 8.000000000000000000e+00 9.793548951578849859e-01
7.000000000000000000e+00 9.000000000000000000e+00 8.778063943769259803e-01
7.000000000000000000e+00 1.000000000000000000e+01 9.858807210825684120e-01
8.000000000000000000e+00 9.000000000000000000e+00 5.162483712603570529e-01
8.000000000000000000e+00 1.000000000000000000e+01 6.466900791027629936e-01
9.000000000000000000e+00 1.000000000000000000e+01 4.971451133396320721e-01
