1.000000000000000000e+00 2.000000000000000000e+00 5.803844590917665025e-01
1.000000000000000000e+00 3.000000000000000000e+00 9.137702999772863155e-01
1.000000000000000000e+00 4.000000000000000000e+00 9.282562145245915053e-01
1.000000000000000000e+00 5.000000000000000000e+00 9.639858688174937074e-01
1.000000000000000000e+00 6.000000000000000000e+00 8.902932557609263275e-01
1.000000000000000000e+00 7.000000000000000000e+00 7.262841661871337617e-01
1.000000000000000000e+00 8.000000000000000000e+00 9.603483970159810701e-01
1.000000000000000000e+00 9.000000000000000000e+00 1.078265844974792387e+00
1.000000000000000000e+00 1.000000000000000000e+01 1.130693228673911088e+00
2.000000000000000000e+00 3.000000000000000000e+00 9.233583118720305460e-01
2.000000000000000000e+00 4.000000000000000000e+00 9.376694636207353328e-01
2.000000000000000000e+00 5.000000000000000000e+00 9.731735652605809639e-01
2.000000000000000000e+00 6.000000000000000000e+00 8.998486119379590642e-01
2.000000000000000000e+00 7.000000000000000000e+00 7.352819424337144749e-01
2.000000000000000000e+00 8.000000000000000000e+00 9.700496958060093045e-01
2.000000000000000000e+00 9.000000000000000000e+00 1.087965963956144311e+00
2.000000000000000000e+00 1.000000000000000000e+01 1.140393387842881578e+00
3.000000000000000000e+00 4.000000000000000000e+00 6.032030938788822683e-01
3.000000000000000000e+00 5.000000000000000000e+00 7.849016816697241827e-01
3.000000000000000000e+00 6.000000000000000000e+00 7.252767915267793741e-01
3.000000000000000000e+00 7.000000000000000000e+00 5.697501465881673610e-01
3.000000000000000000e+00 8.000000000000000000e+00 8.003522711255423028e-01
3.000000000000000000e+00 9.000000000000000000e+00 9.182772328929835748e-01
3.000000000000000000e+00 1.000000000000000000e+01 9.707054165665163215e-01
4.000000000000000000e+00 5.000000000000000000e+00 7.716543147912119371e-01
4.000000000000000000e+00 6.000000000000000000e+00 7.223866375526794004e-01
4.000000000000000000e+00 7.000000000000000000e+00 5.653593720357952268e-01
4.000000000000000000e+00 8.000000000000000000e+00 8.002336906976205144e-01
4.000000000000000000e+00 9.000000000000000000e+00 9.181535522352071155e-01
4.000000000000000000e+00 1.000000000000000000e+01 9.705821614591194635e-01
5.000000000000000000e+00 6.000000000000000000e+00 6.695885999213043727e-01
5.000000000000000000e+00 7.000000000000000000e+00 4.934454366650522505e-01
5.000000000000000000e+00 8.000000000000000000e+00 7.714154493952160019e-01
5.000000000000000000e+00 9.000000000000000000e+00 8.893043956750941170e-01
5.000000000000000000e+00 1.000000000000000000e+01 9.417350882742143714e-01
6.000000000000000000e+00 7.000000000000000000e+00 4.229639614167999273e-01
6.000000000000000000e+00 8.000000000000000000e+00 6.496971808478805288e-01
6.000000000000000000e+00 9.000000000000000000e+00 7.675780607278759327e-01
6.000000000000000000e+00 1.000000000000000000e+01 8.200102875117261103e-01
7.000000000000000000e+00 8.000000000000000000e+00 5.208376592118656445e-01
7.000000000000000000e+00 9.000000000000000000e+00 6.386925689351572455e-01
7.000000000000000000e+00 1.000000000000000000e+01 6.911240073976774312e-01
8.000000000000000000e+00 9.000000000000000000e+00 2.802143990494694314e-01
8.000000000000000000e+00 1.000000000000000000e+01 3.517164787031699102e-01
9.000000000000000000e+00 1.000000000000000000e+01 4.429628802644407504e-01
