0.000000000000000000e+00 1.000000000000000000e+00 2.000000000000000000e+00 3.000000000000000000e+00 4.000000000000000000e+00 5.000000000000000000e+00 6.000000000000000000e+00 7.000000000000000000e+00 8.000000000000000000e+00 9.000000000000000000e+00 1.000000000000000000e+01
1.000000000000000000e+00 0.000000000000000000e+00 2.788090449570898244e+00 2.339310482526996360e+00 2.424325562731229677e+00 2.391537988002587767e+00 2.420266970455168476e+00 2.416247173531023584e+00 4.252100351112825471e+00 4.288950280838691675e+00 4.272914571426502661e+00
2.000000000000000000e+00 2.788090449570898244e+00 0.000000000000000000e+00 2.428775485443034121e+00 2.512317665412812762e+00 2.477342115217555651e+00 2.506424728359899490e+00 2.500392425869560675e+00 4.339340235294447901e+00 4.376130008797843196e+00 4.360087433086556885e+00
3.000000000000000000e+00 2.339310482526996360e+00 2.428775485443034121e+00 0.000000000000000000e+00 7.356628371717044423e-01 8.842635360289889945e-01 9.337797149868460878e-01 9.528407104712797171e-01 2.796817763755679920e+00 2.833883345336189130e+00 2.817876769544902515e+00
4.000000000000000000e+00 2.424325562731229677e+00 2.512317665412812762e+00 7.356628371717044423e-01 0.000000000000000000e+00 9.063246319211768487e-01 9.726674957310175174e-01 9.888729937754243693e-01 2.853842955729860797e+00 2.890713444296399537e+00 2.874685729452705729e+00
5.000000000000000000e+00 2.391537988002587767e+00 2.477342115217555651e+00 8.842635360289889945e-01 9.063246319211768487e-01 0.000000000000000000e+00 7.558811991314229317e-01 7.622355969530394404e-01 2.717478424800283676e+00 2.753738081889246736e+00 2.737644175559944770e+00
6.000000000000000000e+00 2.420266970455168476e+00 2.506424728359899490e+00 9.337797149868460878e-01 9.726674957310175174e-01 7.558811991314229317e-01 0.000000000000000000e+00 7.882069717869137904e-01 2.673940629677777459e+00 2.710106776636938442e+00 2.694007958363869193e+00
7.000000000000000000e+00 2.416247173531023584e+00 2.500392425869560675e+00 9.528407104712797171e-01 9.888729937754243693e-01 7.622355969530394404e-01 7.882069717869137904e-01 0.000000000000000000e+00 2.715389079938020700e+00 2.750917776049077723e+00 2.734737999888470661e+00
8.000000000000000000e+00 4.252100351112825471e+00 4.339340235294447901e+00 2.796817763755679920e+00 2.853842955729860797e+00 2.717478424800283676e+00 2.673940629677777459e+00 2.715389079938020700e+00 0.000000000000000000e+00 2.929336449960401545e+00 3.093320673424743816e+00
9.000000000000000000e+00 4.288950280838691675e+00 4.376130008797843196e+00 2.833883345336189130e+00 2.890713444296399537e+00 2.753738081889246736e+00 2.710106776636938442e+00 2.750917776049077723e+00 2.929336449960401545e+00 0.000000000000000000e+00 2.769217000985577215e+00
1.000000000000000000e+01 4.272914571426502661e+00 4.360087433086556885e+00 2.817876769544902515e+00 2.874685729452705729e+00 2.737644175559944770e+00 2.694007958363869193e+00 2.734737999888470661e+00 3.093320673424743816e+00 2.769217000985577215e+00 0.000000000000000000e+00
