	060111TKLD	060111TKLE	060211TKLB	060311TKLJ	060311TKLL	071311TKLD	072611TKLD	072611TKLE	072911TKLB	SCOC_SYR_02	SCOC_SYR_05	SCOC_SYR_07	SCOC_SYR_08	SCOC_SYR_09	SCOC_SYR_10	SCOC_SYR_11	SCOC_SYR_12	SCOC_SYR_13	SCOC_SYR_14	SCOC_SYR_15	SCOC_SYR_16	SCOC_SYR_26	SCOC_SYR_27	SCOC_SYR_39	SCOC_SYR_40	SCOC_SYR_41	SCOC_SYR_42	SCOC_SYR_43	SCOC_SYR_44	SCOC_SYR_46	SCOC_SYR_47	SCOC_SYR_48	SCOC_SYR_50	SCOC_SYR_51	SCOC_SYR_53	SCOC_SYR_56	SCOC_SYR_57	SCOC_SYR_60	SCOC_SYR_61	SCOC_SYR_62	SCOC_SYR_63	SCOC_SYR_64	SCOC_SYR_66
060111TKLD																																											
060111TKLE	0.05503																																										
060211TKLB	-0.083727	-0.055976																																									
060311TKLJ	0.05503	0.082782	0.05503																																								
060311TKLL	0.082782	-0.028224	-0.000473	0.166037																																							
071311TKLD	-0.083727	0.05503	0.05503	0.138285	-0.000473																																						
072611TKLD	0.166037	0.110533	0.22154	0.110533	0.110533	0.05503																																					
072611TKLE	-0.028224	-0.028224	0.027279	0.027279	0.05503	-0.028224	0.082782																																				
072911TKLB	-0.028224	-0.028224	-0.083727	0.138285	0.027279	-0.028224	0.110533	0.110533																																			
SCOC_SYR_02	-0.055976	-0.028224	0.110533	0.110533	0.027279	-0.083727	0.082782	-0.083727	0.05503																																		
SCOC_SYR_05	-0.000473	0.082782	0.166037	0.082782	0.193788	0.05503	0.249291	0.027279	0.05503	-0.055976																																	
SCOC_SYR_07	-0.055976	0.138285	0.110533	0.110533	0.110533	-0.055976	0.082782	0.027279	0.05503	0.05503	0.110533																																
SCOC_SYR_08	-0.000473	-0.028224	0.027279	0.193788	-0.055976	-0.055976	-0.000473	-0.055976	-0.000473	-0.055976	0.05503	-0.000473																															
SCOC_SYR_09	-0.000473	-0.028224	0.027279	0.193788	-0.055976	-0.055976	-0.000473	-0.055976	-0.000473	-0.055976	0.05503	-0.000473	-0.5																														
SCOC_SYR_10	0.027279	0.110533	0.138285	0.110533	0.082782	-0.000473	0.138285	0.027279	-0.028224	-0.028224	0.05503	0.138285	0.110533	0.110533																													
SCOC_SYR_11	0.05503	0.05503	0.110533	0.166037	0.082782	-0.000473	0.05503	0.027279	0.05503	0.05503	0.193788	0.082782	0.05503	0.05503	-0.028224																												
SCOC_SYR_12	-0.055976	0.110533	0.027279	0.05503	0.166037	0.110533	0.082782	-0.000473	-0.028224	0.082782	-0.028224	-0.055976	0.05503	0.05503	0.082782	-0.000473																											
SCOC_SYR_13	-0.083727	0.082782	0.027279	-0.000473	0.082782	0.082782	0.05503	-0.000473	0.082782	0.027279	0.166037	0.027279	-0.000473	-0.000473	-0.055976	0.027279	-0.000473																										
SCOC_SYR_14	0.027279	0.05503	0.138285	0.166037	0.110533	0.027279	0.05503	0.082782	0.05503	-0.028224	-0.055976	0.110533	0.05503	0.05503	-0.028224	0.082782	0.05503	0.082782																									
SCOC_SYR_15	-0.083727	0.138285	0.138285	0.22154	0.05503	-0.000473	0.05503	0.082782	0.027279	-0.083727	0.082782	-0.000473	-0.028224	-0.028224	0.027279	-0.028224	0.027279	0.082782	0.027279																								
SCOC_SYR_16	0.05503	0.138285	0.082782	0.166037	0.166037	0.027279	0.193788	0.027279	0.138285	0.138285	0.249291	0.05503	0.110533	0.110533	0.027279	-0.028224	0.110533	-0.055976	0.138285	0.082782																							
SCOC_SYR_26	-0.028224	0.082782	0.05503	0.110533	0.082782	-0.13923	0.05503	-0.000473	0.027279	0.027279	0.05503	-0.055976	0.05503	0.05503	0.027279	-0.028224	-0.028224	0.082782	-0.000473	0.05503	0.05503																						
SCOC_SYR_27	-0.028224	0.027279	0.05503	0.082782	0.05503	0.110533	0.082782	-0.055976	-0.028224	-0.028224	-0.055976	0.027279	-0.055976	-0.055976	0.05503	0.193788	-0.111479	-0.055976	0.05503	0.082782	0.166037	0.027279																					
SCOC_SYR_39	0.027279	0.027279	0.110533	0.110533	0.05503	-0.111479	0.22154	-0.055976	0.027279	-0.083727	-0.028224	0.05503	0.027279	0.027279	-0.028224	-0.028224	-0.055976	0.082782	-0.028224	0.027279	0.166037	-0.083727	0.027279																				
SCOC_SYR_40	0.027279	0.138285	0.110533	0.110533	0.110533	0.027279	0.110533	0.027279	0.110533	0.082782	0.166037	0.110533	0.138285	0.138285	-0.111479	-0.055976	0.05503	-0.055976	0.05503	0.138285	0.05503	0.082782	0.166037	0.027279																			
SCOC_SYR_41	0.082782	0.05503	0.110533	0.110533	-0.055976	0.05503	0.166037	0.027279	0.027279	0.05503	0.166037	0.138285	0.05503	0.05503	0.05503	0.027279	0.05503	0.027279	0.05503	0.082782	0.22154	0.05503	0.082782	-0.083727	-0.000473																		
SCOC_SYR_42	-0.000473	-0.083727	-0.028224	0.110533	-0.000473	0.027279	0.082782	-0.000473	0.082782	-0.000473	0.193788	-0.000473	0.05503	0.05503	0.138285	0.082782	0.05503	0.05503	0.138285	0.027279	0.138285	-0.028224	0.166037	0.027279	0.138285	0.05503																	
SCOC_SYR_43	0.138285	0.193788	0.22154	0.193788	0.138285	0.249291	0.110533	0.110533	0.22154	0.05503	0.22154	0.22154	0.138285	0.138285	0.110533	0.082782	0.138285	0.027279	0.22154	0.05503	0.193788	0.166037	0.027279	0.193788	0.05503	0.138285	0.193788																
SCOC_SYR_44	0.05503	-0.000473	0.05503	0.138285	0.05503	0.110533	0.138285	0.05503	0.082782	-0.000473	0.166037	0.027279	0.05503	0.05503	0.05503	0.082782	0.027279	0.05503	0.110533	0.110533	0.082782	-0.000473	0.138285	0.082782	0.027279	0.082782	-0.055976	0.138285															
SCOC_SYR_46	-0.000473	-0.028224	0.05503	0.05503	-0.028224	-0.055976	-0.000473	-0.000473	0.027279	-0.028224	0.138285	-0.028224	-0.000473	-0.000473	0.110533	-0.111479	0.027279	0.082782	0.138285	-0.083727	-0.000473	0.027279	0.138285	-0.028224	0.110533	-0.055976	-0.055976	0.110533	0.05503														
SCOC_SYR_47	0.082782	-0.055976	0.05503	0.193788	-0.028224	0.027279	0.138285	0.05503	-0.000473	0.05503	0.027279	0.027279	-0.000473	-0.000473	0.05503	0.166037	-0.000473	0.110533	0.027279	0.082782	0.082782	0.027279	-0.028224	0.027279	0.138285	0.138285	0.027279	0.22154	0.110533	0.082782													
SCOC_SYR_48	0.05503	-0.000473	0.082782	0.05503	0.027279	0.138285	0.249291	-0.000473	0.110533	-0.000473	0.166037	0.110533	0.082782	0.082782	0.082782	0.166037	0.05503	-0.000473	0.110533	0.22154	0.110533	0.110533	0.027279	0.027279	0.082782	0.138285	0.082782	0.166037	0.027279	0.110533	0.166037												
SCOC_SYR_50	0.100558	-0.079609	-0.049582	0.160614	-0.049582	0.07053	0.100558	0.010474	0.07053	-0.019554	0.130586	0.130586	0.100558	0.100558	0.160614	-0.019554	-0.019554	0.100558	0.130586	0.07053	0.130586	0.100558	0.040502	-0.019554	0.07053	0.040502	0.010474	0.040502	0.100558	-0.109637	0.07053	0.010474											
SCOC_SYR_51	0.082782	-0.028224	-0.000473	0.138285	-0.055976	-0.028224	0.138285	-0.028224	0.05503	-0.000473	0.027279	0.082782	-0.000473	-0.000473	-0.028224	0.05503	0.027279	0.110533	0.027279	0.082782	0.05503	-0.000473	0.082782	-0.000473	0.082782	-0.000473	-0.028224	0.138285	-0.000473	-0.055976	-0.111479	0.082782	-0.049582										
SCOC_SYR_53	0.110533	0.082782	-0.000473	0.082782	0.082782	0.138285	0.166037	-0.111479	0.138285	0.166037	0.193788	0.110533	0.082782	0.082782	0.082782	0.05503	-0.028224	-0.000473	0.082782	0.193788	0.082782	0.138285	0.027279	0.027279	0.027279	-0.055976	0.138285	0.22154	0.082782	0.082782	0.082782	0.082782	0.07053	-0.000473									
SCOC_SYR_56	0.05503	-0.000473	0.082782	0.193788	0.027279	-0.028224	0.22154	-0.028224	-0.000473	-0.055976	-0.055976	0.110533	-0.028224	-0.028224	0.027279	0.110533	-0.000473	0.138285	-0.028224	0.05503	0.166037	-0.000473	-0.000473	-0.13923	0.110533	0.027279	-0.000473	0.193788	0.138285	-0.028224	0.027279	0.027279	0.07053	-0.055976	0.138285								
SCOC_SYR_57	-0.000473	0.110533	0.082782	0.027279	-0.028224	0.05503	0.110533	-0.055976	0.082782	0.05503	0.166037	0.110533	0.082782	0.082782	-0.055976	0.05503	0.027279	-0.055976	0.05503	0.138285	0.082782	0.027279	0.027279	-0.000473	-0.083727	-0.055976	0.05503	0.110533	0.110533	0.05503	0.110533	0.027279	0.040502	0.05503	0.082782	-0.000473							
SCOC_SYR_60	-0.000473	-0.028224	-0.000473	-0.000473	0.082782	-0.055976	0.166037	-0.055976	-0.055976	-0.083727	0.027279	-0.055976	-0.000473	-0.000473	0.05503	0.110533	-0.111479	0.027279	0.027279	0.05503	0.138285	-0.028224	-0.055976	-0.111479	0.05503	-0.055976	-0.028224	0.193788	0.027279	-0.055976	0.05503	-0.055976	-0.049582	0.027279	0.110533	-0.166982	-0.111479						
SCOC_SYR_61	0.05503	0.166037	0.082782	0.110533	-0.000473	0.027279	0.166037	-0.000473	0.05503	0.082782	0.166037	0.138285	0.05503	0.05503	-0.000473	0.05503	0.082782	0.05503	0.110533	0.138285	-0.000473	0.082782	0.110533	0.110533	-0.028224	0.05503	0.110533	0.166037	-0.028224	0.110533	0.110533	0.05503	0.160614	0.027279	0.082782	-0.028224	-0.000473	0.05503					
SCOC_SYR_62	0.110533	-0.000473	0.110533	0.027279	-0.055976	-0.055976	-0.028224	-0.055976	0.05503	-0.055976	0.138285	0.027279	-0.111479	-0.111479	0.05503	0.082782	0.110533	0.027279	0.082782	0.110533	0.193788	0.05503	0.027279	-0.111479	0.110533	-0.028224	-0.055976	0.138285	0.082782	-0.111479	0.027279	-0.000473	-0.049582	0.027279	0.082782	-0.000473	-0.083727	-0.111479	0.05503				
SCOC_SYR_63	-0.079609	0.040502	-0.019554	0.130586	-0.049582	0.010474	0.160614	0.07053	0.040502	0.040502	0.07053	0.07053	0.07053	0.07053	-0.019554	-0.019554	-0.049582	-0.199721	0.040502	-0.019554	0.100558	0.040502	0.07053	-0.049582	-0.079609	-0.049582	0.010474	0.040502	0.040502	0.07053	0.040502	0.07053	-0.049582	0.040502	0.07053	0.07053	-0.049582	-0.049582	0.100558	0.010474			
SCOC_SYR_64	-0.028224	0.027279	-0.028224	0.05503	-0.000473	-0.083727	0.082782	-0.000473	-0.028224	-0.083727	0.082782	0.110533	-0.111479	-0.111479	0.082782	0.110533	-0.000473	0.05503	0.027279	-0.028224	0.110533	0.138285	-0.000473	0.027279	0.082782	0.05503	-0.000473	0.110533	0.027279	-0.000473	0.110533	0.027279	-0.049582	-0.000473	0.082782	-0.055976	0.027279	-0.055976	-0.000473	-0.000473	0.010474		
SCOC_SYR_66	0.05503	0.082782	0.166037	0.110533	0.05503	0.027279	0.249291	0.05503	0.110533	-0.000473	-0.028224	0.166037	0.05503	0.05503	0.027279	0.193788	0.110533	0.082782	-0.028224	-0.000473	0.193788	0.082782	-0.028224	-0.055976	0.166037	0.027279	0.193788	0.22154	0.110533	0.138285	0.082782	0.05503	0.07053	-0.028224	0.138285	-0.055976	0.110533	-0.028224	0.05503	0.110533	-0.019554	0.027279	
