1.000000000000000000e+00 2.000000000000000000e+00 5.768315397339482953e-01
1.000000000000000000e+00 3.000000000000000000e+00 7.279374029060510232e-01
1.000000000000000000e+00 4.000000000000000000e+00 7.467528588317452476e-01
1.000000000000000000e+00 5.000000000000000000e+00 7.623149314447537073e-01
1.000000000000000000e+00 6.000000000000000000e+00 9.507872707979890814e-01
1.000000000000000000e+00 7.000000000000000000e+00 9.301804920388864195e-01
1.000000000000000000e+00 8.000000000000000000e+00 1.278848005029475932e+00
1.000000000000000000e+00 9.000000000000000000e+00 1.288056710347891265e+00
1.000000000000000000e+00 1.000000000000000000e+01 1.294795444444197363e+00
2.000000000000000000e+00 3.000000000000000000e+00 7.382767803775340809e-01
2.000000000000000000e+00 4.000000000000000000e+00 7.564013872681091266e-01
2.000000000000000000e+00 5.000000000000000000e+00 7.706658882113053277e-01
2.000000000000000000e+00 6.000000000000000000e+00 9.593081909335395840e-01
2.000000000000000000e+00 7.000000000000000000e+00 9.375961516482639313e-01
2.000000000000000000e+00 8.000000000000000000e+00 1.288101363934191834e+00
2.000000000000000000e+00 9.000000000000000000e+00 1.297296017438742677e+00
2.000000000000000000e+00 1.000000000000000000e+01 1.304035233332800248e+00
3.000000000000000000e+00 4.000000000000000000e+00 3.463044019710227461e-01
3.000000000000000000e+00 5.000000000000000000e+00 4.578135550289841316e-01
3.000000000000000000e+00 6.000000000000000000e+00 6.551324266734818158e-01
3.000000000000000000e+00 7.000000000000000000e+00 6.521971436655841226e-01
3.000000000000000000e+00 8.000000000000000000e+00 1.004754427260848182e+00
3.000000000000000000e+00 9.000000000000000000e+00 1.014005721519033454e+00
3.000000000000000000e+00 1.000000000000000000e+01 1.020746414861949392e+00
4.000000000000000000e+00 5.000000000000000000e+00 4.440049001509298598e-01
4.000000000000000000e+00 6.000000000000000000e+00 6.484315566961224020e-01
4.000000000000000000e+00 7.000000000000000000e+00 6.454560560171570538e-01
4.000000000000000000e+00 8.000000000000000000e+00 1.009408017102515931e+00
4.000000000000000000e+00 9.000000000000000000e+00 1.018614773947319030e+00
4.000000000000000000e+00 1.000000000000000000e+01 1.025357639861887771e+00
5.000000000000000000e+00 6.000000000000000000e+00 5.521122349198982482e-01
5.000000000000000000e+00 7.000000000000000000e+00 5.502232777136241149e-01
5.000000000000000000e+00 8.000000000000000000e+00 9.725304898207531856e-01
5.000000000000000000e+00 9.000000000000000000e+00 9.815715138080203239e-01
5.000000000000000000e+00 1.000000000000000000e+01 9.883221421524537309e-01
6.000000000000000000e+00 7.000000000000000000e+00 7.345930334588929300e-01
6.000000000000000000e+00 8.000000000000000000e+00 1.112328561638273428e+00
6.000000000000000000e+00 9.000000000000000000e+00 1.121341038006927970e+00
6.000000000000000000e+00 1.000000000000000000e+01 1.128098057413614130e+00
7.000000000000000000e+00 8.000000000000000000e+00 1.121695876933882730e+00
7.000000000000000000e+00 9.000000000000000000e+00 1.130536764009650863e+00
7.000000000000000000e+00 1.000000000000000000e+01 1.137291649035538255e+00
8.000000000000000000e+00 9.000000000000000000e+00 6.006716068696098532e-01
8.000000000000000000e+00 1.000000000000000000e+01 6.466952973314026298e-01
9.000000000000000000e+00 1.000000000000000000e+01 5.639830065159328054e-01
