1.000000000000000000e+00 2.000000000000000000e+00 2.950999421962579028e-01
1.000000000000000000e+00 3.000000000000000000e+00 5.167289565061956580e-01
1.000000000000000000e+00 4.000000000000000000e+00 5.225810435004689669e-01
1.000000000000000000e+00 5.000000000000000000e+00 5.464838860306021617e-01
1.000000000000000000e+00 6.000000000000000000e+00 5.651348927884999318e-01
1.000000000000000000e+00 7.000000000000000000e+00 5.580661403646887120e-01
1.000000000000000000e+00 8.000000000000000000e+00 7.943299319435278560e-01
1.000000000000000000e+00 9.000000000000000000e+00 7.998054183094330805e-01
1.000000000000000000e+00 1.000000000000000000e+01 8.076836787821597419e-01
2.000000000000000000e+00 3.000000000000000000e+00 5.164852519911087292e-01
2.000000000000000000e+00 4.000000000000000000e+00 5.220470353228006122e-01
2.000000000000000000e+00 5.000000000000000000e+00 5.452767009169369183e-01
2.000000000000000000e+00 6.000000000000000000e+00 5.641215468794823495e-01
2.000000000000000000e+00 7.000000000000000000e+00 5.564249219215156028e-01
2.000000000000000000e+00 8.000000000000000000e+00 7.937514617672004613e-01
2.000000000000000000e+00 9.000000000000000000e+00 7.992213201069801043e-01
2.000000000000000000e+00 1.000000000000000000e+01 8.071003043221749440e-01
3.000000000000000000e+00 4.000000000000000000e+00 3.132255467448532560e-01
3.000000000000000000e+00 5.000000000000000000e+00 4.192702544412139076e-01
3.000000000000000000e+00 6.000000000000000000e+00 4.440837299468013422e-01
3.000000000000000000e+00 7.000000000000000000e+00 4.496358318960287370e-01
3.000000000000000000e+00 8.000000000000000000e+00 6.856302100159702428e-01
3.000000000000000000e+00 9.000000000000000000e+00 6.911333931277651166e-01
3.000000000000000000e+00 1.000000000000000000e+01 6.990108434496997702e-01
4.000000000000000000e+00 5.000000000000000000e+00 4.031643715207765544e-01
4.000000000000000000e+00 6.000000000000000000e+00 4.331064035754387254e-01
4.000000000000000000e+00 7.000000000000000000e+00 4.387939650050678431e-01
4.000000000000000000e+00 8.000000000000000000e+00 6.810892454422031728e-01
4.000000000000000000e+00 9.000000000000000000e+00 6.865732365345230681e-01
4.000000000000000000e+00 1.000000000000000000e+01 6.944536907258491709e-01
5.000000000000000000e+00 6.000000000000000000e+00 3.768932518918178820e-01
5.000000000000000000e+00 7.000000000000000000e+00 3.784310391955660879e-01
5.000000000000000000e+00 8.000000000000000000e+00 6.650746679118685334e-01
5.000000000000000000e+00 9.000000000000000000e+00 6.704603924145012828e-01
5.000000000000000000e+00 1.000000000000000000e+01 6.783552505743637440e-01
6.000000000000000000e+00 7.000000000000000000e+00 3.926212520510812265e-01
6.000000000000000000e+00 8.000000000000000000e+00 6.472127950796023876e-01
6.000000000000000000e+00 9.000000000000000000e+00 6.525833451410786301e-01
6.000000000000000000e+00 1.000000000000000000e+01 6.604842280585527803e-01
7.000000000000000000e+00 8.000000000000000000e+00 6.645833789266203384e-01
7.000000000000000000e+00 9.000000000000000000e+00 6.698663373566821067e-01
7.000000000000000000e+00 1.000000000000000000e+01 6.777725475581264369e-01
8.000000000000000000e+00 9.000000000000000000e+00 3.058883480561226387e-01
8.000000000000000000e+00 1.000000000000000000e+01 3.349745488165880580e-01
9.000000000000000000e+00 1.000000000000000000e+01 2.867052472619824321e-01
