1.000000000000000000e+00 2.000000000000000000e+00 1.697928874087459405e+00
1.000000000000000000e+00 3.000000000000000000e+00 1.721375787598546259e+00
1.000000000000000000e+00 4.000000000000000000e+00 1.785909394137043860e+00
1.000000000000000000e+00 5.000000000000000000e+00 1.776086127156110361e+00
1.000000000000000000e+00 6.000000000000000000e+00 1.806973917937283014e+00
1.000000000000000000e+00 7.000000000000000000e+00 1.800954300845826639e+00
1.000000000000000000e+00 8.000000000000000000e+00 2.967447082335187059e+00
1.000000000000000000e+00 9.000000000000000000e+00 2.992592674499266803e+00
1.000000000000000000e+00 1.000000000000000000e+01 2.993896002101360310e+00
2.000000000000000000e+00 3.000000000000000000e+00 1.763047847661878942e+00
2.000000000000000000e+00 4.000000000000000000e+00 1.826409283905131575e+00
2.000000000000000000e+00 5.000000000000000000e+00 1.814666479786123610e+00
2.000000000000000000e+00 6.000000000000000000e+00 1.845948180525277094e+00
2.000000000000000000e+00 7.000000000000000000e+00 1.838138425198958315e+00
2.000000000000000000e+00 8.000000000000000000e+00 3.007480013890473369e+00
2.000000000000000000e+00 9.000000000000000000e+00 3.032586231757595119e+00
2.000000000000000000e+00 1.000000000000000000e+01 3.033887174848684865e+00
3.000000000000000000e+00 4.000000000000000000e+00 7.049990619691135496e-01
3.000000000000000000e+00 5.000000000000000000e+00 8.702504188769770721e-01
3.000000000000000000e+00 6.000000000000000000e+00 9.194172700911942275e-01
3.000000000000000000e+00 7.000000000000000000e+00 9.366725622337621626e-01
3.000000000000000000e+00 8.000000000000000000e+00 2.109361687967092447e+00
3.000000000000000000e+00 9.000000000000000000e+00 2.134647522064157865e+00
3.000000000000000000e+00 1.000000000000000000e+01 2.135964587701201900e+00
4.000000000000000000e+00 5.000000000000000000e+00 8.779430864072614860e-01
4.000000000000000000e+00 6.000000000000000000e+00 9.419518408620930483e-01
4.000000000000000000e+00 7.000000000000000000e+00 9.572530120015458888e-01
4.000000000000000000e+00 8.000000000000000000e+00 2.148400645538239839e+00
4.000000000000000000e+00 9.000000000000000000e+00 2.173557267890688482e+00
4.000000000000000000e+00 1.000000000000000000e+01 2.174867710971695622e+00
5.000000000000000000e+00 6.000000000000000000e+00 7.551528253732466833e-01
5.000000000000000000e+00 7.000000000000000000e+00 7.607932892525741675e-01
5.000000000000000000e+00 8.000000000000000000e+00 2.041876919361552911e+00
5.000000000000000000e+00 9.000000000000000000e+00 2.066574991385966786e+00
5.000000000000000000e+00 1.000000000000000000e+01 2.067861522634968807e+00
6.000000000000000000e+00 7.000000000000000000e+00 7.871654760787618610e-01
6.000000000000000000e+00 8.000000000000000000e+00 2.000260137249656456e+00
6.000000000000000000e+00 9.000000000000000000e+00 2.024885662679127396e+00
6.000000000000000000e+00 1.000000000000000000e+01 2.026174710443195082e+00
7.000000000000000000e+00 8.000000000000000000e+00 2.040149554460904735e+00
7.000000000000000000e+00 9.000000000000000000e+00 2.064323066986413213e+00
7.000000000000000000e+00 1.000000000000000000e+01 2.065574805049988250e+00
8.000000000000000000e+00 9.000000000000000000e+00 1.780316078373542776e+00
8.000000000000000000e+00 1.000000000000000000e+01 1.896460616545269318e+00
9.000000000000000000e+00 1.000000000000000000e+01 1.676230490329160716e+00
