1.000000000000000000e+00 2.000000000000000000e+00 5.899287601581147955e-01
1.000000000000000000e+00 3.000000000000000000e+00 1.066192077150865281e+00
1.000000000000000000e+00 4.000000000000000000e+00 1.124636014014447127e+00
1.000000000000000000e+00 5.000000000000000000e+00 1.108386237237638516e+00
1.000000000000000000e+00 6.000000000000000000e+00 1.144107989089995447e+00
1.000000000000000000e+00 7.000000000000000000e+00 1.128406813818434440e+00
1.000000000000000000e+00 8.000000000000000000e+00 1.579395613916867891e+00
1.000000000000000000e+00 9.000000000000000000e+00 1.590278103986038083e+00
1.000000000000000000e+00 1.000000000000000000e+01 1.604214188850246359e+00
2.000000000000000000e+00 3.000000000000000000e+00 1.065957722299494037e+00
2.000000000000000000e+00 4.000000000000000000e+00 1.123588046490873182e+00
2.000000000000000000e+00 5.000000000000000000e+00 1.106233002585350844e+00
2.000000000000000000e+00 6.000000000000000000e+00 1.142353275966353499e+00
2.000000000000000000e+00 7.000000000000000000e+00 1.125497759993753899e+00
2.000000000000000000e+00 8.000000000000000000e+00 1.578468442549313178e+00
2.000000000000000000e+00 9.000000000000000000e+00 1.589340622559002547e+00
2.000000000000000000e+00 1.000000000000000000e+01 1.603278514357696416e+00
3.000000000000000000e+00 4.000000000000000000e+00 7.125494550849740261e-01
3.000000000000000000e+00 5.000000000000000000e+00 8.903188648922275572e-01
3.000000000000000000e+00 6.000000000000000000e+00 9.386627370656219771e-01
3.000000000000000000e+00 7.000000000000000000e+00 9.448365991648777218e-01
3.000000000000000000e+00 8.000000000000000000e+00 1.394878146656380213e+00
3.000000000000000000e+00 9.000000000000000000e+00 1.405815246733074453e+00
3.000000000000000000e+00 1.000000000000000000e+01 1.419747009677088556e+00
4.000000000000000000e+00 5.000000000000000000e+00 8.904834776054422196e-01
4.000000000000000000e+00 6.000000000000000000e+00 9.541423565329385514e-01
4.000000000000000000e+00 7.000000000000000000e+00 9.590619688459054437e-01
4.000000000000000000e+00 8.000000000000000000e+00 1.427901421482125510e+00
4.000000000000000000e+00 9.000000000000000000e+00 1.438779721412070778e+00
4.000000000000000000e+00 1.000000000000000000e+01 1.452723268458413486e+00
5.000000000000000000e+00 6.000000000000000000e+00 7.546709462592804396e-01
5.000000000000000000e+00 7.000000000000000000e+00 7.580328179208475348e-01
5.000000000000000000e+00 8.000000000000000000e+00 1.309596824417658123e+00
5.000000000000000000e+00 9.000000000000000000e+00 1.320293512837011463e+00
5.000000000000000000e+00 1.000000000000000000e+01 1.334273711292620845e+00
6.000000000000000000e+00 7.000000000000000000e+00 7.859320220562810988e-01
6.000000000000000000e+00 8.000000000000000000e+00 1.269169224297079790e+00
6.000000000000000000e+00 9.000000000000000000e+00 1.279836749808931806e+00
6.000000000000000000e+00 1.000000000000000000e+01 1.293830865087710169e+00
7.000000000000000000e+00 8.000000000000000000e+00 1.307754370144177170e+00
7.000000000000000000e+00 9.000000000000000000e+00 1.318248751420166620e+00
7.000000000000000000e+00 1.000000000000000000e+01 1.332260275784664660e+00
8.000000000000000000e+00 9.000000000000000000e+00 6.115789826840556387e-01
8.000000000000000000e+00 1.000000000000000000e+01 6.693699021016836781e-01
9.000000000000000000e+00 1.000000000000000000e+01 5.732391599005546290e-01
