0.000000000000000000e+00 1.000000000000000000e+00 2.000000000000000000e+00 3.000000000000000000e+00 4.000000000000000000e+00 5.000000000000000000e+00 6.000000000000000000e+00 7.000000000000000000e+00 8.000000000000000000e+00 9.000000000000000000e+00 1.000000000000000000e+01
1.000000000000000000e+00 0.000000000000000000e+00 5.905592418334860705e-01 1.035416541097368359e+00 1.047171600283088200e+00 1.095318334050307651e+00 1.133651313872336086e+00 1.118675815562530484e+00 1.583072921019682111e+00 1.593666378124114713e+00 1.607574562916343153e+00
2.000000000000000000e+00 5.905592418334860705e-01 0.000000000000000000e+00 1.035028428786736843e+00 1.046164314531309536e+00 1.092867742188883717e+00 1.131607327743679559e+00 1.115293331364774154e+00 1.581818949032425925e+00 1.592400308890420169e+00 1.606310976076746444e+00
3.000000000000000000e+00 1.035416541097368359e+00 1.035028428786736843e+00 0.000000000000000000e+00 6.264590757865899917e-01 8.387506263113233551e-01 8.891959312078969724e-01 8.997390215025693472e-01 1.364566018912148460e+00 1.375218103341935061e+00 1.389120792042709551e+00
4.000000000000000000e+00 1.047171600283088200e+00 1.046164314531309536e+00 6.264590757865899917e-01 0.000000000000000000e+00 8.064689379417782078e-01 8.671046275708707007e-01 8.779763358656742511e-01 1.355096138798553840e+00 1.365709654295801601e+00 1.379621610717545410e+00
5.000000000000000000e+00 1.095318334050307651e+00 1.092867742188883717e+00 8.387506263113233551e-01 8.064689379417782078e-01 0.000000000000000000e+00 7.542361084839810381e-01 7.570377733377693374e-01 1.321073048642144476e+00 1.331487660698131625e+00 1.345445179945133463e+00
6.000000000000000000e+00 1.133651313872336086e+00 1.131607327743679559e+00 8.891959312078969724e-01 8.671046275708707007e-01 7.542361084839810381e-01 0.000000000000000000e+00 7.862064683078449079e-01 1.286943182186883528e+00 1.297330890838778616e+00 1.311304252990679542e+00
7.000000000000000000e+00 1.118675815562530484e+00 1.115293331364774154e+00 8.997390215025693472e-01 8.779763358656742511e-01 7.570377733377693374e-01 7.862064683078449079e-01 0.000000000000000000e+00 1.317005493669549887e+00 1.327208317466175957e+00 1.341205121432953673e+00
8.000000000000000000e+00 1.583072921019682111e+00 1.581818949032425925e+00 1.364566018912148460e+00 1.355096138798553840e+00 1.321073048642144476e+00 1.286943182186883528e+00 1.317005493669549887e+00 0.000000000000000000e+00 6.115819648115146112e-01 6.693733782510002950e-01
9.000000000000000000e+00 1.593666378124114713e+00 1.592400308890420169e+00 1.375218103341935061e+00 1.365709654295801601e+00 1.331487660698131625e+00 1.297330890838778616e+00 1.327208317466175957e+00 6.115819648115146112e-01 0.000000000000000000e+00 5.732399451308494154e-01
1.000000000000000000e+01 1.607574562916343153e+00 1.606310976076746444e+00 1.389120792042709551e+00 1.379621610717545410e+00 1.345445179945133463e+00 1.311304252990679542e+00 1.341205121432953673e+00 6.693733782510002950e-01 5.732399451308494154e-01 0.000000000000000000e+00
