1.000000000000000000e+00 2.000000000000000000e+00 5.495135884251811653e+00
1.000000000000000000e+00 3.000000000000000000e+00 3.803077275084728370e+00
1.000000000000000000e+00 4.000000000000000000e+00 3.908632480691042854e+00
1.000000000000000000e+00 5.000000000000000000e+00 3.851524724113825293e+00
1.000000000000000000e+00 6.000000000000000000e+00 3.878052423066934651e+00
1.000000000000000000e+00 7.000000000000000000e+00 3.875178202744931966e+00
1.000000000000000000e+00 8.000000000000000000e+00 7.310529027362024479e+00
1.000000000000000000e+00 9.000000000000000000e+00 7.373151077599812808e+00
1.000000000000000000e+00 1.000000000000000000e+01 7.309912244292389616e+00
2.000000000000000000e+00 3.000000000000000000e+00 4.014709595354393201e+00
2.000000000000000000e+00 4.000000000000000000e+00 4.118434882117407270e+00
2.000000000000000000e+00 5.000000000000000000e+00 4.058823266994052936e+00
2.000000000000000000e+00 6.000000000000000000e+00 4.085623068167067551e+00
2.000000000000000000e+00 7.000000000000000000e+00 4.080524345929996244e+00
2.000000000000000000e+00 8.000000000000000000e+00 7.519149382908926427e+00
2.000000000000000000e+00 9.000000000000000000e+00 7.581679681568106233e+00
2.000000000000000000e+00 1.000000000000000000e+01 7.518425112293508406e+00
3.000000000000000000e+00 4.000000000000000000e+00 7.679253899235738423e-01
3.000000000000000000e+00 5.000000000000000000e+00 9.015402863245078890e-01
3.000000000000000000e+00 6.000000000000000000e+00 9.517578568508371362e-01
3.000000000000000000e+00 7.000000000000000000e+00 9.720727177475225744e-01
3.000000000000000000e+00 8.000000000000000000e+00 4.416864052454064549e+00
3.000000000000000000e+00 9.000000000000000000e+00 4.479853059100394219e+00
3.000000000000000000e+00 1.000000000000000000e+01 4.416673548270185989e+00
4.000000000000000000e+00 5.000000000000000000e+00 9.363899597169451638e-01
4.000000000000000000e+00 6.000000000000000000e+00 1.005685173933607679e+00
4.000000000000000000e+00 7.000000000000000000e+00 1.022256248482326768e+00
4.000000000000000000e+00 8.000000000000000000e+00 4.490892598141121184e+00
4.000000000000000000e+00 9.000000000000000000e+00 4.553580488414553429e+00
4.000000000000000000e+00 1.000000000000000000e+01 4.490355260665815251e+00
5.000000000000000000e+00 6.000000000000000000e+00 7.566850174498362946e-01
5.000000000000000000e+00 7.000000000000000000e+00 7.636399981487622668e-01
5.000000000000000000e+00 8.000000000000000000e+00 4.322341115674044332e+00
5.000000000000000000e+00 9.000000000000000000e+00 4.384203116315022797e+00
5.000000000000000000e+00 1.000000000000000000e+01 4.320852756640004344e+00
6.000000000000000000e+00 7.000000000000000000e+00 7.892717272077041102e-01
6.000000000000000000e+00 8.000000000000000000e+00 4.276676589651851046e+00
6.000000000000000000e+00 9.000000000000000000e+00 4.338418574519755211e+00
6.000000000000000000e+00 1.000000000000000000e+01 4.275053964302605536e+00
7.000000000000000000e+00 8.000000000000000000e+00 4.319722773887308520e+00
7.000000000000000000e+00 9.000000000000000000e+00 4.380541342838233376e+00
7.000000000000000000e+00 1.000000000000000000e+01 4.317027431105989521e+00
8.000000000000000000e+00 9.000000000000000000e+00 5.770748511346882381e+00
8.000000000000000000e+00 1.000000000000000000e+01 6.041921596927776861e+00
9.000000000000000000e+00 1.000000000000000000e+01 5.490069189999292831e+00
