0.000000000000000000e+00 1.000000000000000000e+00 2.000000000000000000e+00 3.000000000000000000e+00 4.000000000000000000e+00 5.000000000000000000e+00 6.000000000000000000e+00 7.000000000000000000e+00 8.000000000000000000e+00 9.000000000000000000e+00 1.000000000000000000e+01
1.000000000000000000e+00 0.000000000000000000e+00 5.910933735329555461e-01 1.038661838151371475e+00 1.051220416108322286e+00 1.107133614446230041e+00 1.150799707762866220e+00 1.179667982508873836e+00 1.609985256691031319e+00 1.620938818095598588e+00 1.634579134686818369e+00
2.000000000000000000e+00 5.910933735329555461e-01 0.000000000000000000e+00 1.038206379846599470e+00 1.050186766473237387e+00 1.104837028586205694e+00 1.148943881313539528e+00 1.176635670784645482e+00 1.608919428884732605e+00 1.619860954302104972e+00 1.633503753628347654e+00
3.000000000000000000e+00 1.038661838151371475e+00 1.038206379846599470e+00 0.000000000000000000e+00 6.265127196825606148e-01 8.422950895332128596e-01 8.975885235332903278e-01 9.465327184032543695e-01 1.389599213619347351e+00 1.400612921685626677e+00 1.414247529937731729e+00
4.000000000000000000e+00 1.051220416108322286e+00 1.050186766473237387e+00 6.265127196825606148e-01 0.000000000000000000e+00 8.092486535304694861e-01 8.748159396729646708e-01 9.227705368256733376e-01 1.381646259294463830e+00 1.392622813826452255e+00 1.406266424503349599e+00
5.000000000000000000e+00 1.107133614446230041e+00 1.104837028586205694e+00 8.422950895332128596e-01 8.092486535304694861e-01 0.000000000000000000e+00 7.584808752674772059e-01 7.875538665706058872e-01 1.358184589601398207e+00 1.368975275152739979e+00 1.382661937476564740e+00
6.000000000000000000e+00 1.150799707762866220e+00 1.148943881313539528e+00 8.975885235332903278e-01 8.748159396729646708e-01 7.584808752674772059e-01 0.000000000000000000e+00 8.264451933322913835e-01 1.326217525814170406e+00 1.336966963286294607e+00 1.350671223933275877e+00
7.000000000000000000e+00 1.179667982508873836e+00 1.176635670784645482e+00 9.465327184032543695e-01 9.227705368256733376e-01 7.875538665706058872e-01 8.264451933322913835e-01 0.000000000000000000e+00 1.406941821566946471e+00 1.417553661311695024e+00 1.431274201536713919e+00
8.000000000000000000e+00 1.609985256691031319e+00 1.608919428884732605e+00 1.389599213619347351e+00 1.381646259294463830e+00 1.358184589601398207e+00 1.326217525814170406e+00 1.406941821566946471e+00 0.000000000000000000e+00 6.115724440730678779e-01 6.693419596890157752e-01
9.000000000000000000e+00 1.620938818095598588e+00 1.619860954302104972e+00 1.400612921685626677e+00 1.392622813826452255e+00 1.368975275152739979e+00 1.336966963286294607e+00 1.417553661311695024e+00 6.115724440730678779e-01 0.000000000000000000e+00 5.732285745059628734e-01
1.000000000000000000e+01 1.634579134686818369e+00 1.633503753628347654e+00 1.414247529937731729e+00 1.406266424503349599e+00 1.382661937476564740e+00 1.350671223933275877e+00 1.431274201536713919e+00 6.693419596890157752e-01 5.732285745059628734e-01 0.000000000000000000e+00
