1.000000000000000000e+00 2.000000000000000000e+00 5.899035465458811744e-01
1.000000000000000000e+00 3.000000000000000000e+00 1.031809351036481859e+00
1.000000000000000000e+00 4.000000000000000000e+00 1.043473145579856931e+00
1.000000000000000000e+00 5.000000000000000000e+00 1.091010328608295721e+00
1.000000000000000000e+00 6.000000000000000000e+00 1.127719610762159652e+00
1.000000000000000000e+00 7.000000000000000000e+00 1.114006426551901185e+00
1.000000000000000000e+00 8.000000000000000000e+00 1.573914724346811678e+00
1.000000000000000000e+00 9.000000000000000000e+00 1.584994064167676742e+00
1.000000000000000000e+00 1.000000000000000000e+01 1.599080551533408778e+00
2.000000000000000000e+00 3.000000000000000000e+00 1.031292475347781457e+00
2.000000000000000000e+00 4.000000000000000000e+00 1.042405502100228309e+00
2.000000000000000000e+00 5.000000000000000000e+00 1.088670690436264410e+00
2.000000000000000000e+00 6.000000000000000000e+00 1.125754788751225144e+00
2.000000000000000000e+00 7.000000000000000000e+00 1.110845515547939311e+00
2.000000000000000000e+00 8.000000000000000000e+00 1.572871249148751094e+00
2.000000000000000000e+00 9.000000000000000000e+00 1.583940006857006422e+00
2.000000000000000000e+00 1.000000000000000000e+01 1.598028310384406625e+00
3.000000000000000000e+00 4.000000000000000000e+00 6.264451110052851046e-01
3.000000000000000000e+00 5.000000000000000000e+00 8.383830563032070859e-01
3.000000000000000000e+00 6.000000000000000000e+00 8.875231989099254815e-01
3.000000000000000000e+00 7.000000000000000000e+00 8.989535498184846318e-01
3.000000000000000000e+00 8.000000000000000000e+00 1.357709426653280094e+00
3.000000000000000000e+00 9.000000000000000000e+00 1.368841603270839480e+00
3.000000000000000000e+00 1.000000000000000000e+01 1.382925084951152295e+00
4.000000000000000000e+00 5.000000000000000000e+00 8.062236992164353300e-01
4.000000000000000000e+00 6.000000000000000000e+00 8.656656817678818339e-01
4.000000000000000000e+00 7.000000000000000000e+00 8.773322105652576752e-01
4.000000000000000000e+00 8.000000000000000000e+00 1.348966432543026617e+00
4.000000000000000000e+00 9.000000000000000000e+00 1.360060500452988430e+00
4.000000000000000000e+00 1.000000000000000000e+01 1.374151685569519055e+00
5.000000000000000000e+00 6.000000000000000000e+00 7.535538676163604510e-01
5.000000000000000000e+00 7.000000000000000000e+00 7.567777610134061028e-01
5.000000000000000000e+00 8.000000000000000000e+00 1.318537532964127568e+00
5.000000000000000000e+00 9.000000000000000000e+00 1.329437457766215358e+00
5.000000000000000000e+00 1.000000000000000000e+01 1.343565693339523692e+00
6.000000000000000000e+00 7.000000000000000000e+00 7.848129713836646815e-01
6.000000000000000000e+00 8.000000000000000000e+00 1.282119843525057146e+00
6.000000000000000000e+00 9.000000000000000000e+00 1.292987834648604339e+00
6.000000000000000000e+00 1.000000000000000000e+01 1.307130226076409274e+00
7.000000000000000000e+00 8.000000000000000000e+00 1.319632075710552410e+00
7.000000000000000000e+00 9.000000000000000000e+00 1.330331058499310659e+00
7.000000000000000000e+00 1.000000000000000000e+01 1.344489657434784879e+00
8.000000000000000000e+00 9.000000000000000000e+00 6.116154584666573246e-01
8.000000000000000000e+00 1.000000000000000000e+01 6.694315878347671944e-01
9.000000000000000000e+00 1.000000000000000000e+01 5.732510745447971789e-01
