1.000000000000000000e+00 2.000000000000000000e+00 2.946096259941175521e+00
1.000000000000000000e+00 3.000000000000000000e+00 5.139851267162057091e+00
1.000000000000000000e+00 4.000000000000000000e+00 5.197555345856568643e+00
1.000000000000000000e+00 5.000000000000000000e+00 5.428591443006338224e+00
1.000000000000000000e+00 6.000000000000000000e+00 5.597296861520517197e+00
1.000000000000000000e+00 7.000000000000000000e+00 5.534570109559429518e+00
1.000000000000000000e+00 8.000000000000000000e+00 7.460553548409283309e+00
1.000000000000000000e+00 9.000000000000000000e+00 7.513048214200061636e+00
1.000000000000000000e+00 1.000000000000000000e+01 7.561546329766078323e+00
2.000000000000000000e+00 3.000000000000000000e+00 5.137845976818637972e+00
2.000000000000000000e+00 4.000000000000000000e+00 5.193205807271652041e+00
2.000000000000000000e+00 5.000000000000000000e+00 5.419005261874376700e+00
2.000000000000000000e+00 6.000000000000000000e+00 5.589374033941105324e+00
2.000000000000000000e+00 7.000000000000000000e+00 5.521731971245883663e+00
2.000000000000000000e+00 8.000000000000000000e+00 7.456229477655966775e+00
2.000000000000000000e+00 9.000000000000000000e+00 7.508680537091507290e+00
2.000000000000000000e+00 1.000000000000000000e+01 7.557193776780963823e+00
3.000000000000000000e+00 4.000000000000000000e+00 3.132063154869267230e+00
3.000000000000000000e+00 5.000000000000000000e+00 4.186124668917749148e+00
3.000000000000000000e+00 6.000000000000000000e+00 4.420815378449409749e+00
3.000000000000000000e+00 7.000000000000000000e+00 4.477246998435862047e+00
3.000000000000000000e+00 8.000000000000000000e+00 6.401109873207609269e+00
3.000000000000000000e+00 9.000000000000000000e+00 6.453839817201824758e+00
3.000000000000000000e+00 1.000000000000000000e+01 6.502291043146374072e+00
4.000000000000000000e+00 5.000000000000000000e+00 4.027032747224607689e+00
4.000000000000000000e+00 6.000000000000000000e+00 4.314246604125923312e+00
4.000000000000000000e+00 7.000000000000000000e+00 4.371802493322628713e+00
4.000000000000000000e+00 8.000000000000000000e+00 6.356062457514472186e+00
4.000000000000000000e+00 9.000000000000000000e+00 6.408608418035921517e+00
4.000000000000000000e+00 1.000000000000000000e+01 6.457130045725690159e+00
5.000000000000000000e+00 6.000000000000000000e+00 3.762765733594399364e+00
5.000000000000000000e+00 7.000000000000000000e+00 3.779165616315224518e+00
5.000000000000000000e+00 8.000000000000000000e+00 6.188930196430492359e+00
5.000000000000000000e+00 9.000000000000000000e+00 6.240543265128584594e+00
5.000000000000000000e+00 1.000000000000000000e+01 6.289410137831516145e+00
6.000000000000000000e+00 7.000000000000000000e+00 3.912486808078731393e+00
6.000000000000000000e+00 8.000000000000000000e+00 5.984670622559860931e+00
6.000000000000000000e+00 9.000000000000000000e+00 6.036093369947639786e+00
6.000000000000000000e+00 1.000000000000000000e+01 6.085076018566703659e+00
7.000000000000000000e+00 8.000000000000000000e+00 6.177999616900990532e+00
7.000000000000000000e+00 9.000000000000000000e+00 6.228677911913809595e+00
7.000000000000000000e+00 1.000000000000000000e+01 6.277846324048875992e+00
8.000000000000000000e+00 9.000000000000000000e+00 3.055295617887885840e+00
8.000000000000000000e+00 1.000000000000000000e+01 3.339927405246386094e+00
9.000000000000000000e+00 1.000000000000000000e+01 2.864486972711891788e+00
