1.000000000000000000e+00 2.000000000000000000e+00 5.899029359719200061e-01
1.000000000000000000e+00 3.000000000000000000e+00 1.031696019037183776e+00
1.000000000000000000e+00 4.000000000000000000e+00 1.043360947701477581e+00
1.000000000000000000e+00 5.000000000000000000e+00 1.090678320400380263e+00
1.000000000000000000e+00 6.000000000000000000e+00 1.126614201142902560e+00
1.000000000000000000e+00 7.000000000000000000e+00 1.113135272277431476e+00
1.000000000000000000e+00 8.000000000000000000e+00 1.550306176750269493e+00
1.000000000000000000e+00 9.000000000000000000e+00 1.561013484868626788e+00
1.000000000000000000e+00 1.000000000000000000e+01 1.574577298818868654e+00
2.000000000000000000e+00 3.000000000000000000e+00 1.031165706983826924e+00
2.000000000000000000e+00 4.000000000000000000e+00 1.042282805942341017e+00
2.000000000000000000e+00 5.000000000000000000e+00 1.088345319996492977e+00
2.000000000000000000e+00 6.000000000000000000e+00 1.124647981407254749e+00
2.000000000000000000e+00 7.000000000000000000e+00 1.110008932252603664e+00
2.000000000000000000e+00 8.000000000000000000e+00 1.549140115780162308e+00
2.000000000000000000e+00 9.000000000000000000e+00 1.559836682058736601e+00
2.000000000000000000e+00 1.000000000000000000e+01 1.573402627382657348e+00
3.000000000000000000e+00 4.000000000000000000e+00 6.264384338491366666e-01
3.000000000000000000e+00 5.000000000000000000e+00 8.380871068886632802e-01
3.000000000000000000e+00 6.000000000000000000e+00 8.867368747211650248e-01
3.000000000000000000e+00 7.000000000000000000e+00 8.977996640069476619e-01
3.000000000000000000e+00 8.000000000000000000e+00 1.334876677852311566e+00
3.000000000000000000e+00 9.000000000000000000e+00 1.345636596402661533e+00
3.000000000000000000e+00 1.000000000000000000e+01 1.359196227679354552e+00
4.000000000000000000e+00 5.000000000000000000e+00 8.060086308824085943e-01
4.000000000000000000e+00 6.000000000000000000e+00 8.649957349033587928e-01
4.000000000000000000e+00 7.000000000000000000e+00 8.763248883122169985e-01
4.000000000000000000e+00 8.000000000000000000e+00 1.325723089858014792e+00
4.000000000000000000e+00 9.000000000000000000e+00 1.336443926801847537e+00
4.000000000000000000e+00 1.000000000000000000e+01 1.350012532005779642e+00
5.000000000000000000e+00 6.000000000000000000e+00 7.532727110606216581e-01
5.000000000000000000e+00 7.000000000000000000e+00 7.564063315507318919e-01
5.000000000000000000e+00 8.000000000000000000e+00 1.292689176951227203e+00
5.000000000000000000e+00 9.000000000000000000e+00 1.303210888168156112e+00
5.000000000000000000e+00 1.000000000000000000e+01 1.316823049552859226e+00
6.000000000000000000e+00 7.000000000000000000e+00 7.839345052029131899e-01
6.000000000000000000e+00 8.000000000000000000e+00 1.255081464584739237e+00
6.000000000000000000e+00 9.000000000000000000e+00 1.265566377031988710e+00
6.000000000000000000e+00 1.000000000000000000e+01 1.279195020979920772e+00
7.000000000000000000e+00 8.000000000000000000e+00 1.290523585273362084e+00
7.000000000000000000e+00 9.000000000000000000e+00 1.300842392278950266e+00
7.000000000000000000e+00 1.000000000000000000e+01 1.314490700657894307e+00
8.000000000000000000e+00 9.000000000000000000e+00 6.115533158733967856e-01
8.000000000000000000e+00 1.000000000000000000e+01 6.693033426933541197e-01
9.000000000000000000e+00 1.000000000000000000e+01 5.732191495786824742e-01
