1.000000000000000000e+00 2.000000000000000000e+00 5.926481368752373191e-01
1.000000000000000000e+00 3.000000000000000000e+00 1.041701175212040642e+00
1.000000000000000000e+00 4.000000000000000000e+00 1.053695497079942589e+00
1.000000000000000000e+00 5.000000000000000000e+00 1.103021317000394408e+00
1.000000000000000000e+00 6.000000000000000000e+00 1.142544585776079646e+00
1.000000000000000000e+00 7.000000000000000000e+00 1.126889176964557260e+00
1.000000000000000000e+00 8.000000000000000000e+00 1.611226040449360575e+00
1.000000000000000000e+00 9.000000000000000000e+00 1.622122445824345061e+00
1.000000000000000000e+00 1.000000000000000000e+01 1.635788127659432156e+00
2.000000000000000000e+00 3.000000000000000000e+00 1.040369934872984903e+00
2.000000000000000000e+00 4.000000000000000000e+00 1.051664240806635009e+00
2.000000000000000000e+00 5.000000000000000000e+00 1.099339631999913802e+00
2.000000000000000000e+00 6.000000000000000000e+00 1.139266848366790263e+00
2.000000000000000000e+00 7.000000000000000000e+00 1.122161574383504279e+00
2.000000000000000000e+00 8.000000000000000000e+00 1.609083604141960056e+00
2.000000000000000000e+00 9.000000000000000000e+00 1.619966793301145902e+00
2.000000000000000000e+00 1.000000000000000000e+01 1.633634804933561835e+00
3.000000000000000000e+00 4.000000000000000000e+00 6.265219094834808544e-01
3.000000000000000000e+00 5.000000000000000000e+00 8.399188772157137883e-01
3.000000000000000000e+00 6.000000000000000000e+00 8.912146916979120093e-01
3.000000000000000000e+00 7.000000000000000000e+00 9.018870899093800464e-01
3.000000000000000000e+00 8.000000000000000000e+00 1.385896884322688649e+00
3.000000000000000000e+00 9.000000000000000000e+00 1.396851681771695386e+00
3.000000000000000000e+00 1.000000000000000000e+01 1.410514265953545010e+00
4.000000000000000000e+00 5.000000000000000000e+00 8.071792507012713891e-01
4.000000000000000000e+00 6.000000000000000000e+00 8.684531606559895422e-01
4.000000000000000000e+00 7.000000000000000000e+00 8.795372655729287725e-01
4.000000000000000000e+00 8.000000000000000000e+00 1.376232087358164158e+00
4.000000000000000000e+00 9.000000000000000000e+00 1.387151935780214895e+00
4.000000000000000000e+00 1.000000000000000000e+01 1.400821858376809281e+00
5.000000000000000000e+00 6.000000000000000000e+00 7.541980733577204887e-01
5.000000000000000000e+00 7.000000000000000000e+00 7.572306304238098917e-01
5.000000000000000000e+00 8.000000000000000000e+00 1.344197996551208085e+00
5.000000000000000000e+00 9.000000000000000000e+00 1.354936407170109103e+00
5.000000000000000000e+00 1.000000000000000000e+01 1.368641749311061417e+00
6.000000000000000000e+00 7.000000000000000000e+00 7.858860126476348018e-01
6.000000000000000000e+00 8.000000000000000000e+00 1.308470048604087221e+00
6.000000000000000000e+00 9.000000000000000000e+00 1.319195856668142763e+00
6.000000000000000000e+00 1.000000000000000000e+01 1.332912217910608987e+00
7.000000000000000000e+00 8.000000000000000000e+00 1.346303928506220604e+00
7.000000000000000000e+00 9.000000000000000000e+00 1.356837225687064219e+00
7.000000000000000000e+00 1.000000000000000000e+01 1.370573978255963166e+00
8.000000000000000000e+00 9.000000000000000000e+00 6.115715473179936801e-01
8.000000000000000000e+00 1.000000000000000000e+01 6.693416255365667311e-01
9.000000000000000000e+00 1.000000000000000000e+01 5.732282419981205024e-01
