1.000000000000000000e+00 2.000000000000000000e+00 5.899038010029373780e-01
1.000000000000000000e+00 3.000000000000000000e+00 1.031847732784666682e+00
1.000000000000000000e+00 4.000000000000000000e+00 1.043508386414203626e+00
1.000000000000000000e+00 5.000000000000000000e+00 1.091129511558611265e+00
1.000000000000000000e+00 6.000000000000000000e+00 1.128075185508618627e+00
1.000000000000000000e+00 7.000000000000000000e+00 1.114378753813162648e+00
1.000000000000000000e+00 8.000000000000000000e+00 1.586634794490026978e+00
1.000000000000000000e+00 9.000000000000000000e+00 1.597829948161341607e+00
1.000000000000000000e+00 1.000000000000000000e+01 1.612087203130213364e+00
2.000000000000000000e+00 3.000000000000000000e+00 1.031336119972903198e+00
2.000000000000000000e+00 4.000000000000000000e+00 1.042444663119264758e+00
2.000000000000000000e+00 5.000000000000000000e+00 1.088785975993747490e+00
2.000000000000000000e+00 6.000000000000000000e+00 1.126108597612203166e+00
2.000000000000000000e+00 7.000000000000000000e+00 1.111202391638486331e+00
2.000000000000000000e+00 8.000000000000000000e+00 1.585666971880527631e+00
2.000000000000000000e+00 9.000000000000000000e+00 1.596851859099502446e+00
2.000000000000000000e+00 1.000000000000000000e+01 1.611110782036467626e+00
3.000000000000000000e+00 4.000000000000000000e+00 6.264479264319018359e-01
3.000000000000000000e+00 5.000000000000000000e+00 8.385102063144522777e-01
3.000000000000000000e+00 6.000000000000000000e+00 8.878045419778337610e-01
3.000000000000000000e+00 7.000000000000000000e+00 8.994510689931287661e-01
3.000000000000000000e+00 8.000000000000000000e+00 1.369916165389669205e+00
3.000000000000000000e+00 9.000000000000000000e+00 1.381161166746184721e+00
3.000000000000000000e+00 1.000000000000000000e+01 1.395416097481353201e+00
4.000000000000000000e+00 5.000000000000000000e+00 8.063162549299487392e-01
4.000000000000000000e+00 6.000000000000000000e+00 8.659006576209304917e-01
4.000000000000000000e+00 7.000000000000000000e+00 8.777640353793105810e-01
4.000000000000000000e+00 8.000000000000000000e+00 1.361416567559489144e+00
4.000000000000000000e+00 9.000000000000000000e+00 1.372624354060214769e+00
4.000000000000000000e+00 1.000000000000000000e+01 1.386886416973772906e+00
5.000000000000000000e+00 6.000000000000000000e+00 7.536360590729065390e-01
5.000000000000000000e+00 7.000000000000000000e+00 7.569251069265050536e-01
5.000000000000000000e+00 8.000000000000000000e+00 1.332473949110634548e+00
5.000000000000000000e+00 9.000000000000000000e+00 1.343492675339346354e+00
5.000000000000000000e+00 1.000000000000000000e+01 1.357788816498797235e+00
6.000000000000000000e+00 7.000000000000000000e+00 7.850950402284173624e-01
6.000000000000000000e+00 8.000000000000000000e+00 1.296414622830105001e+00
6.000000000000000000e+00 9.000000000000000000e+00 1.307400814229421782e+00
6.000000000000000000e+00 1.000000000000000000e+01 1.321710312663340492e+00
7.000000000000000000e+00 8.000000000000000000e+00 1.335495193206795550e+00
7.000000000000000000e+00 9.000000000000000000e+00 1.346319730797184588e+00
7.000000000000000000e+00 1.000000000000000000e+01 1.360643348889361448e+00
8.000000000000000000e+00 9.000000000000000000e+00 6.116396773952954558e-01
8.000000000000000000e+00 1.000000000000000000e+01 6.694703435240696443e-01
9.000000000000000000e+00 1.000000000000000000e+01 5.732598431976030362e-01
