1.000000000000000000e+00 2.000000000000000000e+00 5.898818967910594013e-01
1.000000000000000000e+00 3.000000000000000000e+00 1.024480563137638356e+00
1.000000000000000000e+00 4.000000000000000000e+00 1.035420636566728669e+00
1.000000000000000000e+00 5.000000000000000000e+00 1.078207786938647050e+00
1.000000000000000000e+00 6.000000000000000000e+00 1.103922093837599094e+00
1.000000000000000000e+00 7.000000000000000000e+00 1.099143216854695293e+00
1.000000000000000000e+00 8.000000000000000000e+00 1.525661529673129513e+00
1.000000000000000000e+00 9.000000000000000000e+00 1.536547839348374911e+00
1.000000000000000000e+00 1.000000000000000000e+01 1.550219155241792324e+00
2.000000000000000000e+00 3.000000000000000000e+00 1.024650111478240699e+00
2.000000000000000000e+00 4.000000000000000000e+00 1.035084074675194588e+00
2.000000000000000000e+00 5.000000000000000000e+00 1.076770567688936531e+00
2.000000000000000000e+00 6.000000000000000000e+00 1.102983049184030451e+00
2.000000000000000000e+00 7.000000000000000000e+00 1.096956276888886972e+00
2.000000000000000000e+00 8.000000000000000000e+00 1.525687464714866381e+00
2.000000000000000000e+00 9.000000000000000000e+00 1.536562754627290417e+00
2.000000000000000000e+00 1.000000000000000000e+01 1.550236137383013579e+00
3.000000000000000000e+00 4.000000000000000000e+00 6.262820984348576037e-01
3.000000000000000000e+00 5.000000000000000000e+00 8.345282794079529332e-01
3.000000000000000000e+00 6.000000000000000000e+00 8.749361093897622954e-01
3.000000000000000000e+00 7.000000000000000000e+00 8.914486668306396133e-01
3.000000000000000000e+00 8.000000000000000000e+00 1.320975261509325316e+00
3.000000000000000000e+00 9.000000000000000000e+00 1.331887267953574483e+00
3.000000000000000000e+00 1.000000000000000000e+01 1.345559430342520235e+00
4.000000000000000000e+00 5.000000000000000000e+00 8.036767456045226243e-01
4.000000000000000000e+00 6.000000000000000000e+00 8.553249392418866837e-01
4.000000000000000000e+00 7.000000000000000000e+00 8.713462477742637269e-01
4.000000000000000000e+00 8.000000000000000000e+00 1.313832715275176755e+00
4.000000000000000000e+00 9.000000000000000000e+00 1.324704343944956619e+00
4.000000000000000000e+00 1.000000000000000000e+01 1.338385106738097852e+00
5.000000000000000000e+00 6.000000000000000000e+00 7.502217303632436884e-01
5.000000000000000000e+00 7.000000000000000000e+00 7.552096210908696428e-01
5.000000000000000000e+00 8.000000000000000000e+00 1.286140753313403939e+00
5.000000000000000000e+00 9.000000000000000000e+00 1.296817943852496047e+00
5.000000000000000000e+00 1.000000000000000000e+01 1.310538281641467018e+00
6.000000000000000000e+00 7.000000000000000000e+00 7.797602908354268614e-01
6.000000000000000000e+00 8.000000000000000000e+00 1.244806103095822847e+00
6.000000000000000000e+00 9.000000000000000000e+00 1.255438038893688546e+00
6.000000000000000000e+00 1.000000000000000000e+01 1.269174355705622981e+00
7.000000000000000000e+00 8.000000000000000000e+00 1.286654392383822065e+00
7.000000000000000000e+00 9.000000000000000000e+00 1.297147912467510267e+00
7.000000000000000000e+00 1.000000000000000000e+01 1.310898892798594728e+00
8.000000000000000000e+00 9.000000000000000000e+00 6.115691658425350674e-01
8.000000000000000000e+00 1.000000000000000000e+01 6.693398987719303417e-01
9.000000000000000000e+00 1.000000000000000000e+01 5.732282271966722131e-01
