1.000000000000000000e+00 2.000000000000000000e+00 3.063267390583045202e+00
1.000000000000000000e+00 3.000000000000000000e+00 6.149477519237124490e+00
1.000000000000000000e+00 4.000000000000000000e+00 3.134244006918664116e+00
1.000000000000000000e+00 5.000000000000000000e+00 3.185770248164440765e+00
1.000000000000000000e+00 6.000000000000000000e+00 3.270307731222131586e+00
1.000000000000000000e+00 7.000000000000000000e+00 8.736030505130214507e+00
1.000000000000000000e+00 8.000000000000000000e+00 8.437356726011836727e+00
1.000000000000000000e+00 9.000000000000000000e+00 3.132710436588108216e+00
2.000000000000000000e+00 3.000000000000000000e+00 7.237145690090625472e+00
2.000000000000000000e+00 4.000000000000000000e+00 4.947149709029323716e+00
2.000000000000000000e+00 5.000000000000000000e+00 4.998626601248514767e+00
2.000000000000000000e+00 6.000000000000000000e+00 5.083000320559221130e+00
2.000000000000000000e+00 7.000000000000000000e+00 1.054018424384108066e+01
2.000000000000000000e+00 8.000000000000000000e+00 1.024383832040170894e+01
2.000000000000000000e+00 9.000000000000000000e+00 4.945915291124232560e+00
3.000000000000000000e+00 4.000000000000000000e+00 7.444301068264138621e+00
3.000000000000000000e+00 5.000000000000000000e+00 7.496023206318221277e+00
3.000000000000000000e+00 6.000000000000000000e+00 7.580839376900068594e+00
3.000000000000000000e+00 7.000000000000000000e+00 1.305600341633589956e+01
3.000000000000000000e+00 8.000000000000000000e+00 1.275463315513395024e+01
3.000000000000000000e+00 9.000000000000000000e+00 7.442241513068602821e+00
4.000000000000000000e+00 5.000000000000000000e+00 5.233543978375729822e-01
4.000000000000000000e+00 6.000000000000000000e+00 7.171250377884330618e-01
4.000000000000000000e+00 7.000000000000000000e+00 7.042847748367609739e+00
4.000000000000000000e+00 8.000000000000000000e+00 6.665337178228064374e+00
4.000000000000000000e+00 9.000000000000000000e+00 6.317963974219522605e-01
5.000000000000000000e+00 6.000000000000000000e+00 6.201966138957595298e-01
5.000000000000000000e+00 7.000000000000000000e+00 7.075065820952284312e+00
5.000000000000000000e+00 8.000000000000000000e+00 6.693412423348876317e+00
5.000000000000000000e+00 9.000000000000000000e+00 7.487631022330738517e-01
6.000000000000000000e+00 7.000000000000000000e+00 7.127692739554353452e+00
6.000000000000000000e+00 8.000000000000000000e+00 6.739443421527321121e+00
6.000000000000000000e+00 9.000000000000000000e+00 9.096416411662477941e-01
7.000000000000000000e+00 8.000000000000000000e+00 9.960058393269731525e+00
7.000000000000000000e+00 9.000000000000000000e+00 7.088095355858333058e+00
8.000000000000000000e+00 9.000000000000000000e+00 6.716720496978269672e+00
