1.000000000000000000e+00 2.000000000000000000e+00 9.414108415813105424e+00
1.000000000000000000e+00 3.000000000000000000e+00 1.301588372268941285e+01
1.000000000000000000e+00 4.000000000000000000e+00 1.234061207012894990e+01
1.000000000000000000e+00 5.000000000000000000e+00 1.267227744163888481e+01
1.000000000000000000e+00 6.000000000000000000e+00 1.306755354295540350e+01
1.000000000000000000e+00 7.000000000000000000e+00 1.948879324061879714e+01
1.000000000000000000e+00 8.000000000000000000e+00 1.937565700217501075e+01
1.000000000000000000e+00 9.000000000000000000e+00 1.197161093553460276e+01
2.000000000000000000e+00 3.000000000000000000e+00 1.238136526305393303e+01
2.000000000000000000e+00 4.000000000000000000e+00 1.369394196263610120e+01
2.000000000000000000e+00 5.000000000000000000e+00 1.402569112881415059e+01
2.000000000000000000e+00 6.000000000000000000e+00 1.442075137793588446e+01
2.000000000000000000e+00 7.000000000000000000e+00 2.083774931101254424e+01
2.000000000000000000e+00 8.000000000000000000e+00 2.072513630404187523e+01
2.000000000000000000e+00 9.000000000000000000e+00 1.332521458518212754e+01
3.000000000000000000e+00 4.000000000000000000e+00 1.546843485339662116e+01
3.000000000000000000e+00 5.000000000000000000e+00 1.580026209578796603e+01
3.000000000000000000e+00 6.000000000000000000e+00 1.619552709201447982e+01
3.000000000000000000e+00 7.000000000000000000e+00 2.261481543975913411e+01
3.000000000000000000e+00 8.000000000000000000e+00 2.250185724639133156e+01
3.000000000000000000e+00 9.000000000000000000e+00 1.509938778133493642e+01
4.000000000000000000e+00 5.000000000000000000e+00 5.534025646938188103e+00
4.000000000000000000e+00 6.000000000000000000e+00 7.024853058084493895e+00
4.000000000000000000e+00 7.000000000000000000e+00 1.558250773660355293e+01
4.000000000000000000e+00 8.000000000000000000e+00 1.544407563899890334e+01
4.000000000000000000e+00 9.000000000000000000e+00 6.136413958538792457e+00
5.000000000000000000e+00 6.000000000000000000e+00 6.325364126291558975e+00
5.000000000000000000e+00 7.000000000000000000e+00 1.584355723362168078e+01
5.000000000000000000e+00 8.000000000000000000e+00 1.569848847476216491e+01
5.000000000000000000e+00 9.000000000000000000e+00 6.910456796858287731e+00
6.000000000000000000e+00 7.000000000000000000e+00 1.610811312250829275e+01
6.000000000000000000e+00 8.000000000000000000e+00 1.595336805317746354e+01
6.000000000000000000e+00 9.000000000000000000e+00 7.791855979577849922e+00
7.000000000000000000e+00 8.000000000000000000e+00 1.764222235064533351e+01
7.000000000000000000e+00 9.000000000000000000e+00 1.538663334092972335e+01
8.000000000000000000e+00 9.000000000000000000e+00 1.525586699829706205e+01
