1.000000000000000000e+00 2.000000000000000000e+00 5.798548669961570923e+00
1.000000000000000000e+00 3.000000000000000000e+00 8.529457517527545107e+00
1.000000000000000000e+00 4.000000000000000000e+00 8.221733759760882165e+00
1.000000000000000000e+00 5.000000000000000000e+00 8.479270526881885317e+00
1.000000000000000000e+00 6.000000000000000000e+00 8.865320053499536002e+00
1.000000000000000000e+00 7.000000000000000000e+00 1.128055197701901058e+01
1.000000000000000000e+00 8.000000000000000000e+00 1.072491454098440045e+01
1.000000000000000000e+00 9.000000000000000000e+00 7.775415271190847299e+00
2.000000000000000000e+00 3.000000000000000000e+00 7.112337822083921068e+00
2.000000000000000000e+00 4.000000000000000000e+00 8.166735216540422115e+00
2.000000000000000000e+00 5.000000000000000000e+00 8.424274720851071763e+00
2.000000000000000000e+00 6.000000000000000000e+00 8.810317938604173449e+00
2.000000000000000000e+00 7.000000000000000000e+00 1.122509074812691487e+01
2.000000000000000000e+00 8.000000000000000000e+00 1.066961331410228553e+01
2.000000000000000000e+00 9.000000000000000000e+00 7.720434473823089228e+00
3.000000000000000000e+00 4.000000000000000000e+00 9.776690880542721729e+00
3.000000000000000000e+00 5.000000000000000000e+00 1.003423396686543789e+01
3.000000000000000000e+00 6.000000000000000000e+00 1.042028491748108543e+01
3.000000000000000000e+00 7.000000000000000000e+00 1.283524675271146087e+01
3.000000000000000000e+00 8.000000000000000000e+00 1.227969722329273594e+01
3.000000000000000000e+00 9.000000000000000000e+00 9.330376688423772435e+00
4.000000000000000000e+00 5.000000000000000000e+00 4.994747592913595824e+00
4.000000000000000000e+00 6.000000000000000000e+00 6.228011000987370593e+00
4.000000000000000000e+00 7.000000000000000000e+00 9.946865662936259511e+00
4.000000000000000000e+00 8.000000000000000000e+00 9.390290335626605867e+00
4.000000000000000000e+00 9.000000000000000000e+00 5.427546146440815455e+00
5.000000000000000000e+00 6.000000000000000000e+00 5.662413150716302468e+00
5.000000000000000000e+00 7.000000000000000000e+00 1.020102910875493230e+01
5.000000000000000000e+00 8.000000000000000000e+00 9.644253830353754608e+00
5.000000000000000000e+00 9.000000000000000000e+00 6.014669153063569418e+00
6.000000000000000000e+00 7.000000000000000000e+00 1.058034677295836268e+01
6.000000000000000000e+00 8.000000000000000000e+00 1.002327965084671035e+01
6.000000000000000000e+00 9.000000000000000000e+00 6.642718286699889951e+00
7.000000000000000000e+00 8.000000000000000000e+00 1.006450290297225791e+01
7.000000000000000000e+00 9.000000000000000000e+00 9.510831463946743725e+00
8.000000000000000000e+00 9.000000000000000000e+00 8.954508247764817241e+00
