1.000000000000000000e+00 2.000000000000000000e+00 6.364043216360447452e+00
1.000000000000000000e+00 3.000000000000000000e+00 9.168497300846075504e+00
1.000000000000000000e+00 4.000000000000000000e+00 1.024159076538540702e+01
1.000000000000000000e+00 5.000000000000000000e+00 1.052360636229085777e+01
1.000000000000000000e+00 6.000000000000000000e+00 1.094222557072097501e+01
1.000000000000000000e+00 7.000000000000000000e+00 1.398614485434835331e+01
1.000000000000000000e+00 8.000000000000000000e+00 1.356849625066652898e+01
1.000000000000000000e+00 9.000000000000000000e+00 9.838274194233308734e+00
2.000000000000000000e+00 3.000000000000000000e+00 7.619924869808999190e+00
2.000000000000000000e+00 4.000000000000000000e+00 1.010781014070972006e+01
2.000000000000000000e+00 5.000000000000000000e+00 1.038988333431558608e+01
2.000000000000000000e+00 6.000000000000000000e+00 1.080831841283288242e+01
2.000000000000000000e+00 7.000000000000000000e+00 1.384953268988582309e+01
2.000000000000000000e+00 8.000000000000000000e+00 1.343211855746257122e+01
2.000000000000000000e+00 9.000000000000000000e+00 9.704746243027633668e+00
3.000000000000000000e+00 4.000000000000000000e+00 1.170471051185075950e+01
3.000000000000000000e+00 5.000000000000000000e+00 1.198682307790754287e+01
3.000000000000000000e+00 6.000000000000000000e+00 1.240537079497045525e+01
3.000000000000000000e+00 7.000000000000000000e+00 1.544750566476101739e+01
3.000000000000000000e+00 8.000000000000000000e+00 1.502999418045517466e+01
3.000000000000000000e+00 9.000000000000000000e+00 1.130147964910642422e+01
4.000000000000000000e+00 5.000000000000000000e+00 5.500313340451759458e+00
4.000000000000000000e+00 6.000000000000000000e+00 6.891773034546886834e+00
4.000000000000000000e+00 7.000000000000000000e+00 1.146127208192861957e+01
4.000000000000000000e+00 8.000000000000000000e+00 1.102899610575325617e+01
4.000000000000000000e+00 9.000000000000000000e+00 6.008448919819757705e+00
5.000000000000000000e+00 6.000000000000000000e+00 6.247600075474526449e+00
5.000000000000000000e+00 7.000000000000000000e+00 1.168054345873879996e+01
5.000000000000000000e+00 8.000000000000000000e+00 1.124317295425015395e+01
5.000000000000000000e+00 9.000000000000000000e+00 6.685895269467101443e+00
6.000000000000000000e+00 7.000000000000000000e+00 1.196782576396813624e+01
6.000000000000000000e+00 8.000000000000000000e+00 1.152249327643457910e+01
6.000000000000000000e+00 9.000000000000000000e+00 7.454832736337275279e+00
7.000000000000000000e+00 8.000000000000000000e+00 1.087301171679014367e+01
7.000000000000000000e+00 9.000000000000000000e+00 1.121744168509865069e+01
8.000000000000000000e+00 9.000000000000000000e+00 1.079060574572711495e+01
