1.000000000000000000e+00 2.000000000000000000e+00 9.112040598226347043e+00
1.000000000000000000e+00 3.000000000000000000e+00 1.045364819293427594e+01
1.000000000000000000e+00 4.000000000000000000e+00 1.096074398804779726e+01
1.000000000000000000e+00 5.000000000000000000e+00 1.123753357540175202e+01
1.000000000000000000e+00 6.000000000000000000e+00 1.148798434417174974e+01
1.000000000000000000e+00 7.000000000000000000e+00 1.571028456851905197e+01
1.000000000000000000e+00 8.000000000000000000e+00 1.643385896455296091e+01
1.000000000000000000e+00 9.000000000000000000e+00 1.049044063659518855e+01
2.000000000000000000e+00 3.000000000000000000e+00 1.022957101458493945e+01
2.000000000000000000e+00 4.000000000000000000e+00 1.238711754399709797e+01
2.000000000000000000e+00 5.000000000000000000e+00 1.266402473055776312e+01
2.000000000000000000e+00 6.000000000000000000e+00 1.291435461994674938e+01
2.000000000000000000e+00 7.000000000000000000e+00 1.713416688248032926e+01
2.000000000000000000e+00 8.000000000000000000e+00 1.785793510416987573e+01
2.000000000000000000e+00 9.000000000000000000e+00 1.191689441562584761e+01
3.000000000000000000e+00 4.000000000000000000e+00 1.216837756287087124e+01
3.000000000000000000e+00 5.000000000000000000e+00 1.244533875292166059e+01
3.000000000000000000e+00 6.000000000000000000e+00 1.269579456508273907e+01
3.000000000000000000e+00 7.000000000000000000e+00 1.691666055844187611e+01
3.000000000000000000e+00 8.000000000000000000e+00 1.764031252215189483e+01
3.000000000000000000e+00 9.000000000000000000e+00 1.169797416920406619e+01
4.000000000000000000e+00 5.000000000000000000e+00 5.504093871715088682e+00
4.000000000000000000e+00 6.000000000000000000e+00 6.848209839770557750e+00
4.000000000000000000e+00 7.000000000000000000e+00 1.274519753923478582e+01
4.000000000000000000e+00 8.000000000000000000e+00 1.345185575348169493e+01
4.000000000000000000e+00 9.000000000000000000e+00 5.996745099094397347e+00
5.000000000000000000e+00 6.000000000000000000e+00 6.225361221275672818e+00
5.000000000000000000e+00 7.000000000000000000e+00 1.295661180906362908e+01
5.000000000000000000e+00 8.000000000000000000e+00 1.365789297834670180e+01
5.000000000000000000e+00 9.000000000000000000e+00 6.676409509460441427e+00
6.000000000000000000e+00 7.000000000000000000e+00 1.308534347038286505e+01
6.000000000000000000e+00 8.000000000000000000e+00 1.377890781406847864e+01
6.000000000000000000e+00 9.000000000000000000e+00 7.356503684940211230e+00
7.000000000000000000e+00 8.000000000000000000e+00 1.440393339869964962e+01
7.000000000000000000e+00 9.000000000000000000e+00 1.242591809822472015e+01
8.000000000000000000e+00 9.000000000000000000e+00 1.313868373777408038e+01
