1.000000000000000000e+00 2.000000000000000000e+00 5.531341567270010584e-01
1.000000000000000000e+00 3.000000000000000000e+00 6.115927481127731991e-01
1.000000000000000000e+00 4.000000000000000000e+00 1.093722002459397880e+00
1.000000000000000000e+00 5.000000000000000000e+00 1.112984201625053293e+00
1.000000000000000000e+00 6.000000000000000000e+00 1.141488950342200770e+00
1.000000000000000000e+00 7.000000000000000000e+00 1.352487715333067442e+00
1.000000000000000000e+00 8.000000000000000000e+00 1.409696780359769530e+00
1.000000000000000000e+00 9.000000000000000000e+00 1.068865922303882998e+00
2.000000000000000000e+00 3.000000000000000000e+00 5.013818907446143669e-01
2.000000000000000000e+00 4.000000000000000000e+00 1.071448897871534855e+00
2.000000000000000000e+00 5.000000000000000000e+00 1.090731585815871929e+00
2.000000000000000000e+00 6.000000000000000000e+00 1.119109023422898641e+00
2.000000000000000000e+00 7.000000000000000000e+00 1.329251553616450643e+00
2.000000000000000000e+00 8.000000000000000000e+00 1.386524663860098983e+00
2.000000000000000000e+00 9.000000000000000000e+00 1.046720909333712646e+00
3.000000000000000000e+00 4.000000000000000000e+00 1.042536527499790866e+00
3.000000000000000000e+00 5.000000000000000000e+00 1.061825972469588875e+00
3.000000000000000000e+00 6.000000000000000000e+00 1.090203093479990226e+00
3.000000000000000000e+00 7.000000000000000000e+00 1.300338935257131290e+00
3.000000000000000000e+00 8.000000000000000000e+00 1.357610917200240852e+00
3.000000000000000000e+00 9.000000000000000000e+00 1.017805433426727690e+00
4.000000000000000000e+00 5.000000000000000000e+00 4.996582546988181939e-01
4.000000000000000000e+00 6.000000000000000000e+00 6.237659754249100796e-01
4.000000000000000000e+00 7.000000000000000000e+00 9.803868497666980986e-01
4.000000000000000000e+00 8.000000000000000000e+00 1.031312799272186442e+00
4.000000000000000000e+00 9.000000000000000000e+00 5.463594448442139484e-01
5.000000000000000000e+00 6.000000000000000000e+00 5.651818667882360092e-01
5.000000000000000000e+00 7.000000000000000000e+00 9.848767104420685925e-01
5.000000000000000000e+00 8.000000000000000000e+00 1.034447097972515994e+00
5.000000000000000000e+00 9.000000000000000000e+00 6.098428087284568644e-01
6.000000000000000000e+00 7.000000000000000000e+00 9.775065578890158591e-01
6.000000000000000000e+00 8.000000000000000000e+00 1.024798929199595143e+00
6.000000000000000000e+00 9.000000000000000000e+00 6.823210337759182398e-01
7.000000000000000000e+00 8.000000000000000000e+00 7.280695126729703759e-01
7.000000000000000000e+00 9.000000000000000000e+00 9.894926413605455995e-01
8.000000000000000000e+00 9.000000000000000000e+00 1.041823249859486600e+00
