1.000000000000000000e+00 2.000000000000000000e+00 2.073697096618776214e+00
1.000000000000000000e+00 3.000000000000000000e+00 2.883798648024556321e+00
1.000000000000000000e+00 4.000000000000000000e+00 1.272957192822848360e-01
1.000000000000000000e+00 5.000000000000000000e+00 1.277726106297580044e-01
1.000000000000000000e+00 6.000000000000000000e+00 1.279184814529913672e-01
1.000000000000000000e+00 7.000000000000000000e+00 3.068654179139267857e+00
1.000000000000000000e+00 8.000000000000000000e+00 3.466714926282508547e+00
1.000000000000000000e+00 9.000000000000000000e+00 1.270009309746937265e-01
2.000000000000000000e+00 3.000000000000000000e+00 4.498256874177222642e+00
2.000000000000000000e+00 4.000000000000000000e+00 2.167445942190040942e+00
2.000000000000000000e+00 5.000000000000000000e+00 2.167930779142944520e+00
2.000000000000000000e+00 6.000000000000000000e+00 2.168089347991763116e+00
2.000000000000000000e+00 7.000000000000000000e+00 5.114469917397856946e+00
2.000000000000000000e+00 8.000000000000000000e+00 5.509992586312540297e+00
2.000000000000000000e+00 9.000000000000000000e+00 2.167135380857295957e+00
3.000000000000000000e+00 4.000000000000000000e+00 2.908565961338739125e+00
3.000000000000000000e+00 5.000000000000000000e+00 2.909079666608605841e+00
3.000000000000000000e+00 6.000000000000000000e+00 2.909284304392983689e+00
3.000000000000000000e+00 7.000000000000000000e+00 5.875863198900768580e+00
3.000000000000000000e+00 8.000000000000000000e+00 6.262304338674953286e+00
3.000000000000000000e+00 9.000000000000000000e+00 2.908198196242530287e+00
4.000000000000000000e+00 5.000000000000000000e+00 5.142222445845751055e-03
4.000000000000000000e+00 6.000000000000000000e+00 6.883121505856792943e-03
4.000000000000000000e+00 7.000000000000000000e+00 3.022741505745825119e+00
4.000000000000000000e+00 8.000000000000000000e+00 3.389937297496245616e+00
4.000000000000000000e+00 9.000000000000000000e+00 6.166061151318846800e-03
5.000000000000000000e+00 6.000000000000000000e+00 5.993508982434975207e-03
5.000000000000000000e+00 7.000000000000000000e+00 3.023110483103000679e+00
5.000000000000000000e+00 8.000000000000000000e+00 3.390221697943864410e+00
5.000000000000000000e+00 9.000000000000000000e+00 7.394321484392896160e-03
6.000000000000000000e+00 7.000000000000000000e+00 3.023085160991553888e+00
6.000000000000000000e+00 8.000000000000000000e+00 3.390062449748499684e+00
6.000000000000000000e+00 9.000000000000000000e+00 8.754130766861378810e-03
7.000000000000000000e+00 8.000000000000000000e+00 5.882665343228882904e+00
7.000000000000000000e+00 9.000000000000000000e+00 3.022647389567185705e+00
8.000000000000000000e+00 9.000000000000000000e+00 3.389995726150801580e+00
