1.000000000000000000e+00 2.000000000000000000e+00 5.479435756620678610e+00
1.000000000000000000e+00 3.000000000000000000e+00 6.001211156416617953e+00
1.000000000000000000e+00 4.000000000000000000e+00 8.526701264413246051e+00
1.000000000000000000e+00 5.000000000000000000e+00 8.680160927205736954e+00
1.000000000000000000e+00 6.000000000000000000e+00 8.961915294235840435e+00
1.000000000000000000e+00 7.000000000000000000e+00 1.014794569688524639e+01
1.000000000000000000e+00 8.000000000000000000e+00 1.063845115293291066e+01
2.000000000000000000e+00 3.000000000000000000e+00 4.996896810929341015e+00
2.000000000000000000e+00 4.000000000000000000e+00 8.439053515697201746e+00
2.000000000000000000e+00 5.000000000000000000e+00 8.592633238113105421e+00
2.000000000000000000e+00 6.000000000000000000e+00 8.874287069255966998e+00
2.000000000000000000e+00 7.000000000000000000e+00 1.005852159540748225e+01
2.000000000000000000e+00 8.000000000000000000e+00 1.054909299286044977e+01
3.000000000000000000e+00 4.000000000000000000e+00 8.118861185226146304e+00
3.000000000000000000e+00 5.000000000000000000e+00 8.272472064669255332e+00
3.000000000000000000e+00 6.000000000000000000e+00 8.554201619680892321e+00
3.000000000000000000e+00 7.000000000000000000e+00 9.738786742367731009e+00
3.000000000000000000e+00 8.000000000000000000e+00 1.022934346224004365e+01
4.000000000000000000e+00 5.000000000000000000e+00 4.960836372607889899e+00
4.000000000000000000e+00 6.000000000000000000e+00 6.093138065149865668e+00
4.000000000000000000e+00 7.000000000000000000e+00 8.157481607410820956e+00
4.000000000000000000e+00 8.000000000000000000e+00 8.638184474625065334e+00
5.000000000000000000e+00 6.000000000000000000e+00 5.582548047455787810e+00
5.000000000000000000e+00 7.000000000000000000e+00 8.234692859647323004e+00
5.000000000000000000e+00 8.000000000000000000e+00 8.711080979651535827e+00
6.000000000000000000e+00 7.000000000000000000e+00 8.317592318240164317e+00
6.000000000000000000e+00 8.000000000000000000e+00 8.786437209629346157e+00
7.000000000000000000e+00 8.000000000000000000e+00 7.098976934016734575e+00
