1.000000000000000000e+00 2.000000000000000000e+00 5.423151168862531124e-01
1.000000000000000000e+00 3.000000000000000000e+00 5.840447265621022677e-01
1.000000000000000000e+00 4.000000000000000000e+00 1.070171494648561872e+00
1.000000000000000000e+00 5.000000000000000000e+00 1.090918717890940970e+00
1.000000000000000000e+00 6.000000000000000000e+00 1.149790708191859911e+00
1.000000000000000000e+00 7.000000000000000000e+00 1.443853302528500970e+00
1.000000000000000000e+00 8.000000000000000000e+00 1.518035581466416151e+00
2.000000000000000000e+00 3.000000000000000000e+00 4.944144724738503971e-01
2.000000000000000000e+00 4.000000000000000000e+00 1.047532243567250276e+00
2.000000000000000000e+00 5.000000000000000000e+00 1.068281979561284123e+00
2.000000000000000000e+00 6.000000000000000000e+00 1.126971208078919817e+00
2.000000000000000000e+00 7.000000000000000000e+00 1.420042960336249438e+00
2.000000000000000000e+00 8.000000000000000000e+00 1.494298081297390279e+00
3.000000000000000000e+00 4.000000000000000000e+00 1.019925862516848358e+00
3.000000000000000000e+00 5.000000000000000000e+00 1.040678506514517876e+00
3.000000000000000000e+00 6.000000000000000000e+00 1.099411160363453765e+00
3.000000000000000000e+00 7.000000000000000000e+00 1.392706682862413947e+00
3.000000000000000000e+00 8.000000000000000000e+00 1.466945112282940666e+00
4.000000000000000000e+00 5.000000000000000000e+00 4.809829317631530987e-01
4.000000000000000000e+00 6.000000000000000000e+00 6.001902911664724893e-01
4.000000000000000000e+00 7.000000000000000000e+00 1.002404776726532498e+00
4.000000000000000000e+00 8.000000000000000000e+00 1.070178036089335816e+00
5.000000000000000000e+00 6.000000000000000000e+00 5.553129345366747405e-01
5.000000000000000000e+00 7.000000000000000000e+00 1.007273785436925584e+00
5.000000000000000000e+00 8.000000000000000000e+00 1.073767296524772430e+00
6.000000000000000000e+00 7.000000000000000000e+00 1.009531091752148724e+00
6.000000000000000000e+00 8.000000000000000000e+00 1.073086260595589980e+00
7.000000000000000000e+00 8.000000000000000000e+00 7.243962845987872434e-01
