1.000000000000000000e+00 2.000000000000000000e+00 5.603075890691828764e-01
1.000000000000000000e+00 3.000000000000000000e+00 6.320441761213070331e-01
1.000000000000000000e+00 4.000000000000000000e+00 1.316819308342658479e+00
1.000000000000000000e+00 5.000000000000000000e+00 1.326595121166780356e+00
1.000000000000000000e+00 6.000000000000000000e+00 1.346464778840524179e+00
1.000000000000000000e+00 7.000000000000000000e+00 1.629994512946478569e+00
1.000000000000000000e+00 8.000000000000000000e+00 1.700242059106476411e+00
2.000000000000000000e+00 3.000000000000000000e+00 5.063940881174769926e-01
2.000000000000000000e+00 4.000000000000000000e+00 1.278053304635383691e+00
2.000000000000000000e+00 5.000000000000000000e+00 1.287946937375048950e+00
2.000000000000000000e+00 6.000000000000000000e+00 1.307680861824522811e+00
2.000000000000000000e+00 7.000000000000000000e+00 1.590124796708980437e+00
2.000000000000000000e+00 8.000000000000000000e+00 1.660453459381034058e+00
3.000000000000000000e+00 4.000000000000000000e+00 1.246415835065288968e+00
3.000000000000000000e+00 5.000000000000000000e+00 1.256329625024077856e+00
3.000000000000000000e+00 6.000000000000000000e+00 1.276053201035841411e+00
3.000000000000000000e+00 7.000000000000000000e+00 1.558394856504424553e+00
3.000000000000000000e+00 8.000000000000000000e+00 1.628730961981442071e+00
4.000000000000000000e+00 5.000000000000000000e+00 5.257212042792445139e-01
4.000000000000000000e+00 6.000000000000000000e+00 6.538191273005096171e-01
4.000000000000000000e+00 7.000000000000000000e+00 1.096296433045522267e+00
4.000000000000000000e+00 8.000000000000000000e+00 1.158040042782345402e+00
5.000000000000000000e+00 6.000000000000000000e+00 5.734907137896234630e-01
5.000000000000000000e+00 7.000000000000000000e+00 1.082703199470974820e+00
5.000000000000000000e+00 8.000000000000000000e+00 1.142297906073478586e+00
6.000000000000000000e+00 7.000000000000000000e+00 1.051992284609110317e+00
6.000000000000000000e+00 8.000000000000000000e+00 1.108741316832239754e+00
7.000000000000000000e+00 8.000000000000000000e+00 7.380778787304236310e-01
