1.000000000000000000e+00 2.000000000000000000e+00 5.531605242835373470e-01
1.000000000000000000e+00 3.000000000000000000e+00 6.124501357372235111e-01
1.000000000000000000e+00 4.000000000000000000e+00 1.137493034827252947e+00
1.000000000000000000e+00 5.000000000000000000e+00 1.148366866724631397e+00
1.000000000000000000e+00 6.000000000000000000e+00 1.190344838159506091e+00
1.000000000000000000e+00 7.000000000000000000e+00 1.427191663517755060e+00
1.000000000000000000e+00 8.000000000000000000e+00 1.499648082869673438e+00
2.000000000000000000e+00 3.000000000000000000e+00 5.014684693951271255e-01
2.000000000000000000e+00 4.000000000000000000e+00 1.107968224451308936e+00
2.000000000000000000e+00 5.000000000000000000e+00 1.118859533955208985e+00
2.000000000000000000e+00 6.000000000000000000e+00 1.160630426692237149e+00
2.000000000000000000e+00 7.000000000000000000e+00 1.396391701948387798e+00
2.000000000000000000e+00 8.000000000000000000e+00 1.468921086336988147e+00
3.000000000000000000e+00 4.000000000000000000e+00 1.079440302322039580e+00
3.000000000000000000e+00 5.000000000000000000e+00 1.090335108638220696e+00
3.000000000000000000e+00 6.000000000000000000e+00 1.132098281139585660e+00
3.000000000000000000e+00 7.000000000000000000e+00 1.367819661572813761e+00
3.000000000000000000e+00 8.000000000000000000e+00 1.440351477763797572e+00
4.000000000000000000e+00 5.000000000000000000e+00 4.968920119198227958e-01
4.000000000000000000e+00 6.000000000000000000e+00 6.205969563065742989e-01
4.000000000000000000e+00 7.000000000000000000e+00 9.781110739741833981e-01
4.000000000000000000e+00 8.000000000000000000e+00 1.044161298140545036e+00
5.000000000000000000e+00 6.000000000000000000e+00 5.642934628870228675e-01
5.000000000000000000e+00 7.000000000000000000e+00 9.747071150676136497e-01
5.000000000000000000e+00 8.000000000000000000e+00 1.039387770925957355e+00
6.000000000000000000e+00 7.000000000000000000e+00 9.658055466492001528e-01
6.000000000000000000e+00 8.000000000000000000e+00 1.027383251773301254e+00
7.000000000000000000e+00 8.000000000000000000e+00 7.283748036464263720e-01
