1.000000000000000000e+00 2.000000000000000000e+00 1.687291371583147237e+00
1.000000000000000000e+00 3.000000000000000000e+00 1.717732494201162696e+00
1.000000000000000000e+00 4.000000000000000000e+00 3.097045641121169091e+00
1.000000000000000000e+00 5.000000000000000000e+00 3.129593067782814320e+00
1.000000000000000000e+00 6.000000000000000000e+00 3.202318509417229730e+00
1.000000000000000000e+00 7.000000000000000000e+00 3.921490549868423603e+00
1.000000000000000000e+00 8.000000000000000000e+00 4.053986465164260977e+00
2.000000000000000000e+00 3.000000000000000000e+00 5.383745295557715860e-01
2.000000000000000000e+00 4.000000000000000000e+00 2.027393514163334132e+00
2.000000000000000000e+00 5.000000000000000000e+00 2.060003950428513253e+00
2.000000000000000000e+00 6.000000000000000000e+00 2.132301431921503454e+00
2.000000000000000000e+00 7.000000000000000000e+00 2.844968024959018127e+00
2.000000000000000000e+00 8.000000000000000000e+00 2.977705583879060036e+00
3.000000000000000000e+00 4.000000000000000000e+00 1.929325689531396826e+00
3.000000000000000000e+00 5.000000000000000000e+00 1.961954140966792881e+00
3.000000000000000000e+00 6.000000000000000000e+00 2.034135126201724209e+00
3.000000000000000000e+00 7.000000000000000000e+00 2.745033783931978721e+00
3.000000000000000000e+00 8.000000000000000000e+00 2.877836728367801022e+00
4.000000000000000000e+00 5.000000000000000000e+00 5.046365726368109428e-01
4.000000000000000000e+00 6.000000000000000000e+00 6.655398925051563275e-01
4.000000000000000000e+00 7.000000000000000000e+00 1.834321880771767166e+00
4.000000000000000000e+00 8.000000000000000000e+00 1.950600677808441041e+00
5.000000000000000000e+00 6.000000000000000000e+00 5.863125035721719058e-01
5.000000000000000000e+00 7.000000000000000000e+00 1.843250299308921480e+00
5.000000000000000000e+00 8.000000000000000000e+00 1.958201607880750927e+00
6.000000000000000000e+00 7.000000000000000000e+00 1.852252240392233684e+00
6.000000000000000000e+00 8.000000000000000000e+00 1.964569423427307449e+00
7.000000000000000000e+00 8.000000000000000000e+00 8.252002413703856121e-01
