1.000000000000000000e+00 2.000000000000000000e+00 3.100563578683093735e-01
1.000000000000000000e+00 3.000000000000000000e+00 4.536445707645857528e-01
1.000000000000000000e+00 4.000000000000000000e+00 9.532700836132611544e-01
1.000000000000000000e+00 5.000000000000000000e+00 8.720437199714291543e-01
1.000000000000000000e+00 6.000000000000000000e+00 9.179671633223722704e-01
1.000000000000000000e+00 7.000000000000000000e+00 1.217618398778461231e+00
1.000000000000000000e+00 8.000000000000000000e+00 1.217459985787101573e+00
1.000000000000000000e+00 9.000000000000000000e+00 9.432363632584233049e-01
2.000000000000000000e+00 3.000000000000000000e+00 3.610439655963979533e-01
2.000000000000000000e+00 4.000000000000000000e+00 9.225969052043944130e-01
2.000000000000000000e+00 5.000000000000000000e+00 8.414028407795991482e-01
2.000000000000000000e+00 6.000000000000000000e+00 8.872443700998966509e-01
2.000000000000000000e+00 7.000000000000000000e+00 1.186086252280326381e+00
2.000000000000000000e+00 8.000000000000000000e+00 1.185988482707427405e+00
2.000000000000000000e+00 9.000000000000000000e+00 9.126888985957974931e-01
3.000000000000000000e+00 4.000000000000000000e+00 1.000306865945142398e+00
3.000000000000000000e+00 5.000000000000000000e+00 9.191180630184710987e-01
3.000000000000000000e+00 6.000000000000000000e+00 9.649604475963975414e-01
3.000000000000000000e+00 7.000000000000000000e+00 1.263797818084227753e+00
3.000000000000000000e+00 8.000000000000000000e+00 1.263700226372619362e+00
3.000000000000000000e+00 9.000000000000000000e+00 9.903939545153432888e-01
4.000000000000000000e+00 5.000000000000000000e+00 3.632360282178449529e-01
4.000000000000000000e+00 6.000000000000000000e+00 4.612381998424488483e-01
4.000000000000000000e+00 7.000000000000000000e+00 8.774057910527344184e-01
4.000000000000000000e+00 8.000000000000000000e+00 8.703727137517969226e-01
4.000000000000000000e+00 9.000000000000000000e+00 5.012353800692905814e-01
5.000000000000000000e+00 6.000000000000000000e+00 3.214742093136302437e-01
5.000000000000000000e+00 7.000000000000000000e+00 7.804341690070910609e-01
5.000000000000000000e+00 8.000000000000000000e+00 7.720426591348314993e-01
5.000000000000000000e+00 9.000000000000000000e+00 4.552589005556575419e-01
6.000000000000000000e+00 7.000000000000000000e+00 7.954375724122129121e-01
6.000000000000000000e+00 8.000000000000000000e+00 7.851742613889207689e-01
6.000000000000000000e+00 9.000000000000000000e+00 5.246604563692651713e-01
7.000000000000000000e+00 8.000000000000000000e+00 5.486379783392036913e-01
7.000000000000000000e+00 9.000000000000000000e+00 9.075210061752558843e-01
8.000000000000000000e+00 9.000000000000000000e+00 9.019380622270050107e-01
