1.000000000000000000e+00 2.000000000000000000e+00 2.296861991939942893e+00
1.000000000000000000e+00 3.000000000000000000e+00 1.569144317377675790e+00
1.000000000000000000e+00 4.000000000000000000e+00 2.458224462830707058e+00
1.000000000000000000e+00 5.000000000000000000e+00 3.345713826800373436e+00
1.000000000000000000e+00 6.000000000000000000e+00 3.061768873334102192e+00
1.000000000000000000e+00 7.000000000000000000e+00 2.992808833824537107e+00
1.000000000000000000e+00 8.000000000000000000e+00 3.544646996993998211e+00
2.000000000000000000e+00 3.000000000000000000e+00 1.498766355156694097e+00
2.000000000000000000e+00 4.000000000000000000e+00 2.499341432447850675e+00
2.000000000000000000e+00 5.000000000000000000e+00 3.386716218924139543e+00
2.000000000000000000e+00 6.000000000000000000e+00 3.102001720766910164e+00
2.000000000000000000e+00 7.000000000000000000e+00 3.030997304621061428e+00
2.000000000000000000e+00 8.000000000000000000e+00 3.582970971535445859e+00
3.000000000000000000e+00 4.000000000000000000e+00 1.595177715258132789e+00
3.000000000000000000e+00 5.000000000000000000e+00 2.482577359032863473e+00
3.000000000000000000e+00 6.000000000000000000e+00 2.197981351568927710e+00
3.000000000000000000e+00 7.000000000000000000e+00 2.127292020745068069e+00
3.000000000000000000e+00 8.000000000000000000e+00 2.679243941828719944e+00
4.000000000000000000e+00 5.000000000000000000e+00 1.492091214434146718e+00
4.000000000000000000e+00 6.000000000000000000e+00 1.511467468591485730e+00
4.000000000000000000e+00 7.000000000000000000e+00 1.658127539585347865e+00
4.000000000000000000e+00 8.000000000000000000e+00 2.200135450827453543e+00
5.000000000000000000e+00 6.000000000000000000e+00 2.223177031186355013e+00
5.000000000000000000e+00 7.000000000000000000e+00 2.497178479533738393e+00
5.000000000000000000e+00 8.000000000000000000e+00 3.036759384238689297e+00
6.000000000000000000e+00 7.000000000000000000e+00 2.056441967747110855e+00
6.000000000000000000e+00 8.000000000000000000e+00 2.590070003744751492e+00
7.000000000000000000e+00 8.000000000000000000e+00 1.509069090846834715e+00
