1.000000000000000000e+00 2.000000000000000000e+00 5.467869015681420253e-01
1.000000000000000000e+00 3.000000000000000000e+00 5.975539401039007270e-01
1.000000000000000000e+00 4.000000000000000000e+00 7.574306471764400417e-01
1.000000000000000000e+00 5.000000000000000000e+00 7.808719065695198802e-01
1.000000000000000000e+00 6.000000000000000000e+00 7.984078886210072001e-01
1.000000000000000000e+00 7.000000000000000000e+00 8.227908931572269768e-01
1.000000000000000000e+00 8.000000000000000000e+00 8.631414373792130057e-01
2.000000000000000000e+00 3.000000000000000000e+00 4.993438247567041355e-01
2.000000000000000000e+00 4.000000000000000000e+00 7.565960028296394579e-01
2.000000000000000000e+00 5.000000000000000000e+00 7.800368708431085762e-01
2.000000000000000000e+00 6.000000000000000000e+00 7.975660210955765050e-01
2.000000000000000000e+00 7.000000000000000000e+00 8.219101296931905498e-01
2.000000000000000000e+00 8.000000000000000000e+00 8.622649818791701115e-01
3.000000000000000000e+00 4.000000000000000000e+00 7.244635888700932114e-01
3.000000000000000000e+00 5.000000000000000000e+00 7.479056009009473760e-01
3.000000000000000000e+00 6.000000000000000000e+00 7.654368348849492909e-01
3.000000000000000000e+00 7.000000000000000000e+00 7.897913235276858845e-01
3.000000000000000000e+00 8.000000000000000000e+00 8.301445261223818761e-01
4.000000000000000000e+00 5.000000000000000000e+00 4.976852684765215029e-01
4.000000000000000000e+00 6.000000000000000000e+00 6.120370345006710400e-01
4.000000000000000000e+00 7.000000000000000000e+00 7.665539753926016164e-01
4.000000000000000000e+00 8.000000000000000000e+00 8.066346981542120709e-01
5.000000000000000000e+00 6.000000000000000000e+00 5.606649309119574598e-01
5.000000000000000000e+00 7.000000000000000000e+00 7.876649995205153854e-01
5.000000000000000000e+00 8.000000000000000000e+00 8.276451657341128421e-01
6.000000000000000000e+00 7.000000000000000000e+00 8.005713689417051082e-01
6.000000000000000000e+00 8.000000000000000000e+00 8.403812852025052127e-01
7.000000000000000000e+00 8.000000000000000000e+00 7.047408254904370395e-01
