1.000000000000000000e+00 2.000000000000000000e+00 5.529711634752775273e-01
1.000000000000000000e+00 3.000000000000000000e+00 6.124961956413571551e-01
1.000000000000000000e+00 4.000000000000000000e+00 1.228127309193205230e+00
1.000000000000000000e+00 5.000000000000000000e+00 1.247557203076332444e+00
1.000000000000000000e+00 6.000000000000000000e+00 1.282214040813622669e+00
1.000000000000000000e+00 7.000000000000000000e+00 1.565784652172112823e+00
1.000000000000000000e+00 8.000000000000000000e+00 1.638056098233295899e+00
2.000000000000000000e+00 3.000000000000000000e+00 5.014451947819659194e-01
2.000000000000000000e+00 4.000000000000000000e+00 1.196342113384170291e+00
2.000000000000000000e+00 5.000000000000000000e+00 1.215792702040221274e+00
2.000000000000000000e+00 6.000000000000000000e+00 1.250303710197169460e+00
2.000000000000000000e+00 7.000000000000000000e+00 1.532937867530837162e+00
2.000000000000000000e+00 8.000000000000000000e+00 1.605279235437578222e+00
3.000000000000000000e+00 4.000000000000000000e+00 1.167495839645046329e+00
3.000000000000000000e+00 5.000000000000000000e+00 1.186951518307746811e+00
3.000000000000000000e+00 6.000000000000000000e+00 1.221463102814109858e+00
3.000000000000000000e+00 7.000000000000000000e+00 1.504090495490439716e+00
3.000000000000000000e+00 8.000000000000000000e+00 1.576432158999031330e+00
4.000000000000000000e+00 5.000000000000000000e+00 5.000851143556908074e-01
4.000000000000000000e+00 6.000000000000000000e+00 6.266096472660469541e-01
4.000000000000000000e+00 7.000000000000000000e+00 1.053029258967254078e+00
4.000000000000000000e+00 8.000000000000000000e+00 1.117266445866322400e+00
5.000000000000000000e+00 6.000000000000000000e+00 5.663229531095079761e-01
5.000000000000000000e+00 7.000000000000000000e+00 1.050425229469510890e+00
5.000000000000000000e+00 8.000000000000000000e+00 1.112953899697132432e+00
6.000000000000000000e+00 7.000000000000000000e+00 1.032787164443496719e+00
6.000000000000000000e+00 8.000000000000000000e+00 1.092461325644727754e+00
7.000000000000000000e+00 8.000000000000000000e+00 7.319587710736459307e-01
