1.000000000000000000e+00 2.000000000000000000e+00 5.529143242209419995e-01
1.000000000000000000e+00 3.000000000000000000e+00 6.123968383117457392e-01
1.000000000000000000e+00 4.000000000000000000e+00 1.213046867818958097e+00
1.000000000000000000e+00 5.000000000000000000e+00 1.231909326099070334e+00
1.000000000000000000e+00 6.000000000000000000e+00 1.266140920172193596e+00
1.000000000000000000e+00 7.000000000000000000e+00 1.551486816141849800e+00
1.000000000000000000e+00 8.000000000000000000e+00 1.623522201224578687e+00
2.000000000000000000e+00 3.000000000000000000e+00 5.014391430159390595e-01
2.000000000000000000e+00 4.000000000000000000e+00 1.182527919930731253e+00
2.000000000000000000e+00 5.000000000000000000e+00 1.201417391918388589e+00
2.000000000000000000e+00 6.000000000000000000e+00 1.235497825515977866e+00
2.000000000000000000e+00 7.000000000000000000e+00 1.519839491606516990e+00
2.000000000000000000e+00 8.000000000000000000e+00 1.591950082826714574e+00
3.000000000000000000e+00 4.000000000000000000e+00 1.153953395716372343e+00
3.000000000000000000e+00 5.000000000000000000e+00 1.172848235938628303e+00
3.000000000000000000e+00 6.000000000000000000e+00 1.206927841461315154e+00
3.000000000000000000e+00 7.000000000000000000e+00 1.491252811143402468e+00
3.000000000000000000e+00 8.000000000000000000e+00 1.563364462605647542e+00
4.000000000000000000e+00 5.000000000000000000e+00 5.000465626788743734e-01
4.000000000000000000e+00 6.000000000000000000e+00 6.263372907407069867e-01
4.000000000000000000e+00 7.000000000000000000e+00 1.052173358934116010e+00
4.000000000000000000e+00 8.000000000000000000e+00 1.116387598443112417e+00
5.000000000000000000e+00 6.000000000000000000e+00 5.662024948325004026e-01
5.000000000000000000e+00 7.000000000000000000e+00 1.049660123606264150e+00
5.000000000000000000e+00 8.000000000000000000e+00 1.112179776594237168e+00
6.000000000000000000e+00 7.000000000000000000e+00 1.032190228809655608e+00
6.000000000000000000e+00 8.000000000000000000e+00 1.091873767827709063e+00
7.000000000000000000e+00 8.000000000000000000e+00 7.319227198143734014e-01
