1.000000000000000000e+00 2.000000000000000000e+00 5.533737883907163813e-01
1.000000000000000000e+00 3.000000000000000000e+00 6.129068241802325678e-01
1.000000000000000000e+00 4.000000000000000000e+00 1.214275069485176939e+00
1.000000000000000000e+00 5.000000000000000000e+00 1.233223352378503668e+00
1.000000000000000000e+00 6.000000000000000000e+00 1.267883188291576868e+00
1.000000000000000000e+00 7.000000000000000000e+00 1.554902072294386928e+00
1.000000000000000000e+00 8.000000000000000000e+00 1.627371552254091247e+00
1.000000000000000000e+00 9.000000000000000000e+00 1.184453364938069964e+00
2.000000000000000000e+00 3.000000000000000000e+00 5.015148656908835489e-01
2.000000000000000000e+00 4.000000000000000000e+00 1.183529366717016362e+00
2.000000000000000000e+00 5.000000000000000000e+00 1.202505020119959633e+00
2.000000000000000000e+00 6.000000000000000000e+00 1.237010936838245367e+00
2.000000000000000000e+00 7.000000000000000000e+00 1.523023004597067631e+00
2.000000000000000000e+00 8.000000000000000000e+00 1.595567818779567881e+00
2.000000000000000000e+00 9.000000000000000000e+00 1.153864764101713458e+00
3.000000000000000000e+00 4.000000000000000000e+00 1.154545560204970123e+00
3.000000000000000000e+00 5.000000000000000000e+00 1.173526665328197049e+00
3.000000000000000000e+00 6.000000000000000000e+00 1.208030856115937191e+00
3.000000000000000000e+00 7.000000000000000000e+00 1.494020742246715772e+00
3.000000000000000000e+00 8.000000000000000000e+00 1.566567044207949566e+00
3.000000000000000000e+00 9.000000000000000000e+00 1.124879146687888021e+00
4.000000000000000000e+00 5.000000000000000000e+00 5.000612114134244113e-01
4.000000000000000000e+00 6.000000000000000000e+00 6.264776734067827313e-01
4.000000000000000000e+00 7.000000000000000000e+00 1.053037166279727321e+00
4.000000000000000000e+00 8.000000000000000000e+00 1.117740822663553013e+00
4.000000000000000000e+00 9.000000000000000000e+00 5.479197640784407852e-01
5.000000000000000000e+00 6.000000000000000000e+00 5.662629589040686362e-01
5.000000000000000000e+00 7.000000000000000000e+00 1.050383675098132796e+00
5.000000000000000000e+00 8.000000000000000000e+00 1.113385594927003064e+00
5.000000000000000000e+00 9.000000000000000000e+00 6.129116889977423988e-01
6.000000000000000000e+00 7.000000000000000000e+00 1.032848716356139951e+00
6.000000000000000000e+00 8.000000000000000000e+00 1.093008901978917757e+00
6.000000000000000000e+00 9.000000000000000000e+00 6.898835952060613508e-01
7.000000000000000000e+00 8.000000000000000000e+00 7.325278221846434068e-01
7.000000000000000000e+00 9.000000000000000000e+00 1.072781134592955432e+00
8.000000000000000000e+00 9.000000000000000000e+00 1.139197552932968094e+00
