1.000000000000000000e+00 2.000000000000000000e+00 5.532095193829597024e-01
1.000000000000000000e+00 3.000000000000000000e+00 6.128467593741279140e-01
1.000000000000000000e+00 4.000000000000000000e+00 1.216688255606845015e+00
1.000000000000000000e+00 5.000000000000000000e+00 1.235864273258803436e+00
1.000000000000000000e+00 6.000000000000000000e+00 1.270768728017661608e+00
1.000000000000000000e+00 7.000000000000000000e+00 1.557117887007980928e+00
1.000000000000000000e+00 8.000000000000000000e+00 1.629275352043310310e+00
1.000000000000000000e+00 9.000000000000000000e+00 1.186681704378083291e+00
2.000000000000000000e+00 3.000000000000000000e+00 5.015496606330186458e-01
2.000000000000000000e+00 4.000000000000000000e+00 1.185695218017099872e+00
2.000000000000000000e+00 5.000000000000000000e+00 1.204895602568109680e+00
2.000000000000000000e+00 6.000000000000000000e+00 1.239645964092787711e+00
2.000000000000000000e+00 7.000000000000000000e+00 1.525005196946448427e+00
2.000000000000000000e+00 8.000000000000000000e+00 1.597236147659998995e+00
2.000000000000000000e+00 9.000000000000000000e+00 1.155846855783176919e+00
3.000000000000000000e+00 4.000000000000000000e+00 1.156486021492886263e+00
3.000000000000000000e+00 5.000000000000000000e+00 1.175691559610260839e+00
3.000000000000000000e+00 6.000000000000000000e+00 1.210440396240526795e+00
3.000000000000000000e+00 7.000000000000000000e+00 1.495780266856973517e+00
3.000000000000000000e+00 8.000000000000000000e+00 1.568012490187260521e+00
3.000000000000000000e+00 9.000000000000000000e+00 1.126635739862901664e+00
4.000000000000000000e+00 5.000000000000000000e+00 5.000786291146375184e-01
4.000000000000000000e+00 6.000000000000000000e+00 6.265911486987345569e-01
4.000000000000000000e+00 7.000000000000000000e+00 1.053269808285983933e+00
4.000000000000000000e+00 8.000000000000000000e+00 1.117604595136008072e+00
4.000000000000000000e+00 9.000000000000000000e+00 5.479515352397263950e-01
5.000000000000000000e+00 6.000000000000000000e+00 5.663145368035404914e-01
5.000000000000000000e+00 7.000000000000000000e+00 1.050656352125025395e+00
5.000000000000000000e+00 8.000000000000000000e+00 1.113286912518058891e+00
5.000000000000000000e+00 9.000000000000000000e+00 6.130057488323499282e-01
6.000000000000000000e+00 7.000000000000000000e+00 1.033097104855973614e+00
6.000000000000000000e+00 8.000000000000000000e+00 1.092872863554795959e+00
6.000000000000000000e+00 9.000000000000000000e+00 6.901443722271356496e-01
7.000000000000000000e+00 8.000000000000000000e+00 7.321547171486222361e-01
7.000000000000000000e+00 9.000000000000000000e+00 1.073090003699890493e+00
8.000000000000000000e+00 9.000000000000000000e+00 1.139148453414779771e+00
