1.000000000000000000e+00 2.000000000000000000e+00 5.533737885841620852e-01
1.000000000000000000e+00 3.000000000000000000e+00 6.129068242235168329e-01
1.000000000000000000e+00 4.000000000000000000e+00 1.214275069488568670e+00
1.000000000000000000e+00 5.000000000000000000e+00 1.233223352382852411e+00
1.000000000000000000e+00 6.000000000000000000e+00 1.267883188289010032e+00
1.000000000000000000e+00 7.000000000000000000e+00 1.554902072289495285e+00
1.000000000000000000e+00 8.000000000000000000e+00 1.627371552251628994e+00
2.000000000000000000e+00 3.000000000000000000e+00 5.015148657626998796e-01
2.000000000000000000e+00 4.000000000000000000e+00 1.183529367033416824e+00
2.000000000000000000e+00 5.000000000000000000e+00 1.202505020467581787e+00
2.000000000000000000e+00 6.000000000000000000e+00 1.237010937172430491e+00
2.000000000000000000e+00 7.000000000000000000e+00 1.523023004969860983e+00
2.000000000000000000e+00 8.000000000000000000e+00 1.595567819185876424e+00
3.000000000000000000e+00 4.000000000000000000e+00 1.154545560290838102e+00
3.000000000000000000e+00 5.000000000000000000e+00 1.173526665434249328e+00
3.000000000000000000e+00 6.000000000000000000e+00 1.208030856200437597e+00
3.000000000000000000e+00 7.000000000000000000e+00 1.494020742351093611e+00
3.000000000000000000e+00 8.000000000000000000e+00 1.566567044325892333e+00
4.000000000000000000e+00 5.000000000000000000e+00 5.000612114590698987e-01
4.000000000000000000e+00 6.000000000000000000e+00 6.264776733708521395e-01
4.000000000000000000e+00 7.000000000000000000e+00 1.053037166344399589e+00
4.000000000000000000e+00 8.000000000000000000e+00 1.117740822695279856e+00
5.000000000000000000e+00 6.000000000000000000e+00 5.662629589303462829e-01
5.000000000000000000e+00 7.000000000000000000e+00 1.050383675161982611e+00
5.000000000000000000e+00 8.000000000000000000e+00 1.113385594960208724e+00
6.000000000000000000e+00 7.000000000000000000e+00 1.032848716413738765e+00
6.000000000000000000e+00 8.000000000000000000e+00 1.093008902003916649e+00
7.000000000000000000e+00 8.000000000000000000e+00 7.325278220922313288e-01
