1.000000000000000000e+00 2.000000000000000000e+00 5.625698909031916495e-01
1.000000000000000000e+00 3.000000000000000000e+00 6.379918080570370353e-01
1.000000000000000000e+00 4.000000000000000000e+00 1.354844206074406587e+00
1.000000000000000000e+00 5.000000000000000000e+00 1.358705651968617145e+00
1.000000000000000000e+00 6.000000000000000000e+00 1.373739523269767782e+00
1.000000000000000000e+00 7.000000000000000000e+00 1.656984270237198631e+00
1.000000000000000000e+00 8.000000000000000000e+00 1.726667415123428473e+00
2.000000000000000000e+00 3.000000000000000000e+00 5.078500191394943464e-01
2.000000000000000000e+00 4.000000000000000000e+00 1.311858992387801015e+00
2.000000000000000000e+00 5.000000000000000000e+00 1.315905788801472243e+00
2.000000000000000000e+00 6.000000000000000000e+00 1.330816690322830231e+00
2.000000000000000000e+00 7.000000000000000000e+00 1.612936780410073156e+00
2.000000000000000000e+00 8.000000000000000000e+00 1.682703939972391982e+00
3.000000000000000000e+00 4.000000000000000000e+00 1.278065532642388424e+00
3.000000000000000000e+00 5.000000000000000000e+00 1.282143077427973177e+00
3.000000000000000000e+00 6.000000000000000000e+00 1.297044676522502327e+00
3.000000000000000000e+00 7.000000000000000000e+00 1.579051134821135127e+00
3.000000000000000000e+00 8.000000000000000000e+00 1.648826584370693293e+00
4.000000000000000000e+00 5.000000000000000000e+00 5.356530116059834423e-01
4.000000000000000000e+00 6.000000000000000000e+00 6.643439111487172699e-01
4.000000000000000000e+00 7.000000000000000000e+00 1.112157535046540469e+00
4.000000000000000000e+00 8.000000000000000000e+00 1.173207781433488250e+00
5.000000000000000000e+00 6.000000000000000000e+00 5.755503861869959437e-01
5.000000000000000000e+00 7.000000000000000000e+00 1.093529411176173083e+00
5.000000000000000000e+00 8.000000000000000000e+00 1.152257038717202864e+00
6.000000000000000000e+00 7.000000000000000000e+00 1.058706680162763147e+00
6.000000000000000000e+00 8.000000000000000000e+00 1.114594202498679021e+00
7.000000000000000000e+00 8.000000000000000000e+00 7.399410859305670662e-01
