1.000000000000000000e+00 2.000000000000000000e+00 5.528147827240286194e-01
1.000000000000000000e+00 3.000000000000000000e+00 6.122183099928927286e-01
1.000000000000000000e+00 4.000000000000000000e+00 1.212152130912204751e+00
1.000000000000000000e+00 5.000000000000000000e+00 1.231278202492722462e+00
1.000000000000000000e+00 6.000000000000000000e+00 1.266088626985893084e+00
1.000000000000000000e+00 7.000000000000000000e+00 1.550475411672700421e+00
1.000000000000000000e+00 8.000000000000000000e+00 1.622575600952204100e+00
2.000000000000000000e+00 3.000000000000000000e+00 5.013894173315004421e-01
2.000000000000000000e+00 4.000000000000000000e+00 1.181842095250255742e+00
2.000000000000000000e+00 5.000000000000000000e+00 1.200992543293535997e+00
2.000000000000000000e+00 6.000000000000000000e+00 1.235646563595069969e+00
2.000000000000000000e+00 7.000000000000000000e+00 1.519026130126612362e+00
2.000000000000000000e+00 8.000000000000000000e+00 1.591201461104584380e+00
3.000000000000000000e+00 4.000000000000000000e+00 1.153563156213215368e+00
3.000000000000000000e+00 5.000000000000000000e+00 1.172718900907272266e+00
3.000000000000000000e+00 6.000000000000000000e+00 1.207372087774601921e+00
3.000000000000000000e+00 7.000000000000000000e+00 1.490736127152043178e+00
3.000000000000000000e+00 8.000000000000000000e+00 1.562912400184175210e+00
4.000000000000000000e+00 5.000000000000000000e+00 5.000773357281567133e-01
4.000000000000000000e+00 6.000000000000000000e+00 6.265814745521007811e-01
4.000000000000000000e+00 7.000000000000000000e+00 1.051924552702004689e+00
4.000000000000000000e+00 8.000000000000000000e+00 1.116125142775510115e+00
5.000000000000000000e+00 6.000000000000000000e+00 5.663104104923808446e-01
5.000000000000000000e+00 7.000000000000000000e+00 1.049350609483469032e+00
5.000000000000000000e+00 8.000000000000000000e+00 1.111839749875923600e+00
6.000000000000000000e+00 7.000000000000000000e+00 1.031877994983666280e+00
6.000000000000000000e+00 8.000000000000000000e+00 1.091498394833801955e+00
7.000000000000000000e+00 8.000000000000000000e+00 7.318378320017935312e-01
