1.000000000000000000e+00 2.000000000000000000e+00 1.123880253424824671e+00
1.000000000000000000e+00 3.000000000000000000e+00 1.347187273331709401e+00
1.000000000000000000e+00 4.000000000000000000e+00 1.684979798784784544e+00
1.000000000000000000e+00 5.000000000000000000e+00 1.709648904563989547e+00
1.000000000000000000e+00 6.000000000000000000e+00 1.748623035281847260e+00
1.000000000000000000e+00 7.000000000000000000e+00 2.777767699031891357e+00
1.000000000000000000e+00 8.000000000000000000e+00 2.924210906192572512e+00
2.000000000000000000e+00 3.000000000000000000e+00 1.441641655639870789e+00
2.000000000000000000e+00 4.000000000000000000e+00 1.972164083079135599e+00
2.000000000000000000e+00 5.000000000000000000e+00 1.996877800895008548e+00
2.000000000000000000e+00 6.000000000000000000e+00 2.035695594057099989e+00
2.000000000000000000e+00 7.000000000000000000e+00 3.063315512342786651e+00
2.000000000000000000e+00 8.000000000000000000e+00 3.209939799864203192e+00
3.000000000000000000e+00 4.000000000000000000e+00 1.999508639837568102e+00
3.000000000000000000e+00 5.000000000000000000e+00 2.024238911988188505e+00
3.000000000000000000e+00 6.000000000000000000e+00 2.063151493492581423e+00
3.000000000000000000e+00 7.000000000000000000e+00 3.091527318015455439e+00
3.000000000000000000e+00 8.000000000000000000e+00 3.238061362435580737e+00
4.000000000000000000e+00 5.000000000000000000e+00 5.050302580398193797e-01
4.000000000000000000e+00 6.000000000000000000e+00 6.482390764525389759e-01
4.000000000000000000e+00 7.000000000000000000e+00 1.877076694902973575e+00
4.000000000000000000e+00 8.000000000000000000e+00 2.009134238527115368e+00
5.000000000000000000e+00 6.000000000000000000e+00 5.781079876424815023e-01
5.000000000000000000e+00 7.000000000000000000e+00 1.874669092077312360e+00
5.000000000000000000e+00 8.000000000000000000e+00 2.003842333541732135e+00
6.000000000000000000e+00 7.000000000000000000e+00 1.852194833351408665e+00
6.000000000000000000e+00 8.000000000000000000e+00 1.976573055479381669e+00
7.000000000000000000e+00 8.000000000000000000e+00 2.050460288806742692e+00
