1.000000000000000000e+00 2.000000000000000000e+00 5.535332777837365104e-01
1.000000000000000000e+00 3.000000000000000000e+00 6.132590807417314105e-01
1.000000000000000000e+00 4.000000000000000000e+00 1.255543042585192559e+00
1.000000000000000000e+00 5.000000000000000000e+00 1.272439381045021189e+00
1.000000000000000000e+00 6.000000000000000000e+00 1.300093180735738319e+00
1.000000000000000000e+00 7.000000000000000000e+00 1.612966392430647877e+00
1.000000000000000000e+00 8.000000000000000000e+00 1.685478136168728547e+00
1.000000000000000000e+00 9.000000000000000000e+00 1.239955274023782028e+00
2.000000000000000000e+00 3.000000000000000000e+00 5.015534387349088741e-01
2.000000000000000000e+00 4.000000000000000000e+00 1.223785358265796930e+00
2.000000000000000000e+00 5.000000000000000000e+00 1.240733803115238842e+00
2.000000000000000000e+00 6.000000000000000000e+00 1.268272260357637737e+00
2.000000000000000000e+00 7.000000000000000000e+00 1.580051904629587556e+00
2.000000000000000000e+00 8.000000000000000000e+00 1.652653841043280281e+00
2.000000000000000000e+00 9.000000000000000000e+00 1.208310299840108737e+00
3.000000000000000000e+00 4.000000000000000000e+00 1.194474324540508725e+00
3.000000000000000000e+00 5.000000000000000000e+00 1.211430177081246118e+00
3.000000000000000000e+00 6.000000000000000000e+00 1.238970825016268762e+00
3.000000000000000000e+00 7.000000000000000000e+00 1.550738847158249945e+00
3.000000000000000000e+00 8.000000000000000000e+00 1.623341574897498418e+00
3.000000000000000000e+00 9.000000000000000000e+00 1.178991587047529599e+00
4.000000000000000000e+00 5.000000000000000000e+00 5.018645504861707352e-01
4.000000000000000000e+00 6.000000000000000000e+00 6.319271669557977589e-01
4.000000000000000000e+00 7.000000000000000000e+00 1.099551875717693639e+00
4.000000000000000000e+00 8.000000000000000000e+00 1.162897220645899399e+00
4.000000000000000000e+00 9.000000000000000000e+00 5.554834293475632290e-01
5.000000000000000000e+00 6.000000000000000000e+00 5.681061826269551140e-01
5.000000000000000000e+00 7.000000000000000000e+00 1.094614123817584828e+00
5.000000000000000000e+00 8.000000000000000000e+00 1.156095657453233727e+00
5.000000000000000000e+00 9.000000000000000000e+00 6.286070334746978183e-01
6.000000000000000000e+00 7.000000000000000000e+00 1.073085711050337787e+00
6.000000000000000000e+00 8.000000000000000000e+00 1.131689508607605976e+00
6.000000000000000000e+00 9.000000000000000000e+00 7.112482553008177000e-01
7.000000000000000000e+00 8.000000000000000000e+00 7.345659291153157078e-01
7.000000000000000000e+00 9.000000000000000000e+00 1.132915131977992207e+00
8.000000000000000000e+00 9.000000000000000000e+00 1.198237142893466167e+00
