1.000000000000000000e+00 2.000000000000000000e+00 6.231803341419769326e-01
1.000000000000000000e+00 3.000000000000000000e+00 6.707908800995591170e-01
1.000000000000000000e+00 4.000000000000000000e+00 3.319928861178969015e+00
1.000000000000000000e+00 5.000000000000000000e+00 1.634430499428698669e+00
1.000000000000000000e+00 6.000000000000000000e+00 1.869426718605811777e+00
1.000000000000000000e+00 7.000000000000000000e+00 2.224350111251078399e+00
1.000000000000000000e+00 8.000000000000000000e+00 2.318668292020952038e+00
2.000000000000000000e+00 3.000000000000000000e+00 5.169932373552003080e-01
2.000000000000000000e+00 4.000000000000000000e+00 3.264228281931447206e+00
2.000000000000000000e+00 5.000000000000000000e+00 1.579052214828195355e+00
2.000000000000000000e+00 6.000000000000000000e+00 1.813715644608990152e+00
2.000000000000000000e+00 7.000000000000000000e+00 2.164322582456106314e+00
2.000000000000000000e+00 8.000000000000000000e+00 2.258882396592523989e+00
3.000000000000000000e+00 4.000000000000000000e+00 3.201160367510200722e+00
3.000000000000000000e+00 5.000000000000000000e+00 1.516059848682597133e+00
3.000000000000000000e+00 6.000000000000000000e+00 1.750648811146269468e+00
3.000000000000000000e+00 7.000000000000000000e+00 2.100287165344050688e+00
3.000000000000000000e+00 8.000000000000000000e+00 2.194901088553915081e+00
4.000000000000000000e+00 5.000000000000000000e+00 2.278968684346732054e+00
4.000000000000000000e+00 6.000000000000000000e+00 2.607151438451140280e+00
4.000000000000000000e+00 7.000000000000000000e+00 3.253903653882197933e+00
4.000000000000000000e+00 8.000000000000000000e+00 3.332020799134186362e+00
5.000000000000000000e+00 6.000000000000000000e+00 7.993676416797088624e-01
5.000000000000000000e+00 7.000000000000000000e+00 1.554317741631738858e+00
5.000000000000000000e+00 8.000000000000000000e+00 1.630324115645511718e+00
6.000000000000000000e+00 7.000000000000000000e+00 1.728475283384693473e+00
6.000000000000000000e+00 8.000000000000000000e+00 1.801536986215856118e+00
7.000000000000000000e+00 8.000000000000000000e+00 8.399328621419837049e-01
