1.000000000000000000e+00 2.000000000000000000e+00 6.068769056967031617e-01
1.000000000000000000e+00 3.000000000000000000e+00 6.574093345628114760e-01
1.000000000000000000e+00 4.000000000000000000e+00 2.256451139446405296e+00
1.000000000000000000e+00 5.000000000000000000e+00 1.520279522897300728e+00
1.000000000000000000e+00 6.000000000000000000e+00 1.694950167404740915e+00
1.000000000000000000e+00 7.000000000000000000e+00 2.035920718714308020e+00
1.000000000000000000e+00 8.000000000000000000e+00 2.119428178021298237e+00
2.000000000000000000e+00 3.000000000000000000e+00 5.135540100529715213e-01
2.000000000000000000e+00 4.000000000000000000e+00 2.205805553373031191e+00
2.000000000000000000e+00 5.000000000000000000e+00 1.469813589621632888e+00
2.000000000000000000e+00 6.000000000000000000e+00 1.644223440714992046e+00
2.000000000000000000e+00 7.000000000000000000e+00 1.982611449830012251e+00
2.000000000000000000e+00 8.000000000000000000e+00 2.066275340493577417e+00
3.000000000000000000e+00 4.000000000000000000e+00 2.150306845202571093e+00
3.000000000000000000e+00 5.000000000000000000e+00 1.414354074974126130e+00
3.000000000000000000e+00 6.000000000000000000e+00 1.588712218398899312e+00
3.000000000000000000e+00 7.000000000000000000e+00 1.926584636163401143e+00
3.000000000000000000e+00 8.000000000000000000e+00 2.010279626429422706e+00
4.000000000000000000e+00 5.000000000000000000e+00 1.309691237914119233e+00
4.000000000000000000e+00 6.000000000000000000e+00 1.577536652260614902e+00
4.000000000000000000e+00 7.000000000000000000e+00 2.141257757058685929e+00
4.000000000000000000e+00 8.000000000000000000e+00 2.212341636052748584e+00
5.000000000000000000e+00 6.000000000000000000e+00 7.302557600771415469e-01
5.000000000000000000e+00 7.000000000000000000e+00 1.384459770201692308e+00
5.000000000000000000e+00 8.000000000000000000e+00 1.453412863646791564e+00
6.000000000000000000e+00 7.000000000000000000e+00 1.498146510623545868e+00
6.000000000000000000e+00 8.000000000000000000e+00 1.564119404741945107e+00
7.000000000000000000e+00 8.000000000000000000e+00 8.097181053743067736e-01
