1.000000000000000000e+00 2.000000000000000000e+00 5.533737885518520416e-01
1.000000000000000000e+00 3.000000000000000000e+00 6.129068245742765875e-01
1.000000000000000000e+00 4.000000000000000000e+00 1.214275069488321757e+00
1.000000000000000000e+00 5.000000000000000000e+00 1.233223352382650129e+00
1.000000000000000000e+00 6.000000000000000000e+00 1.267883188289579577e+00
1.000000000000000000e+00 7.000000000000000000e+00 1.554902072278155467e+00
1.000000000000000000e+00 8.000000000000000000e+00 1.627371552233500163e+00
2.000000000000000000e+00 3.000000000000000000e+00 5.015148655006997913e-01
2.000000000000000000e+00 4.000000000000000000e+00 1.183529367457769821e+00
2.000000000000000000e+00 5.000000000000000000e+00 1.202505020995508156e+00
2.000000000000000000e+00 6.000000000000000000e+00 1.237010937691021217e+00
2.000000000000000000e+00 7.000000000000000000e+00 1.523023005627653470e+00
2.000000000000000000e+00 8.000000000000000000e+00 1.595567819950063582e+00
3.000000000000000000e+00 4.000000000000000000e+00 1.154545560823444061e+00
3.000000000000000000e+00 5.000000000000000000e+00 1.173526666028317011e+00
3.000000000000000000e+00 6.000000000000000000e+00 1.208030856743172565e+00
3.000000000000000000e+00 7.000000000000000000e+00 1.494020742963871884e+00
3.000000000000000000e+00 8.000000000000000000e+00 1.566567044968861344e+00
4.000000000000000000e+00 5.000000000000000000e+00 5.000612115688511938e-01
4.000000000000000000e+00 6.000000000000000000e+00 6.264776731916248398e-01
4.000000000000000000e+00 7.000000000000000000e+00 1.053037166545279346e+00
4.000000000000000000e+00 8.000000000000000000e+00 1.117740822718870097e+00
5.000000000000000000e+00 6.000000000000000000e+00 5.662629589984267131e-01
5.000000000000000000e+00 7.000000000000000000e+00 1.050383675359851443e+00
5.000000000000000000e+00 8.000000000000000000e+00 1.113385594991354255e+00
6.000000000000000000e+00 7.000000000000000000e+00 1.032848716633367969e+00
6.000000000000000000e+00 8.000000000000000000e+00 1.093008902045815800e+00
7.000000000000000000e+00 8.000000000000000000e+00 7.325278217175419382e-01
