1.000000000000000000e+00 2.000000000000000000e+00 5.916068409327384092e-01
1.000000000000000000e+00 3.000000000000000000e+00 6.448213209416340241e-01
1.000000000000000000e+00 4.000000000000000000e+00 1.789317364455186965e+00
1.000000000000000000e+00 5.000000000000000000e+00 1.431424024352132784e+00
1.000000000000000000e+00 6.000000000000000000e+00 1.558040850915991538e+00
1.000000000000000000e+00 7.000000000000000000e+00 1.884828013543709879e+00
1.000000000000000000e+00 8.000000000000000000e+00 1.963605293198324775e+00
2.000000000000000000e+00 3.000000000000000000e+00 5.101984449660101895e-01
2.000000000000000000e+00 4.000000000000000000e+00 1.743986771945923220e+00
2.000000000000000000e+00 5.000000000000000000e+00 1.386197975620154343e+00
2.000000000000000000e+00 6.000000000000000000e+00 1.512597751917284850e+00
2.000000000000000000e+00 7.000000000000000000e+00 1.837569618569119712e+00
2.000000000000000000e+00 8.000000000000000000e+00 1.916463431680034857e+00
3.000000000000000000e+00 4.000000000000000000e+00 1.695924721280596792e+00
3.000000000000000000e+00 5.000000000000000000e+00 1.338156848099855134e+00
3.000000000000000000e+00 6.000000000000000000e+00 1.464521206958565802e+00
3.000000000000000000e+00 7.000000000000000000e+00 1.789192129617577454e+00
3.000000000000000000e+00 8.000000000000000000e+00 1.868105121319299178e+00
4.000000000000000000e+00 5.000000000000000000e+00 9.134458621967282976e-01
4.000000000000000000e+00 6.000000000000000000e+00 1.133262511408049455e+00
4.000000000000000000e+00 7.000000000000000000e+00 1.648301389372961001e+00
4.000000000000000000e+00 8.000000000000000000e+00 1.716630838205395859e+00
5.000000000000000000e+00 6.000000000000000000e+00 6.744574410221555461e-01
5.000000000000000000e+00 7.000000000000000000e+00 1.267551120156495070e+00
5.000000000000000000e+00 8.000000000000000000e+00 1.333859303094439008e+00
6.000000000000000000e+00 7.000000000000000000e+00 1.334643664867978696e+00
6.000000000000000000e+00 8.000000000000000000e+00 1.397993666144848879e+00
7.000000000000000000e+00 8.000000000000000000e+00 7.853281875859339234e-01
