1.000000000000000000e+00 2.000000000000000000e+00 5.541646625694398587e-01
1.000000000000000000e+00 3.000000000000000000e+00 6.136688957701766922e-01
1.000000000000000000e+00 4.000000000000000000e+00 1.211197471281676652e+00
1.000000000000000000e+00 5.000000000000000000e+00 1.230189586453477091e+00
1.000000000000000000e+00 6.000000000000000000e+00 1.264810597480146015e+00
1.000000000000000000e+00 7.000000000000000000e+00 1.552593975150546424e+00
1.000000000000000000e+00 8.000000000000000000e+00 1.624372953670020880e+00
2.000000000000000000e+00 3.000000000000000000e+00 5.015903404042375557e-01
2.000000000000000000e+00 4.000000000000000000e+00 1.180242614194425776e+00
2.000000000000000000e+00 5.000000000000000000e+00 1.199265135638568402e+00
2.000000000000000000e+00 6.000000000000000000e+00 1.233734757446674379e+00
2.000000000000000000e+00 7.000000000000000000e+00 1.520523599288198469e+00
2.000000000000000000e+00 8.000000000000000000e+00 1.592377014435572224e+00
3.000000000000000000e+00 4.000000000000000000e+00 1.150754081055823885e+00
3.000000000000000000e+00 5.000000000000000000e+00 1.169782243739275973e+00
3.000000000000000000e+00 6.000000000000000000e+00 1.204250051877880701e+00
3.000000000000000000e+00 7.000000000000000000e+00 1.491015686396567119e+00
3.000000000000000000e+00 8.000000000000000000e+00 1.562870659630876791e+00
4.000000000000000000e+00 5.000000000000000000e+00 5.000341518020581244e-01
4.000000000000000000e+00 6.000000000000000000e+00 6.263172025793326547e-01
4.000000000000000000e+00 7.000000000000000000e+00 1.051138876472430983e+00
4.000000000000000000e+00 8.000000000000000000e+00 1.115374884954685175e+00
5.000000000000000000e+00 6.000000000000000000e+00 5.662003690888455232e-01
5.000000000000000000e+00 7.000000000000000000e+00 1.048658043496221826e+00
5.000000000000000000e+00 8.000000000000000000e+00 1.111202148660282329e+00
6.000000000000000000e+00 7.000000000000000000e+00 1.031282501681110908e+00
6.000000000000000000e+00 8.000000000000000000e+00 1.091007770368628726e+00
7.000000000000000000e+00 8.000000000000000000e+00 7.327031238524166490e-01
