1.000000000000000000e+00 2.000000000000000000e+00 6.262628669509197055e-01
1.000000000000000000e+00 3.000000000000000000e+00 1.527335799252196757e+00
1.000000000000000000e+00 4.000000000000000000e+00 1.867214468537367056e+00
1.000000000000000000e+00 5.000000000000000000e+00 1.900848450650574950e+00
1.000000000000000000e+00 6.000000000000000000e+00 1.964057332619164153e+00
1.000000000000000000e+00 7.000000000000000000e+00 3.040123715360089740e+00
1.000000000000000000e+00 8.000000000000000000e+00 2.750795299343916867e+00
2.000000000000000000e+00 3.000000000000000000e+00 1.322906119276037185e+00
2.000000000000000000e+00 4.000000000000000000e+00 1.817348797363473212e+00
2.000000000000000000e+00 5.000000000000000000e+00 1.850976926527120092e+00
2.000000000000000000e+00 6.000000000000000000e+00 1.914027690209476606e+00
2.000000000000000000e+00 7.000000000000000000e+00 2.987670644251924301e+00
2.000000000000000000e+00 8.000000000000000000e+00 2.698590164541895042e+00
3.000000000000000000e+00 4.000000000000000000e+00 2.565924647642247258e+00
3.000000000000000000e+00 5.000000000000000000e+00 2.599582758815161210e+00
3.000000000000000000e+00 6.000000000000000000e+00 2.662739514441803568e+00
3.000000000000000000e+00 7.000000000000000000e+00 3.737725745419628431e+00
3.000000000000000000e+00 8.000000000000000000e+00 3.448506372239124929e+00
4.000000000000000000e+00 5.000000000000000000e+00 5.057581532135957403e-01
4.000000000000000000e+00 6.000000000000000000e+00 6.633899448542024402e-01
4.000000000000000000e+00 7.000000000000000000e+00 2.025692370321608315e+00
4.000000000000000000e+00 8.000000000000000000e+00 1.716686610770429944e+00
5.000000000000000000e+00 6.000000000000000000e+00 5.859435198110949372e-01
5.000000000000000000e+00 7.000000000000000000e+00 2.033494429139824256e+00
5.000000000000000000e+00 8.000000000000000000e+00 1.721717533974659986e+00
6.000000000000000000e+00 7.000000000000000000e+00 2.045193825691823619e+00
6.000000000000000000e+00 8.000000000000000000e+00 1.728795075480064725e+00
7.000000000000000000e+00 8.000000000000000000e+00 1.650404108205135500e+00
