1.000000000000000000e+00 2.000000000000000000e+00 5.536253262627564009e-01
1.000000000000000000e+00 3.000000000000000000e+00 6.134643482434687378e-01
1.000000000000000000e+00 4.000000000000000000e+00 1.270624341981053007e+00
1.000000000000000000e+00 5.000000000000000000e+00 1.285697057165180013e+00
1.000000000000000000e+00 6.000000000000000000e+00 1.310507996180153567e+00
1.000000000000000000e+00 7.000000000000000000e+00 1.632196177364447554e+00
1.000000000000000000e+00 8.000000000000000000e+00 1.704507340616120414e+00
2.000000000000000000e+00 3.000000000000000000e+00 5.015762576947584428e-01
2.000000000000000000e+00 4.000000000000000000e+00 1.238290069156172457e+00
2.000000000000000000e+00 5.000000000000000000e+00 1.253426609589822771e+00
2.000000000000000000e+00 6.000000000000000000e+00 1.278137696062472850e+00
2.000000000000000000e+00 7.000000000000000000e+00 1.598677037202354878e+00
2.000000000000000000e+00 8.000000000000000000e+00 1.671086150784178992e+00
3.000000000000000000e+00 4.000000000000000000e+00 1.208789271207284965e+00
3.000000000000000000e+00 5.000000000000000000e+00 1.223933913494488657e+00
3.000000000000000000e+00 6.000000000000000000e+00 1.248648826372391829e+00
3.000000000000000000e+00 7.000000000000000000e+00 1.569182913056938133e+00
3.000000000000000000e+00 8.000000000000000000e+00 1.641592307704365927e+00
4.000000000000000000e+00 5.000000000000000000e+00 5.023970212415851400e-01
4.000000000000000000e+00 6.000000000000000000e+00 6.338913727152821753e-01
4.000000000000000000e+00 7.000000000000000000e+00 1.116680078101353946e+00
4.000000000000000000e+00 8.000000000000000000e+00 1.179214627471578014e+00
5.000000000000000000e+00 6.000000000000000000e+00 5.687727641423008240e-01
5.000000000000000000e+00 7.000000000000000000e+00 1.110675491618087207e+00
5.000000000000000000e+00 8.000000000000000000e+00 1.171305689712834885e+00
6.000000000000000000e+00 7.000000000000000000e+00 1.087987132564086412e+00
6.000000000000000000e+00 8.000000000000000000e+00 1.145718252257933001e+00
7.000000000000000000e+00 8.000000000000000000e+00 7.352023755425094453e-01
