1.000000000000000000e+00 2.000000000000000000e+00 5.530272914218063995e-01
1.000000000000000000e+00 3.000000000000000000e+00 6.125936401327147784e-01
1.000000000000000000e+00 4.000000000000000000e+00 1.239522307505386278e+00
1.000000000000000000e+00 5.000000000000000000e+00 1.259147561111096936e+00
1.000000000000000000e+00 6.000000000000000000e+00 1.293710971715873237e+00
1.000000000000000000e+00 7.000000000000000000e+00 1.576793999470996299e+00
1.000000000000000000e+00 8.000000000000000000e+00 1.649123665526378568e+00
2.000000000000000000e+00 3.000000000000000000e+00 5.014517186689184669e-01
2.000000000000000000e+00 4.000000000000000000e+00 1.206630806016554702e+00
2.000000000000000000e+00 5.000000000000000000e+00 1.226276509619615096e+00
2.000000000000000000e+00 6.000000000000000000e+00 1.260701145239780052e+00
2.000000000000000000e+00 7.000000000000000000e+00 1.542887056553958525e+00
2.000000000000000000e+00 8.000000000000000000e+00 1.615283767466751508e+00
3.000000000000000000e+00 4.000000000000000000e+00 1.177537394690230999e+00
3.000000000000000000e+00 5.000000000000000000e+00 1.197188749058258006e+00
3.000000000000000000e+00 6.000000000000000000e+00 1.231615137508177638e+00
3.000000000000000000e+00 7.000000000000000000e+00 1.513799447661873243e+00
3.000000000000000000e+00 8.000000000000000000e+00 1.586196111343467718e+00
4.000000000000000000e+00 5.000000000000000000e+00 5.000923804728654165e-01
4.000000000000000000e+00 6.000000000000000000e+00 6.266401806828951759e-01
4.000000000000000000e+00 7.000000000000000000e+00 1.053816781478111198e+00
4.000000000000000000e+00 8.000000000000000000e+00 1.118018128349214768e+00
5.000000000000000000e+00 6.000000000000000000e+00 5.663357328185261164e-01
5.000000000000000000e+00 7.000000000000000000e+00 1.051159899358669270e+00
5.000000000000000000e+00 8.000000000000000000e+00 1.113655445544399880e+00
6.000000000000000000e+00 7.000000000000000000e+00 1.033359357265525746e+00
6.000000000000000000e+00 8.000000000000000000e+00 1.093011621267684363e+00
7.000000000000000000e+00 8.000000000000000000e+00 7.319901783462536837e-01
