1.000000000000000000e+00 2.000000000000000000e+00 5.529957008739414537e-01
1.000000000000000000e+00 3.000000000000000000e+00 6.125385626922837945e-01
1.000000000000000000e+00 4.000000000000000000e+00 1.233510173930533194e+00
1.000000000000000000e+00 5.000000000000000000e+00 1.253041042422076146e+00
1.000000000000000000e+00 6.000000000000000000e+00 1.287648900397837748e+00
1.000000000000000000e+00 7.000000000000000000e+00 1.570911832965923738e+00
1.000000000000000000e+00 8.000000000000000000e+00 1.643219271723144193e+00
1.000000000000000000e+00 9.000000000000000000e+00 1.203556138959646082e+00
2.000000000000000000e+00 3.000000000000000000e+00 5.014480461869531558e-01
2.000000000000000000e+00 4.000000000000000000e+00 1.201229153625731128e+00
2.000000000000000000e+00 5.000000000000000000e+00 1.220780032790668379e+00
2.000000000000000000e+00 6.000000000000000000e+00 1.255245400927323063e+00
2.000000000000000000e+00 7.000000000000000000e+00 1.537592167630018158e+00
2.000000000000000000e+00 8.000000000000000000e+00 1.609968062164596869e+00
2.000000000000000000e+00 9.000000000000000000e+00 1.171422352818797696e+00
3.000000000000000000e+00 4.000000000000000000e+00 1.172273739228390843e+00
3.000000000000000000e+00 5.000000000000000000e+00 1.191829824966976759e+00
3.000000000000000000e+00 6.000000000000000000e+00 1.226296308994928586e+00
3.000000000000000000e+00 7.000000000000000000e+00 1.508639142469607508e+00
3.000000000000000000e+00 8.000000000000000000e+00 1.581015129696870858e+00
3.000000000000000000e+00 9.000000000000000000e+00 1.142461889914747397e+00
4.000000000000000000e+00 5.000000000000000000e+00 5.000882915800366479e-01
4.000000000000000000e+00 6.000000000000000000e+00 6.266228725767153396e-01
4.000000000000000000e+00 7.000000000000000000e+00 1.053378819671068944e+00
4.000000000000000000e+00 8.000000000000000000e+00 1.117603222019375675e+00
4.000000000000000000e+00 9.000000000000000000e+00 5.479737103575044177e-01
5.000000000000000000e+00 6.000000000000000000e+00 5.663285684363885686e-01
5.000000000000000000e+00 7.000000000000000000e+00 1.050754887908264434e+00
5.000000000000000000e+00 8.000000000000000000e+00 1.113271745956348813e+00
5.000000000000000000e+00 9.000000000000000000e+00 6.130589115237614628e-01
6.000000000000000000e+00 7.000000000000000000e+00 1.033045588231786160e+00
6.000000000000000000e+00 8.000000000000000000e+00 1.092712848066046849e+00
6.000000000000000000e+00 9.000000000000000000e+00 6.902491373156218746e-01
7.000000000000000000e+00 8.000000000000000000e+00 7.319735715443549395e-01
7.000000000000000000e+00 9.000000000000000000e+00 1.073371980701873563e+00
8.000000000000000000e+00 9.000000000000000000e+00 1.139316264618966512e+00
