0.000000000000000000e+00 1.000000000000000000e+00 2.000000000000000000e+00 3.000000000000000000e+00 4.000000000000000000e+00 5.000000000000000000e+00 6.000000000000000000e+00 7.000000000000000000e+00 8.000000000000000000e+00 9.000000000000000000e+00
1.000000000000000000e+00 0.000000000000000000e+00 5.543971850661697509e-01 6.141649383347402846e-01 1.228671799873891635e+00 1.247046053642623775e+00 1.281672537383955257e+00 1.573240197920183769e+00 1.646732736975085265e+00 1.199034667796247122e+00
2.000000000000000000e+00 5.543971850661697509e-01 0.000000000000000000e+00 5.016470069144838284e-01 1.197044853482405857e+00 1.215445002270417518e+00 1.249895695837311971e+00 1.540286549581569853e+00 1.613869686607187104e+00 1.167589139359218153e+00
3.000000000000000000e+00 6.141649383347402846e-01 5.016470069144838284e-01 0.000000000000000000e+00 1.167740414577404851e+00 1.186146180947454276e+00 1.220590832596484043e+00 1.510930642491841835e+00 1.584517557966397261e+00 1.138287584883192816e+00
4.000000000000000000e+00 1.228671799873891635e+00 1.197044853482405857e+00 1.167740414577404851e+00 0.000000000000000000e+00 5.001324540720966105e-01 6.268916109028068728e-01 1.064574742126053186e+00 1.129500317289675815e+00 5.481780322613316603e-01
5.000000000000000000e+00 1.247046053642623775e+00 1.215445002270417518e+00 1.186146180947454276e+00 5.001324540720966105e-01 0.000000000000000000e+00 5.664101399070864407e-01 1.061281660803657489e+00 1.124454031529346976e+00 6.133938535893566080e-01
6.000000000000000000e+00 1.281672537383955257e+00 1.249895695837311971e+00 1.220590832596484043e+00 6.268916109028068728e-01 5.664101399070864407e-01 0.000000000000000000e+00 1.043251453719964195e+00 1.103473481420900404e+00 6.910022761801797309e-01
7.000000000000000000e+00 1.573240197920183769e+00 1.540286549581569853e+00 1.510930642491841835e+00 1.064574742126053186e+00 1.061281660803657489e+00 1.043251453719964195e+00 0.000000000000000000e+00 7.336889890894615629e-01 1.084978404794501250e+00
8.000000000000000000e+00 1.646732736975085265e+00 1.613869686607187104e+00 1.584517557966397261e+00 1.129500317289675815e+00 1.124454031529346976e+00 1.103473481420900404e+00 7.336889890894615629e-01 0.000000000000000000e+00 1.151714386669284940e+00
9.000000000000000000e+00 1.199034667796247122e+00 1.167589139359218153e+00 1.138287584883192816e+00 5.481780322613316603e-01 6.133938535893566080e-01 6.910022761801797309e-01 1.084978404794501250e+00 1.151714386669284940e+00 0.000000000000000000e+00
