1.000000000000000000e+00 2.000000000000000000e+00 5.566919067047183534e-01
1.000000000000000000e+00 3.000000000000000000e+00 6.210038215882329737e-01
1.000000000000000000e+00 4.000000000000000000e+00 1.382617052011095637e+00
1.000000000000000000e+00 5.000000000000000000e+00 1.397053092897675652e+00
1.000000000000000000e+00 6.000000000000000000e+00 1.433466111958589195e+00
1.000000000000000000e+00 7.000000000000000000e+00 1.799051409913049682e+00
1.000000000000000000e+00 8.000000000000000000e+00 1.891474530230169648e+00
2.000000000000000000e+00 3.000000000000000000e+00 5.027164063865861010e-01
2.000000000000000000e+00 4.000000000000000000e+00 1.347397508848279912e+00
2.000000000000000000e+00 5.000000000000000000e+00 1.361868419245601425e+00
2.000000000000000000e+00 6.000000000000000000e+00 1.397943815634564491e+00
2.000000000000000000e+00 7.000000000000000000e+00 1.760426394591357191e+00
2.000000000000000000e+00 8.000000000000000000e+00 1.853108467653012514e+00
3.000000000000000000e+00 4.000000000000000000e+00 1.323510523694885421e+00
3.000000000000000000e+00 5.000000000000000000e+00 1.337988655685226513e+00
3.000000000000000000e+00 6.000000000000000000e+00 1.374013979301880628e+00
3.000000000000000000e+00 7.000000000000000000e+00 1.736030175239871465e+00
3.000000000000000000e+00 8.000000000000000000e+00 1.828751094765864948e+00
4.000000000000000000e+00 5.000000000000000000e+00 5.008870555295914517e-01
4.000000000000000000e+00 6.000000000000000000e+00 6.310373471048968952e-01
4.000000000000000000e+00 7.000000000000000000e+00 1.212715336819024436e+00
4.000000000000000000e+00 8.000000000000000000e+00 1.289525636230017369e+00
5.000000000000000000e+00 6.000000000000000000e+00 5.680273797698780491e-01
5.000000000000000000e+00 7.000000000000000000e+00 1.207194561920099218e+00
5.000000000000000000e+00 8.000000000000000000e+00 1.282065087545846360e+00
6.000000000000000000e+00 7.000000000000000000e+00 1.190037689291252754e+00
6.000000000000000000e+00 8.000000000000000000e+00 1.261490844608878614e+00
7.000000000000000000e+00 8.000000000000000000e+00 7.448627785770152165e-01
