1.000000000000000000e+00 2.000000000000000000e+00 5.539896526361824947e-01
1.000000000000000000e+00 3.000000000000000000e+00 6.133021408140615360e-01
1.000000000000000000e+00 4.000000000000000000e+00 1.194474384661584176e+00
1.000000000000000000e+00 5.000000000000000000e+00 1.213656972490060770e+00
1.000000000000000000e+00 6.000000000000000000e+00 1.247570934781361052e+00
1.000000000000000000e+00 7.000000000000000000e+00 1.525246653218336190e+00
1.000000000000000000e+00 8.000000000000000000e+00 1.595364799825556679e+00
2.000000000000000000e+00 3.000000000000000000e+00 5.015499684733806252e-01
2.000000000000000000e+00 4.000000000000000000e+00 1.164632587575013423e+00
2.000000000000000000e+00 5.000000000000000000e+00 1.183845218693691859e+00
2.000000000000000000e+00 6.000000000000000000e+00 1.217612970949389029e+00
2.000000000000000000e+00 7.000000000000000000e+00 1.494327691659258717e+00
2.000000000000000000e+00 8.000000000000000000e+00 1.564517080144836703e+00
3.000000000000000000e+00 4.000000000000000000e+00 1.135141115409931123e+00
3.000000000000000000e+00 5.000000000000000000e+00 1.154359679854757292e+00
3.000000000000000000e+00 6.000000000000000000e+00 1.188126531599979829e+00
3.000000000000000000e+00 7.000000000000000000e+00 1.464823983240265415e+00
3.000000000000000000e+00 8.000000000000000000e+00 1.535014384890096339e+00
4.000000000000000000e+00 5.000000000000000000e+00 4.999628467738883586e-01
4.000000000000000000e+00 6.000000000000000000e+00 6.258656144622978257e-01
4.000000000000000000e+00 7.000000000000000000e+00 1.039830261678605039e+00
4.000000000000000000e+00 8.000000000000000000e+00 1.102650945665141657e+00
5.000000000000000000e+00 6.000000000000000000e+00 5.660270641167592931e-01
5.000000000000000000e+00 7.000000000000000000e+00 1.038374920629339337e+00
5.000000000000000000e+00 8.000000000000000000e+00 1.099541113822188221e+00
6.000000000000000000e+00 7.000000000000000000e+00 1.022334683678049805e+00
6.000000000000000000e+00 8.000000000000000000e+00 1.080745634888023554e+00
7.000000000000000000e+00 8.000000000000000000e+00 7.319537537742955013e-01
