1.000000000000000000e+00 2.000000000000000000e+00 2.745324741889575648e+00
1.000000000000000000e+00 3.000000000000000000e+00 3.013405811196249395e+00
1.000000000000000000e+00 4.000000000000000000e+00 4.708834604329472207e+00
1.000000000000000000e+00 5.000000000000000000e+00 4.795775107028635631e+00
1.000000000000000000e+00 6.000000000000000000e+00 4.945563207753154167e+00
1.000000000000000000e+00 7.000000000000000000e+00 5.734570233529228567e+00
1.000000000000000000e+00 8.000000000000000000e+00 6.007414201050864655e+00
2.000000000000000000e+00 3.000000000000000000e+00 2.500199948877592782e+00
2.000000000000000000e+00 4.000000000000000000e+00 4.634557581279556082e+00
2.000000000000000000e+00 5.000000000000000000e+00 4.721591071396961325e+00
2.000000000000000000e+00 6.000000000000000000e+00 4.871227589704258953e+00
2.000000000000000000e+00 7.000000000000000000e+00 5.658844837314517484e+00
2.000000000000000000e+00 8.000000000000000000e+00 5.931754042062874710e+00
3.000000000000000000e+00 4.000000000000000000e+00 4.475273653779814786e+00
3.000000000000000000e+00 5.000000000000000000e+00 4.562328006385204304e+00
3.000000000000000000e+00 6.000000000000000000e+00 4.712010698357448568e+00
3.000000000000000000e+00 7.000000000000000000e+00 5.499831983096304278e+00
3.000000000000000000e+00 8.000000000000000000e+00 5.772731046678873490e+00
4.000000000000000000e+00 5.000000000000000000e+00 2.484891651725499528e+00
4.000000000000000000e+00 6.000000000000000000e+00 3.066576805675135908e+00
4.000000000000000000e+00 7.000000000000000000e+00 4.332218415110063781e+00
4.000000000000000000e+00 8.000000000000000000e+00 4.595354519754372369e+00
5.000000000000000000e+00 6.000000000000000000e+00 2.801727994331501215e+00
5.000000000000000000e+00 7.000000000000000000e+00 4.359527155049629066e+00
5.000000000000000000e+00 8.000000000000000000e+00 4.618948829614857310e+00
6.000000000000000000e+00 7.000000000000000000e+00 4.360690775295684496e+00
6.000000000000000000e+00 8.000000000000000000e+00 4.613893448585126400e+00
7.000000000000000000e+00 8.000000000000000000e+00 3.574881559495362460e+00
