1.000000000000000000e+00 2.000000000000000000e+00 5.632278881204903428e-03
1.000000000000000000e+00 3.000000000000000000e+00 6.355945218821341253e-03
1.000000000000000000e+00 4.000000000000000000e+00 3.779813056005291994e-02
1.000000000000000000e+00 5.000000000000000000e+00 3.742940181955039386e-02
1.000000000000000000e+00 6.000000000000000000e+00 3.752766509596484890e-02
1.000000000000000000e+00 7.000000000000000000e+00 2.988216668823962321e-02
1.000000000000000000e+00 8.000000000000000000e+00 3.216375574564973860e-02
2.000000000000000000e+00 3.000000000000000000e+00 5.045292086379164070e-03
2.000000000000000000e+00 4.000000000000000000e+00 3.763568940068474922e-02
2.000000000000000000e+00 5.000000000000000000e+00 3.727112970130810193e-02
2.000000000000000000e+00 6.000000000000000000e+00 3.736775413046777850e-02
2.000000000000000000e+00 7.000000000000000000e+00 2.907182419807595106e-02
2.000000000000000000e+00 8.000000000000000000e+00 3.136105960250196167e-02
3.000000000000000000e+00 4.000000000000000000e+00 3.757178070931997682e-02
3.000000000000000000e+00 5.000000000000000000e+00 3.720852537912936603e-02
3.000000000000000000e+00 6.000000000000000000e+00 3.730463710090511920e-02
3.000000000000000000e+00 7.000000000000000000e+00 2.880515770439534204e-02
3.000000000000000000e+00 8.000000000000000000e+00 3.109678596280995855e-02
4.000000000000000000e+00 5.000000000000000000e+00 5.077771860097300693e-03
4.000000000000000000e+00 6.000000000000000000e+00 6.571880304676050444e-03
4.000000000000000000e+00 7.000000000000000000e+00 4.393287776609169915e-02
4.000000000000000000e+00 8.000000000000000000e+00 4.567746669271245674e-02
5.000000000000000000e+00 6.000000000000000000e+00 5.765407099017315351e-03
5.000000000000000000e+00 7.000000000000000000e+00 4.362939244940085282e-02
5.000000000000000000e+00 8.000000000000000000e+00 4.537424701610155708e-02
6.000000000000000000e+00 7.000000000000000000e+00 4.364140039213817990e-02
6.000000000000000000e+00 8.000000000000000000e+00 4.537951204627764523e-02
7.000000000000000000e+00 8.000000000000000000e+00 7.708363333386564209e-03
