1.000000000000000000e+00 2.000000000000000000e+00 5.533742911188402891e-01
1.000000000000000000e+00 3.000000000000000000e+00 6.129073966681629626e-01
1.000000000000000000e+00 4.000000000000000000e+00 1.217641642018175707e+00
1.000000000000000000e+00 5.000000000000000000e+00 1.237998280228819858e+00
1.000000000000000000e+00 6.000000000000000000e+00 1.275752066339093105e+00
1.000000000000000000e+00 7.000000000000000000e+00 1.563501868667718897e+00
1.000000000000000000e+00 8.000000000000000000e+00 1.637163122264205795e+00
2.000000000000000000e+00 3.000000000000000000e+00 5.015148663381382432e-01
2.000000000000000000e+00 4.000000000000000000e+00 1.186822347430681157e+00
2.000000000000000000e+00 5.000000000000000000e+00 1.207194289194019277e+00
2.000000000000000000e+00 6.000000000000000000e+00 1.244767279726387788e+00
2.000000000000000000e+00 7.000000000000000000e+00 1.531507568420307885e+00
2.000000000000000000e+00 8.000000000000000000e+00 1.605238934833749687e+00
3.000000000000000000e+00 4.000000000000000000e+00 1.157833480024389017e+00
3.000000000000000000e+00 5.000000000000000000e+00 1.178210155698684147e+00
3.000000000000000000e+00 6.000000000000000000e+00 1.215780179052912136e+00
3.000000000000000000e+00 7.000000000000000000e+00 1.502498829266870173e+00
3.000000000000000000e+00 8.000000000000000000e+00 1.576231436114162276e+00
4.000000000000000000e+00 5.000000000000000000e+00 5.002259774420552141e-01
4.000000000000000000e+00 6.000000000000000000e+00 6.280786580109323225e-01
4.000000000000000000e+00 7.000000000000000000e+00 1.057951757134261817e+00
4.000000000000000000e+00 8.000000000000000000e+00 1.123658818354833722e+00
5.000000000000000000e+00 6.000000000000000000e+00 5.671897462487747177e-01
5.000000000000000000e+00 7.000000000000000000e+00 1.055398028609425998e+00
5.000000000000000000e+00 8.000000000000000000e+00 1.119373236829144469e+00
6.000000000000000000e+00 7.000000000000000000e+00 1.036465224324964352e+00
6.000000000000000000e+00 8.000000000000000000e+00 1.097368916143963036e+00
7.000000000000000000e+00 8.000000000000000000e+00 7.326203675607982913e-01
