1.000000000000000000e+00 2.000000000000000000e+00 1.604923451229925746e+00
1.000000000000000000e+00 3.000000000000000000e+00 1.999566246658353474e+00
1.000000000000000000e+00 4.000000000000000000e+00 1.941362789201678707e+00
1.000000000000000000e+00 5.000000000000000000e+00 1.968751789376756545e+00
1.000000000000000000e+00 6.000000000000000000e+00 2.007436365028909098e+00
1.000000000000000000e+00 7.000000000000000000e+00 3.717275872714853602e+00
1.000000000000000000e+00 8.000000000000000000e+00 3.931587512937154916e+00
2.000000000000000000e+00 3.000000000000000000e+00 2.363572584777550833e+00
2.000000000000000000e+00 4.000000000000000000e+00 2.592181522074938016e+00
2.000000000000000000e+00 5.000000000000000000e+00 2.619622452488053366e+00
2.000000000000000000e+00 6.000000000000000000e+00 2.658156544974910940e+00
2.000000000000000000e+00 7.000000000000000000e+00 4.365948396013205723e+00
2.000000000000000000e+00 8.000000000000000000e+00 4.580566342283496795e+00
3.000000000000000000e+00 4.000000000000000000e+00 2.709140802002528936e+00
3.000000000000000000e+00 5.000000000000000000e+00 2.736621903365981101e+00
3.000000000000000000e+00 6.000000000000000000e+00 2.775354940213229593e+00
3.000000000000000000e+00 7.000000000000000000e+00 4.485172820589045983e+00
3.000000000000000000e+00 8.000000000000000000e+00 4.699489591320915594e+00
4.000000000000000000e+00 5.000000000000000000e+00 5.070736738154182355e-01
4.000000000000000000e+00 6.000000000000000000e+00 6.572599242564307609e-01
4.000000000000000000e+00 7.000000000000000000e+00 2.615699210893944748e+00
4.000000000000000000e+00 8.000000000000000000e+00 2.810066430243556734e+00
5.000000000000000000e+00 6.000000000000000000e+00 5.830523821508073468e-01
5.000000000000000000e+00 7.000000000000000000e+00 2.614741256562530314e+00
5.000000000000000000e+00 8.000000000000000000e+00 2.805545202852257614e+00
6.000000000000000000e+00 7.000000000000000000e+00 2.591528711609566660e+00
6.000000000000000000e+00 8.000000000000000000e+00 2.776419960181719215e+00
7.000000000000000000e+00 8.000000000000000000e+00 3.328339970468456865e+00
