1.000000000000000000e+00 2.000000000000000000e+00 5.282373830011839466e-01
1.000000000000000000e+00 3.000000000000000000e+00 5.912216259414478925e-01
1.000000000000000000e+00 4.000000000000000000e+00 9.961759540840725569e-01
1.000000000000000000e+00 5.000000000000000000e+00 1.110902502070401976e+00
1.000000000000000000e+00 6.000000000000000000e+00 1.104698014588069599e+00
1.000000000000000000e+00 7.000000000000000000e+00 1.357439463587149397e+00
1.000000000000000000e+00 8.000000000000000000e+00 1.424952700549885876e+00
1.000000000000000000e+00 9.000000000000000000e+00 9.719261302396483559e-01
2.000000000000000000e+00 3.000000000000000000e+00 4.959037795571196172e-01
2.000000000000000000e+00 4.000000000000000000e+00 9.760067732197669210e-01
2.000000000000000000e+00 5.000000000000000000e+00 1.090742038819380699e+00
2.000000000000000000e+00 6.000000000000000000e+00 1.084405191333923879e+00
2.000000000000000000e+00 7.000000000000000000e+00 1.336362980424098179e+00
2.000000000000000000e+00 8.000000000000000000e+00 1.403942321677770000e+00
2.000000000000000000e+00 9.000000000000000000e+00 9.518586208830382978e-01
3.000000000000000000e+00 4.000000000000000000e+00 9.600466220396849382e-01
3.000000000000000000e+00 5.000000000000000000e+00 1.074787422509417834e+00
3.000000000000000000e+00 6.000000000000000000e+00 1.068472674177549431e+00
3.000000000000000000e+00 7.000000000000000000e+00 1.320542484893425517e+00
3.000000000000000000e+00 8.000000000000000000e+00 1.388112003326833932e+00
3.000000000000000000e+00 9.000000000000000000e+00 9.358766675364899035e-01
4.000000000000000000e+00 5.000000000000000000e+00 3.879933045402830238e-01
4.000000000000000000e+00 6.000000000000000000e+00 4.705204072798243597e-01
4.000000000000000000e+00 7.000000000000000000e+00 8.446965023456658450e-01
4.000000000000000000e+00 8.000000000000000000e+00 9.052229236943163393e-01
4.000000000000000000e+00 9.000000000000000000e+00 3.208122850093625411e-01
5.000000000000000000e+00 6.000000000000000000e+00 5.169069757797355447e-01
5.000000000000000000e+00 7.000000000000000000e+00 9.406585023874196594e-01
5.000000000000000000e+00 8.000000000000000000e+00 9.996229512119754190e-01
5.000000000000000000e+00 9.000000000000000000e+00 4.786852124097421557e-01
6.000000000000000000e+00 7.000000000000000000e+00 8.887119245262056211e-01
6.000000000000000000e+00 8.000000000000000000e+00 9.448799285610034460e-01
6.000000000000000000e+00 9.000000000000000000e+00 5.189101337081821752e-01
7.000000000000000000e+00 8.000000000000000000e+00 7.008069500027920284e-01
7.000000000000000000e+00 9.000000000000000000e+00 8.565106662580560526e-01
8.000000000000000000e+00 9.000000000000000000e+00 9.184702808434047627e-01
