1.000000000000000000e+00 2.000000000000000000e+00 5.526670813198888421e-01
1.000000000000000000e+00 3.000000000000000000e+00 6.119188549781683362e-01
1.000000000000000000e+00 4.000000000000000000e+00 1.023774001684748081e+00
1.000000000000000000e+00 5.000000000000000000e+00 1.037877601168016417e+00
1.000000000000000000e+00 6.000000000000000000e+00 1.064408467786282841e+00
1.000000000000000000e+00 7.000000000000000000e+00 1.478807925323768702e+00
1.000000000000000000e+00 8.000000000000000000e+00 1.540824433740841881e+00
2.000000000000000000e+00 3.000000000000000000e+00 5.013982445130756860e-01
2.000000000000000000e+00 4.000000000000000000e+00 9.957905433201876821e-01
2.000000000000000000e+00 5.000000000000000000e+00 1.009910529845168492e+00
2.000000000000000000e+00 6.000000000000000000e+00 1.036340622513197474e+00
2.000000000000000000e+00 7.000000000000000000e+00 1.449911282186343575e+00
2.000000000000000000e+00 8.000000000000000000e+00 1.511988591529504378e+00
3.000000000000000000e+00 4.000000000000000000e+00 9.678121324587014573e-01
3.000000000000000000e+00 5.000000000000000000e+00 9.819357746495407380e-01
3.000000000000000000e+00 6.000000000000000000e+00 1.008365352368854939e+00
3.000000000000000000e+00 7.000000000000000000e+00 1.421923408278680467e+00
3.000000000000000000e+00 8.000000000000000000e+00 1.484001429566356167e+00
4.000000000000000000e+00 5.000000000000000000e+00 2.524997402477360264e-01
4.000000000000000000e+00 6.000000000000000000e+00 3.272094861300431923e-01
4.000000000000000000e+00 7.000000000000000000e+00 8.523516872091485563e-01
4.000000000000000000e+00 8.000000000000000000e+00 9.080197522131008281e-01
5.000000000000000000e+00 6.000000000000000000e+00 2.904189156350953649e-01
5.000000000000000000e+00 7.000000000000000000e+00 8.508321988645015654e-01
5.000000000000000000e+00 8.000000000000000000e+00 9.053378896197952219e-01
6.000000000000000000e+00 7.000000000000000000e+00 8.410333385497688052e-01
6.000000000000000000e+00 8.000000000000000000e+00 8.935282601617002829e-01
7.000000000000000000e+00 8.000000000000000000e+00 7.239271460300067407e-01
