1.000000000000000000e+00 2.000000000000000000e+00 4.644976280019054160e-01
1.000000000000000000e+00 3.000000000000000000e+00 2.391691511440152962e-01
1.000000000000000000e+00 4.000000000000000000e+00 5.805797596248808423e-01
1.000000000000000000e+00 5.000000000000000000e+00 5.786187732516738791e-01
1.000000000000000000e+00 6.000000000000000000e+00 5.630552023663047967e-01
1.000000000000000000e+00 7.000000000000000000e+00 3.084403153281736198e-01
1.000000000000000000e+00 8.000000000000000000e+00 4.320911469427329288e-01
1.000000000000000000e+00 9.000000000000000000e+00 5.289313958911842084e-01
2.000000000000000000e+00 3.000000000000000000e+00 2.587585808939673049e-01
2.000000000000000000e+00 4.000000000000000000e+00 6.034017258017881913e-01
2.000000000000000000e+00 5.000000000000000000e+00 6.016345140083472209e-01
2.000000000000000000e+00 6.000000000000000000e+00 5.860720075406532503e-01
2.000000000000000000e+00 7.000000000000000000e+00 3.292479405090604772e-01
2.000000000000000000e+00 8.000000000000000000e+00 4.529227887766453242e-01
2.000000000000000000e+00 9.000000000000000000e+00 5.517774066508508435e-01
3.000000000000000000e+00 4.000000000000000000e+00 3.517601268011222304e-01
3.000000000000000000e+00 5.000000000000000000e+00 3.500698335762366664e-01
3.000000000000000000e+00 6.000000000000000000e+00 3.345077687462068017e-01
3.000000000000000000e+00 7.000000000000000000e+00 7.680749021697119705e-02
3.000000000000000000e+00 8.000000000000000000e+00 2.004918514231715521e-01
3.000000000000000000e+00 9.000000000000000000e+00 3.001453290956287434e-01
4.000000000000000000e+00 5.000000000000000000e+00 4.909845208003931205e-01
4.000000000000000000e+00 6.000000000000000000e+00 5.698176404237830228e-01
4.000000000000000000e+00 7.000000000000000000e+00 3.811336891903590596e-01
4.000000000000000000e+00 8.000000000000000000e+00 5.042423110843077261e-01
4.000000000000000000e+00 9.000000000000000000e+00 5.049650100194812419e-01
5.000000000000000000e+00 6.000000000000000000e+00 5.343096568704984728e-01
5.000000000000000000e+00 7.000000000000000000e+00 3.793237003644369665e-01
5.000000000000000000e+00 8.000000000000000000e+00 5.023773789180223659e-01
5.000000000000000000e+00 9.000000000000000000e+00 5.378150219947094302e-01
6.000000000000000000e+00 7.000000000000000000e+00 3.607298321412524267e-01
6.000000000000000000e+00 8.000000000000000000e+00 4.836672857841978757e-01
6.000000000000000000e+00 9.000000000000000000e+00 5.451007641498816225e-01
7.000000000000000000e+00 8.000000000000000000e+00 1.360169602900597741e-01
7.000000000000000000e+00 9.000000000000000000e+00 3.326455229550510095e-01
8.000000000000000000e+00 9.000000000000000000e+00 4.558520134104885324e-01
