1.000000000000000000e+00 2.000000000000000000e+00 5.531341567437018103e-01
1.000000000000000000e+00 3.000000000000000000e+00 6.115927934333413862e-01
1.000000000000000000e+00 4.000000000000000000e+00 1.093722002459820875e+00
1.000000000000000000e+00 5.000000000000000000e+00 1.112984234452120802e+00
1.000000000000000000e+00 6.000000000000000000e+00 1.141488950322427254e+00
1.000000000000000000e+00 7.000000000000000000e+00 1.352487715331512907e+00
1.000000000000000000e+00 8.000000000000000000e+00 1.409696780353613343e+00
1.000000000000000000e+00 9.000000000000000000e+00 1.068865922405380253e+00
2.000000000000000000e+00 3.000000000000000000e+00 5.013820538648718905e-01
2.000000000000000000e+00 4.000000000000000000e+00 1.071448902637084810e+00
2.000000000000000000e+00 5.000000000000000000e+00 1.090731639761147065e+00
2.000000000000000000e+00 6.000000000000000000e+00 1.119109032421197636e+00
2.000000000000000000e+00 7.000000000000000000e+00 1.329251548873653599e+00
2.000000000000000000e+00 8.000000000000000000e+00 1.386524655467396228e+00
2.000000000000000000e+00 9.000000000000000000e+00 1.046720913309227008e+00
3.000000000000000000e+00 4.000000000000000000e+00 1.042536577977060119e+00
3.000000000000000000e+00 5.000000000000000000e+00 1.061826066504042654e+00
3.000000000000000000e+00 6.000000000000000000e+00 1.090203150980257885e+00
3.000000000000000000e+00 7.000000000000000000e+00 1.300338984587480207e+00
3.000000000000000000e+00 8.000000000000000000e+00 1.357610965323467367e+00
3.000000000000000000e+00 9.000000000000000000e+00 1.017805483443320114e+00
4.000000000000000000e+00 5.000000000000000000e+00 4.996583053067737978e-01
4.000000000000000000e+00 6.000000000000000000e+00 6.237660253716650338e-01
4.000000000000000000e+00 7.000000000000000000e+00 9.803869291439870626e-01
4.000000000000000000e+00 8.000000000000000000e+00 1.031312896400573775e+00
4.000000000000000000e+00 9.000000000000000000e+00 5.463594430182898698e-01
5.000000000000000000e+00 6.000000000000000000e+00 5.651819327849254559e-01
5.000000000000000000e+00 7.000000000000000000e+00 9.848768229393527474e-01
5.000000000000000000e+00 8.000000000000000000e+00 1.034447226696004973e+00
5.000000000000000000e+00 9.000000000000000000e+00 6.098428433115605785e-01
6.000000000000000000e+00 7.000000000000000000e+00 9.775066363001425618e-01
6.000000000000000000e+00 8.000000000000000000e+00 1.024799021278635758e+00
6.000000000000000000e+00 9.000000000000000000e+00 6.823210503878438526e-01
7.000000000000000000e+00 8.000000000000000000e+00 7.280695151735174786e-01
7.000000000000000000e+00 9.000000000000000000e+00 9.894925923961932490e-01
8.000000000000000000e+00 9.000000000000000000e+00 1.041823207175790245e+00
