1.000000000000000000e+00 2.000000000000000000e+00 2.777826439422509952e-01
1.000000000000000000e+00 3.000000000000000000e+00 3.091176624704036202e-01
1.000000000000000000e+00 4.000000000000000000e+00 6.734203027999390301e-01
1.000000000000000000e+00 5.000000000000000000e+00 6.816471451653868252e-01
1.000000000000000000e+00 6.000000000000000000e+00 6.992254905938199983e-01
1.000000000000000000e+00 7.000000000000000000e+00 8.757947231482740014e-01
1.000000000000000000e+00 8.000000000000000000e+00 9.177499772279814616e-01
2.000000000000000000e+00 3.000000000000000000e+00 2.511509510385455668e-01
2.000000000000000000e+00 4.000000000000000000e+00 6.559170783714527442e-01
2.000000000000000000e+00 5.000000000000000000e+00 6.641612067933252428e-01
2.000000000000000000e+00 6.000000000000000000e+00 6.816117675367379114e-01
2.000000000000000000e+00 7.000000000000000000e+00 8.571596424450570462e-01
2.000000000000000000e+00 8.000000000000000000e+00 8.991968350134985632e-01
3.000000000000000000e+00 4.000000000000000000e+00 6.428291380367574526e-01
3.000000000000000000e+00 5.000000000000000000e+00 6.510765453194479191e-01
3.000000000000000000e+00 6.000000000000000000e+00 6.685144855897200422e-01
3.000000000000000000e+00 7.000000000000000000e+00 8.439575833337064070e-01
3.000000000000000000e+00 8.000000000000000000e+00 8.860031134239368944e-01
4.000000000000000000e+00 5.000000000000000000e+00 2.508117632561094323e-01
4.000000000000000000e+00 6.000000000000000000e+00 3.165357793336629477e-01
4.000000000000000000e+00 7.000000000000000000e+00 5.881886773282697378e-01
4.000000000000000000e+00 8.000000000000000000e+00 6.236151938654602711e-01
5.000000000000000000e+00 6.000000000000000000e+00 2.844162659996006814e-01
5.000000000000000000e+00 7.000000000000000000e+00 5.852999626537517264e-01
5.000000000000000000e+00 8.000000000000000000e+00 6.197351849175570804e-01
6.000000000000000000e+00 7.000000000000000000e+00 5.747882496021207155e-01
6.000000000000000000e+00 8.000000000000000000e+00 6.075133821379535837e-01
7.000000000000000000e+00 8.000000000000000000e+00 3.705907388311139306e-01
