1.000000000000000000e+00 2.000000000000000000e+00 5.514947719422922390e-01
1.000000000000000000e+00 3.000000000000000000e+00 6.096826332483806787e-01
1.000000000000000000e+00 4.000000000000000000e+00 6.898192290133129401e-01
1.000000000000000000e+00 5.000000000000000000e+00 6.903429914352753327e-01
1.000000000000000000e+00 6.000000000000000000e+00 6.914127114395564044e-01
1.000000000000000000e+00 7.000000000000000000e+00 1.155931978538715876e+00
1.000000000000000000e+00 8.000000000000000000e+00 1.182796279772065473e+00
2.000000000000000000e+00 3.000000000000000000e+00 5.012183056559120775e-01
2.000000000000000000e+00 4.000000000000000000e+00 6.749622589278827522e-01
2.000000000000000000e+00 5.000000000000000000e+00 6.754865351854216771e-01
2.000000000000000000e+00 6.000000000000000000e+00 6.765518801418201056e-01
2.000000000000000000e+00 7.000000000000000000e+00 1.140490312489323754e+00
2.000000000000000000e+00 8.000000000000000000e+00 1.167388955664670158e+00
3.000000000000000000e+00 4.000000000000000000e+00 6.505538839306763688e-01
3.000000000000000000e+00 5.000000000000000000e+00 6.510782885050138136e-01
3.000000000000000000e+00 6.000000000000000000e+00 6.521433258884802298e-01
3.000000000000000000e+00 7.000000000000000000e+00 1.116047341560817641e+00
3.000000000000000000e+00 8.000000000000000000e+00 1.142947555392981096e+00
4.000000000000000000e+00 5.000000000000000000e+00 5.216002495456284471e-03
4.000000000000000000e+00 6.000000000000000000e+00 7.654139061267661859e-03
4.000000000000000000e+00 7.000000000000000000e+00 5.443117736586260413e-01
4.000000000000000000e+00 8.000000000000000000e+00 5.679808129082457580e-01
5.000000000000000000e+00 6.000000000000000000e+00 6.380425532315991966e-03
5.000000000000000000e+00 7.000000000000000000e+00 5.444267564596139142e-01
5.000000000000000000e+00 8.000000000000000000e+00 5.680553948369524431e-01
6.000000000000000000e+00 7.000000000000000000e+00 5.445935102163865782e-01
6.000000000000000000e+00 8.000000000000000000e+00 5.681483246792884412e-01
7.000000000000000000e+00 8.000000000000000000e+00 6.946405942723934412e-01
