1.000000000000000000e+00 2.000000000000000000e+00 5.533737887306728886e-01
1.000000000000000000e+00 3.000000000000000000e+00 6.129068242690349777e-01
1.000000000000000000e+00 4.000000000000000000e+00 1.214275069486477676e+00
1.000000000000000000e+00 5.000000000000000000e+00 1.233223352385450333e+00
1.000000000000000000e+00 6.000000000000000000e+00 1.267883188291249796e+00
1.000000000000000000e+00 7.000000000000000000e+00 1.554902072303330440e+00
1.000000000000000000e+00 8.000000000000000000e+00 1.627371552251453135e+00
2.000000000000000000e+00 3.000000000000000000e+00 5.015148662843587068e-01
2.000000000000000000e+00 4.000000000000000000e+00 1.183529366961582063e+00
2.000000000000000000e+00 5.000000000000000000e+00 1.202505020346285480e+00
2.000000000000000000e+00 6.000000000000000000e+00 1.237010937059284776e+00
2.000000000000000000e+00 7.000000000000000000e+00 1.523023004797052549e+00
2.000000000000000000e+00 8.000000000000000000e+00 1.595567818939816807e+00
3.000000000000000000e+00 4.000000000000000000e+00 1.154545560260630488e+00
3.000000000000000000e+00 5.000000000000000000e+00 1.173526665374793332e+00
3.000000000000000000e+00 6.000000000000000000e+00 1.208030856165908551e+00
3.000000000000000000e+00 7.000000000000000000e+00 1.494020742289350556e+00
3.000000000000000000e+00 8.000000000000000000e+00 1.566567044229000061e+00
4.000000000000000000e+00 5.000000000000000000e+00 5.000612113915305912e-01
4.000000000000000000e+00 6.000000000000000000e+00 6.264776734414703174e-01
4.000000000000000000e+00 7.000000000000000000e+00 1.053037166236279409e+00
4.000000000000000000e+00 8.000000000000000000e+00 1.117740822640953091e+00
5.000000000000000000e+00 6.000000000000000000e+00 5.662629588936225478e-01
5.000000000000000000e+00 7.000000000000000000e+00 1.050383675061146826e+00
5.000000000000000000e+00 8.000000000000000000e+00 1.113385594908983034e+00
6.000000000000000000e+00 7.000000000000000000e+00 1.032848716309116677e+00
6.000000000000000000e+00 8.000000000000000000e+00 1.093008901952941869e+00
7.000000000000000000e+00 8.000000000000000000e+00 7.325278222625866142e-01
