1.000000000000000000e+00 2.000000000000000000e+00 2.711252916042559580e+00
1.000000000000000000e+00 3.000000000000000000e+00 3.534830954478004994e+00
1.000000000000000000e+00 4.000000000000000000e+00 2.330363464212351410e+00
1.000000000000000000e+00 5.000000000000000000e+00 2.362086854448433026e+00
1.000000000000000000e+00 6.000000000000000000e+00 2.398418443275583734e+00
1.000000000000000000e+00 7.000000000000000000e+00 5.728757853683971391e+00
1.000000000000000000e+00 8.000000000000000000e+00 6.112561369173668879e+00
1.000000000000000000e+00 9.000000000000000000e+00 2.318058515448043089e+00
2.000000000000000000e+00 3.000000000000000000e+00 4.645259243141991234e+00
2.000000000000000000e+00 4.000000000000000000e+00 3.944642209694198876e+00
2.000000000000000000e+00 5.000000000000000000e+00 3.976421819366473986e+00
2.000000000000000000e+00 6.000000000000000000e+00 4.012636479944927892e+00
2.000000000000000000e+00 7.000000000000000000e+00 7.339882068741371057e+00
2.000000000000000000e+00 8.000000000000000000e+00 7.724313212762741188e+00
2.000000000000000000e+00 9.000000000000000000e+00 3.932398482123962147e+00
3.000000000000000000e+00 4.000000000000000000e+00 4.336189918654523190e+00
3.000000000000000000e+00 5.000000000000000000e+00 4.368099905165227170e+00
3.000000000000000000e+00 6.000000000000000000e+00 4.404759603288300518e+00
3.000000000000000000e+00 7.000000000000000000e+00 7.738881237171876037e+00
3.000000000000000000e+00 8.000000000000000000e+00 8.121944239684925293e+00
3.000000000000000000e+00 9.000000000000000000e+00 4.323418606494249694e+00
4.000000000000000000e+00 5.000000000000000000e+00 5.094193624144423005e-01
4.000000000000000000e+00 6.000000000000000000e+00 6.675426593568412059e-01
4.000000000000000000e+00 7.000000000000000000e+00 4.350843529121339870e+00
4.000000000000000000e+00 8.000000000000000000e+00 4.701006030009420300e+00
4.000000000000000000e+00 9.000000000000000000e+00 5.917692375223140289e-01
5.000000000000000000e+00 6.000000000000000000e+00 5.886301782664351556e-01
5.000000000000000000e+00 7.000000000000000000e+00 4.353839791543498094e+00
5.000000000000000000e+00 8.000000000000000000e+00 4.699355327949239935e+00
5.000000000000000000e+00 9.000000000000000000e+00 6.932651002272542939e-01
6.000000000000000000e+00 7.000000000000000000e+00 4.331478497118110838e+00
6.000000000000000000e+00 8.000000000000000000e+00 4.669299278273065568e+00
6.000000000000000000e+00 9.000000000000000000e+00 8.076263396898584190e-01
7.000000000000000000e+00 8.000000000000000000e+00 6.453171896942336616e+00
7.000000000000000000e+00 9.000000000000000000e+00 4.401849219698985571e+00
8.000000000000000000e+00 9.000000000000000000e+00 4.758240871168614383e+00
