1.000000000000000000e+00 2.000000000000000000e+00 5.533713420935856275e-01
1.000000000000000000e+00 3.000000000000000000e+00 6.129040392383291458e-01
1.000000000000000000e+00 4.000000000000000000e+00 1.198026974108613807e+00
1.000000000000000000e+00 5.000000000000000000e+00 1.211312659383452006e+00
1.000000000000000000e+00 6.000000000000000000e+00 1.234788320717634669e+00
1.000000000000000000e+00 7.000000000000000000e+00 1.518884130163101531e+00
1.000000000000000000e+00 8.000000000000000000e+00 1.587151007084802723e+00
2.000000000000000000e+00 3.000000000000000000e+00 5.015148850392230351e-01
2.000000000000000000e+00 4.000000000000000000e+00 1.167655034361104072e+00
2.000000000000000000e+00 5.000000000000000000e+00 1.181023695156626863e+00
2.000000000000000000e+00 6.000000000000000000e+00 1.204453005866881643e+00
2.000000000000000000e+00 7.000000000000000000e+00 1.487546661222179711e+00
2.000000000000000000e+00 8.000000000000000000e+00 1.555912475691378694e+00
3.000000000000000000e+00 4.000000000000000000e+00 1.138696745583291481e+00
3.000000000000000000e+00 5.000000000000000000e+00 1.152074489016359005e+00
3.000000000000000000e+00 6.000000000000000000e+00 1.175507774682439610e+00
3.000000000000000000e+00 7.000000000000000000e+00 1.458577065555416219e+00
3.000000000000000000e+00 8.000000000000000000e+00 1.526945633375176525e+00
4.000000000000000000e+00 5.000000000000000000e+00 4.995427189797323475e-01
4.000000000000000000e+00 6.000000000000000000e+00 6.218307549457833261e-01
4.000000000000000000e+00 7.000000000000000000e+00 1.037965442250289527e+00
4.000000000000000000e+00 8.000000000000000000e+00 1.099708123342143962e+00
5.000000000000000000e+00 6.000000000000000000e+00 5.636973434451655329e-01
5.000000000000000000e+00 7.000000000000000000e+00 1.035546279167114836e+00
5.000000000000000000e+00 8.000000000000000000e+00 1.095772826956228796e+00
6.000000000000000000e+00 7.000000000000000000e+00 1.022953576879936932e+00
6.000000000000000000e+00 8.000000000000000000e+00 1.081175011252269558e+00
7.000000000000000000e+00 8.000000000000000000e+00 7.323033507288669863e-01
