1.000000000000000000e+00 2.000000000000000000e+00 5.532440127748334824e-01
1.000000000000000000e+00 3.000000000000000000e+00 6.130374014724010445e-01
1.000000000000000000e+00 4.000000000000000000e+00 1.866868300064381536e+00
1.000000000000000000e+00 5.000000000000000000e+00 1.891284164841872117e+00
1.000000000000000000e+00 6.000000000000000000e+00 1.929688253734993530e+00
1.000000000000000000e+00 7.000000000000000000e+00 1.666664181133589162e+00
1.000000000000000000e+00 8.000000000000000000e+00 1.753427330272446127e+00
2.000000000000000000e+00 3.000000000000000000e+00 5.014958085987527570e-01
2.000000000000000000e+00 4.000000000000000000e+00 1.833363152121359363e+00
2.000000000000000000e+00 5.000000000000000000e+00 1.857808252018865014e+00
2.000000000000000000e+00 6.000000000000000000e+00 1.895919673280905382e+00
2.000000000000000000e+00 7.000000000000000000e+00 1.631445006153065203e+00
2.000000000000000000e+00 8.000000000000000000e+00 1.718321435831240862e+00
3.000000000000000000e+00 4.000000000000000000e+00 1.804196073604412920e+00
3.000000000000000000e+00 5.000000000000000000e+00 1.828649347426815064e+00
3.000000000000000000e+00 6.000000000000000000e+00 1.866754669628130969e+00
3.000000000000000000e+00 7.000000000000000000e+00 1.602238574432679696e+00
3.000000000000000000e+00 8.000000000000000000e+00 1.689118043058390750e+00
4.000000000000000000e+00 5.000000000000000000e+00 1.479749794710943034e+00
4.000000000000000000e+00 6.000000000000000000e+00 1.775321193024102406e+00
4.000000000000000000e+00 7.000000000000000000e+00 1.736584566056689871e+00
4.000000000000000000e+00 8.000000000000000000e+00 1.811855051504372316e+00
5.000000000000000000e+00 6.000000000000000000e+00 1.645635042900993383e+00
5.000000000000000000e+00 7.000000000000000000e+00 1.730428278292127198e+00
5.000000000000000000e+00 8.000000000000000000e+00 1.803009810039004179e+00
6.000000000000000000e+00 7.000000000000000000e+00 1.689695412457725920e+00
6.000000000000000000e+00 8.000000000000000000e+00 1.757974689723076356e+00
7.000000000000000000e+00 8.000000000000000000e+00 7.452457230802753685e-01
