1.000000000000000000e+00 2.000000000000000000e+00 5.529144606886857716e-01
1.000000000000000000e+00 3.000000000000000000e+00 6.123969890662460669e-01
1.000000000000000000e+00 4.000000000000000000e+00 1.214269003662528768e+00
1.000000000000000000e+00 5.000000000000000000e+00 1.233771880193668569e+00
1.000000000000000000e+00 6.000000000000000000e+00 1.269370141974465849e+00
1.000000000000000000e+00 7.000000000000000000e+00 1.553816983257475970e+00
1.000000000000000000e+00 8.000000000000000000e+00 1.626052060074781425e+00
2.000000000000000000e+00 3.000000000000000000e+00 5.014391428151184771e-01
2.000000000000000000e+00 4.000000000000000000e+00 1.183724674782495434e+00
2.000000000000000000e+00 5.000000000000000000e+00 1.203248478752990902e+00
2.000000000000000000e+00 6.000000000000000000e+00 1.238685452376264262e+00
2.000000000000000000e+00 7.000000000000000000e+00 1.522134758718611147e+00
2.000000000000000000e+00 8.000000000000000000e+00 1.594443622515791192e+00
3.000000000000000000e+00 4.000000000000000000e+00 1.155148845972075566e+00
3.000000000000000000e+00 5.000000000000000000e+00 1.174677717838014779e+00
3.000000000000000000e+00 6.000000000000000000e+00 1.210113380256382598e+00
3.000000000000000000e+00 7.000000000000000000e+00 1.493546354602917292e+00
3.000000000000000000e+00 8.000000000000000000e+00 1.565856209566735435e+00
4.000000000000000000e+00 5.000000000000000000e+00 5.001177786646049395e-01
4.000000000000000000e+00 6.000000000000000000e+00 6.269015231297487833e-01
4.000000000000000000e+00 7.000000000000000000e+00 1.052529444837402961e+00
4.000000000000000000e+00 8.000000000000000000e+00 1.116817743641365324e+00
5.000000000000000000e+00 6.000000000000000000e+00 5.664542135710273207e-01
5.000000000000000000e+00 7.000000000000000000e+00 1.049856553602449560e+00
5.000000000000000000e+00 8.000000000000000000e+00 1.112417374189487829e+00
6.000000000000000000e+00 7.000000000000000000e+00 1.032310162930017094e+00
6.000000000000000000e+00 8.000000000000000000e+00 1.091970463725927099e+00
7.000000000000000000e+00 8.000000000000000000e+00 7.319269654807218917e-01
