1.000000000000000000e+00 2.000000000000000000e+00 1.690122187868854930e-01
1.000000000000000000e+00 3.000000000000000000e+00 1.722479784864202890e-01
1.000000000000000000e+00 4.000000000000000000e+00 6.217487670669122890e-01
1.000000000000000000e+00 5.000000000000000000e+00 6.298069721650699782e-01
1.000000000000000000e+00 6.000000000000000000e+00 6.439780659636018534e-01
1.000000000000000000e+00 7.000000000000000000e+00 4.671877336421643157e-01
1.000000000000000000e+00 8.000000000000000000e+00 4.852643471219497129e-01
2.000000000000000000e+00 3.000000000000000000e+00 5.386672759861479975e-02
2.000000000000000000e+00 4.000000000000000000e+00 5.113018457462495947e-01
2.000000000000000000e+00 5.000000000000000000e+00 5.193821625275613085e-01
2.000000000000000000e+00 6.000000000000000000e+00 5.334605410351580534e-01
2.000000000000000000e+00 7.000000000000000000e+00 3.559341103593692268e-01
2.000000000000000000e+00 8.000000000000000000e+00 3.740330948356272445e-01
3.000000000000000000e+00 4.000000000000000000e+00 5.004975956669407422e-01
3.000000000000000000e+00 5.000000000000000000e+00 5.085837329819110630e-01
3.000000000000000000e+00 6.000000000000000000e+00 5.226385501432715408e-01
3.000000000000000000e+00 7.000000000000000000e+00 3.449254175579194448e-01
3.000000000000000000e+00 8.000000000000000000e+00 3.630300458337924474e-01
4.000000000000000000e+00 5.000000000000000000e+00 4.907443864088966157e-01
4.000000000000000000e+00 6.000000000000000000e+00 5.857341766894967883e-01
4.000000000000000000e+00 7.000000000000000000e+00 5.095826240824878894e-01
4.000000000000000000e+00 8.000000000000000000e+00 5.249316790008387024e-01
5.000000000000000000e+00 6.000000000000000000e+00 5.459137665779343340e-01
5.000000000000000000e+00 7.000000000000000000e+00 5.129439571829288447e-01
5.000000000000000000e+00 8.000000000000000000e+00 5.279986323650358582e-01
6.000000000000000000e+00 7.000000000000000000e+00 5.102208483389947258e-01
6.000000000000000000e+00 8.000000000000000000e+00 5.246714522962290239e-01
7.000000000000000000e+00 8.000000000000000000e+00 8.614765673551733061e-02
