1.000000000000000000e+00 2.000000000000000000e+00 1.114398519341549404e-01
1.000000000000000000e+00 3.000000000000000000e+00 1.117154745188216614e-01
1.000000000000000000e+00 4.000000000000000000e+00 4.647122582745893959e-01
1.000000000000000000e+00 5.000000000000000000e+00 4.697205577687486033e-01
1.000000000000000000e+00 6.000000000000000000e+00 4.735756412532696746e-01
1.000000000000000000e+00 7.000000000000000000e+00 1.705288369384257152e-01
1.000000000000000000e+00 8.000000000000000000e+00 1.738717195089974632e-01
2.000000000000000000e+00 3.000000000000000000e+00 5.486706652950409935e-03
2.000000000000000000e+00 4.000000000000000000e+00 3.592672768898228508e-01
2.000000000000000000e+00 5.000000000000000000e+00 3.642893015346883590e-01
2.000000000000000000e+00 6.000000000000000000e+00 3.681303377888281991e-01
2.000000000000000000e+00 7.000000000000000000e+00 6.486111274038172669e-02
2.000000000000000000e+00 8.000000000000000000e+00 6.820537232146481332e-02
3.000000000000000000e+00 4.000000000000000000e+00 3.578955378045654001e-01
3.000000000000000000e+00 5.000000000000000000e+00 3.629219985654618674e-01
3.000000000000000000e+00 6.000000000000000000e+00 3.667584243408315015e-01
3.000000000000000000e+00 7.000000000000000000e+00 6.341424254104877090e-02
3.000000000000000000e+00 8.000000000000000000e+00 6.675899302694815463e-02
4.000000000000000000e+00 5.000000000000000000e+00 4.871803043707890191e-01
4.000000000000000000e+00 6.000000000000000000e+00 5.692651323442530220e-01
4.000000000000000000e+00 7.000000000000000000e+00 3.693910901381280976e-01
4.000000000000000000e+00 8.000000000000000000e+00 3.719442153599669121e-01
5.000000000000000000e+00 6.000000000000000000e+00 5.386159851645300201e-01
5.000000000000000000e+00 7.000000000000000000e+00 3.752345707820980980e-01
5.000000000000000000e+00 8.000000000000000000e+00 3.778033935792569631e-01
6.000000000000000000e+00 7.000000000000000000e+00 3.771745558126128328e-01
6.000000000000000000e+00 8.000000000000000000e+00 3.796838894415895949e-01
7.000000000000000000e+00 8.000000000000000000e+00 9.369098748988058389e-03
