1.000000000000000000e+00 2.000000000000000000e+00 4.831090068394735537e-01
1.000000000000000000e+00 3.000000000000000000e+00 2.974084117086582824e-01
1.000000000000000000e+00 4.000000000000000000e+00 7.149333884680488804e-01
1.000000000000000000e+00 5.000000000000000000e+00 7.197855390963829869e-01
1.000000000000000000e+00 6.000000000000000000e+00 7.241654351037203341e-01
1.000000000000000000e+00 7.000000000000000000e+00 6.012451121862141257e-01
1.000000000000000000e+00 8.000000000000000000e+00 7.224977650785127103e-01
2.000000000000000000e+00 3.000000000000000000e+00 2.873337761490749598e-01
2.000000000000000000e+00 4.000000000000000000e+00 7.219150775258771358e-01
2.000000000000000000e+00 5.000000000000000000e+00 7.268898436722390777e-01
2.000000000000000000e+00 6.000000000000000000e+00 7.310265293233320083e-01
2.000000000000000000e+00 7.000000000000000000e+00 6.065267505003744120e-01
2.000000000000000000e+00 8.000000000000000000e+00 7.278439749651359758e-01
3.000000000000000000e+00 4.000000000000000000e+00 4.949842447802670353e-01
3.000000000000000000e+00 5.000000000000000000e+00 5.000001084119898298e-01
3.000000000000000000e+00 6.000000000000000000e+00 5.040562337947407379e-01
3.000000000000000000e+00 7.000000000000000000e+00 3.790328220320445807e-01
3.000000000000000000e+00 8.000000000000000000e+00 5.003714419739129227e-01
4.000000000000000000e+00 5.000000000000000000e+00 4.933413694197086308e-01
4.000000000000000000e+00 6.000000000000000000e+00 5.873774635731394689e-01
4.000000000000000000e+00 7.000000000000000000e+00 5.399198853294422396e-01
4.000000000000000000e+00 8.000000000000000000e+00 6.587590208717211127e-01
5.000000000000000000e+00 6.000000000000000000e+00 5.452636810358253427e-01
5.000000000000000000e+00 7.000000000000000000e+00 5.380144546732230637e-01
5.000000000000000000e+00 8.000000000000000000e+00 6.563677109339725035e-01
6.000000000000000000e+00 7.000000000000000000e+00 5.159283927569187078e-01
6.000000000000000000e+00 8.000000000000000000e+00 6.333150224063417433e-01
7.000000000000000000e+00 8.000000000000000000e+00 2.365803268364201628e-01
