1.000000000000000000e+00 2.000000000000000000e+00 9.112041207117760777e+00
1.000000000000000000e+00 3.000000000000000000e+00 1.045364894978248671e+01
1.000000000000000000e+00 4.000000000000000000e+00 1.099005790918604042e+01
1.000000000000000000e+00 5.000000000000000000e+00 1.128877321440677939e+01
1.000000000000000000e+00 6.000000000000000000e+00 1.158367517541199199e+01
1.000000000000000000e+00 7.000000000000000000e+00 1.573521279681550311e+01
1.000000000000000000e+00 8.000000000000000000e+00 1.646349291391662817e+01
1.000000000000000000e+00 9.000000000000000000e+00 1.050426831583886944e+01
2.000000000000000000e+00 3.000000000000000000e+00 1.022956963897567917e+01
2.000000000000000000e+00 4.000000000000000000e+00 1.241616542085768593e+01
2.000000000000000000e+00 5.000000000000000000e+00 1.271490565629545166e+01
2.000000000000000000e+00 6.000000000000000000e+00 1.300945257303215463e+01
2.000000000000000000e+00 7.000000000000000000e+00 1.715878582177845146e+01
2.000000000000000000e+00 8.000000000000000000e+00 1.788724579588690133e+01
2.000000000000000000e+00 9.000000000000000000e+00 1.193058278608804734e+01
3.000000000000000000e+00 4.000000000000000000e+00 1.219746380942210529e+01
3.000000000000000000e+00 5.000000000000000000e+00 1.249627432526869519e+01
3.000000000000000000e+00 6.000000000000000000e+00 1.279100140859698875e+01
3.000000000000000000e+00 7.000000000000000000e+00 1.694134252192872481e+01
3.000000000000000000e+00 8.000000000000000000e+00 1.766968939444222642e+01
3.000000000000000000e+00 9.000000000000000000e+00 1.171167754614122636e+01
4.000000000000000000e+00 5.000000000000000000e+00 5.507627121600309650e+00
4.000000000000000000e+00 6.000000000000000000e+00 6.884866721075683316e+00
4.000000000000000000e+00 7.000000000000000000e+00 1.277301729840313982e+01
4.000000000000000000e+00 8.000000000000000000e+00 1.348381014986019366e+01
4.000000000000000000e+00 9.000000000000000000e+00 6.001852997321842409e+00
5.000000000000000000e+00 6.000000000000000000e+00 6.249819172130509415e+00
5.000000000000000000e+00 7.000000000000000000e+00 1.299545587871604369e+01
5.000000000000000000e+00 8.000000000000000000e+00 1.370053552560331056e+01
5.000000000000000000e+00 9.000000000000000000e+00 6.693245611262566896e+00
6.000000000000000000e+00 7.000000000000000000e+00 1.312523509604111638e+01
6.000000000000000000e+00 8.000000000000000000e+00 1.382027642462972139e+01
6.000000000000000000e+00 9.000000000000000000e+00 7.421230623030341533e+00
7.000000000000000000e+00 8.000000000000000000e+00 1.440501854641889778e+01
7.000000000000000000e+00 9.000000000000000000e+00 1.245549255897992502e+01
8.000000000000000000e+00 9.000000000000000000e+00 1.317306653030281716e+01
