1.000000000000000000e+00 2.000000000000000000e+00 6.608004827776953194e-01
1.000000000000000000e+00 3.000000000000000000e+00 2.758413999588422705e+00
1.000000000000000000e+00 4.000000000000000000e+00 2.012364731252604066e+00
1.000000000000000000e+00 5.000000000000000000e+00 2.055962953841474317e+00
1.000000000000000000e+00 6.000000000000000000e+00 2.135104356177766949e+00
1.000000000000000000e+00 7.000000000000000000e+00 4.019339420559457920e+00
1.000000000000000000e+00 8.000000000000000000e+00 3.052084458452528626e+00
1.000000000000000000e+00 9.000000000000000000e+00 2.024831001474823200e+00
2.000000000000000000e+00 3.000000000000000000e+00 2.521531559262010447e+00
2.000000000000000000e+00 4.000000000000000000e+00 1.985644886471384485e+00
2.000000000000000000e+00 5.000000000000000000e+00 2.029190256188976527e+00
2.000000000000000000e+00 6.000000000000000000e+00 2.108165255274252470e+00
2.000000000000000000e+00 7.000000000000000000e+00 3.987613519709965360e+00
2.000000000000000000e+00 8.000000000000000000e+00 3.021052202475714932e+00
2.000000000000000000e+00 9.000000000000000000e+00 1.998484775163423155e+00
3.000000000000000000e+00 4.000000000000000000e+00 3.868686874830667755e+00
3.000000000000000000e+00 5.000000000000000000e+00 3.912310658648947559e+00
3.000000000000000000e+00 6.000000000000000000e+00 3.991458633657696264e+00
3.000000000000000000e+00 7.000000000000000000e+00 5.875173747301177585e+00
3.000000000000000000e+00 8.000000000000000000e+00 4.907980148975676471e+00
3.000000000000000000e+00 9.000000000000000000e+00 3.881168996816554806e+00
4.000000000000000000e+00 5.000000000000000000e+00 5.128674767550145397e-01
4.000000000000000000e+00 6.000000000000000000e+00 6.850606614310477127e-01
4.000000000000000000e+00 7.000000000000000000e+00 2.981365191432555406e+00
4.000000000000000000e+00 8.000000000000000000e+00 1.988486665985431667e+00
4.000000000000000000e+00 9.000000000000000000e+00 5.930927557341498790e-01
5.000000000000000000e+00 6.000000000000000000e+00 5.998985265861862537e-01
5.000000000000000000e+00 7.000000000000000000e+00 3.007460740387085885e+00
5.000000000000000000e+00 8.000000000000000000e+00 2.012295478490121692e+00
5.000000000000000000e+00 9.000000000000000000e+00 6.875340777913923063e-01
6.000000000000000000e+00 7.000000000000000000e+00 3.055229499241409741e+00
6.000000000000000000e+00 8.000000000000000000e+00 2.056327098594152414e+00
6.000000000000000000e+00 9.000000000000000000e+00 8.249732853892144391e-01
7.000000000000000000e+00 8.000000000000000000e+00 2.563831296116468206e+00
7.000000000000000000e+00 9.000000000000000000e+00 3.037290105073646718e+00
8.000000000000000000e+00 9.000000000000000000e+00 2.046959792924475163e+00
