1.000000000000000000e+00 2.000000000000000000e+00 2.930666032444783298e+00
1.000000000000000000e+00 3.000000000000000000e+00 3.834634028979026610e+00
1.000000000000000000e+00 4.000000000000000000e+00 2.211416658206561969e+00
1.000000000000000000e+00 5.000000000000000000e+00 2.246362364046641691e+00
1.000000000000000000e+00 6.000000000000000000e+00 2.280441500009574352e+00
1.000000000000000000e+00 7.000000000000000000e+00 5.799351126705286852e+00
1.000000000000000000e+00 8.000000000000000000e+00 6.188185971048593359e+00
1.000000000000000000e+00 9.000000000000000000e+00 2.197082346193989899e+00
2.000000000000000000e+00 3.000000000000000000e+00 5.098618415438002316e+00
2.000000000000000000e+00 4.000000000000000000e+00 4.029041344441449901e+00
2.000000000000000000e+00 5.000000000000000000e+00 4.064025571482748234e+00
2.000000000000000000e+00 6.000000000000000000e+00 4.098006596567437043e+00
2.000000000000000000e+00 7.000000000000000000e+00 7.614038718470145461e+00
2.000000000000000000e+00 8.000000000000000000e+00 8.003509607827561823e+00
2.000000000000000000e+00 9.000000000000000000e+00 4.014752785562401449e+00
3.000000000000000000e+00 4.000000000000000000e+00 4.470952972257689062e+00
3.000000000000000000e+00 5.000000000000000000e+00 4.506069299106318482e+00
3.000000000000000000e+00 6.000000000000000000e+00 4.540419820473509560e+00
3.000000000000000000e+00 7.000000000000000000e+00 8.063076815290227017e+00
3.000000000000000000e+00 8.000000000000000000e+00 8.450987347989194376e+00
3.000000000000000000e+00 9.000000000000000000e+00 4.456240907883020519e+00
4.000000000000000000e+00 5.000000000000000000e+00 5.143447324519669905e-01
4.000000000000000000e+00 6.000000000000000000e+00 6.728564653002613305e-01
4.000000000000000000e+00 7.000000000000000000e+00 4.587853524153245210e+00
4.000000000000000000e+00 8.000000000000000000e+00 4.944735872875050120e+00
4.000000000000000000e+00 9.000000000000000000e+00 5.971788661571344470e-01
5.000000000000000000e+00 6.000000000000000000e+00 5.942584920401308146e-01
5.000000000000000000e+00 7.000000000000000000e+00 4.602119520117871510e+00
5.000000000000000000e+00 8.000000000000000000e+00 4.955083335206520445e+00
5.000000000000000000e+00 9.000000000000000000e+00 6.986850085635802898e-01
6.000000000000000000e+00 7.000000000000000000e+00 4.594427743024017907e+00
6.000000000000000000e+00 8.000000000000000000e+00 4.940913139379086161e+00
6.000000000000000000e+00 9.000000000000000000e+00 8.108165218313025946e-01
7.000000000000000000e+00 8.000000000000000000e+00 7.060857455697840734e+00
7.000000000000000000e+00 9.000000000000000000e+00 4.617764947435705203e+00
8.000000000000000000e+00 9.000000000000000000e+00 4.980215432338046533e+00
