1.000000000000000000e+00 2.000000000000000000e+00 3.063267840883260096e+00
1.000000000000000000e+00 3.000000000000000000e+00 6.149477564258579498e+00
1.000000000000000000e+00 4.000000000000000000e+00 3.135534089812084702e+00
1.000000000000000000e+00 5.000000000000000000e+00 3.187317925875546631e+00
1.000000000000000000e+00 6.000000000000000000e+00 3.272373491738626239e+00
1.000000000000000000e+00 7.000000000000000000e+00 8.737820195859084649e+00
1.000000000000000000e+00 8.000000000000000000e+00 8.439619587690271985e+00
1.000000000000000000e+00 9.000000000000000000e+00 3.133648121918920282e+00
2.000000000000000000e+00 3.000000000000000000e+00 7.237146461513925821e+00
2.000000000000000000e+00 4.000000000000000000e+00 4.948392841705468115e+00
2.000000000000000000e+00 5.000000000000000000e+00 5.000122764604176595e+00
2.000000000000000000e+00 6.000000000000000000e+00 5.085005894945142657e+00
2.000000000000000000e+00 7.000000000000000000e+00 1.054191781069061129e+01
2.000000000000000000e+00 8.000000000000000000e+00 1.024603807424534629e+01
2.000000000000000000e+00 9.000000000000000000e+00 4.946813264313815850e+00
3.000000000000000000e+00 4.000000000000000000e+00 7.445605041002723468e+00
3.000000000000000000e+00 5.000000000000000000e+00 7.497586154297380290e+00
3.000000000000000000e+00 6.000000000000000000e+00 7.582923230963642069e+00
3.000000000000000000e+00 7.000000000000000000e+00 1.305781096594806279e+01
3.000000000000000000e+00 8.000000000000000000e+00 1.275691550424741827e+01
3.000000000000000000e+00 9.000000000000000000e+00 7.443190849578355639e+00
4.000000000000000000e+00 5.000000000000000000e+00 5.233665349306062531e-01
4.000000000000000000e+00 6.000000000000000000e+00 7.172271241034180456e-01
4.000000000000000000e+00 7.000000000000000000e+00 7.043043799732256360e+00
4.000000000000000000e+00 8.000000000000000000e+00 6.665667260570860009e+00
4.000000000000000000e+00 9.000000000000000000e+00 6.318263507483932173e-01
5.000000000000000000e+00 6.000000000000000000e+00 6.202427350618715529e-01
5.000000000000000000e+00 7.000000000000000000e+00 7.075237320307591560e+00
5.000000000000000000e+00 8.000000000000000000e+00 6.693684194922134623e+00
5.000000000000000000e+00 9.000000000000000000e+00 7.488431902199206291e-01
6.000000000000000000e+00 7.000000000000000000e+00 7.127822214430649339e+00
6.000000000000000000e+00 8.000000000000000000e+00 6.739601592134418340e+00
6.000000000000000000e+00 9.000000000000000000e+00 9.098827185701843234e-01
7.000000000000000000e+00 8.000000000000000000e+00 9.960087565227022210e+00
7.000000000000000000e+00 9.000000000000000000e+00 7.088391322212075352e+00
8.000000000000000000e+00 9.000000000000000000e+00 6.717206659333044172e+00
