1.000000000000000000e+00 2.000000000000000000e+00 6.364044322194395420e+00
1.000000000000000000e+00 3.000000000000000000e+00 9.168498076559890464e+00
1.000000000000000000e+00 4.000000000000000000e+00 1.026493503757048664e+01
1.000000000000000000e+00 5.000000000000000000e+00 1.056863789587169400e+01
1.000000000000000000e+00 6.000000000000000000e+00 1.102445644543200309e+01
1.000000000000000000e+00 7.000000000000000000e+00 1.400815552203187409e+01
1.000000000000000000e+00 8.000000000000000000e+00 1.359889134099555008e+01
1.000000000000000000e+00 9.000000000000000000e+00 9.847713086581871167e+00
2.000000000000000000e+00 3.000000000000000000e+00 7.619924749194149527e+00
2.000000000000000000e+00 4.000000000000000000e+00 1.013091080550599266e+01
2.000000000000000000e+00 5.000000000000000000e+00 1.043458907064997199e+01
2.000000000000000000e+00 6.000000000000000000e+00 1.089005985130345344e+01
2.000000000000000000e+00 7.000000000000000000e+00 1.387127347249382581e+01
2.000000000000000000e+00 8.000000000000000000e+00 1.346223161735184348e+01
2.000000000000000000e+00 9.000000000000000000e+00 9.714043270892320336e+00
3.000000000000000000e+00 4.000000000000000000e+00 1.172784172656224477e+01
3.000000000000000000e+00 5.000000000000000000e+00 1.203157056877435771e+01
3.000000000000000000e+00 6.000000000000000000e+00 1.248718505483217278e+01
3.000000000000000000e+00 7.000000000000000000e+00 1.546929346797926641e+01
3.000000000000000000e+00 8.000000000000000000e+00 1.506015670130202722e+01
3.000000000000000000e+00 9.000000000000000000e+00 1.131079207433856304e+01
4.000000000000000000e+00 5.000000000000000000e+00 5.504244972365382793e+00
4.000000000000000000e+00 6.000000000000000000e+00 6.917650955182883976e+00
4.000000000000000000e+00 7.000000000000000000e+00 1.148659678792363437e+01
4.000000000000000000e+00 8.000000000000000000e+00 1.106245429556022231e+01
4.000000000000000000e+00 9.000000000000000000e+00 6.012762693079109155e+00
5.000000000000000000e+00 6.000000000000000000e+00 6.261120211844504624e+00
5.000000000000000000e+00 7.000000000000000000e+00 1.171987300511319319e+01
5.000000000000000000e+00 8.000000000000000000e+00 1.129052417325934243e+01
5.000000000000000000e+00 9.000000000000000000e+00 6.702183442642136058e+00
6.000000000000000000e+00 7.000000000000000000e+00 1.201630566990127491e+01
6.000000000000000000e+00 8.000000000000000000e+00 1.157749920089764117e+01
6.000000000000000000e+00 9.000000000000000000e+00 7.503970894709970807e+00
7.000000000000000000e+00 8.000000000000000000e+00 1.087568932322031401e+01
7.000000000000000000e+00 9.000000000000000000e+00 1.124029176431466048e+01
8.000000000000000000e+00 9.000000000000000000e+00 1.082194632277526658e+01
