1.000000000000000000e+00 2.000000000000000000e+00 6.022859152878687006e+00
1.000000000000000000e+00 3.000000000000000000e+00 6.592847400799429103e+00
1.000000000000000000e+00 4.000000000000000000e+00 8.767324527787629052e+00
1.000000000000000000e+00 5.000000000000000000e+00 8.945139799419335347e+00
1.000000000000000000e+00 6.000000000000000000e+00 9.269109385281684155e+00
1.000000000000000000e+00 7.000000000000000000e+00 1.005612600590216488e+01
1.000000000000000000e+00 8.000000000000000000e+00 1.054611014114881407e+01
1.000000000000000000e+00 9.000000000000000000e+00 8.281376611171788582e+00
2.000000000000000000e+00 3.000000000000000000e+00 5.496103252233576875e+00
2.000000000000000000e+00 4.000000000000000000e+00 8.716109196404168813e+00
2.000000000000000000e+00 5.000000000000000000e+00 8.893934330359696716e+00
2.000000000000000000e+00 6.000000000000000000e+00 9.217691513020753291e+00
2.000000000000000000e+00 7.000000000000000000e+00 1.000367318887998280e+01
2.000000000000000000e+00 8.000000000000000000e+00 1.049370209949075949e+01
2.000000000000000000e+00 9.000000000000000000e+00 8.230314093530099129e+00
3.000000000000000000e+00 4.000000000000000000e+00 8.365498466339992945e+00
3.000000000000000000e+00 5.000000000000000000e+00 8.543342190132284131e+00
3.000000000000000000e+00 6.000000000000000000e+00 8.867147993125204408e+00
3.000000000000000000e+00 7.000000000000000000e+00 9.653340994540432263e+00
3.000000000000000000e+00 8.000000000000000000e+00 1.014335594162716880e+01
3.000000000000000000e+00 9.000000000000000000e+00 7.879651595974218381e+00
4.000000000000000000e+00 5.000000000000000000e+00 5.457836342129660068e+00
4.000000000000000000e+00 6.000000000000000000e+00 6.722692415553773060e+00
4.000000000000000000e+00 7.000000000000000000e+00 8.621650140818317709e+00
4.000000000000000000e+00 8.000000000000000000e+00 9.103587300125477455e+00
4.000000000000000000e+00 9.000000000000000000e+00 5.821716127821860098e+00
5.000000000000000000e+00 6.000000000000000000e+00 6.154991619937934644e+00
5.000000000000000000e+00 7.000000000000000000e+00 8.748850581899997536e+00
5.000000000000000000e+00 8.000000000000000000e+00 9.227419002049208174e+00
5.000000000000000000e+00 9.000000000000000000e+00 6.352786311896114313e+00
6.000000000000000000e+00 7.000000000000000000e+00 8.927594807272889454e+00
6.000000000000000000e+00 8.000000000000000000e+00 9.398913343651008390e+00
6.000000000000000000e+00 9.000000000000000000e+00 6.968688910840155515e+00
7.000000000000000000e+00 8.000000000000000000e+00 7.789244091355277178e+00
7.000000000000000000e+00 9.000000000000000000e+00 8.258355179271907431e+00
8.000000000000000000e+00 9.000000000000000000e+00 8.743763895038908274e+00
