1.000000000000000000e+00 2.000000000000000000e+00 5.580522454447766068e-01
1.000000000000000000e+00 3.000000000000000000e+00 6.242871781417536070e-01
1.000000000000000000e+00 4.000000000000000000e+00 1.467723035290085631e+00
1.000000000000000000e+00 5.000000000000000000e+00 1.480122104239099068e+00
1.000000000000000000e+00 6.000000000000000000e+00 1.516894827858243922e+00
1.000000000000000000e+00 7.000000000000000000e+00 1.914557362723732892e+00
1.000000000000000000e+00 8.000000000000000000e+00 2.021465899302770097e+00
1.000000000000000000e+00 9.000000000000000000e+00 1.449467764335424125e+00
2.000000000000000000e+00 3.000000000000000000e+00 5.031900930367245728e-01
2.000000000000000000e+00 4.000000000000000000e+00 1.432881975782714479e+00
2.000000000000000000e+00 5.000000000000000000e+00 1.445315638724335328e+00
2.000000000000000000e+00 6.000000000000000000e+00 1.481627474399795474e+00
2.000000000000000000e+00 7.000000000000000000e+00 1.873872696229781143e+00
2.000000000000000000e+00 8.000000000000000000e+00 1.981213406462592808e+00
2.000000000000000000e+00 9.000000000000000000e+00 1.415210119053263771e+00
3.000000000000000000e+00 4.000000000000000000e+00 1.411874018952591348e+00
3.000000000000000000e+00 5.000000000000000000e+00 1.424315771701987865e+00
3.000000000000000000e+00 6.000000000000000000e+00 1.460536378250745670e+00
3.000000000000000000e+00 7.000000000000000000e+00 1.851704381722790282e+00
3.000000000000000000e+00 8.000000000000000000e+00 1.959130987201839424e+00
3.000000000000000000e+00 9.000000000000000000e+00 1.394317083185202755e+00
4.000000000000000000e+00 5.000000000000000000e+00 5.012182835320273533e-01
4.000000000000000000e+00 6.000000000000000000e+00 6.328376997861129283e-01
4.000000000000000000e+00 7.000000000000000000e+00 1.319531104453087744e+00
4.000000000000000000e+00 8.000000000000000000e+00 1.405427747388054538e+00
4.000000000000000000e+00 9.000000000000000000e+00 5.535647856461332061e-01
5.000000000000000000e+00 6.000000000000000000e+00 5.687325405117515942e-01
5.000000000000000000e+00 7.000000000000000000e+00 1.313973864111665835e+00
5.000000000000000000e+00 8.000000000000000000e+00 1.397989687280821514e+00
5.000000000000000000e+00 9.000000000000000000e+00 6.222419990687444447e-01
6.000000000000000000e+00 7.000000000000000000e+00 1.299623983002639926e+00
6.000000000000000000e+00 8.000000000000000000e+00 1.380202719015080515e+00
6.000000000000000000e+00 9.000000000000000000e+00 7.090820771339996220e-01
7.000000000000000000e+00 8.000000000000000000e+00 7.505170940632783783e-01
7.000000000000000000e+00 9.000000000000000000e+00 1.350172913477766912e+00
8.000000000000000000e+00 9.000000000000000000e+00 1.438442134260558003e+00
