1.000000000000000000e+00 2.000000000000000000e+00 5.533677410361215188e-01
1.000000000000000000e+00 3.000000000000000000e+00 6.132786382448002227e-01
1.000000000000000000e+00 4.000000000000000000e+00 2.482762702133785915e+00
1.000000000000000000e+00 5.000000000000000000e+00 2.507358723990463112e+00
1.000000000000000000e+00 6.000000000000000000e+00 2.536298515851887814e+00
1.000000000000000000e+00 7.000000000000000000e+00 1.716565836913904519e+00
1.000000000000000000e+00 8.000000000000000000e+00 1.808874591808093735e+00
1.000000000000000000e+00 9.000000000000000000e+00 2.293870556624131751e+00
2.000000000000000000e+00 3.000000000000000000e+00 5.015178464360482424e-01
2.000000000000000000e+00 4.000000000000000000e+00 2.448357244865928983e+00
2.000000000000000000e+00 5.000000000000000000e+00 2.472974665030933217e+00
2.000000000000000000e+00 6.000000000000000000e+00 2.501534223040170701e+00
2.000000000000000000e+00 7.000000000000000000e+00 1.680053172196910083e+00
2.000000000000000000e+00 8.000000000000000000e+00 1.772503109820135814e+00
2.000000000000000000e+00 9.000000000000000000e+00 2.259922943191552847e+00
3.000000000000000000e+00 4.000000000000000000e+00 2.419062574810757482e+00
3.000000000000000000e+00 5.000000000000000000e+00 2.443689285240742137e+00
3.000000000000000000e+00 6.000000000000000000e+00 2.472237249527262648e+00
3.000000000000000000e+00 7.000000000000000000e+00 1.650691770396940150e+00
3.000000000000000000e+00 8.000000000000000000e+00 1.743146721979359048e+00
3.000000000000000000e+00 9.000000000000000000e+00 2.230636605148460738e+00
4.000000000000000000e+00 5.000000000000000000e+00 2.454194862598817473e+00
4.000000000000000000e+00 6.000000000000000000e+00 2.901394539524332572e+00
4.000000000000000000e+00 7.000000000000000000e+00 2.370449813032232456e+00
4.000000000000000000e+00 8.000000000000000000e+00 2.448885660679106735e+00
4.000000000000000000e+00 9.000000000000000000e+00 2.599591745731691717e+00
5.000000000000000000e+00 6.000000000000000000e+00 2.713993562000011295e+00
5.000000000000000000e+00 7.000000000000000000e+00 2.361279461534770974e+00
5.000000000000000000e+00 8.000000000000000000e+00 2.436612655776262848e+00
5.000000000000000000e+00 9.000000000000000000e+00 2.784800509550078296e+00
6.000000000000000000e+00 7.000000000000000000e+00 2.299612666925535009e+00
6.000000000000000000e+00 8.000000000000000000e+00 2.370024408892685841e+00
6.000000000000000000e+00 9.000000000000000000e+00 2.930401484198897677e+00
7.000000000000000000e+00 8.000000000000000000e+00 7.511539837669116704e-01
7.000000000000000000e+00 9.000000000000000000e+00 2.275036202293434506e+00
8.000000000000000000e+00 9.000000000000000000e+00 2.356472890202440773e+00
