1.000000000000000000e+00 2.000000000000000000e+00 2.777826439254808544e-01
1.000000000000000000e+00 3.000000000000000000e+00 3.091176627533182564e-01
1.000000000000000000e+00 4.000000000000000000e+00 6.734203028489438303e-01
1.000000000000000000e+00 5.000000000000000000e+00 6.816471452580317170e-01
1.000000000000000000e+00 6.000000000000000000e+00 6.992254905940690213e-01
1.000000000000000000e+00 7.000000000000000000e+00 8.757947231423477419e-01
1.000000000000000000e+00 8.000000000000000000e+00 9.177499771745690760e-01
1.000000000000000000e+00 9.000000000000000000e+00 6.644617836062518546e-01
2.000000000000000000e+00 3.000000000000000000e+00 2.511509512577708159e-01
2.000000000000000000e+00 4.000000000000000000e+00 6.559170786016830235e-01
2.000000000000000000e+00 5.000000000000000000e+00 6.641612071217077862e-01
2.000000000000000000e+00 6.000000000000000000e+00 6.816117676732541542e-01
2.000000000000000000e+00 7.000000000000000000e+00 8.571596426738616881e-01
2.000000000000000000e+00 8.000000000000000000e+00 8.991968352020193178e-01
2.000000000000000000e+00 9.000000000000000000e+00 6.471002579806743871e-01
3.000000000000000000e+00 4.000000000000000000e+00 6.428291383183211138e-01
3.000000000000000000e+00 5.000000000000000000e+00 6.510765456860538869e-01
3.000000000000000000e+00 6.000000000000000000e+00 6.685144857881372138e-01
3.000000000000000000e+00 7.000000000000000000e+00 8.439575835681492055e-01
3.000000000000000000e+00 8.000000000000000000e+00 8.860031136043798883e-01
3.000000000000000000e+00 9.000000000000000000e+00 6.340252302936497664e-01
4.000000000000000000e+00 5.000000000000000000e+00 2.508117635134081702e-01
4.000000000000000000e+00 6.000000000000000000e+00 3.165357793415392029e-01
4.000000000000000000e+00 7.000000000000000000e+00 5.881886765368959935e-01
4.000000000000000000e+00 8.000000000000000000e+00 6.236151928202459116e-01
4.000000000000000000e+00 9.000000000000000000e+00 2.775104426440886396e-01
5.000000000000000000e+00 6.000000000000000000e+00 2.844162661517138924e-01
5.000000000000000000e+00 7.000000000000000000e+00 5.852999618515664082e-01
5.000000000000000000e+00 8.000000000000000000e+00 6.197351838770385202e-01
5.000000000000000000e+00 9.000000000000000000e+00 3.132725463760124285e-01
6.000000000000000000e+00 7.000000000000000000e+00 5.747882486205084795e-01
6.000000000000000000e+00 8.000000000000000000e+00 6.075133809178810962e-01
6.000000000000000000e+00 9.000000000000000000e+00 3.562190254616275364e-01
7.000000000000000000e+00 8.000000000000000000e+00 3.705907388261230340e-01
7.000000000000000000e+00 9.000000000000000000e+00 6.055604813460673252e-01
8.000000000000000000e+00 9.000000000000000000e+00 6.421145217859185461e-01
