1.000000000000000000e+00 2.000000000000000000e+00 4.406488351159415728e+00
1.000000000000000000e+00 3.000000000000000000e+00 2.632239675728829997e+00
1.000000000000000000e+00 4.000000000000000000e+00 3.646950735833960344e+00
1.000000000000000000e+00 5.000000000000000000e+00 5.668822378491890746e+00
1.000000000000000000e+00 6.000000000000000000e+00 4.854373727405305594e+00
1.000000000000000000e+00 7.000000000000000000e+00 4.259264350422520273e+00
1.000000000000000000e+00 8.000000000000000000e+00 5.408596923591281858e+00
1.000000000000000000e+00 9.000000000000000000e+00 3.455933446481337601e+00
2.000000000000000000e+00 3.000000000000000000e+00 2.670654912826420091e+00
2.000000000000000000e+00 4.000000000000000000e+00 3.804013661876259000e+00
2.000000000000000000e+00 5.000000000000000000e+00 5.825608888228126503e+00
2.000000000000000000e+00 6.000000000000000000e+00 5.009736976549793219e+00
2.000000000000000000e+00 7.000000000000000000e+00 4.411878688323379372e+00
2.000000000000000000e+00 8.000000000000000000e+00 5.561381423788694711e+00
2.000000000000000000e+00 9.000000000000000000e+00 3.613171255158615036e+00
3.000000000000000000e+00 4.000000000000000000e+00 1.786063102260855295e+00
3.000000000000000000e+00 5.000000000000000000e+00 3.807755053477031026e+00
3.000000000000000000e+00 6.000000000000000000e+00 2.992325453264931490e+00
3.000000000000000000e+00 7.000000000000000000e+00 2.395350609693886135e+00
3.000000000000000000e+00 8.000000000000000000e+00 3.544796560444019029e+00
3.000000000000000000e+00 9.000000000000000000e+00 1.595151983479123903e+00
4.000000000000000000e+00 5.000000000000000000e+00 2.685857525260134437e+00
4.000000000000000000e+00 6.000000000000000000e+00 2.326497514512852582e+00
4.000000000000000000e+00 7.000000000000000000e+00 1.969035726994933455e+00
4.000000000000000000e+00 8.000000000000000000e+00 3.108132652973069732e+00
4.000000000000000000e+00 9.000000000000000000e+00 7.276575998854535321e-01
5.000000000000000000e+00 6.000000000000000000e+00 4.102127063943002305e+00
5.000000000000000000e+00 7.000000000000000000e+00 3.924110945436074083e+00
5.000000000000000000e+00 8.000000000000000000e+00 5.060540556113379829e+00
5.000000000000000000e+00 9.000000000000000000e+00 2.858668081402880201e+00
6.000000000000000000e+00 7.000000000000000000e+00 2.879189708838786999e+00
6.000000000000000000e+00 8.000000000000000000e+00 4.008352372841668121e+00
6.000000000000000000e+00 9.000000000000000000e+00 2.258594128207670249e+00
7.000000000000000000e+00 8.000000000000000000e+00 2.209981342001401394e+00
7.000000000000000000e+00 9.000000000000000000e+00 1.828770753780169844e+00
8.000000000000000000e+00 9.000000000000000000e+00 2.969504542487721555e+00
