1.000000000000000000e+00 2.000000000000000000e+00 5.582079168922992052e-01
1.000000000000000000e+00 3.000000000000000000e+00 6.265292206920756168e-01
1.000000000000000000e+00 4.000000000000000000e+00 1.285121117818060377e+00
1.000000000000000000e+00 5.000000000000000000e+00 1.298778874123186045e+00
1.000000000000000000e+00 6.000000000000000000e+00 1.323015873301597534e+00
1.000000000000000000e+00 7.000000000000000000e+00 1.606814978323315213e+00
1.000000000000000000e+00 8.000000000000000000e+00 1.677586147426735730e+00
1.000000000000000000e+00 9.000000000000000000e+00 1.261658038755006039e+00
2.000000000000000000e+00 3.000000000000000000e+00 5.050135677106184495e-01
2.000000000000000000e+00 4.000000000000000000e+00 1.249281561211819547e+00
2.000000000000000000e+00 5.000000000000000000e+00 1.263016259068926450e+00
2.000000000000000000e+00 6.000000000000000000e+00 1.287109778379314839e+00
2.000000000000000000e+00 7.000000000000000000e+00 1.569853985400317065e+00
2.000000000000000000e+00 8.000000000000000000e+00 1.640703961951343492e+00
2.000000000000000000e+00 9.000000000000000000e+00 1.225932704758143643e+00
3.000000000000000000e+00 4.000000000000000000e+00 1.218992643059700676e+00
3.000000000000000000e+00 5.000000000000000000e+00 1.232740788060339598e+00
3.000000000000000000e+00 6.000000000000000000e+00 1.256824809448466862e+00
3.000000000000000000e+00 7.000000000000000000e+00 1.539484249255692827e+00
3.000000000000000000e+00 8.000000000000000000e+00 1.610340361125939479e+00
3.000000000000000000e+00 9.000000000000000000e+00 1.195645153335132882e+00
4.000000000000000000e+00 5.000000000000000000e+00 5.173968386820007037e-01
4.000000000000000000e+00 6.000000000000000000e+00 6.451302596766117503e-01
4.000000000000000000e+00 7.000000000000000000e+00 1.082650012563962871e+00
4.000000000000000000e+00 8.000000000000000000e+00 1.145070106221688588e+00
4.000000000000000000e+00 9.000000000000000000e+00 5.730470197112516040e-01
5.000000000000000000e+00 6.000000000000000000e+00 5.715065580428728698e-01
5.000000000000000000e+00 7.000000000000000000e+00 1.072894760259545333e+00
5.000000000000000000e+00 8.000000000000000000e+00 1.133305655883496632e+00
5.000000000000000000e+00 9.000000000000000000e+00 6.568887031419401445e-01
6.000000000000000000e+00 7.000000000000000000e+00 1.045999337873385393e+00
6.000000000000000000e+00 8.000000000000000000e+00 1.103557944034022631e+00
6.000000000000000000e+00 9.000000000000000000e+00 7.276270499822103943e-01
7.000000000000000000e+00 8.000000000000000000e+00 7.363144697639192326e-01
7.000000000000000000e+00 9.000000000000000000e+00 1.112724126853876339e+00
8.000000000000000000e+00 9.000000000000000000e+00 1.177259782238905039e+00
