1.000000000000000000e+00 2.000000000000000000e+00 5.533692166386871003e-01
1.000000000000000000e+00 3.000000000000000000e+00 6.129016158512384793e-01
1.000000000000000000e+00 4.000000000000000000e+00 1.183767987778224118e+00
1.000000000000000000e+00 5.000000000000000000e+00 1.192631067686595658e+00
1.000000000000000000e+00 6.000000000000000000e+00 1.208325983483099941e+00
1.000000000000000000e+00 7.000000000000000000e+00 1.492358995848258374e+00
1.000000000000000000e+00 8.000000000000000000e+00 1.558012085807410019e+00
1.000000000000000000e+00 9.000000000000000000e+00 1.165091232483475903e+00
2.000000000000000000e+00 3.000000000000000000e+00 5.015148002992045884e-01
2.000000000000000000e+00 4.000000000000000000e+00 1.153732966846721997e+00
2.000000000000000000e+00 5.000000000000000000e+00 1.162726373204528096e+00
2.000000000000000000e+00 6.000000000000000000e+00 1.178452739716109976e+00
2.000000000000000000e+00 7.000000000000000000e+00 1.461471809567800761e+00
2.000000000000000000e+00 8.000000000000000000e+00 1.527242420494270947e+00
2.000000000000000000e+00 9.000000000000000000e+00 1.135053041588903078e+00
3.000000000000000000e+00 4.000000000000000000e+00 1.124797865166886179e+00
3.000000000000000000e+00 5.000000000000000000e+00 1.133803455423557205e+00
3.000000000000000000e+00 6.000000000000000000e+00 1.149538539147988425e+00
3.000000000000000000e+00 7.000000000000000000e+00 1.432531260373578252e+00
3.000000000000000000e+00 8.000000000000000000e+00 1.498305759622955646e+00
3.000000000000000000e+00 9.000000000000000000e+00 1.106106161432348411e+00
4.000000000000000000e+00 5.000000000000000000e+00 4.992147335869481228e-01
4.000000000000000000e+00 6.000000000000000000e+00 6.193938642842351516e-01
4.000000000000000000e+00 7.000000000000000000e+00 1.031223206621890043e+00
4.000000000000000000e+00 8.000000000000000000e+00 1.091591075899867702e+00
4.000000000000000000e+00 9.000000000000000000e+00 5.461196215243426799e-01
5.000000000000000000e+00 6.000000000000000000e+00 5.625303935809726763e-01
5.000000000000000000e+00 7.000000000000000000e+00 1.029244901449554384e+00
5.000000000000000000e+00 8.000000000000000000e+00 1.088269119904760940e+00
5.000000000000000000e+00 9.000000000000000000e+00 6.079351989033421333e-01
6.000000000000000000e+00 7.000000000000000000e+00 1.018790763463819360e+00
6.000000000000000000e+00 8.000000000000000000e+00 1.076287999279418317e+00
6.000000000000000000e+00 9.000000000000000000e+00 6.741376149914692917e-01
7.000000000000000000e+00 8.000000000000000000e+00 7.322111362130210299e-01
7.000000000000000000e+00 9.000000000000000000e+00 1.043053256825529740e+00
8.000000000000000000e+00 9.000000000000000000e+00 1.104320418134388859e+00
