1.000000000000000000e+00 2.000000000000000000e+00 5.526508017297472319e-01
1.000000000000000000e+00 3.000000000000000000e+00 6.118370848269762963e-01
1.000000000000000000e+00 4.000000000000000000e+00 1.208356251136088577e+00
1.000000000000000000e+00 5.000000000000000000e+00 1.227452728376399627e+00
1.000000000000000000e+00 6.000000000000000000e+00 1.262217578406680474e+00
1.000000000000000000e+00 7.000000000000000000e+00 1.545492148614437289e+00
1.000000000000000000e+00 8.000000000000000000e+00 1.617484352834963390e+00
1.000000000000000000e+00 9.000000000000000000e+00 1.178500193412531871e+00
2.000000000000000000e+00 3.000000000000000000e+00 5.012721945179787753e-01
2.000000000000000000e+00 4.000000000000000000e+00 1.178702111334562375e+00
2.000000000000000000e+00 5.000000000000000000e+00 1.197823300925490386e+00
2.000000000000000000e+00 6.000000000000000000e+00 1.232429008982505625e+00
2.000000000000000000e+00 7.000000000000000000e+00 1.514677256892422053e+00
2.000000000000000000e+00 8.000000000000000000e+00 1.586746324464922919e+00
2.000000000000000000e+00 9.000000000000000000e+00 1.149009053735362773e+00
3.000000000000000000e+00 4.000000000000000000e+00 1.151191624448447914e+00
3.000000000000000000e+00 5.000000000000000000e+00 1.170318274327855956e+00
3.000000000000000000e+00 6.000000000000000000e+00 1.204923487607689303e+00
3.000000000000000000e+00 7.000000000000000000e+00 1.487157955159702505e+00
3.000000000000000000e+00 8.000000000000000000e+00 1.559227837297508357e+00
3.000000000000000000e+00 9.000000000000000000e+00 1.121495307956303478e+00
4.000000000000000000e+00 5.000000000000000000e+00 5.000764280530900496e-01
4.000000000000000000e+00 6.000000000000000000e+00 6.265752745985739836e-01
4.000000000000000000e+00 7.000000000000000000e+00 1.051100755621295901e+00
4.000000000000000000e+00 8.000000000000000000e+00 1.115143501398961012e+00
4.000000000000000000e+00 9.000000000000000000e+00 5.479445621024976454e-01
5.000000000000000000e+00 6.000000000000000000e+00 5.663077027396623553e-01
5.000000000000000000e+00 7.000000000000000000e+00 1.048546684385180727e+00
5.000000000000000000e+00 8.000000000000000000e+00 1.110871597620183282e+00
5.000000000000000000e+00 9.000000000000000000e+00 6.129893944771995784e-01
6.000000000000000000e+00 7.000000000000000000e+00 1.031119182762332054e+00
6.000000000000000000e+00 8.000000000000000000e+00 1.090563808576082261e+00
6.000000000000000000e+00 9.000000000000000000e+00 6.901011553365985485e-01
7.000000000000000000e+00 8.000000000000000000e+00 7.316769178443169874e-01
7.000000000000000000e+00 9.000000000000000000e+00 1.070778791149925802e+00
8.000000000000000000e+00 9.000000000000000000e+00 1.136564251944413684e+00
