1.000000000000000000e+00 2.000000000000000000e+00 5.534730463961723412e-01
1.000000000000000000e+00 3.000000000000000000e+00 6.131253466093751214e-01
1.000000000000000000e+00 4.000000000000000000e+00 1.242932079485807417e+00
1.000000000000000000e+00 5.000000000000000000e+00 1.261003013606736944e+00
1.000000000000000000e+00 6.000000000000000000e+00 1.290952681998051244e+00
1.000000000000000000e+00 7.000000000000000000e+00 1.596169429093020398e+00
1.000000000000000000e+00 8.000000000000000000e+00 1.668692289472745616e+00
1.000000000000000000e+00 9.000000000000000000e+00 1.222369469408218112e+00
2.000000000000000000e+00 3.000000000000000000e+00 5.015386618786434880e-01
2.000000000000000000e+00 4.000000000000000000e+00 1.211557209834317916e+00
2.000000000000000000e+00 5.000000000000000000e+00 1.229671102898956425e+00
2.000000000000000000e+00 6.000000000000000000e+00 1.259492775007899912e+00
2.000000000000000000e+00 7.000000000000000000e+00 1.563653083917864173e+00
2.000000000000000000e+00 8.000000000000000000e+00 1.636260534805066724e+00
2.000000000000000000e+00 9.000000000000000000e+00 1.191122577760030943e+00
3.000000000000000000e+00 4.000000000000000000e+00 1.182370060717777616e+00
3.000000000000000000e+00 5.000000000000000000e+00 1.200490724916048135e+00
3.000000000000000000e+00 6.000000000000000000e+00 1.230313278516160125e+00
3.000000000000000000e+00 7.000000000000000000e+00 1.534457931020789978e+00
3.000000000000000000e+00 8.000000000000000000e+00 1.607066468660886871e+00
3.000000000000000000e+00 9.000000000000000000e+00 1.161929668753517664e+00
4.000000000000000000e+00 5.000000000000000000e+00 5.013600033244369758e-01
4.000000000000000000e+00 6.000000000000000000e+00 6.302159628383923184e-01
4.000000000000000000e+00 7.000000000000000000e+00 1.085230518889117590e+00
4.000000000000000000e+00 8.000000000000000000e+00 1.149055691900231713e+00
4.000000000000000000e+00 9.000000000000000000e+00 5.534552749569243701e-01
5.000000000000000000e+00 6.000000000000000000e+00 5.675257413929535311e-01
5.000000000000000000e+00 7.000000000000000000e+00 1.081142442812700555e+00
5.000000000000000000e+00 8.000000000000000000e+00 1.143146144226737659e+00
5.000000000000000000e+00 9.000000000000000000e+00 6.243481142965716657e-01
6.000000000000000000e+00 7.000000000000000000e+00 1.060719794539831895e+00
6.000000000000000000e+00 8.000000000000000000e+00 1.119863086811162978e+00
6.000000000000000000e+00 9.000000000000000000e+00 7.050291793359551029e-01
7.000000000000000000e+00 8.000000000000000000e+00 7.339881445948426286e-01
7.000000000000000000e+00 9.000000000000000000e+00 1.114512200680616072e+00
8.000000000000000000e+00 9.000000000000000000e+00 1.180246798579452250e+00
