1.000000000000000000e+00 2.000000000000000000e+00 5.625697543578395132e-01
1.000000000000000000e+00 3.000000000000000000e+00 6.379921755171826803e-01
1.000000000000000000e+00 4.000000000000000000e+00 1.354844205897170140e+00
1.000000000000000000e+00 5.000000000000000000e+00 1.358705652301775757e+00
1.000000000000000000e+00 6.000000000000000000e+00 1.373739523132609053e+00
1.000000000000000000e+00 7.000000000000000000e+00 1.656984269616174510e+00
1.000000000000000000e+00 8.000000000000000000e+00 1.726667415126616589e+00
1.000000000000000000e+00 9.000000000000000000e+00 1.350735155708970181e+00
2.000000000000000000e+00 3.000000000000000000e+00 5.078500368953346999e-01
2.000000000000000000e+00 4.000000000000000000e+00 1.311858855592592521e+00
2.000000000000000000e+00 5.000000000000000000e+00 1.315905652288471561e+00
2.000000000000000000e+00 6.000000000000000000e+00 1.330816553487740306e+00
2.000000000000000000e+00 7.000000000000000000e+00 1.612936643174456064e+00
2.000000000000000000e+00 8.000000000000000000e+00 1.682703803159505629e+00
2.000000000000000000e+00 9.000000000000000000e+00 1.307734064036930599e+00
3.000000000000000000e+00 4.000000000000000000e+00 1.278065900175946235e+00
3.000000000000000000e+00 5.000000000000000000e+00 1.282143445194733111e+00
3.000000000000000000e+00 6.000000000000000000e+00 1.297045044007363535e+00
3.000000000000000000e+00 7.000000000000000000e+00 1.579051502022815301e+00
3.000000000000000000e+00 8.000000000000000000e+00 1.648826951936775309e+00
3.000000000000000000e+00 9.000000000000000000e+00 1.273926181364922749e+00
4.000000000000000000e+00 5.000000000000000000e+00 5.356530113093302958e-01
4.000000000000000000e+00 6.000000000000000000e+00 6.643439101989920825e-01
4.000000000000000000e+00 7.000000000000000000e+00 1.112157534872176834e+00
4.000000000000000000e+00 8.000000000000000000e+00 1.173207781521534709e+00
4.000000000000000000e+00 9.000000000000000000e+00 5.952413767927231536e-01
5.000000000000000000e+00 6.000000000000000000e+00 5.755503862147397509e-01
5.000000000000000000e+00 7.000000000000000000e+00 1.093529411393614259e+00
5.000000000000000000e+00 8.000000000000000000e+00 1.152257039218735457e+00
5.000000000000000000e+00 9.000000000000000000e+00 7.047354850557152606e-01
6.000000000000000000e+00 7.000000000000000000e+00 1.058706679960865982e+00
6.000000000000000000e+00 8.000000000000000000e+00 1.114594202545169388e+00
6.000000000000000000e+00 9.000000000000000000e+00 7.729866128227664834e-01
7.000000000000000000e+00 8.000000000000000000e+00 7.399410853698409340e-01
7.000000000000000000e+00 9.000000000000000000e+00 1.160159343462182635e+00
8.000000000000000000e+00 9.000000000000000000e+00 1.223735949671099776e+00
