1.000000000000000000e+00 2.000000000000000000e+00 5.528147831032218518e-01
1.000000000000000000e+00 3.000000000000000000e+00 6.122183094241484547e-01
1.000000000000000000e+00 4.000000000000000000e+00 1.212152130907105718e+00
1.000000000000000000e+00 5.000000000000000000e+00 1.231278202465317717e+00
1.000000000000000000e+00 6.000000000000000000e+00 1.266088627327422556e+00
1.000000000000000000e+00 7.000000000000000000e+00 1.550475430095755947e+00
1.000000000000000000e+00 8.000000000000000000e+00 1.622575600920630023e+00
1.000000000000000000e+00 9.000000000000000000e+00 1.182248414544131432e+00
2.000000000000000000e+00 3.000000000000000000e+00 5.013894119333361932e-01
2.000000000000000000e+00 4.000000000000000000e+00 1.181842093390722770e+00
2.000000000000000000e+00 5.000000000000000000e+00 1.200992540768528238e+00
2.000000000000000000e+00 6.000000000000000000e+00 1.235646562372468837e+00
2.000000000000000000e+00 7.000000000000000000e+00 1.519026159462331549e+00
2.000000000000000000e+00 8.000000000000000000e+00 1.591201469455896689e+00
2.000000000000000000e+00 9.000000000000000000e+00 1.152098760983695236e+00
3.000000000000000000e+00 4.000000000000000000e+00 1.153563152905173528e+00
3.000000000000000000e+00 5.000000000000000000e+00 1.172718897771121815e+00
3.000000000000000000e+00 6.000000000000000000e+00 1.207372086628536012e+00
3.000000000000000000e+00 7.000000000000000000e+00 1.490736152532838421e+00
3.000000000000000000e+00 8.000000000000000000e+00 1.562912400913489375e+00
3.000000000000000000e+00 9.000000000000000000e+00 1.123817069247873501e+00
4.000000000000000000e+00 5.000000000000000000e+00 5.000773395836235480e-01
4.000000000000000000e+00 6.000000000000000000e+00 6.265814773529638781e-01
4.000000000000000000e+00 7.000000000000000000e+00 1.051924410494430084e+00
4.000000000000000000e+00 8.000000000000000000e+00 1.116124869121096985e+00
4.000000000000000000e+00 9.000000000000000000e+00 5.479471617939621897e-01
5.000000000000000000e+00 6.000000000000000000e+00 5.663104094827924317e-01
5.000000000000000000e+00 7.000000000000000000e+00 1.049350458584302981e+00
5.000000000000000000e+00 8.000000000000000000e+00 1.111839460313549743e+00
5.000000000000000000e+00 9.000000000000000000e+00 6.129955891069815976e-01
6.000000000000000000e+00 7.000000000000000000e+00 1.031877795853696433e+00
6.000000000000000000e+00 8.000000000000000000e+00 1.091498099768910546e+00
6.000000000000000000e+00 9.000000000000000000e+00 6.901176584614585607e-01
7.000000000000000000e+00 8.000000000000000000e+00 7.318379249204367554e-01
7.000000000000000000e+00 9.000000000000000000e+00 1.071653817216194238e+00
8.000000000000000000e+00 9.000000000000000000e+00 1.137588770337162547e+00
