1.000000000000000000e+00 2.000000000000000000e+00 6.262628256062209298e-01
1.000000000000000000e+00 3.000000000000000000e+00 1.527335801586817254e+00
1.000000000000000000e+00 4.000000000000000000e+00 1.867214468536347205e+00
1.000000000000000000e+00 5.000000000000000000e+00 1.900848466007504456e+00
1.000000000000000000e+00 6.000000000000000000e+00 1.964057380102984585e+00
1.000000000000000000e+00 7.000000000000000000e+00 3.040123715356582323e+00
1.000000000000000000e+00 8.000000000000000000e+00 2.750795299344243716e+00
1.000000000000000000e+00 9.000000000000000000e+00 1.863535234759282178e+00
2.000000000000000000e+00 3.000000000000000000e+00 1.322906080633166059e+00
2.000000000000000000e+00 4.000000000000000000e+00 1.817348756001631482e+00
2.000000000000000000e+00 5.000000000000000000e+00 1.850976903119695205e+00
2.000000000000000000e+00 6.000000000000000000e+00 1.914027704144420028e+00
2.000000000000000000e+00 7.000000000000000000e+00 2.987670602957596344e+00
2.000000000000000000e+00 8.000000000000000000e+00 2.698590123258600926e+00
2.000000000000000000e+00 9.000000000000000000e+00 1.813963639080722112e+00
3.000000000000000000e+00 4.000000000000000000e+00 2.565924649956458303e+00
3.000000000000000000e+00 5.000000000000000000e+00 2.599582777195534433e+00
3.000000000000000000e+00 6.000000000000000000e+00 2.662739566334322294e+00
3.000000000000000000e+00 7.000000000000000000e+00 3.737725747806839749e+00
3.000000000000000000e+00 8.000000000000000000e+00 3.448506374654997764e+00
3.000000000000000000e+00 9.000000000000000000e+00 2.562344595139164127e+00
4.000000000000000000e+00 5.000000000000000000e+00 5.057581686659733400e-01
4.000000000000000000e+00 6.000000000000000000e+00 6.633899925180335444e-01
4.000000000000000000e+00 7.000000000000000000e+00 2.025692370261253039e+00
4.000000000000000000e+00 8.000000000000000000e+00 1.716686610668196167e+00
4.000000000000000000e+00 9.000000000000000000e+00 5.787906094065917717e-01
5.000000000000000000e+00 6.000000000000000000e+00 5.859435827758789905e-01
5.000000000000000000e+00 7.000000000000000000e+00 2.033494444414476021e+00
5.000000000000000000e+00 8.000000000000000000e+00 1.721717549215446397e+00
5.000000000000000000e+00 9.000000000000000000e+00 6.652979125692668472e-01
6.000000000000000000e+00 7.000000000000000000e+00 2.045193873077412405e+00
6.000000000000000000e+00 8.000000000000000000e+00 1.728795122848808319e+00
6.000000000000000000e+00 9.000000000000000000e+00 7.849203215080022833e-01
7.000000000000000000e+00 8.000000000000000000e+00 1.650404108106044099e+00
7.000000000000000000e+00 9.000000000000000000e+00 2.084796697011039868e+00
8.000000000000000000e+00 9.000000000000000000e+00 1.778593054012042929e+00
