1.000000000000000000e+00 2.000000000000000000e+00 5.530818610073743313e-01
1.000000000000000000e+00 3.000000000000000000e+00 6.126606188171291878e-01
1.000000000000000000e+00 4.000000000000000000e+00 1.215447853236897302e+00
1.000000000000000000e+00 5.000000000000000000e+00 1.234609548090914721e+00
1.000000000000000000e+00 6.000000000000000000e+00 1.269485870789863302e+00
1.000000000000000000e+00 7.000000000000000000e+00 1.555270331084407820e+00
1.000000000000000000e+00 8.000000000000000000e+00 1.627414697926506504e+00
1.000000000000000000e+00 9.000000000000000000e+00 1.185472364263858935e+00
2.000000000000000000e+00 3.000000000000000000e+00 5.015059907723816712e-01
2.000000000000000000e+00 4.000000000000000000e+00 1.184636962895662116e+00
2.000000000000000000e+00 5.000000000000000000e+00 1.203823008012543827e+00
2.000000000000000000e+00 6.000000000000000000e+00 1.238544641631251775e+00
2.000000000000000000e+00 7.000000000000000000e+00 1.523334724011925045e+00
2.000000000000000000e+00 8.000000000000000000e+00 1.595553034831063366e+00
2.000000000000000000e+00 9.000000000000000000e+00 1.154820200334806479e+00
3.000000000000000000e+00 4.000000000000000000e+00 1.155675238897857948e+00
3.000000000000000000e+00 5.000000000000000000e+00 1.174866467437728712e+00
3.000000000000000000e+00 6.000000000000000000e+00 1.209586793840977670e+00
3.000000000000000000e+00 7.000000000000000000e+00 1.494358723837055924e+00
3.000000000000000000e+00 8.000000000000000000e+00 1.566578166826315899e+00
3.000000000000000000e+00 9.000000000000000000e+00 1.125856329004601974e+00
4.000000000000000000e+00 5.000000000000000000e+00 5.000784193316529791e-01
4.000000000000000000e+00 6.000000000000000000e+00 6.265885421445149817e-01
4.000000000000000000e+00 7.000000000000000000e+00 1.052888897677010105e+00
4.000000000000000000e+00 8.000000000000000000e+00 1.117189163734003232e+00
4.000000000000000000e+00 9.000000000000000000e+00 5.479503558471714442e-01
5.000000000000000000e+00 6.000000000000000000e+00 5.663135383467627904e-01
5.000000000000000000e+00 7.000000000000000000e+00 1.050286906655927721e+00
5.000000000000000000e+00 8.000000000000000000e+00 1.112881107947028658e+00
5.000000000000000000e+00 9.000000000000000000e+00 6.130030349532920031e-01
6.000000000000000000e+00 7.000000000000000000e+00 1.032752527396112674e+00
6.000000000000000000e+00 8.000000000000000000e+00 1.092488386370727094e+00
6.000000000000000000e+00 9.000000000000000000e+00 6.901369305512876640e-01
7.000000000000000000e+00 8.000000000000000000e+00 7.320580254241388918e-01
7.000000000000000000e+00 9.000000000000000000e+00 1.072683040147687450e+00
8.000000000000000000e+00 9.000000000000000000e+00 1.138709778746239465e+00
