1.000000000000000000e+00 2.000000000000000000e+00 8.724609142704271569e-01
1.000000000000000000e+00 3.000000000000000000e+00 9.147970550153509128e-01
1.000000000000000000e+00 4.000000000000000000e+00 1.853595122633024284e+00
1.000000000000000000e+00 5.000000000000000000e+00 1.879582861751906586e+00
1.000000000000000000e+00 6.000000000000000000e+00 1.933162065267546081e+00
1.000000000000000000e+00 7.000000000000000000e+00 2.402018901871573853e+00
1.000000000000000000e+00 8.000000000000000000e+00 2.495648641078903829e+00
1.000000000000000000e+00 9.000000000000000000e+00 1.821344767691919664e+00
2.000000000000000000e+00 3.000000000000000000e+00 5.225560888034336271e-01
2.000000000000000000e+00 4.000000000000000000e+00 1.558500793658926353e+00
2.000000000000000000e+00 5.000000000000000000e+00 1.584524472284343011e+00
2.000000000000000000e+00 6.000000000000000000e+00 1.637847567464970622e+00
2.000000000000000000e+00 7.000000000000000000e+00 2.104541694738646385e+00
2.000000000000000000e+00 8.000000000000000000e+00 2.198279984974766954e+00
2.000000000000000000e+00 9.000000000000000000e+00 1.526572509274998879e+00
3.000000000000000000e+00 4.000000000000000000e+00 1.491255379818458460e+00
3.000000000000000000e+00 5.000000000000000000e+00 1.517287628900928498e+00
3.000000000000000000e+00 6.000000000000000000e+00 1.570559630928012540e+00
3.000000000000000000e+00 7.000000000000000000e+00 2.036819398796533953e+00
3.000000000000000000e+00 8.000000000000000000e+00 2.130579376919315315e+00
3.000000000000000000e+00 9.000000000000000000e+00 1.459390864613272054e+00
4.000000000000000000e+00 5.000000000000000000e+00 5.024514764325862526e-01
4.000000000000000000e+00 6.000000000000000000e+00 6.458822290340993089e-01
4.000000000000000000e+00 7.000000000000000000e+00 1.339299605223504663e+00
4.000000000000000000e+00 8.000000000000000000e+00 1.422912431464573579e+00
4.000000000000000000e+00 9.000000000000000000e+00 5.526210031639200437e-01
5.000000000000000000e+00 6.000000000000000000e+00 5.761363052163634979e-01
5.000000000000000000e+00 7.000000000000000000e+00 1.339342601396426247e+00
5.000000000000000000e+00 8.000000000000000000e+00 1.421367173192126465e+00
5.000000000000000000e+00 9.000000000000000000e+00 6.237089538242601705e-01
6.000000000000000000e+00 7.000000000000000000e+00 1.328457161861263724e+00
6.000000000000000000e+00 8.000000000000000000e+00 1.407620912840967797e+00
6.000000000000000000e+00 9.000000000000000000e+00 7.223112019892221625e-01
7.000000000000000000e+00 8.000000000000000000e+00 7.767518377113109551e-01
7.000000000000000000e+00 9.000000000000000000e+00 1.364468063448906143e+00
8.000000000000000000e+00 9.000000000000000000e+00 1.449765743401592921e+00
