1.000000000000000000e+00 2.000000000000000000e+00 2.745324741847186001e+00
1.000000000000000000e+00 3.000000000000000000e+00 3.013405811151758762e+00
1.000000000000000000e+00 4.000000000000000000e+00 4.708834604327896578e+00
1.000000000000000000e+00 5.000000000000000000e+00 4.795775107028914519e+00
1.000000000000000000e+00 6.000000000000000000e+00 4.945563207747556866e+00
1.000000000000000000e+00 7.000000000000000000e+00 5.734570233538041073e+00
1.000000000000000000e+00 8.000000000000000000e+00 6.007414201050263358e+00
1.000000000000000000e+00 9.000000000000000000e+00 4.491756548134921978e+00
2.000000000000000000e+00 3.000000000000000000e+00 2.500199957999508449e+00
2.000000000000000000e+00 4.000000000000000000e+00 4.634557577648478421e+00
2.000000000000000000e+00 5.000000000000000000e+00 4.721591066779375012e+00
2.000000000000000000e+00 6.000000000000000000e+00 4.871227585143361516e+00
2.000000000000000000e+00 7.000000000000000000e+00 5.658844832483373999e+00
2.000000000000000000e+00 8.000000000000000000e+00 5.931754042847305897e+00
2.000000000000000000e+00 9.000000000000000000e+00 4.417604451922080067e+00
3.000000000000000000e+00 4.000000000000000000e+00 4.475273651647964535e+00
3.000000000000000000e+00 5.000000000000000000e+00 4.562328004085268063e+00
3.000000000000000000e+00 6.000000000000000000e+00 4.712010696652868980e+00
3.000000000000000000e+00 7.000000000000000000e+00 5.499831980535613063e+00
3.000000000000000000e+00 8.000000000000000000e+00 5.772731046359865559e+00
3.000000000000000000e+00 9.000000000000000000e+00 4.258260159138051115e+00
4.000000000000000000e+00 5.000000000000000000e+00 2.484891649326304908e+00
4.000000000000000000e+00 6.000000000000000000e+00 3.066576804307229231e+00
4.000000000000000000e+00 7.000000000000000000e+00 4.332218417330987670e+00
4.000000000000000000e+00 8.000000000000000000e+00 4.595354519278870953e+00
4.000000000000000000e+00 9.000000000000000000e+00 2.670175640960560592e+00
5.000000000000000000e+00 6.000000000000000000e+00 2.801727990560649140e+00
5.000000000000000000e+00 7.000000000000000000e+00 4.359527156854560381e+00
5.000000000000000000e+00 8.000000000000000000e+00 4.618948829056130023e+00
5.000000000000000000e+00 9.000000000000000000e+00 2.930380295313234740e+00
6.000000000000000000e+00 7.000000000000000000e+00 4.360690775623212723e+00
6.000000000000000000e+00 8.000000000000000000e+00 4.613893447906335155e+00
6.000000000000000000e+00 9.000000000000000000e+00 3.227912143507498222e+00
7.000000000000000000e+00 8.000000000000000000e+00 3.574881560604310948e+00
7.000000000000000000e+00 9.000000000000000000e+00 4.263552915190470749e+00
8.000000000000000000e+00 9.000000000000000000e+00 4.529748311903190050e+00
