1.000000000000000000e+00 2.000000000000000000e+00 5.525136257322464939e-01
1.000000000000000000e+00 3.000000000000000000e+00 6.114685392961750621e-01
1.000000000000000000e+00 4.000000000000000000e+00 1.202799951419109448e+00
1.000000000000000000e+00 5.000000000000000000e+00 1.221872459524915300e+00
1.000000000000000000e+00 6.000000000000000000e+00 1.256630863634209172e+00
1.000000000000000000e+00 7.000000000000000000e+00 1.539292645685603311e+00
1.000000000000000000e+00 8.000000000000000000e+00 1.611070084822136872e+00
1.000000000000000000e+00 9.000000000000000000e+00 1.172950450124605526e+00
2.000000000000000000e+00 3.000000000000000000e+00 5.011709344251004117e-01
2.000000000000000000e+00 4.000000000000000000e+00 1.174326155204894029e+00
2.000000000000000000e+00 5.000000000000000000e+00 1.193424474035128302e+00
2.000000000000000000e+00 6.000000000000000000e+00 1.228018363270896307e+00
2.000000000000000000e+00 7.000000000000000000e+00 1.509617955112042331e+00
2.000000000000000000e+00 8.000000000000000000e+00 1.581475271776221048e+00
2.000000000000000000e+00 9.000000000000000000e+00 1.144644787781502915e+00
3.000000000000000000e+00 4.000000000000000000e+00 1.147696639514403483e+00
3.000000000000000000e+00 5.000000000000000000e+00 1.166800827315570999e+00
3.000000000000000000e+00 6.000000000000000000e+00 1.201393542879559240e+00
3.000000000000000000e+00 7.000000000000000000e+00 1.482974315328505543e+00
3.000000000000000000e+00 8.000000000000000000e+00 1.554832838118467508e+00
3.000000000000000000e+00 9.000000000000000000e+00 1.118012488434936502e+00
4.000000000000000000e+00 5.000000000000000000e+00 5.000757987573785091e-01
4.000000000000000000e+00 6.000000000000000000e+00 6.265706568344271421e-01
4.000000000000000000e+00 7.000000000000000000e+00 1.050482954617675269e+00
4.000000000000000000e+00 8.000000000000000000e+00 1.114279759188715024e+00
4.000000000000000000e+00 9.000000000000000000e+00 5.479429195554847976e-01
5.000000000000000000e+00 6.000000000000000000e+00 5.663056194951352484e-01
5.000000000000000000e+00 7.000000000000000000e+00 1.047933437154354941e+00
5.000000000000000000e+00 8.000000000000000000e+00 1.110005422225257776e+00
5.000000000000000000e+00 9.000000000000000000e+00 6.129853433107230742e-01
6.000000000000000000e+00 7.000000000000000000e+00 1.030522136281658341e+00
6.000000000000000000e+00 8.000000000000000000e+00 1.089701836744757513e+00
6.000000000000000000e+00 9.000000000000000000e+00 6.900897678881443564e-01
7.000000000000000000e+00 8.000000000000000000e+00 7.315682810635506517e-01
7.000000000000000000e+00 9.000000000000000000e+00 1.070134944774768782e+00
8.000000000000000000e+00 9.000000000000000000e+00 1.135682102484102840e+00
