1.000000000000000000e+00 2.000000000000000000e+00 5.535081602646352295e-01
1.000000000000000000e+00 3.000000000000000000e+00 6.135523748021414203e-01
1.000000000000000000e+00 4.000000000000000000e+00 3.983487133536625535e+00
1.000000000000000000e+00 5.000000000000000000e+00 4.005504863721449205e+00
1.000000000000000000e+00 6.000000000000000000e+00 3.994764731843379657e+00
1.000000000000000000e+00 7.000000000000000000e+00 1.778301574436548682e+00
1.000000000000000000e+00 8.000000000000000000e+00 1.876587098624548533e+00
1.000000000000000000e+00 9.000000000000000000e+00 3.585465738506185218e+00
2.000000000000000000e+00 3.000000000000000000e+00 5.015434574858008698e-01
2.000000000000000000e+00 4.000000000000000000e+00 3.948265281499783619e+00
2.000000000000000000e+00 5.000000000000000000e+00 3.970279285473477415e+00
2.000000000000000000e+00 6.000000000000000000e+00 3.959024816980806882e+00
2.000000000000000000e+00 7.000000000000000000e+00 1.740321326351806475e+00
2.000000000000000000e+00 8.000000000000000000e+00 1.838796750843531003e+00
2.000000000000000000e+00 9.000000000000000000e+00 3.550881405938542734e+00
3.000000000000000000e+00 4.000000000000000000e+00 3.918911037207733372e+00
3.000000000000000000e+00 5.000000000000000000e+00 3.940934831714719699e+00
3.000000000000000000e+00 6.000000000000000000e+00 3.929657761454849130e+00
3.000000000000000000e+00 7.000000000000000000e+00 1.710845400964401408e+00
3.000000000000000000e+00 8.000000000000000000e+00 1.809329978625599855e+00
3.000000000000000000e+00 9.000000000000000000e+00 3.521548837781891983e+00
4.000000000000000000e+00 5.000000000000000000e+00 4.884424498678227700e+00
4.000000000000000000e+00 6.000000000000000000e+00 5.689577857054113785e+00
4.000000000000000000e+00 7.000000000000000000e+00 3.894705697401531275e+00
4.000000000000000000e+00 8.000000000000000000e+00 3.975017046343740645e+00
4.000000000000000000e+00 9.000000000000000000e+00 5.134115995519216824e+00
5.000000000000000000e+00 6.000000000000000000e+00 5.371476187312882011e+00
5.000000000000000000e+00 7.000000000000000000e+00 3.879836413220631997e+00
5.000000000000000000e+00 8.000000000000000000e+00 3.956619533130538713e+00
5.000000000000000000e+00 9.000000000000000000e+00 5.439522919402390855e+00
6.000000000000000000e+00 7.000000000000000000e+00 3.765308037716083689e+00
6.000000000000000000e+00 8.000000000000000000e+00 3.836437782058596646e+00
6.000000000000000000e+00 9.000000000000000000e+00 5.610149049076023076e+00
7.000000000000000000e+00 8.000000000000000000e+00 7.582460038091098919e-01
7.000000000000000000e+00 9.000000000000000000e+00 3.607480879557191322e+00
8.000000000000000000e+00 9.000000000000000000e+00 3.691408431790223155e+00
