1.000000000000000000e+00 2.000000000000000000e+00 5.529144436861110901e-01
1.000000000000000000e+00 3.000000000000000000e+00 6.123969702471591114e-01
1.000000000000000000e+00 4.000000000000000000e+00 1.214114965487446351e+00
1.000000000000000000e+00 5.000000000000000000e+00 1.233540025885431435e+00
1.000000000000000000e+00 6.000000000000000000e+00 1.268977691731667745e+00
1.000000000000000000e+00 7.000000000000000000e+00 1.553534362463633967e+00
1.000000000000000000e+00 8.000000000000000000e+00 1.625745320758953616e+00
1.000000000000000000e+00 9.000000000000000000e+00 1.183890651700886032e+00
2.000000000000000000e+00 3.000000000000000000e+00 5.014391429170904635e-01
2.000000000000000000e+00 4.000000000000000000e+00 1.183573813980471456e+00
2.000000000000000000e+00 5.000000000000000000e+00 1.203020534519480433e+00
2.000000000000000000e+00 6.000000000000000000e+00 1.238298108828155941e+00
2.000000000000000000e+00 7.000000000000000000e+00 1.521856406424177743e+00
2.000000000000000000e+00 8.000000000000000000e+00 1.594141323054031334e+00
2.000000000000000000e+00 9.000000000000000000e+00 1.153512991723222747e+00
3.000000000000000000e+00 4.000000000000000000e+00 1.154998149240755723e+00
3.000000000000000000e+00 5.000000000000000000e+00 1.174449976647917948e+00
3.000000000000000000e+00 6.000000000000000000e+00 1.209726296194600037e+00
3.000000000000000000e+00 7.000000000000000000e+00 1.493268215301184254e+00
3.000000000000000000e+00 8.000000000000000000e+00 1.565554131282984818e+00
3.000000000000000000e+00 9.000000000000000000e+00 1.124934992082359475e+00
4.000000000000000000e+00 5.000000000000000000e+00 5.001092549633627815e-01
4.000000000000000000e+00 6.000000000000000000e+00 6.268338898009051530e-01
4.000000000000000000e+00 7.000000000000000000e+00 1.052483101874885252e+00
4.000000000000000000e+00 8.000000000000000000e+00 1.116762286245039926e+00
4.000000000000000000e+00 9.000000000000000000e+00 5.480143474177694429e-01
5.000000000000000000e+00 6.000000000000000000e+00 5.664235102337611405e-01
5.000000000000000000e+00 7.000000000000000000e+00 1.049828282603878060e+00
5.000000000000000000e+00 8.000000000000000000e+00 1.112383894853126387e+00
5.000000000000000000e+00 9.000000000000000000e+00 6.131867299226254620e-01
6.000000000000000000e+00 7.000000000000000000e+00 1.032293933061358748e+00
6.000000000000000000e+00 8.000000000000000000e+00 1.091956830352201147e+00
6.000000000000000000e+00 9.000000000000000000e+00 6.906914761876477016e-01
7.000000000000000000e+00 8.000000000000000000e+00 7.319264488531695978e-01
7.000000000000000000e+00 9.000000000000000000e+00 1.072463543287467402e+00
8.000000000000000000e+00 9.000000000000000000e+00 1.138495145783978479e+00
