1.000000000000000000e+00 2.000000000000000000e+00 5.533732551962877722e-01
1.000000000000000000e+00 3.000000000000000000e+00 6.129062185955350683e-01
1.000000000000000000e+00 4.000000000000000000e+00 1.210739737964470208e+00
1.000000000000000000e+00 5.000000000000000000e+00 1.228334652230512747e+00
1.000000000000000000e+00 6.000000000000000000e+00 1.260129459183683798e+00
1.000000000000000000e+00 7.000000000000000000e+00 1.546274864244014502e+00
1.000000000000000000e+00 8.000000000000000000e+00 1.617640057510342455e+00
1.000000000000000000e+00 9.000000000000000000e+00 1.182256253909895083e+00
2.000000000000000000e+00 3.000000000000000000e+00 5.015148637410141719e-01
2.000000000000000000e+00 4.000000000000000000e+00 1.180073415514299562e+00
2.000000000000000000e+00 5.000000000000000000e+00 1.197708144577630973e+00
2.000000000000000000e+00 6.000000000000000000e+00 1.229375447294860146e+00
2.000000000000000000e+00 7.000000000000000000e+00 1.514516812642659804e+00
2.000000000000000000e+00 8.000000000000000000e+00 1.585962761012003508e+00
2.000000000000000000e+00 9.000000000000000000e+00 1.151727040031802485e+00
3.000000000000000000e+00 4.000000000000000000e+00 1.151095041187730317e+00
3.000000000000000000e+00 5.000000000000000000e+00 1.168735988989638264e+00
3.000000000000000000e+00 6.000000000000000000e+00 1.200402856478296920e+00
3.000000000000000000e+00 7.000000000000000000e+00 1.485521542884609580e+00
3.000000000000000000e+00 8.000000000000000000e+00 1.556969248475532641e+00
3.000000000000000000e+00 9.000000000000000000e+00 1.122745725344865164e+00
4.000000000000000000e+00 5.000000000000000000e+00 4.999196427543621812e-01
4.000000000000000000e+00 6.000000000000000000e+00 6.251186666491450605e-01
4.000000000000000000e+00 7.000000000000000000e+00 1.048665735924906528e+00
4.000000000000000000e+00 8.000000000000000000e+00 1.112502782054918704e+00
4.000000000000000000e+00 9.000000000000000000e+00 5.476317939983295080e-01
5.000000000000000000e+00 6.000000000000000000e+00 5.654821846601933988e-01
5.000000000000000000e+00 7.000000000000000000e+00 1.046005822555192477e+00
5.000000000000000000e+00 8.000000000000000000e+00 1.108178855101863203e+00
5.000000000000000000e+00 9.000000000000000000e+00 6.121080560766349876e-01
6.000000000000000000e+00 7.000000000000000000e+00 1.029866254469178344e+00
6.000000000000000000e+00 8.000000000000000000e+00 1.089420911921803903e+00
6.000000000000000000e+00 9.000000000000000000e+00 6.870466528166194742e-01
7.000000000000000000e+00 8.000000000000000000e+00 7.324556718808645783e-01
7.000000000000000000e+00 9.000000000000000000e+00 1.067119039533773517e+00
8.000000000000000000e+00 9.000000000000000000e+00 1.132554938587158500e+00
