1.000000000000000000e+00 2.000000000000000000e+00 5.533737882701893485e-01
1.000000000000000000e+00 3.000000000000000000e+00 6.129068241062196609e-01
1.000000000000000000e+00 4.000000000000000000e+00 1.214275069488477188e+00
1.000000000000000000e+00 5.000000000000000000e+00 1.233223352386308314e+00
1.000000000000000000e+00 6.000000000000000000e+00 1.267883188289533614e+00
1.000000000000000000e+00 7.000000000000000000e+00 1.554902072347051689e+00
1.000000000000000000e+00 8.000000000000000000e+00 1.627371552260317600e+00
1.000000000000000000e+00 9.000000000000000000e+00 1.184453364940120323e+00
2.000000000000000000e+00 3.000000000000000000e+00 5.015148645481450895e-01
2.000000000000000000e+00 4.000000000000000000e+00 1.183529367254130493e+00
2.000000000000000000e+00 5.000000000000000000e+00 1.202505020805431535e+00
2.000000000000000000e+00 6.000000000000000000e+00 1.237010937492764917e+00
2.000000000000000000e+00 7.000000000000000000e+00 1.523023005537348595e+00
2.000000000000000000e+00 8.000000000000000000e+00 1.595567819830917333e+00
2.000000000000000000e+00 9.000000000000000000e+00 1.153864764762082107e+00
3.000000000000000000e+00 4.000000000000000000e+00 1.154545560385396241e+00
3.000000000000000000e+00 5.000000000000000000e+00 1.173526665598715990e+00
3.000000000000000000e+00 6.000000000000000000e+00 1.208030856302972911e+00
3.000000000000000000e+00 7.000000000000000000e+00 1.494020742618391129e+00
3.000000000000000000e+00 8.000000000000000000e+00 1.566567044588706992e+00
3.000000000000000000e+00 9.000000000000000000e+00 1.124879147013664316e+00
4.000000000000000000e+00 5.000000000000000000e+00 5.000612115715581396e-01
4.000000000000000000e+00 6.000000000000000000e+00 6.264776731749468475e-01
4.000000000000000000e+00 7.000000000000000000e+00 1.053037166695434124e+00
4.000000000000000000e+00 8.000000000000000000e+00 1.117740822807435030e+00
4.000000000000000000e+00 9.000000000000000000e+00 5.479197642377862110e-01
5.000000000000000000e+00 6.000000000000000000e+00 5.662629590137764346e-01
5.000000000000000000e+00 7.000000000000000000e+00 1.050383675514563908e+00
5.000000000000000000e+00 8.000000000000000000e+00 1.113385595084202428e+00
5.000000000000000000e+00 9.000000000000000000e+00 6.129116887256000901e-01
6.000000000000000000e+00 7.000000000000000000e+00 1.032848716786360033e+00
6.000000000000000000e+00 8.000000000000000000e+00 1.093008902132945881e+00
6.000000000000000000e+00 9.000000000000000000e+00 6.898835945111638779e-01
7.000000000000000000e+00 8.000000000000000000e+00 7.325278217574604511e-01
7.000000000000000000e+00 9.000000000000000000e+00 1.072781135072011782e+00
8.000000000000000000e+00 9.000000000000000000e+00 1.139197553286677600e+00
