1.000000000000000000e+00 2.000000000000000000e+00 2.712330527097294719e-01
1.000000000000000000e+00 3.000000000000000000e+00 3.539433936765529198e-01
1.000000000000000000e+00 4.000000000000000000e+00 5.465786533018777149e-01
1.000000000000000000e+00 5.000000000000000000e+00 5.534364623808406547e-01
1.000000000000000000e+00 6.000000000000000000e+00 5.519973958813039205e-01
1.000000000000000000e+00 7.000000000000000000e+00 6.272998157390659024e-01
1.000000000000000000e+00 8.000000000000000000e+00 6.826905337117152861e-01
1.000000000000000000e+00 9.000000000000000000e+00 5.231460930943323540e-01
2.000000000000000000e+00 3.000000000000000000e+00 4.646885540447701635e-01
2.000000000000000000e+00 4.000000000000000000e+00 7.069876679141211540e-01
2.000000000000000000e+00 5.000000000000000000e+00 7.138651036658002491e-01
2.000000000000000000e+00 6.000000000000000000e+00 7.123678919730910275e-01
2.000000000000000000e+00 7.000000000000000000e+00 7.871903290021100563e-01
2.000000000000000000e+00 8.000000000000000000e+00 8.426825296149897948e-01
2.000000000000000000e+00 9.000000000000000000e+00 6.836003557145367004e-01
3.000000000000000000e+00 4.000000000000000000e+00 7.461379209621594732e-01
3.000000000000000000e+00 5.000000000000000000e+00 7.530574830925972352e-01
3.000000000000000000e+00 6.000000000000000000e+00 7.517178894355661667e-01
3.000000000000000000e+00 7.000000000000000000e+00 8.275157466846989607e-01
3.000000000000000000e+00 8.000000000000000000e+00 8.828032737123132634e-01
3.000000000000000000e+00 9.000000000000000000e+00 7.225358633451617330e-01
4.000000000000000000e+00 5.000000000000000000e+00 4.955506048909760208e-01
4.000000000000000000e+00 6.000000000000000000e+00 5.946132581154043306e-01
4.000000000000000000e+00 7.000000000000000000e+00 7.539578262640302952e-01
4.000000000000000000e+00 8.000000000000000000e+00 8.021466618501085222e-01
4.000000000000000000e+00 9.000000000000000000e+00 5.374777760934295046e-01
5.000000000000000000e+00 6.000000000000000000e+00 5.508193700172928642e-01
5.000000000000000000e+00 7.000000000000000000e+00 7.533573276511720263e-01
5.000000000000000000e+00 8.000000000000000000e+00 7.999873829842383266e-01
5.000000000000000000e+00 9.000000000000000000e+00 5.897665631522088781e-01
6.000000000000000000e+00 7.000000000000000000e+00 7.344470049207534323e-01
6.000000000000000000e+00 8.000000000000000000e+00 7.787999107845575697e-01
6.000000000000000000e+00 9.000000000000000000e+00 6.287451347052410711e-01
7.000000000000000000e+00 8.000000000000000000e+00 6.589770023095149476e-01
7.000000000000000000e+00 9.000000000000000000e+00 7.511753222809500752e-01
8.000000000000000000e+00 9.000000000000000000e+00 8.012005449606187657e-01
