1.000000000000000000e+00 2.000000000000000000e+00 5.543248582117069612e-01
1.000000000000000000e+00 3.000000000000000000e+00 6.140105317299648924e-01
1.000000000000000000e+00 4.000000000000000000e+00 1.223669960035932425e+00
1.000000000000000000e+00 5.000000000000000000e+00 1.242270071619645977e+00
1.000000000000000000e+00 6.000000000000000000e+00 1.276993355366663474e+00
1.000000000000000000e+00 7.000000000000000000e+00 1.568296661775260059e+00
1.000000000000000000e+00 8.000000000000000000e+00 1.641292110974624130e+00
1.000000000000000000e+00 9.000000000000000000e+00 1.193892127577113493e+00
2.000000000000000000e+00 3.000000000000000000e+00 5.016293670784914838e-01
2.000000000000000000e+00 4.000000000000000000e+00 1.192154517730613206e+00
2.000000000000000000e+00 5.000000000000000000e+00 1.210782681850392395e+00
2.000000000000000000e+00 6.000000000000000000e+00 1.245340438259354032e+00
2.000000000000000000e+00 7.000000000000000000e+00 1.535545304137421851e+00
2.000000000000000000e+00 8.000000000000000000e+00 1.608624440677544065e+00
2.000000000000000000e+00 9.000000000000000000e+00 1.162546234380111843e+00
3.000000000000000000e+00 4.000000000000000000e+00 1.162771373950209908e+00
3.000000000000000000e+00 5.000000000000000000e+00 1.181405138956909129e+00
3.000000000000000000e+00 6.000000000000000000e+00 1.215958663332365353e+00
3.000000000000000000e+00 7.000000000000000000e+00 1.506124589317849871e+00
3.000000000000000000e+00 8.000000000000000000e+00 1.579206540989168683e+00
3.000000000000000000e+00 9.000000000000000000e+00 1.133163968202399507e+00
4.000000000000000000e+00 5.000000000000000000e+00 5.001024186046174602e-01
4.000000000000000000e+00 6.000000000000000000e+00 6.267183435103016453e-01
4.000000000000000000e+00 7.000000000000000000e+00 1.060251301376936350e+00
4.000000000000000000e+00 8.000000000000000000e+00 1.125097759248429696e+00
4.000000000000000000e+00 9.000000000000000000e+00 5.480759951304678967e-01
5.000000000000000000e+00 6.000000000000000000e+00 5.663474020599585934e-01
5.000000000000000000e+00 7.000000000000000000e+00 1.057153771073354065e+00
5.000000000000000000e+00 8.000000000000000000e+00 1.120267453946143466e+00
5.000000000000000000e+00 9.000000000000000000e+00 6.131990283038102341e-01
6.000000000000000000e+00 7.000000000000000000e+00 1.039211595934176557e+00
6.000000000000000000e+00 8.000000000000000000e+00 1.099421674916667868e+00
6.000000000000000000e+00 9.000000000000000000e+00 6.905452317047642286e-01
7.000000000000000000e+00 8.000000000000000000e+00 7.333794429686584238e-01
7.000000000000000000e+00 9.000000000000000000e+00 1.080500634286917672e+00
8.000000000000000000e+00 9.000000000000000000e+00 1.147111145462645920e+00
