1.000000000000000000e+00 2.000000000000000000e+00 5.529144753708059579e-01
1.000000000000000000e+00 3.000000000000000000e+00 6.123970053192586693e-01
1.000000000000000000e+00 4.000000000000000000e+00 1.214402405657261985e+00
1.000000000000000000e+00 5.000000000000000000e+00 1.233971832630987198e+00
1.000000000000000000e+00 6.000000000000000000e+00 1.269706049907385559e+00
1.000000000000000000e+00 7.000000000000000000e+00 1.554058900179436487e+00
1.000000000000000000e+00 8.000000000000000000e+00 1.626314602739858950e+00
1.000000000000000000e+00 9.000000000000000000e+00 1.184030152665565438e+00
2.000000000000000000e+00 3.000000000000000000e+00 5.014391429283415746e-01
2.000000000000000000e+00 4.000000000000000000e+00 1.183855334692365036e+00
2.000000000000000000e+00 5.000000000000000000e+00 1.203445059418553509e+00
2.000000000000000000e+00 6.000000000000000000e+00 1.239016973521944731e+00
2.000000000000000000e+00 7.000000000000000000e+00 1.522373011994447856e+00
2.000000000000000000e+00 8.000000000000000000e+00 1.594702355307333397e+00
2.000000000000000000e+00 9.000000000000000000e+00 1.153648535716449430e+00
3.000000000000000000e+00 4.000000000000000000e+00 1.155279361525144433e+00
3.000000000000000000e+00 5.000000000000000000e+00 1.174874122624999462e+00
3.000000000000000000e+00 6.000000000000000000e+00 1.210444677857766660e+00
3.000000000000000000e+00 7.000000000000000000e+00 1.493784424794866394e+00
3.000000000000000000e+00 8.000000000000000000e+00 1.566114752140610689e+00
3.000000000000000000e+00 9.000000000000000000e+00 1.125070322740569395e+00
4.000000000000000000e+00 5.000000000000000000e+00 5.001250589314185646e-01
4.000000000000000000e+00 6.000000000000000000e+00 6.269591930367846011e-01
4.000000000000000000e+00 7.000000000000000000e+00 1.052570123413210768e+00
4.000000000000000000e+00 8.000000000000000000e+00 1.116866275601093195e+00
4.000000000000000000e+00 9.000000000000000000e+00 5.480472422188165105e-01
5.000000000000000000e+00 6.000000000000000000e+00 5.664805475675356305e-01
5.000000000000000000e+00 7.000000000000000000e+00 1.049882103978304171e+00
5.000000000000000000e+00 8.000000000000000000e+00 1.112447460470467275e+00
5.000000000000000000e+00 9.000000000000000000e+00 6.132808688669380004e-01
6.000000000000000000e+00 7.000000000000000000e+00 1.032324550026939791e+00
6.000000000000000000e+00 8.000000000000000000e+00 1.091982704657860070e+00
6.000000000000000000e+00 9.000000000000000000e+00 6.909746064744197724e-01
7.000000000000000000e+00 8.000000000000000000e+00 7.319274072855959101e-01
7.000000000000000000e+00 9.000000000000000000e+00 1.072662019563125568e+00
8.000000000000000000e+00 9.000000000000000000e+00 1.138721377677543778e+00
