1.000000000000000000e+00 2.000000000000000000e+00 1.690122187868796921e-01
1.000000000000000000e+00 3.000000000000000000e+00 1.722479784863988894e-01
1.000000000000000000e+00 4.000000000000000000e+00 6.217487670670287514e-01
1.000000000000000000e+00 5.000000000000000000e+00 6.298069721651323727e-01
1.000000000000000000e+00 6.000000000000000000e+00 6.439780659636162863e-01
1.000000000000000000e+00 7.000000000000000000e+00 4.671877336421039750e-01
1.000000000000000000e+00 8.000000000000000000e+00 4.852643471216998017e-01
1.000000000000000000e+00 9.000000000000000000e+00 5.825287850437753656e-01
2.000000000000000000e+00 3.000000000000000000e+00 5.386672759910107744e-02
2.000000000000000000e+00 4.000000000000000000e+00 5.113018457518498927e-01
2.000000000000000000e+00 5.000000000000000000e+00 5.193821625339659631e-01
2.000000000000000000e+00 6.000000000000000000e+00 5.334605410413879589e-01
2.000000000000000000e+00 7.000000000000000000e+00 3.559341103525881511e-01
2.000000000000000000e+00 8.000000000000000000e+00 3.740330948280061185e-01
2.000000000000000000e+00 9.000000000000000000e+00 4.722432871103771079e-01
3.000000000000000000e+00 4.000000000000000000e+00 5.004975956720458807e-01
3.000000000000000000e+00 5.000000000000000000e+00 5.085837329878243329e-01
3.000000000000000000e+00 6.000000000000000000e+00 5.226385501490380392e-01
3.000000000000000000e+00 7.000000000000000000e+00 3.449254175510143572e-01
3.000000000000000000e+00 8.000000000000000000e+00 3.630300458261414565e-01
3.000000000000000000e+00 9.000000000000000000e+00 4.614802033322665809e-01
4.000000000000000000e+00 5.000000000000000000e+00 4.907443864089245933e-01
4.000000000000000000e+00 6.000000000000000000e+00 5.857341766936126071e-01
4.000000000000000000e+00 7.000000000000000000e+00 5.095826240907495031e-01
4.000000000000000000e+00 8.000000000000000000e+00 5.249316790096261176e-01
4.000000000000000000e+00 9.000000000000000000e+00 5.183952011462563680e-01
5.000000000000000000e+00 6.000000000000000000e+00 5.459137665788584837e-01
5.000000000000000000e+00 7.000000000000000000e+00 5.129439571903143813e-01
5.000000000000000000e+00 8.000000000000000000e+00 5.279986323729963793e-01
5.000000000000000000e+00 9.000000000000000000e+00 5.533776948162020259e-01
6.000000000000000000e+00 7.000000000000000000e+00 5.102208483462926658e-01
6.000000000000000000e+00 8.000000000000000000e+00 5.246714523040187927e-01
6.000000000000000000e+00 9.000000000000000000e+00 5.889839950539478286e-01
7.000000000000000000e+00 8.000000000000000000e+00 8.614765674010177454e-02
7.000000000000000000e+00 9.000000000000000000e+00 4.873324462832141490e-01
8.000000000000000000e+00 9.000000000000000000e+00 5.030628399655651117e-01
