1.000000000000000000e+00 2.000000000000000000e+00 5.533737883511562483e-01
1.000000000000000000e+00 3.000000000000000000e+00 6.129068240935425793e-01
1.000000000000000000e+00 4.000000000000000000e+00 1.214275069489922476e+00
1.000000000000000000e+00 5.000000000000000000e+00 1.233223352379438253e+00
1.000000000000000000e+00 6.000000000000000000e+00 1.267883188288733587e+00
1.000000000000000000e+00 7.000000000000000000e+00 1.554902072296768578e+00
1.000000000000000000e+00 8.000000000000000000e+00 1.627371552231415830e+00
1.000000000000000000e+00 9.000000000000000000e+00 1.184453364938443221e+00
2.000000000000000000e+00 3.000000000000000000e+00 5.015148646416197620e-01
2.000000000000000000e+00 4.000000000000000000e+00 1.183529367318242098e+00
2.000000000000000000e+00 5.000000000000000000e+00 1.202505020865097585e+00
2.000000000000000000e+00 6.000000000000000000e+00 1.237010937553195467e+00
2.000000000000000000e+00 7.000000000000000000e+00 1.523023005544877018e+00
2.000000000000000000e+00 8.000000000000000000e+00 1.595567819853541014e+00
2.000000000000000000e+00 9.000000000000000000e+00 1.153864764833721468e+00
3.000000000000000000e+00 4.000000000000000000e+00 1.154545560337263410e+00
3.000000000000000000e+00 5.000000000000000000e+00 1.173526665551739789e+00
3.000000000000000000e+00 6.000000000000000000e+00 1.208030856261468555e+00
3.000000000000000000e+00 7.000000000000000000e+00 1.494020742520748568e+00
3.000000000000000000e+00 8.000000000000000000e+00 1.566567044510493112e+00
3.000000000000000000e+00 9.000000000000000000e+00 1.124879146972457056e+00
4.000000000000000000e+00 5.000000000000000000e+00 5.000612116028062548e-01
4.000000000000000000e+00 6.000000000000000000e+00 6.264776732070977960e-01
4.000000000000000000e+00 7.000000000000000000e+00 1.053037166615470754e+00
4.000000000000000000e+00 8.000000000000000000e+00 1.117740822781119636e+00
4.000000000000000000e+00 9.000000000000000000e+00 5.479197642463102813e-01
5.000000000000000000e+00 6.000000000000000000e+00 5.662629590301413440e-01
5.000000000000000000e+00 7.000000000000000000e+00 1.050383675419596097e+00
5.000000000000000000e+00 8.000000000000000000e+00 1.113385595043594023e+00
5.000000000000000000e+00 9.000000000000000000e+00 6.129116887266417013e-01
6.000000000000000000e+00 7.000000000000000000e+00 1.032848716677270184e+00
6.000000000000000000e+00 8.000000000000000000e+00 1.093008902084889211e+00
6.000000000000000000e+00 9.000000000000000000e+00 6.898835945148493742e-01
7.000000000000000000e+00 8.000000000000000000e+00 7.325278217092794364e-01
7.000000000000000000e+00 9.000000000000000000e+00 1.072781134999541530e+00
8.000000000000000000e+00 9.000000000000000000e+00 1.139197553230392623e+00
