1.000000000000000000e+00 2.000000000000000000e+00 5.520620499525125124e-01
1.000000000000000000e+00 3.000000000000000000e+00 6.107605858235877205e-01
1.000000000000000000e+00 4.000000000000000000e+00 8.075531258311773319e-01
1.000000000000000000e+00 5.000000000000000000e+00 8.122691944427671285e-01
1.000000000000000000e+00 6.000000000000000000e+00 8.216137959439955285e-01
1.000000000000000000e+00 7.000000000000000000e+00 1.313578541361910323e+00
1.000000000000000000e+00 8.000000000000000000e+00 1.354968122641577954e+00
1.000000000000000000e+00 9.000000000000000000e+00 8.064711380537044061e-01
2.000000000000000000e+00 3.000000000000000000e+00 5.013032779926135385e-01
2.000000000000000000e+00 4.000000000000000000e+00 7.863086350603222252e-01
2.000000000000000000e+00 5.000000000000000000e+00 7.910294389478840227e-01
2.000000000000000000e+00 6.000000000000000000e+00 8.003420436776311764e-01
2.000000000000000000e+00 7.000000000000000000e+00 1.291670336625429849e+00
2.000000000000000000e+00 8.000000000000000000e+00 1.333104176744598801e+00
2.000000000000000000e+00 9.000000000000000000e+00 7.852501276616512538e-01
3.000000000000000000e+00 4.000000000000000000e+00 7.600776500645775036e-01
3.000000000000000000e+00 5.000000000000000000e+00 7.647996969444175175e-01
3.000000000000000000e+00 6.000000000000000000e+00 7.741115325818748172e-01
3.000000000000000000e+00 7.000000000000000000e+00 1.265421099468974075e+00
3.000000000000000000e+00 8.000000000000000000e+00 1.306855965978451772e+00
3.000000000000000000e+00 9.000000000000000000e+00 7.590189371039508526e-01
4.000000000000000000e+00 5.000000000000000000e+00 5.150441986273235351e-02
4.000000000000000000e+00 6.000000000000000000e+00 7.187134780557169478e-02
4.000000000000000000e+00 7.000000000000000000e+00 6.409018093850906705e-01
4.000000000000000000e+00 8.000000000000000000e+00 6.780714972984027700e-01
4.000000000000000000e+00 9.000000000000000000e+00 6.036760425214282577e-02
5.000000000000000000e+00 6.000000000000000000e+00 6.145108935445653398e-02
5.000000000000000000e+00 7.000000000000000000e+00 6.408223410069107118e-01
5.000000000000000000e+00 8.000000000000000000e+00 6.776329023486964420e-01
5.000000000000000000e+00 9.000000000000000000e+00 7.216501985836676347e-02
6.000000000000000000e+00 7.000000000000000000e+00 6.395091664406955534e-01
6.000000000000000000e+00 8.000000000000000000e+00 6.756719498877046259e-01
6.000000000000000000e+00 9.000000000000000000e+00 8.954652531527651504e-02
7.000000000000000000e+00 8.000000000000000000e+00 7.084471520957198454e-01
7.000000000000000000e+00 9.000000000000000000e+00 6.487447383986602034e-01
8.000000000000000000e+00 9.000000000000000000e+00 6.863296855385809803e-01
