1.000000000000000000e+00 2.000000000000000000e+00 5.532440127600495305e-01
1.000000000000000000e+00 3.000000000000000000e+00 6.130374014723467546e-01
1.000000000000000000e+00 4.000000000000000000e+00 1.866868244491277418e+00
1.000000000000000000e+00 5.000000000000000000e+00 1.891284163913923289e+00
1.000000000000000000e+00 6.000000000000000000e+00 1.929688179625443700e+00
1.000000000000000000e+00 7.000000000000000000e+00 1.666664180331884682e+00
1.000000000000000000e+00 8.000000000000000000e+00 1.753427329182642769e+00
1.000000000000000000e+00 9.000000000000000000e+00 1.759733832896027250e+00
2.000000000000000000e+00 3.000000000000000000e+00 5.014958085809777533e-01
2.000000000000000000e+00 4.000000000000000000e+00 1.833363085755830069e+00
2.000000000000000000e+00 5.000000000000000000e+00 1.857808250897529545e+00
2.000000000000000000e+00 6.000000000000000000e+00 1.895919584646164724e+00
2.000000000000000000e+00 7.000000000000000000e+00 1.631445005181534347e+00
2.000000000000000000e+00 8.000000000000000000e+00 1.718321434516754120e+00
2.000000000000000000e+00 9.000000000000000000e+00 1.726568220975362999e+00
3.000000000000000000e+00 4.000000000000000000e+00 1.804196013024869538e+00
3.000000000000000000e+00 5.000000000000000000e+00 1.828649346415734511e+00
3.000000000000000000e+00 6.000000000000000000e+00 1.866754588831146533e+00
3.000000000000000000e+00 7.000000000000000000e+00 1.602238573558939949e+00
3.000000000000000000e+00 8.000000000000000000e+00 1.689118041870454778e+00
3.000000000000000000e+00 9.000000000000000000e+00 1.697403211102884724e+00
4.000000000000000000e+00 5.000000000000000000e+00 1.479749738219384936e+00
4.000000000000000000e+00 6.000000000000000000e+00 1.775321064836757001e+00
4.000000000000000000e+00 7.000000000000000000e+00 1.736584509691588840e+00
4.000000000000000000e+00 8.000000000000000000e+00 1.811854994846101352e+00
4.000000000000000000e+00 9.000000000000000000e+00 1.580075449343173455e+00
5.000000000000000000e+00 6.000000000000000000e+00 1.645634968835726797e+00
5.000000000000000000e+00 7.000000000000000000e+00 1.730428276572283375e+00
5.000000000000000000e+00 8.000000000000000000e+00 1.803009808025901162e+00
5.000000000000000000e+00 9.000000000000000000e+00 1.711790707570715275e+00
6.000000000000000000e+00 7.000000000000000000e+00 1.689695337556496701e+00
6.000000000000000000e+00 8.000000000000000000e+00 1.757974614528685642e+00
6.000000000000000000e+00 9.000000000000000000e+00 1.835199292473591592e+00
7.000000000000000000e+00 8.000000000000000000e+00 7.452457211860537001e-01
7.000000000000000000e+00 9.000000000000000000e+00 1.708992220416033936e+00
8.000000000000000000e+00 9.000000000000000000e+00 1.786847503135893023e+00
