1.000000000000000000e+00 2.000000000000000000e+00 1.604923451223543962e+00
1.000000000000000000e+00 3.000000000000000000e+00 1.999566246657987989e+00
1.000000000000000000e+00 4.000000000000000000e+00 1.941362789185489435e+00
1.000000000000000000e+00 5.000000000000000000e+00 1.968751789370450034e+00
1.000000000000000000e+00 6.000000000000000000e+00 2.007436365029001468e+00
1.000000000000000000e+00 7.000000000000000000e+00 3.717275633473644536e+00
1.000000000000000000e+00 8.000000000000000000e+00 3.931587589993696952e+00
1.000000000000000000e+00 9.000000000000000000e+00 1.926772500711086078e+00
2.000000000000000000e+00 3.000000000000000000e+00 2.363572569461690698e+00
2.000000000000000000e+00 4.000000000000000000e+00 2.592181522983518782e+00
2.000000000000000000e+00 5.000000000000000000e+00 2.619622452660197887e+00
2.000000000000000000e+00 6.000000000000000000e+00 2.658156545103889545e+00
2.000000000000000000e+00 7.000000000000000000e+00 4.365948202833548564e+00
2.000000000000000000e+00 8.000000000000000000e+00 4.580566451635462499e+00
2.000000000000000000e+00 9.000000000000000000e+00 2.577682415510864633e+00
3.000000000000000000e+00 4.000000000000000000e+00 2.709140807284486918e+00
3.000000000000000000e+00 5.000000000000000000e+00 2.736621909305125833e+00
3.000000000000000000e+00 6.000000000000000000e+00 2.775354946289760871e+00
3.000000000000000000e+00 7.000000000000000000e+00 4.485172487190279611e+00
3.000000000000000000e+00 8.000000000000000000e+00 4.699489690685204835e+00
3.000000000000000000e+00 9.000000000000000000e+00 2.694421278860085867e+00
4.000000000000000000e+00 5.000000000000000000e+00 5.070736829541435675e-01
4.000000000000000000e+00 6.000000000000000000e+00 6.572599249338377803e-01
4.000000000000000000e+00 7.000000000000000000e+00 2.615699276503942183e+00
4.000000000000000000e+00 8.000000000000000000e+00 2.810066533722336501e+00
4.000000000000000000e+00 9.000000000000000000e+00 5.798732100149255331e-01
5.000000000000000000e+00 6.000000000000000000e+00 5.830523821789732608e-01
5.000000000000000000e+00 7.000000000000000000e+00 2.614741334577499021e+00
5.000000000000000000e+00 8.000000000000000000e+00 2.805545309502561757e+00
5.000000000000000000e+00 9.000000000000000000e+00 6.716835078039058438e-01
6.000000000000000000e+00 7.000000000000000000e+00 2.591528791410316668e+00
6.000000000000000000e+00 8.000000000000000000e+00 2.776420072249708326e+00
6.000000000000000000e+00 9.000000000000000000e+00 7.766965543534976035e-01
7.000000000000000000e+00 8.000000000000000000e+00 3.328339800413981919e+00
7.000000000000000000e+00 9.000000000000000000e+00 2.664349480730918263e+00
8.000000000000000000e+00 9.000000000000000000e+00 2.863007401951850550e+00
