1.000000000000000000e+00 2.000000000000000000e+00 5.533737883679338276e-01
1.000000000000000000e+00 3.000000000000000000e+00 6.129068244281469235e-01
1.000000000000000000e+00 4.000000000000000000e+00 1.214275069487528391e+00
1.000000000000000000e+00 5.000000000000000000e+00 1.233223352382957216e+00
1.000000000000000000e+00 6.000000000000000000e+00 1.267883188251567539e+00
1.000000000000000000e+00 7.000000000000000000e+00 1.554902072294175985e+00
1.000000000000000000e+00 8.000000000000000000e+00 1.627371552248725761e+00
1.000000000000000000e+00 9.000000000000000000e+00 1.184453364936741915e+00
2.000000000000000000e+00 3.000000000000000000e+00 5.015148662009486502e-01
2.000000000000000000e+00 4.000000000000000000e+00 1.183529366539550320e+00
2.000000000000000000e+00 5.000000000000000000e+00 1.202505019901077610e+00
2.000000000000000000e+00 6.000000000000000000e+00 1.237010936578240017e+00
2.000000000000000000e+00 7.000000000000000000e+00 1.523023004325097629e+00
2.000000000000000000e+00 8.000000000000000000e+00 1.595567818461174125e+00
2.000000000000000000e+00 9.000000000000000000e+00 1.153864763877670230e+00
3.000000000000000000e+00 4.000000000000000000e+00 1.154545560422709727e+00
3.000000000000000000e+00 5.000000000000000000e+00 1.173526665517087952e+00
3.000000000000000000e+00 6.000000000000000000e+00 1.208030856275093434e+00
3.000000000000000000e+00 7.000000000000000000e+00 1.494020742417149217e+00
3.000000000000000000e+00 8.000000000000000000e+00 1.566567044356258487e+00
3.000000000000000000e+00 9.000000000000000000e+00 1.124879146853281275e+00
4.000000000000000000e+00 5.000000000000000000e+00 5.000612113524818270e-01
4.000000000000000000e+00 6.000000000000000000e+00 6.264776733970434108e-01
4.000000000000000000e+00 7.000000000000000000e+00 1.053037166172821282e+00
4.000000000000000000e+00 8.000000000000000000e+00 1.117740822578343396e+00
4.000000000000000000e+00 9.000000000000000000e+00 5.479197640276876058e-01
5.000000000000000000e+00 6.000000000000000000e+00 5.662629588223770938e-01
5.000000000000000000e+00 7.000000000000000000e+00 1.050383674998284667e+00
5.000000000000000000e+00 8.000000000000000000e+00 1.113385594846641569e+00
5.000000000000000000e+00 9.000000000000000000e+00 6.129116890617332114e-01
6.000000000000000000e+00 7.000000000000000000e+00 1.032848716222560137e+00
6.000000000000000000e+00 8.000000000000000000e+00 1.093008901865254012e+00
6.000000000000000000e+00 9.000000000000000000e+00 6.898835953376363239e-01
7.000000000000000000e+00 8.000000000000000000e+00 7.325278222805844397e-01
7.000000000000000000e+00 9.000000000000000000e+00 1.072781134453131946e+00
8.000000000000000000e+00 9.000000000000000000e+00 1.139197552810586211e+00
