1.000000000000000000e+00 2.000000000000000000e+00 5.529143242208713893e-01
1.000000000000000000e+00 3.000000000000000000e+00 6.123968383178652886e-01
1.000000000000000000e+00 4.000000000000000000e+00 1.213046867818846186e+00
1.000000000000000000e+00 5.000000000000000000e+00 1.231909326099116964e+00
1.000000000000000000e+00 6.000000000000000000e+00 1.266140920278678417e+00
1.000000000000000000e+00 7.000000000000000000e+00 1.551486816141759872e+00
1.000000000000000000e+00 8.000000000000000000e+00 1.623522201222094452e+00
1.000000000000000000e+00 9.000000000000000000e+00 1.183401480291514263e+00
2.000000000000000000e+00 3.000000000000000000e+00 5.014391431061959725e-01
2.000000000000000000e+00 4.000000000000000000e+00 1.182527919677089701e+00
2.000000000000000000e+00 5.000000000000000000e+00 1.201417391653384126e+00
2.000000000000000000e+00 6.000000000000000000e+00 1.235497825438827801e+00
2.000000000000000000e+00 7.000000000000000000e+00 1.519839491505720064e+00
2.000000000000000000e+00 8.000000000000000000e+00 1.591950082718467385e+00
2.000000000000000000e+00 9.000000000000000000e+00 1.153038326083050569e+00
3.000000000000000000e+00 4.000000000000000000e+00 1.153953395520019631e+00
3.000000000000000000e+00 5.000000000000000000e+00 1.172848235729925026e+00
3.000000000000000000e+00 6.000000000000000000e+00 1.206927841454105588e+00
3.000000000000000000e+00 7.000000000000000000e+00 1.491252811101427822e+00
3.000000000000000000e+00 8.000000000000000000e+00 1.563364462550036915e+00
3.000000000000000000e+00 9.000000000000000000e+00 1.124461084943778166e+00
4.000000000000000000e+00 5.000000000000000000e+00 5.000465628054522327e-01
4.000000000000000000e+00 6.000000000000000000e+00 6.263372909695241741e-01
4.000000000000000000e+00 7.000000000000000000e+00 1.052173359883363135e+00
4.000000000000000000e+00 8.000000000000000000e+00 1.116387599008304754e+00
4.000000000000000000e+00 9.000000000000000000e+00 5.478832267949607093e-01
5.000000000000000000e+00 6.000000000000000000e+00 5.662024950311614901e-01
5.000000000000000000e+00 7.000000000000000000e+00 1.049660124592907140e+00
5.000000000000000000e+00 8.000000000000000000e+00 1.112179777163746053e+00
5.000000000000000000e+00 9.000000000000000000e+00 6.128123881083051838e-01
6.000000000000000000e+00 7.000000000000000000e+00 1.032190229962004269e+00
6.000000000000000000e+00 8.000000000000000000e+00 1.091873768559005864e+00
6.000000000000000000e+00 9.000000000000000000e+00 6.895641233243903212e-01
7.000000000000000000e+00 8.000000000000000000e+00 7.319227199268119044e-01
7.000000000000000000e+00 9.000000000000000000e+00 1.071704928891397790e+00
8.000000000000000000e+00 9.000000000000000000e+00 1.137628604651655051e+00
