1.000000000000000000e+00 2.000000000000000000e+00 4.612194148366159929e-01
1.000000000000000000e+00 3.000000000000000000e+00 5.301110392542868199e-01
1.000000000000000000e+00 4.000000000000000000e+00 4.708304141245814867e-01
1.000000000000000000e+00 5.000000000000000000e+00 7.042133920789191981e-01
1.000000000000000000e+00 6.000000000000000000e+00 6.523345491305019284e-01
1.000000000000000000e+00 7.000000000000000000e+00 7.818625834046293299e-01
1.000000000000000000e+00 8.000000000000000000e+00 8.238453760070416632e-01
1.000000000000000000e+00 9.000000000000000000e+00 4.649160452946388133e-01
2.000000000000000000e+00 3.000000000000000000e+00 4.831681946054583454e-01
2.000000000000000000e+00 4.000000000000000000e+00 4.882362444803910462e-01
2.000000000000000000e+00 5.000000000000000000e+00 7.216373258951277458e-01
2.000000000000000000e+00 6.000000000000000000e+00 6.697578893843252335e-01
2.000000000000000000e+00 7.000000000000000000e+00 7.990199344097146383e-01
2.000000000000000000e+00 8.000000000000000000e+00 8.410845236384156820e-01
2.000000000000000000e+00 9.000000000000000000e+00 4.823206113968152575e-01
3.000000000000000000e+00 4.000000000000000000e+00 5.037157828830557404e-01
3.000000000000000000e+00 5.000000000000000000e+00 7.371097376664091927e-01
3.000000000000000000e+00 6.000000000000000000e+00 6.852608280161909260e-01
3.000000000000000000e+00 7.000000000000000000e+00 8.150131068196899697e-01
3.000000000000000000e+00 8.000000000000000000e+00 8.569222446971138663e-01
3.000000000000000000e+00 9.000000000000000000e+00 4.977991153466007068e-01
4.000000000000000000e+00 5.000000000000000000e+00 2.565918013991093094e-01
4.000000000000000000e+00 6.000000000000000000e+00 2.374702886303409199e-01
4.000000000000000000e+00 7.000000000000000000e+00 4.057418291042069747e-01
4.000000000000000000e+00 8.000000000000000000e+00 4.442014064949961760e-01
4.000000000000000000e+00 9.000000000000000000e+00 1.087863019468127135e-02
5.000000000000000000e+00 6.000000000000000000e+00 4.197839269983887345e-01
5.000000000000000000e+00 7.000000000000000000e+00 6.340707874830868729e-01
5.000000000000000000e+00 8.000000000000000000e+00 6.707888219499704707e-01
5.000000000000000000e+00 9.000000000000000000e+00 2.611189588328033384e-01
6.000000000000000000e+00 7.000000000000000000e+00 5.714426218731394336e-01
6.000000000000000000e+00 8.000000000000000000e+00 6.053573155271834150e-01
6.000000000000000000e+00 9.000000000000000000e+00 2.371279698506626454e-01
7.000000000000000000e+00 8.000000000000000000e+00 6.185019976463601576e-01
7.000000000000000000e+00 9.000000000000000000e+00 4.006058171172133253e-01
8.000000000000000000e+00 9.000000000000000000e+00 4.392555621957296985e-01
