1.000000000000000000e+00 2.000000000000000000e+00 5.528528487446344730e-01
1.000000000000000000e+00 3.000000000000000000e+00 6.123761286295628103e-01
1.000000000000000000e+00 4.000000000000000000e+00 1.213103820849104508e+00
1.000000000000000000e+00 5.000000000000000000e+00 1.232211114787474138e+00
1.000000000000000000e+00 6.000000000000000000e+00 1.267010169846863432e+00
1.000000000000000000e+00 7.000000000000000000e+00 1.551930813598935366e+00
1.000000000000000000e+00 8.000000000000000000e+00 1.624003765449136161e+00
1.000000000000000000e+00 9.000000000000000000e+00 1.183207053918276852e+00
2.000000000000000000e+00 3.000000000000000000e+00 5.014264444782805530e-01
2.000000000000000000e+00 4.000000000000000000e+00 1.182523194080893347e+00
2.000000000000000000e+00 5.000000000000000000e+00 1.201655136797770140e+00
2.000000000000000000e+00 6.000000000000000000e+00 1.236298856724462825e+00
2.000000000000000000e+00 7.000000000000000000e+00 1.520217573719190973e+00
2.000000000000000000e+00 8.000000000000000000e+00 1.592365228093710172e+00
2.000000000000000000e+00 9.000000000000000000e+00 1.152785587339374640e+00
3.000000000000000000e+00 4.000000000000000000e+00 1.153999982509831934e+00
3.000000000000000000e+00 5.000000000000000000e+00 1.173137235722508720e+00
3.000000000000000000e+00 6.000000000000000000e+00 1.207779751456049100e+00
3.000000000000000000e+00 7.000000000000000000e+00 1.491680550540950279e+00
3.000000000000000000e+00 8.000000000000000000e+00 1.563829338585998485e+00
3.000000000000000000e+00 9.000000000000000000e+00 1.124260045895862259e+00
4.000000000000000000e+00 5.000000000000000000e+00 5.000756968847273054e-01
4.000000000000000000e+00 6.000000000000000000e+00 6.265708702792629481e-01
4.000000000000000000e+00 7.000000000000000000e+00 1.052233308471806073e+00
4.000000000000000000e+00 8.000000000000000000e+00 1.116430761264847860e+00
4.000000000000000000e+00 9.000000000000000000e+00 5.479443184253103283e-01
5.000000000000000000e+00 6.000000000000000000e+00 5.663055189637573594e-01
5.000000000000000000e+00 7.000000000000000000e+00 1.049647897344638814e+00
5.000000000000000000e+00 8.000000000000000000e+00 1.112136425125926031e+00
5.000000000000000000e+00 9.000000000000000000e+00 6.129868279540295894e-01
6.000000000000000000e+00 7.000000000000000000e+00 1.032155018591149442e+00
6.000000000000000000e+00 8.000000000000000000e+00 1.091779602463538890e+00
6.000000000000000000e+00 9.000000000000000000e+00 6.900935241607950577e-01
7.000000000000000000e+00 8.000000000000000000e+00 7.319044277661528319e-01
7.000000000000000000e+00 9.000000000000000000e+00 1.071975545607632085e+00
8.000000000000000000e+00 9.000000000000000000e+00 1.137903453285991517e+00
