1.000000000000000000e+00 2.000000000000000000e+00 6.525958338365788203e-01
1.000000000000000000e+00 3.000000000000000000e+00 2.554451007459934253e+00
1.000000000000000000e+00 4.000000000000000000e+00 2.209324016209956998e+00
1.000000000000000000e+00 5.000000000000000000e+00 2.250590380562879744e+00
1.000000000000000000e+00 6.000000000000000000e+00 2.328650378382593811e+00
1.000000000000000000e+00 7.000000000000000000e+00 4.159460239352831934e+00
1.000000000000000000e+00 8.000000000000000000e+00 3.329703588069447662e+00
1.000000000000000000e+00 9.000000000000000000e+00 2.212912362125817101e+00
2.000000000000000000e+00 3.000000000000000000e+00 2.320468899397217122e+00
2.000000000000000000e+00 4.000000000000000000e+00 2.163616073607224077e+00
2.000000000000000000e+00 5.000000000000000000e+00 2.204836870166816176e+00
2.000000000000000000e+00 6.000000000000000000e+00 2.282703420897477908e+00
2.000000000000000000e+00 7.000000000000000000e+00 4.108829357764252066e+00
2.000000000000000000e+00 8.000000000000000000e+00 3.279615756847952923e+00
2.000000000000000000e+00 9.000000000000000000e+00 2.167679361424916795e+00
3.000000000000000000e+00 4.000000000000000000e+00 3.864016107548292833e+00
3.000000000000000000e+00 5.000000000000000000e+00 3.905325867824909203e+00
3.000000000000000000e+00 6.000000000000000000e+00 3.983406084634711686e+00
3.000000000000000000e+00 7.000000000000000000e+00 5.813692498790238972e+00
3.000000000000000000e+00 8.000000000000000000e+00 4.983995650230218288e+00
3.000000000000000000e+00 9.000000000000000000e+00 3.867600057441724193e+00
4.000000000000000000e+00 5.000000000000000000e+00 5.077644229095779060e-01
4.000000000000000000e+00 6.000000000000000000e+00 6.779298874550563347e-01
4.000000000000000000e+00 7.000000000000000000e+00 2.907579737986541346e+00
4.000000000000000000e+00 8.000000000000000000e+00 2.048338902659721406e+00
4.000000000000000000e+00 9.000000000000000000e+00 5.881387703684972657e-01
5.000000000000000000e+00 6.000000000000000000e+00 5.935894158841090729e-01
5.000000000000000000e+00 7.000000000000000000e+00 2.924078860317855799e+00
5.000000000000000000e+00 8.000000000000000000e+00 2.061904328496892091e+00
5.000000000000000000e+00 9.000000000000000000e+00 6.818857630145771509e-01
6.000000000000000000e+00 7.000000000000000000e+00 2.956880535274496680e+00
6.000000000000000000e+00 8.000000000000000000e+00 2.089898513947440861e+00
6.000000000000000000e+00 9.000000000000000000e+00 8.184795722906303972e-01
7.000000000000000000e+00 8.000000000000000000e+00 2.417892398251084707e+00
7.000000000000000000e+00 9.000000000000000000e+00 2.975696888720208211e+00
8.000000000000000000e+00 9.000000000000000000e+00 2.119587104443354963e+00
